51.2757123845951
49.9045585924485
54.8730697544824
46.2299388735943
53.1924817670948
45.7501248525506
52.0462806883163
46.0928573571469
60.8848375803275
54.0481469865345
53.3138478774752
55.2654233021711
51.9095327295317
50.6854809911231
53.8127909483407
49.7019461642523
56.7434677931205
51.1138263664005
52.4682952604102
49.1878087180681
58.4963577380455
52.1624496703181
53.1947104492097
47.9444379531606
46.8506095400771
48.893150497214
49.0398701932969
48.3331654667897
51.5957925722441
46.0626149669597
51.0981428110413
48.3605818546437
52.3219208873911
59.1886577203833
51.8394507449963
49.1470123196304
51.0696503099289
53.0935900879463
57.0947100882859
48.6782737659306
50.3845713014158
49.8472058537845
53.3604995161793
52.6591452892169
50.8031819931367
53.2221164323015
58.3977296184181
57.9372917457687
48.4451662760823
53.7438140452871
49.4936091445672
54.9015051485942
48.5066129045393
56.9486135093189
55.7742736511331
46.8781099504434
48.3871979253979
51.0907938548152
52.5624194951517
52.5084527605356
44.6616381407416
49.7919764122956
52.5227206589063
45.7233934818642
54.0569402517011
52.3520549167902
55.5671021635198
47.9297926482439
54.3274139928969
49.6964375361098
50.3170294794289
48.3672993165278
51.4973329229996
50.9980827426871
50.1995473710421
47.8780280571398
48.4254043786602
57.0931824023093
46.6559845988792
51.2823924598932
52.8112413206555
48.8568165031448
48.7207496561023
48.834445802188
58.1904807553492
58.4542496134656
48.7267711740939
52.7424952154564
48.9061430305428
48.3964023606365
49.6546909760817
46.6427677424039
50.1863308821178
48.4972787601148
53.4586451139288
56.001658610291
52.0562322459557
54.2320647038981
48.8034275190416
53.9644999868373
51.0423277725941
49.1356266069682
49.8847256991637
52.3804282738386
57.4167351616386
56.9426648848881
46.3989249984313
45.8411468966357
61.4060862559693
50.7147994911931
51.4652092880935
52.9167710627718
50.244115925672
50.1916321244814
54.4781131235461
52.5319066853063
62.9531784353553
46.7673162573251
46.9270271593364
44.4487183954968
53.7481502533632
46.9380599558618
48.1585552858124
52.0336419608357
55.2205066315091
47.1205983428762
52.0497698649351
51.0806840180232
54.7665986170758
50.5575997589418
55.973495124824
50.2435691947805
50.9241618396294
53.6895835284252
53.1879345919032
49.0694713867113
50.6087704230505
52.7448297571877
58.5020314873206
46.7195397632589
52.6461614870537
51.8913319118037
45.7800451482678
47.9191645056836
47.7394572392893
50.4186181602642
48.6961147963259
52.5733229435244
52.947269263049
53.1708528559608
50.6101900499398
48.2098404823578
48.2360926162848
57.0124089791264
57.0302716336365
49.8668367771859
49.0285698159603
47.7489996034883
51.935403932572
45.9098083367171
50.1610057601811
49.5706374243111
56.3249296048987
49.1553378512936
48.8951984639125
57.2768316618048
51.0382196764423
57.744622748774
48.2563181166885
50.6437264590644
51.2374990578486
59.3207820751459
53.1385912747504
68.7919658895083
48.3313569763204
52.5518410672921
50.4697205657304
47.3092600793745
50.3786031632573
48.9296210972888
50.4763120404046
53.8810784693337
45.2810485505197
54.7074092163046
57.4214602810568
47.004476500284
46.1345238227308
52.4483224487565
46.3751931030081
57.7967643388097
50.8728565487633
48.9771761940493
52.3169899545181
50.1153148498639
50.6946608646109
43.0895911973303
52.3326760970237
44.4300252807188
56.4597347987427
53.104050637969
54.1357098765084
46.1877862885926
52.7962705836105
45.0712527341095
48.6695035787064
50.5326637015481
56.4279642925717
49.9208717436151
48.9821812501731
48.8637117730613
48.8155715453359
59.5327352979855
53.772212108151
49.983044357682
47.5533500532041
60.7521283185131
45.9273828969854
46.0846095021389
51.2390052707227
48.7458312794171
53.8676091168671
48.536107120787
45.1825623010603
50.3553798756582
53.1743194489913
46.6807586596021
51.3729188413442
48.3762060302916
47.8012735264837
51.5162483448243
45.1546650089713
55.1961117904682
52.8309990932181
48.4901149128121
50.5958552151308
49.8916552200891
57.3032120475309
45.6515405201908
46.7613862351264
46.3388227267545
50.4178780232257
51.1923822488416
50.3852668931093
48.3539115425078
56.2903719626135
68.1799770102618
46.0731336947592
54.33631710803
59.0110143028141
51.8442637105406
52.8698518679653
47.4147325970503
52.3676639023671
52.1361873477936
47.864970441228
44.5045538814834
58.1998484787253
53.5270893698133
53.3118036404426
53.373861825864
51.0609456669849
48.7086563913479
47.304947363396
51.3231838291699
46.6352408040793
46.9159709879334
48.6205457295693
57.2329508225197
51.501180635573
45.1067845004237
54.8597884538437
45.3604455950886
52.7245721202508
50.2195591706851
56.5533158144974
60.3840348411622
48.4651064324766
53.5820454801499
48.6955797660502
49.0160539489735
51.7402965337796
50.5228420173089
48.9823456735454
61.6330234961687
55.7978420592567
47.0048469342884
59.6656680999848
57.3622981542568
51.5091060389035
53.4946758173951
56.4027285523403
55.2314638023554
51.6844470144033
49.429555510297
54.1160456953136
48.2224929444906
47.3559030239891
53.2914516746617
44.4824169907875
53.0825379476613
56.5999805373223
50.5374088457747
49.0753921968176
55.8459256693766
49.4044946721007
54.5849147336717
50.5413777520532
47.431975984961
43.876388777275
52.7628318926988
45.5049541470176
50.9296420582177
47.9397315599394
58.5616784057229
48.8170248753609
55.3558784480797
54.6320050360038
57.2359893093038
49.8254274220162
47.2354897713739
52.6318222552189
44.4571238231434
57.4916616190165
51.5608119063706
48.7699513806652
50.1366779800315
65.5311243277135
53.6578793854286
47.7307549264644
56.2486415175763
50.136413165314
49.6971861520133
53.3875858888945
56.2079529079802
49.1125618069794
56.0479333491952
55.069780703513
45.5515842998892
47.7462098176888
50.3315527403539
44.9336045632262
52.7428951567205
47.9007468155761
46.4857962955954
52.0316676439069
52.4221446121846
51.2008685803964
58.0254854119688
46.5505639043919
46.8463261414397
48.4094983179133
48.4711904590484
46.1042096957841
43.4222982362881
53.6401342559863
57.7525142351658
54.8902035645708
50.0146342557647
52.1583371286015
45.2618196499338
50.4434451570863
46.0606358185522
49.7172078505753
60.9323129857259
46.6412756662915
45.6146622151656
50.2896262495802
55.1569595678158
59.4896404204337
52.1433272737977
44.0532135496479
52.3889153685015
56.2356377319219
60.2113643402787
53.3855380644852
51.3834831833249
60.9160797599848
50.3535316176661
54.5685053005531
56.7591078841737
61.0189523756572
45.9559184310694
49.7941209505896
45.5435416079313
48.2711533361026
49.2380738495175
53.9535347840254
56.0962065118142
43.718801388203
54.2973202481592
50.7505805588505
60.3472162830688
47.1401684622764
48.2696691881592
53.4742645390707
56.3706259043056
47.524504093214
48.7652045534648
53.4485043869921
50.8732860371321
51.7484696252976
48.9564683711013
58.9013950390282
49.9436818899152
51.9756551488218
48.5807903296444
55.6830443542178
54.1190627831633
47.1447610849519
54.3123347238147
51.4292623113785
50.9651073101301
47.2060198444379
48.3631606867241
49.0708538961056
48.2779897861586
50.2803095989653
56.6531649040487
51.6520573737196
48.0213237331928
57.7595704799377
52.4764404098973
61.6310075978737
52.8851897140744
53.9428063127624
60.1033087497549
54.4977751864766
52.3724736614169
52.373278376245
54.4567036515165
49.1660480006782
58.5531645500429
48.3608374659067
53.8787288310463
54.1321270526519
51.3000106455413
66.2227201715828
48.5083126256801
50.2847924700097
46.3757802946713
51.256930439854
55.4108879337799
53.1940649341436
44.7652970768201
47.2715173714213
50.8948400331241
54.8142801736886
50.4468617806759
50.3461483441338
44.9357878719084
49.5111813962626
51.7290501841003
51.6736020390821
50.0169746444312
48.5204926770265
52.7573003330867
46.0486125579939
49.1613286541572
48.9077440723979
45.3930863130493
51.5292741400778
50.5497223900591
52.5474091344528
49.9386354769675
50.0711220956278
49.3907645481371
50.3356701854507
56.1447821209349
44.5137754448647
50.9646326181158
48.4832897678866
50.273982510015
55.3748798807134
45.3057351994658
52.2427113185559
47.8301908064917
51.7456264669475
47.2526811396644
58.5655970481178
49.5455489493351
51.398858328602
54.7822574094337
54.1592710060482
57.4003930262363
59.5009462376337
51.8300065026517
44.9385762131676
48.4897189363579
60.0336975379009
54.1072577594543
54.9726510580024
51.9004077598882
48.1014153335073
54.5681364938777
53.3978438285323
50.4066088948272
51.5223711201788
50.4172589984891
55.9632548997135
50.7220958993691
57.2249778874206
54.7581735473048
52.6254406152545
56.3662984373384
50.7011050721535
50.6154688898357
51.2924509725685
50.4191472050992
50.1363656271897
48.4659476677523
51.3473268660819
55.8272166094182
49.6847988429101
48.0240538877594
47.6419907562548
49.1686629351459
50.8482786038426
47.9290826123528
65.6265589931182
63.8228968196134
53.7850570558748
46.9904115157158
53.5411840473938
53.3500482289963
50.4843342190798
50.2858483757676
54.4481627013378
47.5262329004089
50.6012577337179
52.827816435136
48.4639258389597
54.4271026045054
46.2222463119466
57.5552574342177
49.1252314154801
47.8045398039644
52.202273069651
48.7705554708245
46.5151640555433
50.8572356001772
53.6117249413135
60.7001182402589
53.9369789144355
47.664467666927
46.1879547594359
45.0937854224063
49.5344853752677
62.1986792792107
49.355111037331
56.7417111392574
51.0986952221735
57.9984571466962
46.2497860088137
61.5493482544251
58.4746529216984
47.3855438919308
54.4875399366314
52.3698784032748
46.9131872425863
45.9332225405002
53.189911823232
50.967829639611
49.0218712259694
52.3303415774377
55.3889524479448
48.6127996187998
50.6119290934324
55.6761860066
49.7379360291912
58.1240151832382
43.7295883876824
53.6168308481426
52.3682743022513
53.6006283175193
51.380217673796
52.4227494326815
67.2148270908567
50.2123655627011
46.7214051171537
47.3538599458207
49.0571266071351
54.6981454858837
47.9667273971832
46.9914922514944
47.869343688882
50.4049034696994
49.7225530283527
55.9053928263176
50.0737051957826
50.7492077337263
49.928919770663
44.0426829157655
55.4899938688263
44.7979892968623
46.9447842613355
54.4228628706167
48.778714508166
54.4754001232882
54.0181914786612
48.4861157068905
51.5593631548469
49.2601018263992
52.9796720971079
58.7524512728152
51.012310019698
51.0622308942038
55.5038666802926
46.8949210030586
48.1463439349436
51.4555774991929
51.0767628891953
52.6731743117374
60.9925697334752
48.0352399360376
51.1274727987926
61.0459531793523
47.283358724755
51.3919310928436
46.6910494301997
47.8115808071367
48.5668544484285
49.4661304876038
45.2876589338402
48.1309680934985
50.2058466021189
63.943539613791
53.8870076166397
49.7327478369609
47.7033477245757
58.2511172265732
45.4363701897844
51.3097986070142
50.8854469290955
47.3487267210346
50.4952486840203
49.076597746639
46.5628913925988
54.0284776577322
49.8653790149326
46.3048772826472
53.3019367677429
54.1890739021257
48.7668220152275
48.8224224117293
48.6704133527539
53.100407614815
50.085730891513
60.6309434578287
51.7801703408546
54.8406195477784
61.2738765979922
45.5383152643041
51.5659573558549
59.7757284825353
47.4584326861649
53.1416437080227
57.295646978866
55.8519188101682
48.4911010022416
58.6846040485514
47.1698515550269
46.049990752719
53.2423115250061
48.6180452638286
52.3870328004881
49.9556618211467
48.4342882804494
49.8354431673144
57.4013013780462
46.2975103062225
46.4591950374013
51.3876188455712
45.9147063089307
47.9349066030091
47.7131584155521
44.5378279789882
46.1873431212366
49.0216273239165
51.4426420302401
48.6408981490614
49.5433238249497
44.1719518300283
50.3366895772372
72.1325887536972
54.0443442509891
58.5230173233441
54.2681864166371
51.2637083084458
54.9985929647814
55.856890129543
48.9168606143286
57.3129886429985
54.6122807366692
53.9145312385002
46.2822957528144
56.8062103333217
44.3408763746668
46.0085640218402
54.2388477309619
52.7963195316301
46.6587063508461
49.4034727513816
54.4252160134018
44.3810434207595
45.1441414899543
53.2611435523807
47.558531247561
44.8963578739834
64.1455853080085
47.7671428535323
62.4133369114637
49.4371245855361
47.2801384372785
51.05005921567
52.9750188061371
49.8315065596218
48.5132178357224
50.2462007005108
50.2350805340614
45.4500709626406
48.8827816875709
50.1438627501035
55.056419573218
50.4576637450078
56.4868832792336
47.1510126885459
54.9617127802889
52.3052187567554
60.2796648400651
49.7517067635389
50.4146611665672
55.1827665455274
48.3870880498521
48.7860074969108
60.525720957628
50.1945519699776
54.7731515848024
48.1306640548379
52.7840788655891
49.6933346778099
59.3872735971938
46.7272653829739
58.2468830316762
51.5113611913232
49.8854402238688
51.8147771557562
53.3997525942357
53.0482705652906
51.7110872236436
56.1355387617428
48.7731179510088
50.1584168347949
47.0578882146257
49.7699779957356
44.0465155965193
52.8105368973203
53.1479683544575
48.8291011050571
61.6436496095052
46.9616638089111
46.1893796898688
50.8400885504562
48.4751723608374
49.3970157767647
52.1066595850529
46.7102516337251
48.0711815110481
53.0358644035007
48.5765519919274
46.3126969909332
56.1092550636753
52.2296442668255
45.2939466093556
53.592049344429
51.0573412028413
46.6248931376237
58.1882266011272
50.1987902387967
55.0313440776526
45.6737076375734
54.8750639754979
44.7392958315755
50.7239994140369
43.7253431931616
52.2884450719264
49.2598674033107
49.2543665142012
47.572009160178
48.0248052003479
48.9218483030089
46.226996060406
54.2997336255164
47.7706590476149
44.7642608578569
44.9183152352903
47.526017151561
52.9556357558221
53.1870963653246
48.9111339859371
49.8891762741784
47.0847065630445
48.4610048224607
47.1843774629489
49.1453878392239
48.8723145170794
45.8382041474255
55.6742515720562
52.3458674371642
48.7507842563449
49.999863719433
52.2768323560463
56.1057188131132
53.1818885284069
48.3518212510863
49.1464042529916
53.0165327383597
45.4311718496384
49.4194210161175
52.8627752395397
53.1835280946892
52.9908912183876
49.001990928186
49.5635903532731
50.7589041176259
55.8820761382518
48.5720606523183
49.6751643452501
65.7421986837528
48.4802816708564
48.0417242359547
48.8590941354908
55.5160159836483
54.6979918494962
48.9783411771431
52.4925149871908
51.493448500724
47.9092248889129
62.2827845326242
51.9190973451959
51.2017142879626
54.9489485785617
52.2692159745958
46.4071837557443
45.7514610968561
47.6521899104915
53.1850270011694
54.5438442559971
49.5402419267763
46.6926389767407
47.8763711342317
44.8808561482591
47.0696530984667
66.21542446001
48.5518185183585
50.7284591939247
53.9910479641815
51.2410797227272
51.0471892540941
50.6090482689285
57.9387061422975
52.6813123149733
54.077338424096
57.410353868854
46.4637491309958
47.7557394265293
45.6729027592381
48.9804755595964
53.9184453501942
44.8119374379925
46.7331461816789
48.3728489158414
47.8581012346653
62.7188825434726
45.213834438076
55.2227204497811
52.4889129782218
51.0732123660445
53.679052019339
46.2734955662795
47.7330556510351
47.7698777821539
54.3825243211529
49.0365287246457
49.2187068901652
46.2528715320577
52.0832616067306
46.858352950718
49.4128773007801
51.4538363825115
49.005777066416
58.3100601933082
53.6036037282384
56.8846438200112
49.1853244311514
51.3494368962263
49.9725160852445
48.388040100262
48.050611148275
51.1067698448463
46.8020172559032
50.2887446425284
49.4312131828178
50.7965781693407
46.886250203823
50.0419089550891
46.8306203608497
47.2917612404303
52.7463969571892
50.8725769365637
48.0606005828659
52.6529617954275
55.4184477003811
49.3234058989186
51.2860013125363
50.8062504596248
50.5549447896503
52.5563414336608
49.2096190270893
60.3234229354048
54.1731724432669
54.0833049859125
53.0260392948564
47.4564767006857
55.060991917745
49.0979090969375
47.5024048948373
46.2705379139859
51.7953228263211
48.9887189580469
52.0921916665308
60.4826435837853
52.071612082001
53.8118422148265
50.8250471565944
48.9814949096301
49.0546953051297
61.3006546909191
51.5980559887743
50.6774616466099
53.0834888740232
46.6471120466492
47.863391926553
50.6745393389581
55.5327887531136
48.6010083386859
56.2008482704402
49.4470579030524
53.4559171683433
56.8874597995116
52.1966563276421
47.765760024149
53.1303882386351
43.9555717524177
48.8246845092841
46.370993048887
44.9461199315566
54.6549308497317
49.8886733078636
53.0383966350013
47.9102641321262
55.0274272038718
46.6680875293524
59.2553425072479
47.7153669538356
44.5108633095622
50.5491189939932
54.2747761840614
51.600075753273
52.6702189634839
46.2533806423269
47.8417270142091
57.0834861910304
49.3590118897287
48.7177982292867
51.995544525266
50.0079891948368
51.8733011899925
53.846261136842
59.1025542815273
45.9397548489937
50.4943024827185
49.329206666865
44.7963904714252
48.9534326570777
52.8027378144363
54.5724048890297
53.3601252892922
47.2543879432823
46.7466195472654
50.894023017565
59.1678340344671
51.6102233947589
45.1224125279651
47.4471847578788
58.4347222937259
47.0669591457051
48.0006820176614
47.0663613001922
51.0211236010514
44.0499602147765
46.913263862647
48.2273417031061
52.4546844882913
57.7733693442828
55.3841684956177
48.5431743574988
45.7411743996207
49.0726464323783
54.5962727626113
47.8070563206602
52.3561547246493
47.6895552900042
44.7213512047639
49.1241321099791
53.5863665833901
56.7698278232688
56.737997669803
43.8365401134956
45.4192367302707
49.333133491937
50.9322738254351
43.6395231165612
48.0409894829438
50.4176333922065
49.1510630749995
50.5395322677613
51.8971117748042
49.3200335814068
49.5837509787113
55.2854888179988
56.2663804377104
51.5581346359305
49.0882081233178
48.5373967653141
51.5185460777895
44.6561472212385
58.7148675330027
62.2852003113511
54.7145917045621
54.2437223948433
52.6246854777001
49.8096118306173
47.0486407679544
51.3140901330868
51.6721930754987
49.2291358616271
53.1467975990501
52.22582870533
52.7956564811331
46.8034432036423
48.1471823239441
52.4474930027559
50.8529048869904
58.9309410886338
48.0855116604317
51.2649885485531
48.0279263166609
54.2171547084072
57.2397723074031
48.9028071643189
47.9386127182257
49.7357279404447
50.5409799321568
49.955853984803
50.5046976919228
49.6052175654541
69.8770853343807
49.0768175546587
45.1872134193468
48.4848570120834
51.7922268713749
48.5261214500282
49.35411486191
45.6196838756303
51.2643058323025
63.3059237498726
43.7030268499434
51.0944718194389
53.385881563441
47.3205551379287
46.4665952568562
66.6325103572594
47.4703659972279
46.6126029852048
46.8910559011115
47.0481543334334
44.2671120839691
58.610740837025
50.1925215021642
52.8427759236213
49.0291804038156
48.1144024328975
46.9285529887408
55.6884229305265
50.6277178454312
46.5047379050876
47.901852626971
51.7329984365969
46.1326888132098
55.8955974487785
49.1612391562547
52.6533766040553
47.551905796733
54.311965483637
49.6103637278145
47.1405182294382
54.2603842434008
55.8757165022108
49.4138419510051
48.5441924831828
52.1827825119517
50.6555536684241
46.4344529468629
50.1662726621517
45.5426446811992
53.8892118468355
48.1616534765684
52.2131209976893
54.0208349086573
61.0652584109392
51.2889243381126
50.8422491265934
59.2112269905025
64.788546801108
49.8904894374196
50.1404743782132
55.2373324282725
49.7528892716562
47.600812205105
52.0242430100278
47.9470013602645
48.8018885616907
47.9762762755137
47.7553861731348
50.7526443748322
46.7074955636225
47.1637973099277
50.9830693311525
50.5355006814986
50.4626703600491
50.4274050084011
55.6295840297533
53.1262552894362
53.4098120580051
46.974912821245
47.2643025027529
49.0272511755012
47.7239296786284
50.5838382016036
49.9744654610121
53.8323655368199
50.8833783847396
50.4400939679818
48.5490130774147
52.7688175790197
45.4391850397043
45.9658837240049
52.7550519521386
50.4040541138519
54.4761524057366
57.3872231381672
51.5910815263758
48.6256835336571
51.5453013989404
58.0107722689482
53.7631542979392
43.1603675487183
52.8446794505388
51.0420971312851
53.2962462467878
46.8703258726401
50.8347469199234
49.2589820705561
59.9612284260324
55.176374139492
55.5122892410994
48.3877399164986
50.2233808006249
55.0999716684268
56.3248128504468
54.2767027772629
55.9931201830185
45.4092654860479
49.3547853023033
44.8626000260021
48.0249784130272
52.7853371023673
43.9446928044362
48.2658863675419
45.9419539009643
49.8008966118408
55.2810022996724
48.9147965875629
48.8960688467809
48.9431762717708
49.1937749300037
63.0567225403353
49.8327543086552
52.874429640293
54.3061657539518
61.899863748495
52.822419535444
46.8041599226796
50.619768868909
56.3880648312221
55.0293519798391
54.9898527479262
50.8202923048129
48.4792208267144
52.4319117082216
50.3486941270387
48.3084794540147
53.0238477360492
45.2609838204719
54.2768184256824
46.2975169912673
48.2154648462019
48.523817106079
51.3252418449562
47.0184883643702
48.2381806268218
51.5996596871808
56.1873922413309
53.5789092001029
49.7998746475347
53.0531146813042
51.370196732929
55.1431412825525
49.300809292691
48.9746393235381
43.0331717543855
50.1498697677961
49.4018732108877
53.3331822122649
51.4554438407669
56.07391528708
47.6409660528221
49.7456070803571
51.932209835462
51.7650135373094
45.0336180798166
51.3473422993671
57.6550928619518
50.5251651310504
57.7579407445212
53.0790612625137
51.3188092016036
54.2076421382997
53.7065722992733
59.9850611583076
50.3438757090796
59.0892309773602
49.6604446800053
49.2552548362771
54.203644073958
49.2042718257041
51.7884767155014
47.4191021635316
46.6624302886957
46.6482558627663
45.2911931881076
52.9906010280963
59.2291059108292
51.9769152112437
50.6762408869863
47.0136307588397
56.3628748776845
47.0343504797612
53.3422798201376
52.7151639730795
49.7414608296204
47.7517837153233
44.7582501838219
53.1761391181955
49.0998694212297
47.7418431944276
47.3776111581592
46.312097179203
45.9077006605116
53.7450972748125
50.0209896846711
55.8156234737619
48.725513745148
47.6389644078851
54.1347500990499
51.0008920768607
51.1186326572457
53.5991752987618
55.2285619007346
51.1180501216172
59.1040083223753
48.6912418073788
45.4246947710554
59.3525094933427
47.0255257734305
52.1023155039269
58.7820350674507
50.0044696654487
45.6909811134371
46.4063159468115
47.7966045121096
45.1823490549971
51.6389277343054
50.3530308944355
46.8370521056274
50.3798365608133
55.1452134299091
49.7760692455622
50.1206323731438
48.1638666266216
50.2038681286632
48.9133912429948
51.6663479845025
49.3290380604505
50.6654241953079
49.9129815042078
49.1523508815833
51.1011481711221
51.686761111666
51.2976881707161
50.7497598437365
52.7154690139477
50.7432198042354
52.3721924467345
53.2057732107928
51.9532935003983
56.5304462560334
52.2680086460307
48.1909407207466
62.1520874101022
45.2080458085466
57.8707535246182
45.9227872044685
58.7806906104737
50.6368046972421
49.020482903154
50.2039629649456
48.4622223421382
54.0539835284351
48.911555553827
57.748380081525
48.840093733424
48.3024348534146
50.027226894499
43.3170549265578
49.5018419507079
49.0512643827162
44.7925092938466
43.3820068026915
56.2856651121691
53.3348911082826
47.7952041362802
49.2206122951875
54.2972860641354
58.1798494117987
54.0327296609945
51.0913754295968
52.9490908967683
47.1070884748907
46.9951157238872
48.5797292895626
52.4196557032601
48.6541539678539
44.5427903371925
51.8071384047591
49.446149591325
46.3051365657011
49.4582396406336
58.0121407803563
51.6437284960902
47.4172672549049
47.8687116771163
45.6901448371658
53.7539865313001
47.4013516469712
47.7298749515107
51.8596464935183
47.8209257186266
48.9802625153022
47.8762316421042
48.2604274487863
54.5686424512754
53.3822644423959
48.4329350834989
48.6016412086429
56.8511503554631
63.5589413586896
51.1647348283223
48.2632481561889
45.6656898199021
49.1139813941028
47.5994340073907
52.1180466739255
47.0386509940311
53.5849305165289
47.7573063564595
46.3615329100482
49.7650264619471
60.7098780012996
60.346615515031
42.4612097125389
47.1760483125428
47.7696566570571
45.8173214161592
46.2411295595414
55.9185720204304
49.8689531438496
49.8411873112366
45.3898279760896
48.7900537048721
46.80935461862
52.8160339645885
60.3643973605957
53.2897011378864
55.3083229681116
49.2256580254356
48.905336942784
47.5239978276824
51.1831858662414
50.9330388243005
51.5177429191372
62.6368210973729
60.2881835192657
49.4176753987495
57.452117563899
54.2041635301782
51.7716576198028
55.9044450239643
52.1366506276892
52.957792074778
59.7072779753487
54.3893435021548
49.7265489142697
47.3257400006422
50.0991428023179
47.3419562450888
52.5426773378622
50.8567324636657
49.3330542189508
49.0732383552439
51.5558639888843
53.828912384365
53.2663061720996
54.3789699318505
45.1146943867238
56.6365418615289
50.381621091233
53.0572028881356
51.8762816135678
47.850198471038
51.9771660085681
51.1155884843039
55.5651117011107
47.8346837789595
60.9438723363499
51.0364593222899
55.0154885044374
53.5840334975399
49.8541447825023
52.7817173055331
49.9645666330838
49.9318374668028
50.3320914031392
53.4292942312325
51.5353987407161
54.774800016116
45.7743247675428
53.1504046074489
44.0951228927468
50.8047569617003
49.5777994942546
49.490026623042
55.8086564163284
45.3696320834592
61.6192434424585
53.2909442547751
49.7277739908101
46.3967722115079
50.1261081504067
48.2387784872264
66.1378681631594
56.4402888099673
54.9576927907004
51.9453279600495
47.6893485518166
52.0380352328887
46.4361892009236
54.0573659704375
48.0847033210609
52.9097793275192
50.0600319238102
53.6652277377781
50.026698645519
54.204351671852
49.5453880067373
44.7611510252178
59.4660888467988
54.7493580004622
55.7992499657154
51.6707643519902
49.4512083524283
47.6583034083509
47.4145344122916
47.8500836286217
50.0142509617696
55.7605500227564
57.6916718624258
47.7823833076001
50.0938451081106
52.0549551995861
48.7747915902966
50.5362969679909
43.8519750764927
50.7713335247008
45.827152158598
44.7504067528469
46.0789896777278
47.5822993000909
49.8986939633801
52.8677577673372
48.4334048096824
64.1982769935536
47.2910518691477
57.9758907128712
52.84283181617
52.2204286069742
50.4334181855126
48.9492435801682
47.4276489629214
46.4011272618855
55.0872764807653
50.3174158985533
45.1982410165428
65.8298684969633
48.7426667000715
52.9658429486142
62.1224944425838
50.7070547783273
54.4342883106189
48.7587805812751
45.299313241895
50.0392532612038
50.0405573724034
47.8479827782719
66.4556474557548
46.9154550517818
52.7690848839839
46.064626036202
48.0104138281742
45.4501878986488
55.5722941874963
46.103608335577
49.416013997177
53.769233581325
56.186922209307
47.4225785755874
56.9397943908004
54.9313060907001
57.4443834663325
46.8256303686337
48.5218002405236
57.2514831624897
50.7035560380072
52.8095503432636
48.623907786018
53.9136641495734
45.1493902461403
49.2777003260741
47.7343903580183
61.3489137805542
46.7436885708499
51.7132201166852
47.065884602251
52.6945227345515
54.9800435569777
55.6329652359051
50.1895337775638
47.6267579455724
48.4994223461334
49.4819241527266
46.8551836233296
49.2039909415944
64.7745888297212
48.8513720799652
50.1924428027805
50.4081808229317
63.5929661348964
50.63353425527
47.2123423517639
55.0304813690287
43.6185623329282
53.5319821717577
55.4737805900727
55.1034840975245
56.0871998933467
52.0196231023492
46.6715467580116
47.9168218365639
44.8710260340098
52.2431034676066
56.6890991954325
64.6804793997641
57.9495934252129
55.9498498707112
48.5489548526697
57.2550998455735
44.1486906806748
47.6791338686606
51.1975584334567
49.6010817877933
45.5067537429705
49.9554051609446
49.7898130962391
47.4910380195452
50.1483529489946
54.0563797003603
56.1006720685351
55.3951028095204
50.3699082931016
59.1958524688084
51.9399617373736
47.2673681010733
49.4560438975548
52.4122533206423
49.1809240297643
45.3716602437365
46.4295149333777
51.3599854301862
62.6274995710627
47.90144328856
52.6073356487285
57.7971477974229
54.0515016435858
48.5675373932681
61.0175985103195
57.2095646954977
49.7313772557386
44.1307716242352
51.9053811210299
51.1252666338145
47.0343621192471
49.7313960003667
48.9226216740741
58.7164748280646
49.4931161417169
49.8358434652285
46.704656663219
46.7059637405512
52.2220365307184
50.2379901791287
50.5755778012997
53.2803717583393
45.806763578603
53.8344505461883
52.6983281843791
62.6260223944021
52.3862145497239
51.1951073859806
51.355658649421
45.473801418644
54.0114282697986
46.9069082111168
54.125848964066
49.4654039062797
47.5156607289769
60.07967965908
56.527330149407
50.0685914906753
50.4749676436138
49.5965605415002
45.6488120315132
56.0663700790882
60.7051802790618
52.6026808150829
49.7454777904547
49.7646872521382
45.500500885965
49.7694030867114
49.9187012143665
48.7294430929201
48.4360404108635
46.6921061769546
49.0990984617816
55.6267112137642
52.1597318829174
51.9424738181768
53.1275314565847
47.3267418705897
50.6151644604129
51.1769910079201
49.2777436213749
48.280593794801
45.1086763306252
48.0615703019281
57.7605457534969
48.1265842084396
43.5662461773557
51.9644590184459
50.4027727343447
47.0368197144959
47.532692052049
48.4365458276807
51.8117423647368
53.5465040935193
64.4664485631665
50.9252728258901
52.4387255385654
48.0805332976916
54.7278315612837
46.8153234060181
48.1731709530312
47.0321672373941
50.062706668943
57.5870851625901
52.8948771175705
51.0786369121286
54.9378472119818
50.8280371010298
53.4636034488873
47.0281953704559
58.849180307622
58.3539164698688
47.3702937016166
48.6404885154363
46.7658108844896
45.3020942024193
59.9448646310419
48.4853676473692
48.9995808178496
53.250830864593
51.9091501817362
48.6608954788171
57.1552470935479
47.3663511039811
54.4774528886599
50.5293980173527
56.8179459137595
47.8086449068042
55.9543656373268
48.6903946504997
56.5422893679652
44.413199905244
54.3277081226261
50.4486176903971
49.3648513578558
57.9454437775213
45.6912380840471
56.5578726678113
46.0058762849012
52.5328577931747
55.4149643256144
51.8138433930645
50.5957621559099
44.3650395685448
50.6846222352884
52.5460866446267
49.4440817672589
55.354477941393
57.7588092583371
43.5110781833914
47.7340226628669
50.3473412704011
50.3057035569732
52.1547275169442
51.7327302119487
44.9787829467488
53.9923755123776
44.2478723443743
58.6369453964934
46.6238941945954
60.7994673693073
48.884555323998
44.3571632028484
48.1718445729984
58.5729666486021
45.4699132087556
47.8536772538073
49.3455679487254
53.017519454337
52.9034544583225
47.7064368966432
53.7165717403375
49.6447171085063
56.4990216885961
44.8077764039152
48.0399004666898
49.1124018657814
63.9930224252776
49.505222352739
49.7136161443557
45.1875065344033
50.1071251111678
51.3471804432005
50.3779083896726
61.6837251415439
48.3811936500064
49.2685711932308
61.9567066129063
53.422377067342
49.7902963890889
44.8954357784998
49.0868079691491
48.5514459950193
43.3801415722691
50.0162068074899
48.8483753456696
47.2525727914584
49.218217596532
53.8146952998086
49.9493386927755
48.7500799818628
47.8529693931036
58.9971185127069
48.6012844398839
43.9554536777195
55.0887305385721
52.5359542817956
48.0949577307554
52.986953448296
51.8440792208679
45.7801562006629
52.1409058138179
50.1063700030955
56.5255766359792
51.9248828519707
49.8141379274842
53.8144660429371
53.2311025741438
53.8285463610668
54.5600669430614
52.3494963053631
55.0215619597502
54.3154707175082
46.3503517298328
61.5493125163715
49.2050889594305
48.1535883756888
50.139587780208
52.2428347875393
46.7959563693405
56.7567223757869
52.1299107877338
54.7050988294697
68.4267797863033
50.0650376846026
52.3119705913151
46.5910315986177
46.575135498105
44.4109158501098
44.7748797322849
49.358808187933
45.7847378871506
50.0108395611312
55.9758362667779
49.6698963691961
53.2633226955951
53.642847876235
52.3332878177386
57.9220357941615
55.7178429105858
52.4016843945619
52.3587063831074
55.4080125265655
53.2618784655302
54.6702689343289
55.8273179631113
55.4906906166982
48.4495981579918
49.0369056070897
46.242134256469
50.1404810586365
46.4213928329227
49.0895284643759
59.6367000380815
49.6284340163016
48.5309284460823
51.7444233955425
58.4310752206488
45.9239846453193
47.0147081103468
45.8692780917228
46.3436815061093
50.4450744223877
46.7220282317032
51.9164137471934
51.7801469605074
46.9425735053182
47.2644436485564
53.1001881957451
59.4741469842831
46.9411891721903
51.5122395483046
48.062510023828
51.4656565307352
44.1515277728156
47.6695878707072
49.5081508601742
47.7773313809588
54.0969058381061
55.6782521772881
46.3524521168557
49.2932729134156
47.5826882830666
52.2568919896382
54.7072442978574
46.5840769060281
45.0818077489595
47.6468456182775
54.4298325503592
52.6766033189035
53.103423841358
48.0241288302033
46.2707492305843
51.8368638144163
49.606247151042
48.3282541923382
51.9855629538666
47.4734777042457
57.3628152879507
50.2615109503535
48.6075509647466
47.74147906986
52.3431672419796
50.2789184061501
49.0377657509703
50.0557266339321
60.3152181042451
63.5571792696852
57.8921381193867
53.0023695796849
51.7503655254808
53.0757822584788
45.7291978747645
52.4475194913677
50.9943187624149
49.2207342866844
51.9500210070235
48.9779839617037
56.5108190606645
57.4260856919036
54.027273238321
56.3478429835109
46.2337745621979
52.832644018362
49.3842696978768
47.3760558779588
49.6185161797768
53.1913877935599
55.4284113525882
59.4957421194415
53.6053837583089
54.8265129444319
53.8362862364192
44.1425817008868
53.7244212125321
55.2088834390516
47.2204239554783
45.0318849343569
48.9279807929076
49.9827370874229
48.913175655928
52.4927259806925
48.0402512471624
60.956999824637
48.8801626362623
60.2574638254121
47.2817376016977
48.838941185936
54.5543595703025
47.3085455895504
44.5029785375119
57.3039325165536
53.3782924776994
55.8655687787641
48.63048210314
53.8858709170647
51.2513880958716
48.4514072702513
48.5923192353528
53.687978554374
47.1884437926654
55.7319400209539
50.8952433786226
56.1398000226359
48.5137194880385
48.9766432864774
49.168009380166
48.7709377915379
57.36261544872
48.8155512290502
55.7410337082642
53.9676608555164
58.5317010273312
57.595093795793
55.4865156703661
56.3285385974404
50.1437162324758
49.6674868223604
59.7611388807311
56.6278922414912
52.6060146098749
47.8856061606683
51.5165033271136
57.5109299684765
47.3700559103837
47.3415286319833
48.6471713815481
45.709848043507
53.4962640990872
51.9694159455607
49.0404609604556
52.6058090759051
44.0476027457614
57.1655487586658
51.0435201488784
59.0722588527452
49.5794006143054
49.7829400596935
48.3325179306681
45.7860208538133
49.0502159821909
57.0386994041326
56.035852951901
54.9397537953268
56.2195081304518
56.6398236616119
53.2365269946569
58.3020953464908
48.5315321938056
55.5832272902049
53.7013295335691
54.1002134751739
47.7028660634323
53.6196145084044
51.7466432021451
47.8632306775005
52.335003690868
54.1399952010525
43.83355682623
51.0780396842576
50.8030750579
50.4266600932507
53.9973256879599
49.5082274566422
45.6536218984231
53.0154325064594
53.9215376394632
50.9534430365164
49.3792595182761
49.18042534356
43.1664424117103
48.2500870082275
45.7797920856551
54.3797117668085
51.2483365865503
54.8877223229654
55.3618658867259
52.2325842500568
48.5095491239532
50.3479867955326
48.5619327767351
46.3085784854854
53.3447306784371
51.351115512429
50.8978104240047
60.2834257290502
49.7780972101746
49.6713406311923
52.0715679126469
54.9334825117796
55.6838653887272
51.5432512410516
48.4562823652894
46.5440294114805
46.5715942335967
52.9034841389961
55.2697756464159
48.1237238910244
53.6325133108466
53.9321858995901
52.5102064061358
49.8507323662067
52.2836111906046
49.1994927054819
47.5936369812332
45.4221905814449
53.2742605559091
54.8109981386826
50.7286357236639
59.471767440173
46.7904041265917
47.1307501639297
53.3037431518608
52.7718294086646
44.7214144385513
52.7653360639183
47.0481099444175
45.6726518172852
47.2584035388628
51.1977630972702
50.5378990289709
61.9764539861058
49.4283081723234
57.1726590161211
50.9946766530385
52.7613888522191
58.579723963797
50.6103195439742
55.1704762216475
46.0177618497718
46.9561057845836
45.6076017427445
59.030588863285
49.8775070295876
51.9508556952309
49.4446425053442
48.4710659297712
58.9249979220672
48.1638554063105
49.801040311406
56.8528780007762
47.295505018612
51.2061503351759
49.2656217618132
47.6167626833376
49.8350871496009
50.0441447725414
51.2655534697179
50.609246966202
50.4150687514624
47.1722947843335
47.1843076602315
55.5732058081895
54.3108071823134
53.2075090052514
47.8287360084466
54.6978227572035
55.3525867039788
47.9807964466444
51.0816094258508
50.5456137668233
53.0185287667864
47.0056279138325
44.9322203433093
52.2726993118037
42.963570339935
46.9417729677418
64.5537065371064
48.4980635709225
54.0739740407639
60.3563296011129
52.4803955176762
51.9573349443336
46.7497801396099
50.6447903993665
52.0193817811292
47.0785720260679
66.1407177700438
46.739061940889
49.9127473321613
51.4682692392254
49.5207283554205
51.4943497078182
50.9259797736102
50.1232732970856
46.5706367982029
48.9398750270623
48.964144362908
53.0803699139407
54.1033207013025
48.8373966839242
47.575436400041
52.615378907919
58.2634470426413
48.387625586514
50.0048132995335
48.2899631700226
54.0414824508451
47.9806357033153
49.3950104904907
52.2212292043389
53.9997455764657
46.8139922348246
51.3937936619075
55.0329893571551
49.9264375829981
46.8640017203514
47.6361550252888
44.443463362818
48.0820903287988
48.144203130879
47.1496498317363
48.7331977236533
64.0296153149523
50.352598895853
52.0911609045868
46.9105232712896
54.9844518781385
49.3945638745785
44.7834511881559
51.9896976306693
49.7652457468036
51.4894762631694
57.5850991936392
49.363258339977
50.6049580498497
58.6119508693051
47.768707935695
48.3776955533693
46.1803562668035
50.5739437029272
54.3849196774781
55.4068228723837
48.1473976610812
49.2760874161027
51.7936039656633
45.5797498448302
59.0375111218391
49.586025345813
57.8214831898894
52.6347271128504
47.3680286110464
56.350963197735
58.8048936834614
52.7761727740305
49.1209539123219
46.0957550330079
48.2339530414826
45.30082342882
58.5738480026133
47.3910177289791
46.4949409801258
58.3795291320497
60.6453076161925
51.0850134740753
48.5414685581697
53.0225755318745
51.4267210437212
48.0017969695751
46.8438078634609
54.5138406585504
47.9510793220851
62.3806925622393
52.4144252806346
44.8959253014171
51.3974295662985
44.4855570642205
47.8051614420942
50.3999708248809
50.1390905229957
50.4473843894525
49.2091840982093
50.5175861274003
58.2428838143924
48.0450621511795
50.9331870476478
48.4604830395971
53.2488998064459
48.0913869537561
57.2417806014961
47.0112977686757
47.6202894429855
54.550064062295
47.1916666374286
49.6940295922039
47.1002462332904
51.6886772648218
53.0564309756313
49.6325021902793
53.7884875137984
54.5673052595187
45.0570956020874
54.8512051068853
48.7865863701018
45.8128082731801
52.0693466839606
47.4670450626893
56.2506495217164
46.9285999823343
51.0987685131873
49.7206654509735
51.8404022948301
47.5641222717336
57.5906497739638
53.0342436210691
51.0345795535686
48.1939713826262
48.7120496088428
64.43976086549
47.0381271836703
46.7628880690471
48.7860127763853
50.2802534220217
59.1202403528709
48.4913161748018
53.630470601533
47.9847764480758
48.7464658099231
49.8185715556211
49.7519263449992
46.3454609357444
57.3937090151668
51.4866774035617
51.6189880545026
51.4826131903795
48.3203359376026
46.971174492454
52.4747812945504
46.4124337741382
49.8227591316056
56.6036830243778
59.3055826523083
53.0844858018756
59.5336793473018
52.0449155880585
45.4294811261292
48.0073018526209
53.2428267102296
49.3598159682499
51.221230817779
46.1537064172776
56.9589467890399
57.2007710508266
50.4957314221852
44.3096356791787
51.126285148401
56.2298207367234
55.3605184214075
53.6243770922628
45.4318429443264
48.7233951972579
68.26113189491
56.7119573875732
50.3655380584119
55.6824515868021
52.3702426290379
47.4205450333893
58.487081400388
49.3675220458758
53.0879453489803
46.6334472620844
52.939693105238
53.7514718900067
47.5769770543055
50.7617386987952
43.6650657509811
52.5177329107378
55.9023754108362
52.2900836861141
47.0169591974593
47.926523556627
47.2235622492448
54.7471327949922
53.3410343433626
48.8826349666941
58.6090359053938
47.4223713205075
45.0340088572165
47.0505687979835
47.8219783154298
47.5942783849186
47.2687142621454
50.9785571812269
46.6217864631489
54.4132208118627
46.384564922227
47.5448483237494
66.212945778537
49.5321904098162
49.6273223650518
43.5934115789172
47.4542469221659
46.8341773136822
50.9733231308493
56.0210748531759
47.4260829456101
55.2656254850642
49.5936292026627
46.2460323988971
55.4759173653423
45.1621053386182
44.8918272374023
48.9386870573004
53.1734388679652
50.899622192635
57.8071682390679
51.0338624436514
58.8416053776119
43.6172564537472
47.5679481590617
54.1417207970593
47.8494361583831
51.861118684111
44.8679163212528
49.8342697439951
49.9562143213959
48.6179583283217
51.6266136304184
42.9951303147313
50.03834450438
54.4257028806072
54.1462525981495
47.5312739688913
55.3419681166181
53.6332125375885
44.5912523064911
49.6939400362968
49.5630298070627
52.0062670180827
50.932680747958
54.7698502227019
52.6157485659559
48.6587904956537
48.3026408547701
56.8117855381835
50.978252864558
50.1790183754148
57.0044303454227
62.0873990019267
61.0590774320688
51.2672782632416
54.7194346853932
57.1363440207167
53.3328750732904
53.9703005576522
52.7873906971374
57.1714312848765
48.674630371478
46.4970803073984
51.8863625328133
50.8965255167754
50.0961575987148
49.2753488540095
52.5776533243298
52.2756352022596
47.3350998656627
51.3419039282954
50.7287311330157
49.2586635116446
47.6388215135859
54.7126998298912
53.6671674565335
43.9527311791601
48.629479515927
45.7373508036851
45.111887327445
54.263221335339
54.3988598660107
51.0748228960272
47.885275155302
47.7144678779346
49.0516990154498
44.9121198815043
48.6923207600955
59.5839264976477
49.5456688602802
53.2449517270944
55.6230556125713
56.8216827240399
54.4910859908396
50.1566244517955
51.2370413140012
48.071064290306
48.8984924194534
51.5755397621639
58.254876632341
46.447644952933
49.8320562247349
53.2242781576343
51.2549795101405
50.0490162033674
46.8534720073407
48.6421103274425
52.5358260400616
54.6545409727956
54.0168746940508
46.9166983759469
55.076705315089
46.9404468306407
49.7629139760416
54.463127875382
44.4467573384111
48.3171533209689
58.0290529849909
54.8933607178249
62.4913143918668
55.0091139557099
48.2619512907995
55.4171911827412
53.1299673038346
49.1139836007012
46.9696775908875
53.7674597393482
50.8215764543257
53.0584722493078
58.8971646139941
49.1918071408188
47.591773740461
45.2945478783121
45.2199074513627
49.1558217281781
55.8988131657086
61.9537666734169
46.6096706720059
49.7590049199732
47.9030580193178
58.6836188242847
52.8115926129496
47.3150879521187
48.8949923668884
52.2865743661382
48.3918540937476
57.0509354205986
47.1442272334768
45.8623874829265
50.9362477101431
57.047376534912
44.8584191827161
54.6170682451206
52.8719030250753
53.4355645396067
54.1224488676521
48.1954560966552
48.1584001757177
50.4255473025668
48.3240709767332
55.875317200488
43.7795698786267
49.646676423692
53.0746165581758
45.4545583839149
52.6912696478446
45.0114678453511
51.5061880703717
43.8616906164973
52.2283183775423
50.6927166404517
53.5765188283379
51.8238126411468
52.8125065924568
53.2427727551043
50.2829911197775
47.4341442137888
54.126784730916
54.0424001885004
46.4069976721876
53.5094364869729
50.9678829978224
54.7165646173522
53.5878854559799
50.7463734295963
50.8836559422644
50.2368467694062
47.3960279705879
45.4866064289272
54.8589702886891
47.3969972101038
53.4130266529713
49.6932598992439
56.3470072147096
46.9804589353196
55.6992337928561
50.9064601425083
54.1523171579207
49.0633483472659
54.2753315576754
47.4483372307845
49.9591557703804
51.7779407878476
46.876998529215
45.5700847405131
46.8970530348688
52.2031139363169
45.4052249017754
43.1020142351114
52.1806787533665
48.556749149542
51.4338700895947
47.6144979626015
51.2274013012578
46.1212294690424
52.3596800794911
45.3565566105028
51.0635381324994
56.9441439069881
50.839543276157
54.4491150201064
51.1844065379458
61.4665014093625
48.0748181255377
48.095022425963
50.6538609795581
46.0031725630814
52.4265407630808
49.4078059424892
48.5829163884379
48.5175001088866
56.6158734247735
65.3825495666219
57.7644112536984
54.8184054491071
48.0153223731113
50.7783483427303
66.7700339462983
49.0431990404959
54.1107848358906
54.4007833683749
51.3426010734846
46.7195442419651
49.3335905497675
63.8656978993272
50.6579558023788
49.6697089434862
55.5546987805749
48.1337300860246
49.669064068764
45.7514095415783
57.545179231396
50.4697698913401
51.6402449567847
54.2082015063442
59.4095246519087
45.6230794206245
43.8994925546459
51.6803574463413
48.7205925168404
45.8575665755346
54.5280567881449
54.3706800787115
54.8590000730075
52.6459671651679
47.4537169061431
46.7216034011734
42.9723958602609
50.2294796463031
54.0464163415433
48.5503930500431
53.1321892968955
50.8343064498584
53.3253062469213
48.2928532822529
58.7629287735188
47.0027444486106
50.1740141451931
45.1873001803701
52.593451294056
47.2073673079001
49.7723790005973
54.1879708947639
48.1680647830947
49.2599671840762
52.95381920033
57.1803954631841
60.6779721033516
53.7672995729665
50.8266686218403
48.2030310598842
52.4825264592361
50.2552764070614
46.9480482141867
49.2674247378958
49.1505372089662
53.7110868585172
55.3649295991037
55.1536155329721
50.9575105288487
48.6573891835235
51.8061043644685
51.3952224276731
45.4972511530946
44.5521470751696
47.4988710789805
56.9878375000903
49.3917404033326
59.2974803233226
52.1618158741123
44.8230656702073
46.0503478388717
52.5313380610281
50.4731000909126
51.4006250619061
52.9271234354232
52.022496575226
51.503233655422
50.555600209374
55.6901824508817
45.7503971892263
50.5748046363136
49.7293383631744
50.7601408068637
56.7124511040944
45.1548631710723
47.9811451235438
50.5958160192336
45.1594041662415
49.956170307155
52.609109577029
45.5548633200507
49.3332701419508
61.1575313086164
45.6917295147967
58.0500876393074
50.5322822151321
59.4789641414773
55.5437863881403
45.8964798103944
55.7394828915769
52.1975557934156
53.1833608137685
50.4664415455718
66.8779832621348
52.3437920951627
49.502455239917
49.3456291125007
53.6894473835089
47.6408485851602
56.9111703855493
48.9586151799406
48.6562944100603
58.691418566491
43.0465480329263
52.9622322955568
51.5935208501498
46.6864216357631
51.7949836892359
56.5167233965064
47.1426115412943
56.054748917315
54.4926566857635
56.5479408703993
53.214689459837
50.4388228666316
51.701204691359
54.4044288546557
48.6844284749114
51.8590945985983
56.4515783395633
54.4685800384592
47.8617109606161
48.5700502356257
56.5155200352099
49.2404402791393
64.5352480794645
46.9294847686404
55.1637071268559
49.5115578005515
63.0736630475113
50.4889327830538
50.3432460157203
44.9884875854361
46.2342801092936
53.1810749720791
45.8079524857166
50.756974971468
46.0754190307827
55.225280682621
51.8045800946154
52.4825472920737
54.66653275661
48.1634946687761
50.6697237258073
49.9049397200364
44.1313532141244
46.1934695615928
49.6745369634124
48.1266308684572
56.1435364532267
47.2448304918419
54.9084053531632
48.0710057450338
52.339517695277
45.5236268898459
54.6641335674052
49.4179927770514
52.1114882276181
50.7654866281516
50.0972192011581
45.137746564023
56.5476033205546
58.9274160221823
49.0387822189938
60.4451955825264
46.8043341463574
53.8608591368944
47.0203529437673
51.1979552634497
47.4521727595179
44.0342501570749
46.2104913456599
55.1636026582618
54.5116427044612
52.1826068829373
53.003914241851
47.2840853212816
52.4734874605196
53.3714290835064
46.0352637050091
45.4026851755397
48.8698495960595
49.0535984449047
49.8365121071811
52.0418435583477
50.0546936784564
47.2535726657016
50.0018718874566
62.9608553215351
49.2427527229954
53.5489029199278
50.2461946352472
49.3301510975394
49.9448818258839
45.2412493069167
62.0258515526478
54.0297838040203
51.3714640966166
45.9894834589413
66.7266420863196
50.3881378553806
52.7284982056581
52.8841969506632
53.5039207671473
49.9310716252821
55.3009875461158
50.6535158224721
46.714612723346
54.3158292065311
47.7266497703591
47.243392860172
61.2469439917324
54.5372936851939
50.4491103676686
55.6564382967066
44.6304022774906
46.4279628323337
55.8347467484309
55.2030637027681
49.8694537048751
67.0202135175582
56.0307919720975
47.9293226808617
51.3544670164578
46.0918597117861
48.6857707169725
48.0889340583566
47.166262460374
45.2934186655457
49.6526121272029
53.0047417409789
51.0663306190537
49.6598140868599
57.2129282692758
52.5754797191509
51.1673292199868
49.3772174136585
53.2270932317094
53.3522588124965
61.2045021971785
51.7156963598993
55.8326742934076
51.359409319036
60.5293840622421
53.9868189795834
48.820410430527
48.7217500337774
43.7056435587209
51.3859283831154
43.8388273051647
53.2490165357273
58.6080946198979
59.3024912736683
54.8198353858704
57.113643345181
43.455084035055
58.1975461620029
62.1589102034262
55.7328165974089
49.3003450644982
48.1932408544739
57.5925105782707
51.6108234848326
50.1087858990966
59.2949641814029
67.0806510501594
48.7171314679434
45.3950746424206
48.3613400735879
53.0525896882099
50.4699046054
45.5144161519855
52.3150615736386
52.47683270753
56.2500319988276
45.0114223725367
51.3964495528979
50.5898072643769
56.8964573677693
53.8814400792569
50.6784741626272
58.6626237391279
48.8056246786974
44.9089981640993
48.4409800006066
55.6983851414092
52.4993362717237
59.4926370263074
46.0639861112254
52.7173998303753
52.7123603844174
47.5732314497182
51.7469486021187
53.1355270364915
46.0916704013678
48.5734535702757
45.7257696986429
49.5439629467277
47.5583904229046
53.1105730228138
47.4720884559006
57.1869292705119
61.6131440730969
62.0179790925608
51.7119253689971
47.5216513784477
50.0761441529724
48.0581561230142
50.868461129817
57.3933037055653
54.2761224952361
47.153304416359
56.6662360159174
46.8659487574146
51.1807437457103
51.3797259755788
53.9472401813325
46.5967884697607
57.896300734621
51.8695335069674
51.3449430436446
49.5347440196065
49.0574347473297
49.9803777834639
44.5457667410396
49.4184579233621
52.9820766353896
55.984216054179
50.291380539775
52.6577014792718
47.9245328522761
50.1371381196361
45.1517511823751
54.1945709604202
47.0994723720565
50.271341553364
49.9101135012011
48.0634482900734
50.6642861834922
54.6408263464024
52.0394431926705
49.0523147710594
50.4446532971879
46.8672633283719
57.0676192182879
54.7119798499045
53.1066438806133
62.2341056682885
48.6742664991088
53.1918315397717
51.8573896076589
55.1125027679951
62.9907989017348
50.9732856949773
54.6595719860765
48.666867897354
47.1385442979732
52.5692398362064
54.3894155221124
56.654850781528
56.0653242733767
47.8512824313773
65.4495851423629
49.8773151281321
56.7039845133323
48.4598494881057
50.2083519112766
53.6196057799742
45.4517084606587
44.7731779668038
48.8469975912182
55.4633661436075
55.4821246054411
63.2396810484624
53.4038944382286
46.9423639387055
59.6478245412925
59.7227966398604
53.3472101503023
50.4781222774465
50.8743861247439
52.4868800791679
56.4014653625148
