51.4626172295049
53.2977011006631
60.0015791539374
59.3601394691396
57.3068253946181
51.9263254854936
48.1333786017575
51.1258751649083
51.8317887521382
49.289572478979
51.0243607323785
63.5406712901194
50.7754402632901
55.3867844352355
45.7177995718733
57.191258411117
53.6832150037864
49.4191618932323
48.9145358318152
48.2645815553263
50.777535958051
49.2974381978195
57.5727304185646
52.5738868110541
50.2251034669151
56.0162361492343
52.6845061609463
49.81735429858
65.8195574037572
53.6811455929734
49.3683283121607
50.0982388188045
52.2458829984816
54.9668815293123
57.7434733855325
49.6582872357666
46.2501691977276
60.637220430926
48.3488357435021
45.6763062322914
57.960139758964
55.4545107306282
49.6325793090946
52.4825331239917
46.5422976841803
46.7229821020621
54.762092880096
52.4103522451755
49.511112166472
50.5863630827468
52.9340151870396
46.8149661576286
48.2474086069106
47.6460272884721
47.0854591770818
59.2602231270738
48.926692619532
59.0069792685528
54.7689343084691
53.7211785476817
51.963260133948
49.2698506724648
45.1486804667412
50.1967395240155
54.0907570665265
49.3903933571
45.3372396410937
45.7834205935416
48.6766376943201
52.3633907923628
52.4220350208154
57.0030051663881
53.7159845364047
50.1562829846688
51.2013832490254
48.8549597512233
54.556413178719
44.1584049115453
46.7725494910702
52.4981536569141
50.5678769634259
52.1632072004374
52.8666207435607
45.7081754957369
53.7474616920838
48.6675781926775
46.150421275489
48.3845892222199
47.2778591425099
45.2683066744098
50.5837375083871
52.4826526464039
56.1031756711768
48.0042046214061
52.2324742151012
59.3678040231919
46.1534136793309
50.7970991323019
50.1704422195753
52.7358182594383
51.1789826195889
45.0388619768916
51.8639720482255
47.7373031661529
56.6780302422793
44.623921390615
50.4317661945998
62.0007259424326
49.7686117455728
49.2808370510747
54.1114604074701
48.129113466918
54.7252887260994
48.5687201259548
51.1254626552486
51.9211270726569
46.51667658329
60.0053157479359
49.9027893559493
47.8868801267842
50.3815785104223
50.6761873428522
50.4239617482102
58.2689387608283
50.4101107080761
51.8539106565775
45.9983760351567
58.0647400068504
57.9640129461076
52.7971792976791
52.7039566659785
48.9918826927517
49.7381970116414
50.4940631675688
45.0860440371917
50.0012263074406
50.4461960986479
51.8309617766617
67.0287609269015
47.8471329547534
55.217989595355
55.0005153887522
54.8328716083518
53.8638262720009
48.2603092535767
49.8258496647213
47.7929723418261
52.6535615747129
47.8877054042903
59.9888344663495
53.6910117269323
53.1169310894918
48.4476092651449
51.2312285873999
50.7590299127652
56.386214102435
49.3567505807045
50.1221929954769
56.2604368392483
54.1862753911492
59.2038299677333
55.207482672434
68.4739498771307
51.2720942160721
49.6293807670551
58.0772635276761
54.2065000308738
49.3911515836896
49.5341728178069
48.8188737456294
49.1177460100351
47.9955292975549
54.6301340034165
62.3605026234018
48.5847562504101
48.8811980707024
52.9009867736122
52.9723813062148
49.4333102865889
49.9244425233186
51.7207609702551
51.2773227821014
54.5820767771219
55.0014436005769
48.6990236634026
48.7287333115122
59.7733757659576
48.7054129071671
52.5169128821898
50.8743065563891
47.1902825326091
49.5818747027522
52.540938379821
51.3748324544405
46.0424439509125
54.9679366395484
51.1556253204974
48.0754245824505
47.5423303573354
49.9156290538589
44.7276193130848
49.6798661330277
50.8409925355514
49.9957284330241
45.6662566167451
55.9722326304462
46.9927901803554
57.6577254827121
48.9545434866655
53.3200529462369
56.7378218987406
51.9100587381539
48.1369935482599
52.3198624340919
54.2379263276342
48.161681600881
52.8222029584374
47.629819951708
49.6718069670446
52.3904058156855
56.0250091664428
50.1717170921051
52.8125693106104
64.6600351377457
52.4118133015925
45.9051761550293
45.2761115953483
49.0377542344161
49.9351395482511
62.3144930078868
54.0640395028907
49.4332832502019
48.8099291264512
51.4487586294705
52.0391285332468
51.8457397448447
48.7998149218621
51.5147121021724
55.1417025253681
45.0570920549785
48.9356320706919
54.2654813256767
49.4537027756977
45.7635748532324
52.776502224732
49.0789641683609
49.4211877736141
56.8501685848521
53.8773442190943
54.0917423747758
49.8070605221488
45.8963982466817
47.291810678361
45.2538158426902
60.9211183597399
54.319895080537
54.9301671817156
48.7636005785792
51.7015397800354
46.0999181786128
52.6676290754426
52.4865131338465
45.6678418599726
57.5047529080124
49.973537625522
52.7582285730634
53.7308501621163
45.0911142582574
54.0290081457097
44.5059891250016
58.2424167567325
56.5339124309663
55.3439159035349
49.0102239251102
46.9380380541465
49.478181725347
52.7566771132511
68.5412998571486
48.7513678688178
52.3510738703149
50.2200484939978
48.9315474992404
54.4712033943554
50.0282444216222
48.979872379901
54.3210949964469
51.8024084421766
53.3038574872179
59.9397148123393
51.769331552461
53.9471676424982
51.0619078985767
57.6048542665604
46.5735885105973
44.77803225325
59.2487236490038
46.1196322902712
50.6768683423497
50.2199380246325
48.7460330162889
47.6217017548606
47.817641588171
45.1927061745141
53.3461127077675
51.9726228618897
51.5350326428521
51.6609491172606
55.0143445118646
57.0121818241809
53.5093974767654
47.3714745937574
47.3724683455926
57.063902771446
54.5831283694041
53.4112471386612
50.6395074683752
52.1678497364773
49.449313891094
60.7393161127502
52.2922128458875
54.6926664118993
60.316671040084
48.7782907321359
50.6763550802198
63.3696967719462
50.8182284431733
51.288938593414
47.9357444582015
52.5030072690109
50.4144125617585
51.3174188889813
55.8492837574744
45.5317899894148
56.2897629896832
46.7448715208723
55.9725896027038
44.7517735266352
44.0549851358115
48.4992085928257
45.9022613860765
50.2955320607181
51.4384346274023
52.2543226268842
49.3217880783962
50.5953083571356
68.9549280476116
50.9025107040022
52.0580825896379
46.6309507935649
52.6987189572428
51.1792857067144
46.5156511270835
57.5698292868127
46.2879755603866
54.2695280342031
52.8240153211148
49.611489042243
53.0854584080775
47.9965341811061
54.5135844293498
54.4437661609961
57.7058671943774
45.1823811619097
45.2666736109892
57.995031589691
48.7826577404596
50.5765226811357
52.567769816554
50.7591467749808
50.4201592841542
46.1681317569774
53.7742177264447
51.6131607289817
47.311504347624
47.253571987719
59.4278743320763
50.0173755040824
46.898583444474
45.5873631993916
49.5138005721989
44.0204015903562
51.0872572149815
49.0532831210476
53.6722639909289
48.5737272763834
49.3443202413263
49.2433396276269
64.7227632111271
45.8350660065191
47.636261453311
50.3644731818019
52.3164300761931
49.7924322077916
58.9651343709082
49.6715970967173
54.9473398962216
54.6514040329013
56.4214357495196
53.1469136648284
60.9815700112284
50.1631654432803
46.7545089802587
50.3136659186769
57.4729718298813
51.9106517310653
54.2542771442647
51.9032817235186
55.2873970243297
46.9719287247163
45.2732607935065
50.674945832865
48.117159594472
56.4233170307095
52.8989600830436
54.0733394778159
51.023793286707
47.098345215432
48.3148404912952
52.9912765202436
48.1805870860537
49.1621914256241
52.483307225307
47.8717968422544
49.1572103145768
50.3548293064419
48.3491315761544
48.4533791614831
47.6619240481555
48.2818553480688
49.0052909515652
49.4762706080754
49.5000530774473
45.4691202819154
52.1454010694252
57.1542350418723
49.2495030480988
53.9502023481064
46.7313497028646
63.5051141312332
46.1658963773187
50.727803961204
57.8550271994724
49.1642791540642
55.8426590262109
53.5754548960841
54.6532754946161
50.5944069172883
43.2684547653464
50.8067772475515
48.4701230966585
54.7166115423112
47.8973091105896
63.1868031639751
48.1085872472268
47.2062314371326
46.817853821735
47.1507419376249
57.9953682987505
48.9193765460709
46.9186130961501
58.005979061259
54.4155262205036
47.4222245452012
52.9492047263943
53.1283284613571
56.0488861112354
63.0546380959809
52.0210120659389
47.0749616785999
48.6978355856253
47.4896844820489
54.4933807952756
60.2311447470333
47.5280710130244
46.7608831106206
50.7351074630483
56.4137790196113
51.8790812077362
61.3473004859367
48.4805429791171
57.4314473382937
45.2906099394289
47.3733898873342
51.2380440445828
49.5475071913823
55.5824690334151
47.7862209814425
46.2008374085197
49.0208041131269
52.7191114564294
47.0117028921394
53.8185419400267
51.7142919020246
47.9938293717723
49.5108067088838
51.2506750290695
52.0245048002149
52.3762414781182
57.1398724530367
59.365504564258
45.8862099337168
53.054158355742
51.1324521785285
50.5969805464198
46.0508140923162
54.7735832295009
51.2786686276203
55.2441777549178
53.7710670533835
49.4637583460519
53.1545412022076
46.4512379654359
47.4387551369725
49.2859538060967
51.3108371219241
53.9934947876928
47.165724523853
46.0781073768554
52.6462073595092
48.2554072222687
52.7870121198251
53.8967888165932
48.7722123997312
59.4271032134097
47.7647529383846
47.9579841215105
56.3303026659564
49.6147373310223
49.6967584277294
55.4171837441676
50.1211527977073
54.9720215058005
51.8454920616494
55.7385774626852
47.197893224607
54.2945881491609
49.4362502629944
46.6885180152117
52.309198643349
51.4070866848184
57.4207135047026
48.2860052456742
57.888578895044
57.2702122356099
48.4866222579958
53.2705691679413
47.2686003382507
50.1222880152639
50.9067306300711
47.7136459989293
51.6950991370552
48.8179092278737
49.8472074889371
46.2555229103677
46.2874414565429
47.3033023270189
51.9324085705942
58.972498892019
49.6967567668143
50.4403318499098
46.607257318898
44.276302188368
52.5946516420412
46.3353635331586
45.4376397827892
61.869723606363
58.3590013515569
47.0760063532612
54.1220767679945
52.6337375305689
47.1967020538425
52.0540011230529
50.219659411565
54.15359482591
54.92393042388
53.0005677330834
56.6720529205055
47.4112827623558
49.5738541648789
58.0523580075149
52.9672422032433
47.9474379336195
50.3047512125282
52.1953703222293
54.9679203493331
49.5822784508719
49.2352971547078
53.4060612594348
49.8823879667988
46.5532825045753
47.5575355302536
50.0327777353484
54.5357203513611
50.2868482470015
51.3795025357893
53.5672946171265
53.4422857951189
46.7559181703755
53.3867344162207
45.6743647890842
49.6813587225826
49.1316578807475
51.1287914117508
49.7671362265574
52.8310634675439
52.7996900468867
52.558147522737
45.5439523185236
57.3648503675881
46.65708068791
49.9384399790198
54.5955250130016
52.7143343065789
52.601577654355
54.413614931444
55.3046274182041
51.3501896364557
50.2206761133572
50.2969550158769
46.8987024692654
50.7953983111651
49.818822445276
54.7906889666293
51.1937299477497
53.4014764582527
54.6363241887473
46.2365798780341
48.1941003322192
57.1603635637114
48.3903486109305
48.7554715539533
47.4991847860371
55.3046235803883
47.9700673783687
55.5104471860682
56.2094375749873
47.9727088148518
57.8226012692801
48.8276478174691
53.2879105086683
45.8517131765641
52.3184775042763
50.9906150888985
49.2715813518097
49.9729727667505
63.2996422196636
56.7054350459834
47.0960004906115
52.1725454999469
63.0881576459862
51.4189497781414
55.1093116952163
56.1530564079757
44.6352299665689
49.8512502607664
60.1015825227896
57.0645322764853
50.9219698081378
49.2915534597025
54.7646965762834
52.6134236154149
48.6861665979191
50.7693195838033
57.7376405277888
45.7931966468769
50.8127379129435
46.4012765250608
50.7445503627708
63.0460654229913
52.0392953634416
46.7548237451677
52.6186120451814
50.2370456406107
49.5670740783249
47.976546404562
55.1892041799406
50.4710415206527
52.8308244706967
47.3032663022829
59.9894117070285
48.1473974340702
46.1440928742675
44.0667063269559
50.7885241744673
49.065298473958
48.8846419348366
48.6560276956236
52.3293192388146
50.7137410599735
59.6827934700261
48.7857109798091
48.4137059084107
52.8362511786542
43.9240106212979
52.6528381440507
47.59233940408
48.7785172377184
48.8674827624813
50.2967324738531
55.4155586481483
62.8475993864425
52.0494920874267
45.7720627430943
50.9833929921763
47.1086168294906
51.7235708187987
61.1338538220873
50.0061081403997
47.742856599801
48.4652589864477
58.2773100784007
46.6371969201086
46.5898211402974
59.6046750791045
53.698510448009
58.7404904233238
48.3011666582216
51.4388642071715
53.1443096022036
43.701437879295
52.8341260952021
48.5484613436758
56.1238245987133
51.5022684778868
49.3403170928664
46.1652287139393
50.317159242477
53.1995308631935
47.4511782579688
51.492764350462
48.5762049587347
58.6040999592181
47.9065483145906
58.8917767066458
49.9156429398985
47.332273711326
53.897055853466
43.3976549588726
63.6826146474908
54.8211101229052
54.9479228041844
51.4667717058672
45.1926549518782
49.2082603449332
54.639570710802
47.7788640390693
45.7048679332552
50.6992388378376
60.4391041003824
53.2806699294543
53.3529390120861
47.9651704315971
56.6112954830008
51.8655411303925
59.8221601694088
53.7122470950738
50.128009463376
50.5538748715666
48.1660587877613
52.2385854524545
46.6762669360915
57.1892600051333
48.3190987786304
50.8455945308399
49.2168468322104
47.5486021435319
56.2125948708973
49.131915952147
53.0441223745453
55.186697660434
65.8973239113892
53.8478688945122
55.6034817168004
45.8035650123823
54.3342135129425
53.7705515817328
49.9693912428761
52.5063857555637
49.5339342948541
50.2016082711908
53.7534945766474
52.3766852021348
58.3253882932172
45.0902255182525
63.5521210210273
46.6071537819645
51.3507379398329
55.4235862033383
50.3114060456754
51.5996342095219
51.924366603504
47.6917938676243
49.2025265638074
50.1599985412157
45.3534603788572
53.6175317612558
49.3601927482086
58.7729842684848
53.7465925947077
55.8458341551843
56.6008434439216
51.3078195094574
52.8518754245496
48.2113038596514
54.0598231664511
52.1966023596218
48.4666686682456
47.1694430691727
51.6905142685278
48.6655507636673
49.8664855096705
50.6629678558252
45.7266288097172
49.5172998398276
45.3563603844205
48.0392541608397
57.9046800122871
46.4896922265477
47.4839265972331
58.6494196706242
52.3758438628414
47.1429700638886
54.6565852335353
53.06990053981
50.3572979984941
53.8082782452535
47.8884886319884
46.2602146412161
52.4326183740809
48.5300886242189
53.1340043834064
48.7863808084563
58.2611391784383
50.7873326178933
50.241502620393
48.7872725982388
45.8358548040965
61.1765936448133
51.7568519588147
50.0750918254268
51.741146526497
45.6301189762033
54.5865040233516
47.217520379367
46.911016588188
50.9314681577557
56.5498253659568
48.8730856946386
48.7856694986715
46.9357155082
47.4091321556282
50.4114619862324
47.9280532134474
47.2558669277153
55.8221588235747
50.9765372431106
53.9057871808227
50.0653767674495
50.4396794823882
61.5748369004971
61.0246172083174
45.1308433868208
48.5054097050231
61.562855981579
47.6679968824606
48.995366978491
52.5982142089886
49.9391876092283
51.9957445952659
49.7802365941141
50.3904554123575
51.2313013994232
57.0898620815273
47.5435193192899
48.600617598021
46.3491412764587
50.8133376518167
58.7966495503391
48.4684989396266
53.090902471428
51.0154909139209
48.0834134267013
52.338099382381
56.0827782793007
45.615329512266
49.5950966262104
51.0629880374995
50.828569125691
52.7384047827729
55.3769408882723
42.9967630539156
45.7798384400525
48.6241849759666
47.4451405360949
51.2274404392472
49.7898648829662
54.1032684050216
48.8748895665653
45.1820024579854
46.5439815887913
48.0061812773368
50.3099627319944
50.7431698971231
50.8548068103574
58.9485424666068
51.4434795339652
46.3998721194852
50.0565788525534
54.6204759733264
50.8407156712389
46.2636352316564
48.494599304566
46.694513561485
42.5691633634358
45.1336260031075
48.9341518690152
60.368603110772
49.0307375192888
54.2881695192616
49.2151697793081
50.3670166312978
47.2022067449783
59.1597590107941
50.592230270221
53.6046775207964
57.91510079961
48.5226703929481
48.1960681136005
44.0608139257904
58.7210165478193
50.0116423967615
47.5305762226718
57.9597227693384
49.917640326487
61.1002315436305
49.7915759088427
48.3633652890972
45.7140572829144
48.6121742230172
52.3811624573185
56.8889872786525
46.0997828024979
58.5100855636714
47.767407445026
48.6404774234954
58.6801688814253
53.2778518665152
51.222361278521
51.928495957554
47.6992988981455
52.0415382254251
52.4385563270527
50.5086683350334
52.4082669209619
44.4506346060426
47.9457244024756
53.4154660821208
48.4796585241518
52.3156014651879
48.4119308078894
50.6015964144951
53.5384269295496
57.9949098477507
46.2284148055214
49.9229174036036
52.4312364475334
56.6677897068186
57.9508838422243
58.1394356116385
50.4741332949976
45.9400248866372
46.6913994817302
50.8724964312795
51.3946780477566
62.3453815083992
62.7767232259548
51.3050367210323
47.1219309003071
48.6475900923767
50.0433179478592
51.2860085416515
51.4332541390143
49.1078631375808
47.0915628531016
46.6608682651859
51.4950182307123
46.9205235993196
51.5198056133739
48.5845897370283
51.8959030559808
48.0070090762499
47.5769848899253
49.4195774860538
49.5798409321818
44.6542581116185
43.5745742349942
48.009919169576
49.8314489032377
49.8017558577203
55.2424517697202
62.5171484616486
54.5734580378744
51.9374376373955
53.5696450577188
49.0532259313659
47.4419117173094
52.4648262992412
52.8582617754257
48.332955932195
55.4251958209868
50.7241738021825
42.5940009275326
51.623703590516
53.5094328890678
50.5978085970331
49.7226893452402
60.0643020748752
53.1111508100565
54.0670572531669
51.3238265618996
52.7590942221122
60.9167930655141
48.8190022729703
49.5762351177566
46.1929706372285
48.4586807320026
51.1203899602486
53.7785308053184
50.1055888855729
62.1367359658129
54.6112881255145
48.4383527584399
56.2721688663314
50.5469958047283
51.3465879498275
49.5564181865128
50.4688643130001
51.2240790948856
47.9600578778582
56.660300979987
49.247319514184
51.4471992264155
64.8415409098677
47.0355028944322
49.9806504428682
48.5505980916696
59.8242441691285
51.597555992418
52.1077768770821
49.7595445349772
57.1751232659117
45.6535167160538
50.0948845491219
53.6493509119777
53.0814172902442
50.6907213585396
58.0453918158432
61.2987596990956
54.7034465569621
49.9914078672092
60.3436883119295
55.9587515478828
48.6048097140863
49.655565586496
55.967178501315
57.7496105623167
51.9342307690032
56.745496513319
57.2807219821551
51.1125305215139
54.4921289144255
49.8791404278743
44.4704522149355
48.8277438690923
44.7414075581268
58.3679288531211
45.4903301526523
50.4023146873126
51.3531020711073
59.9080281956823
51.5197704738736
52.4943672961091
53.2763237857694
54.9645255451826
52.0871261142829
47.5764020593178
44.3413652929491
46.2464668796044
51.4454852508963
60.9821644204841
56.0942129669158
48.7443166840947
47.0068954805722
48.4564255911804
44.2663013108739
55.8137209410899
48.3089574362952
47.9106939590542
51.2621897890569
51.3263751634179
51.2231476878731
50.6503419029856
50.1396230125289
53.2397465331354
49.7962841959801
41.20245373604
57.8622429947786
45.3742981864735
57.0865456027418
56.3179718009423
45.3820686148796
45.8667630359051
60.9093411415293
52.4659788213224
45.2555885969717
54.3837747761455
48.156911536941
52.5594643638694
49.2743788089974
58.4363436582536
53.1373950380641
54.5009659956477
48.4905269523929
44.5456465399615
50.7456585817118
44.9901790832288
59.0237476939733
48.8319641513231
54.7261738867984
50.0485640832769
45.6843992827726
47.123270417284
52.3784100162621
49.355060948226
57.7325529751862
53.9500507243571
47.2246679066943
47.2994977583914
57.9913113761612
59.0130180080045
47.983524317327
52.3564535407641
47.5720628905894
53.4424773758128
50.936631711858
63.1009940809982
48.544789202994
42.000939238009
47.3630945799269
65.3737019518657
50.7860451402641
47.4820420731655
47.9834222466232
50.6214503788787
48.2439596570092
46.9161385382914
51.1159621514015
53.9088105651566
54.1099922431399
52.5747735406041
52.578381997958
50.2393774892682
47.8105949294438
58.4802310181845
50.5538022020633
54.7332882040836
55.6145429532824
53.6491685760197
51.3881579418392
43.8425088399035
49.0557285836418
46.4676258865247
48.699249889114
46.4424253938053
54.8957796068831
45.4995421172775
57.3237146630934
53.7197513938709
49.3606453154685
57.9239867191184
53.446194779933
51.2433448205645
51.9500518078737
49.7665989873423
50.1431793114539
51.0124471821036
43.4088191020182
48.4202417069981
49.343582130217
51.1789496371966
55.1845971151183
58.1774594151608
53.8594587888219
51.3381577461893
52.1705366382372
51.7479220194799
49.7112717896548
50.8193315518704
47.9121435596936
47.1136499850071
49.3272507310956
57.0278309046894
57.5863635976336
51.2760951861917
50.5970949341001
45.5368417682772
53.5383238000887
51.3040999409599
58.3321687335874
46.5617347384801
56.3082971456058
47.4820965362611
47.7699573831043
49.0854384360361
56.8288106761627
50.7254257168187
55.8469168727747
56.6468179088081
51.7382972562268
51.2185729745354
46.3090057550084
49.5729814510667
62.0706573526813
52.812430676196
49.3586482697722
53.9535734941554
49.0100920818376
50.6351662547966
46.8661303333391
48.0067127338009
48.8559249983495
47.060346093732
50.3517523086749
55.4642628342784
57.4367822300617
48.1122744206435
52.3577353886173
61.1088656424521
53.535734761828
51.6136030364122
56.6898269681408
47.6298704256005
46.8908431434462
55.3465708538532
45.3772102056859
53.969100818522
55.8101932143634
46.912992943171
52.634237218993
58.2705486195666
55.556993324367
49.1800749229209
53.0520607185449
48.4882067266303
49.2466121830943
48.5410186919205
48.6497121915685
54.577220260256
48.7058045959618
52.20696976298
52.1242146895077
46.2965183490986
53.746150334393
53.7067142867262
51.7662191471205
50.0492816097535
42.3963909029553
45.2492143967634
49.6244499709922
48.42305491407
52.8236338259782
45.4481928777187
47.7326759199512
46.1278472787428
51.9247518800124
45.8304867710923
52.793304045211
54.70456456263
45.7467108386194
46.2705013154664
57.1736331446041
50.6461607690861
48.7745746173888
69.0228740404537
48.9749921155757
49.6545466990655
48.9158860728751
46.6729228496364
45.8743926776342
47.3656491419581
51.7642744281642
52.0875065859587
50.8143889420204
48.1971583924472
56.8710330468105
48.9855240571938
46.1710931156943
47.6736291431406
48.7334505778457
47.9657377469166
50.9524512539918
46.3408254311982
51.6622804637515
46.265416515705
51.3814942777342
53.1813906455631
48.284270763109
63.3647718786894
66.4455610714414
47.8107785574216
45.0051798867776
56.7989705441651
49.4027259625819
56.1429045149973
48.1929854723581
55.4006653209618
51.6784254854714
47.781253807577
49.3745700217557
45.3562995681571
44.316814351643
50.0481469083215
49.9386579787509
51.4488999582677
61.5433705835539
53.6945637693901
46.6860892377054
47.3382025220263
51.2342478871065
54.6277382446466
49.3182197108716
53.1743706455418
52.1872570789276
48.816084619239
47.3828494288538
56.8001440823684
58.8991688967505
47.6036945463319
46.3465127088887
53.1356353419833
47.7702099642319
51.1638691912734
50.8134826286834
49.8957097650935
47.2882155406111
51.6261863588506
64.5320694461293
51.938591730326
50.3604545050085
47.9193325246097
56.4132484338273
50.3776431229198
47.4406444786404
64.263328526636
45.5633206225315
50.9307898787721
47.6901528909864
49.8816118569725
54.169370695651
55.0153690555749
48.0207025495627
52.667842306421
52.7984105910149
49.3156823934263
49.5048084583218
50.8518885022975
53.3318290198147
57.4781557544931
60.1747255636853
49.2921291577988
48.7815559628139
50.4480496156176
52.3402814616465
51.8836589487128
52.9790665494162
51.9588060625482
47.573863596959
48.5617618291323
53.6106779871578
47.1839160086811
46.6650541452977
52.0804342473553
53.5065721363676
52.5087434846062
52.2977558923723
49.1442311356252
54.4017576794212
49.4258425047042
56.825606400101
54.2627360416445
48.3701301345914
53.3383951112282
53.7798032087439
47.7803040799867
45.6511365214532
50.3920098268304
45.9595355889729
48.076881005734
50.6374147626828
49.8766136395784
48.9462338610428
46.7631829222738
46.5539057237052
50.5028628090797
47.4650691848582
51.6161177064673
47.8220143982755
52.6758954110425
43.2475819183162
49.2408216994823
50.7534564116175
45.2459047089038
53.6511014347526
48.2111705660388
44.7781803498215
49.3061341005631
46.1996248862947
56.4757983263401
49.9710135523801
47.8587061705153
55.5325073748724
49.6085309151258
53.2203309512863
46.8127606352273
57.3132228052483
49.9946510909888
46.5827455735392
49.8841755332624
54.1788106802237
57.8538086239748
45.0230693097417
48.0217715941237
47.0934030934095
51.2790416813409
48.6553666925911
60.7418037191694
53.9377923116921
53.657258610726
48.9465941543531
46.9774810480891
57.9709675763189
50.2770955048925
58.7572607245238
51.6864442811183
51.5624237813237
53.6358727723321
48.4383588254946
48.4114584811641
51.6400008733087
53.5658539553392
48.830607862818
50.2605809879218
63.3321344562865
46.4290166692622
46.6123227812609
46.7650853781231
52.6308593512531
50.9245002772611
44.4815531928621
48.8651581734394
52.3927705834233
52.115247974547
55.6359949640407
54.7434358552033
55.8382330277653
57.3482585527414
44.6056478914882
55.2349504690837
59.1724803726972
49.7744749046928
47.9293897509242
56.9639246117015
46.6897894890979
50.2840773041493
52.8695504097771
46.9870658444267
47.5174838472879
52.0504740288435
62.0180639927828
51.356657482908
50.6684909294969
48.0637247096123
70.3527901034449
52.2260372892845
51.2408839126237
45.8187254620927
43.9738095419966
56.2177152000499
55.9530007221093
47.4730632048134
50.6685524211016
48.0360884657447
45.6343127564387
51.4218099351142
49.685367270204
50.6652254224862
58.9535094956705
51.7040851248833
45.8119664871159
54.3456356745023
47.4741578354028
60.077691515784
58.6119411591315
50.3596323670239
46.5323002197416
56.1291386980747
59.5358269918706
48.0367617604516
48.2900036811221
51.1868225365946
53.6254961515352
47.2017552068196
50.2111824681582
51.2835113715155
50.7635411010661
47.6870883101727
51.2581740715473
49.3911799089434
50.5860940720764
52.3977190791166
48.313423752471
54.9530284287484
54.8899301314899
48.5051752366757
45.148311792411
50.2750158012466
48.5943229528702
49.923551851324
50.5303572371363
44.935711964848
51.0117454367798
48.1020822784209
56.9923741546551
51.9277143210048
54.8169945687728
53.9799672257804
47.4540285278595
50.9796806668063
54.0178196572697
52.4713795832657
52.694719545037
50.4850666448199
51.5012028447738
43.2574339427662
54.3023393466951
53.5234461488808
48.4202672628744
54.4468420650605
49.2180162614521
47.2527743086125
51.8115789433141
46.5078053681328
55.9747314444144
45.6800695743767
48.157617937038
58.6276889668283
57.8553983413715
53.2763998543299
50.8334149050296
54.2947650055024
47.4166573032394
52.3422596622471
44.0801218605837
54.1676813609322
58.2222274480641
46.863517008154
49.5185833767654
50.0563962235971
45.6943134025322
49.644831594231
54.8002874007315
51.2893838310235
48.5223397895045
48.650775916256
45.9902115240461
56.8667809783227
53.5401963489603
45.5432474869024
49.8016618948759
47.9581722981361
46.5242917639633
49.3657977774502
61.8789543845824
47.7140014330575
46.1263427700958
52.3963084120426
59.4913164259702
52.2837171581549
52.4852562466402
52.7104395159073
47.8414509002235
58.4889736390254
47.0916824806109
58.1162289334505
60.2206866731857
51.7749687612047
47.5544750063349
47.4602131110575
45.1465525287183
47.7229103997469
45.8227933857945
48.5595715493725
53.7364414641561
49.1703768176984
50.5639023370073
46.5290871604061
56.5472564252315
46.827367249584
53.5552005202935
53.7434423699654
64.8072496508259
48.3474963274085
51.2158951208311
56.5672698241608
46.4480400728086
51.9134397407027
64.9328655407226
55.1727592436136
52.5512042986278
58.5201968141932
54.3750645265996
55.558108281599
46.7692401062614
47.9443487468494
52.0371879455278
51.4537868051388
47.3557320635647
45.8512692674381
57.7044763152242
49.1489056663368
50.663793171165
51.3523704469146
45.3503099466254
59.707414173571
50.8914098284901
47.0398470543136
47.8120488149438
47.3017547197407
49.3105748993727
46.1774885764818
49.419996162123
45.0801189109109
46.5757369957395
49.9400261844817
50.0620437395392
48.3191996470066
46.9420700680011
48.2549073086006
52.7812564564228
49.4673887804995
52.6162610027152
55.0785781802434
54.7825068835537
56.9705820681472
51.0198829143895
50.1115950404878
48.9197509911096
54.7263654221831
55.790282747374
48.3550944167259
55.4407697206748
53.8104438131626
46.1249685666987
45.6986473575681
54.6838117132693
48.4448766208437
53.7371295438996
46.4151966531017
46.6112798274247
50.4618340030402
47.0096509078546
59.5630665001454
49.3629524125072
58.2864749330884
49.6766118738814
51.6097651906529
46.5852571441948
51.6993547947312
51.524328929024
45.209864475108
48.6911431572151
47.5283856758429
55.2725955079083
48.2761069646158
57.0532632364317
51.6922138475889
48.5634241189035
52.8161958092965
53.4001058409532
65.5573402624466
57.3811875131877
47.4475840309374
48.1561607776388
53.3432358733877
56.9716304847766
58.4731566685841
50.6277402576386
46.9934070207958
50.5996476932761
48.4027785570554
46.2810409524581
45.1062042315311
50.2701204269479
48.8100721219529
48.3290851426245
60.6781783588235
44.2569407733975
48.7157242399559
51.3443416477169
48.1026137312729
47.4727876984466
50.5787054737113
43.6567830706973
53.8047624623924
50.1691294607957
49.4992972307888
49.6387979845006
52.8891279750796
60.2402899918407
55.1456413933089
49.8262744635857
52.4122386746737
57.5341009067499
50.0883260692488
50.9744596342062
64.1776953793005
52.6648884127551
46.7219880429147
47.4742788461829
58.3160816904936
53.0059824806247
47.9387650542974
57.3369002208733
54.9396246645602
47.1847963207202
45.8583397733323
56.2134592507125
51.6334712724166
48.3755935122391
50.5023737570995
57.7086455155365
50.3631357000946
52.6281687707855
48.623475364884
50.7613124443887
46.3581720014574
45.2751929015364
45.6584861135658
51.2981631639857
52.6251213532158
48.0735359139735
59.2787543091109
48.2624050064557
45.4915004566307
52.2418838902609
51.102030188254
56.3647194869891
47.3798466948603
52.9362349491585
48.5590802516667
51.0248907144768
51.0646315028829
49.186406767751
46.4408274929091
49.0610877804141
48.507936204252
51.0511165803518
47.3692366712109
52.5757700584123
52.2046149460715
47.9587792718172
54.6840733605378
49.3486054183017
54.4214846786829
45.9524704142
47.9457931015497
43.3768541139609
52.3820773086377
49.1779767028523
58.5871480114885
59.8041559658877
52.8935066575737
48.1583129241504
55.5494142023559
46.6620300579459
47.298047469743
44.0934733141665
53.0566933614758
49.9279280552025
52.1501104431157
58.6562749861067
46.9287659557804
48.5125959151539
49.9949056533443
50.6965081816464
52.3396253885772
50.8908113714005
52.5714687456747
50.8993796409792
50.9446219489486
55.9722735238069
47.6227626696618
45.580680371332
52.5463659760869
42.9886841827713
50.941373875345
62.1435839202111
50.6345650723394
49.9238330594797
53.2026450908734
51.4951627487008
51.6435721874418
53.3684027005646
61.7367499890679
50.0005344451413
51.9083147495389
48.1954465754254
53.9936482060942
47.436015716379
51.6017867244915
56.8305323337105
49.2642748134339
43.625567199011
53.3763840031967
58.0597731159
50.2213011428279
51.9276798192788
52.4341955397007
61.5078858682029
52.1961140131295
47.8287143933949
47.6266518281175
51.3506946193261
49.3902249148878
45.0050523199738
50.7129824302019
46.145659842943
52.6299910752085
46.737990761897
56.1996904464386
62.3024338220622
65.8130006281558
47.047581825098
65.2896411143226
50.5498908901003
52.0688899759175
48.1615550719299
46.8883464382004
52.6363916730318
46.2994836223379
54.2671419059131
53.5496822909728
46.4303086613061
51.0909970879215
56.3458244042119
47.7026191650882
47.5349330870059
46.498086487289
48.2332108374839
48.7355054828524
51.4082359640274
49.9222866759187
49.6148195335631
55.4310194777402
45.8625196769282
53.2078991563607
52.9914957050216
49.3218693975875
59.6312681883951
50.1000810908051
49.1661189088282
54.071654023146
56.9760502056717
49.8929620013695
56.3035872087913
53.8971448695244
55.6128258204841
57.279392829285
56.2665232757163
45.2190452977383
52.0621761524127
49.8308887900011
50.3162404052498
57.8203243147454
47.7876078659471
48.4398383683094
54.255364840826
48.5416698891378
50.8700450325613
47.5914588114458
52.9962651607625
52.696198563861
56.1047149572063
58.0849899953738
52.3788329409633
51.4241933005649
45.0506044119545
48.137531357594
59.165227394065
52.4657883756687
50.5833052947297
59.1884614697747
48.9462582504771
49.5352175807804
50.1028741122377
54.2591391188152
45.4007571403852
51.9632918802264
61.7061850497554
46.7276653047897
50.5080205634155
48.0593341791437
48.7952876590929
45.5297441396238
59.4714085056035
46.2302743079878
52.3547199793869
47.9364746211737
43.7271537073004
50.4135365821004
50.4942562667533
45.6612311312619
51.4149100423274
57.9533927974836
49.4461661710418
52.7025730154733
52.0334926754772
45.1875310972161
62.2780118482425
55.5124359987337
46.662599773033
57.4535819634342
58.168595560038
49.3319670896281
51.4501827388975
56.9159489325819
54.9926415705952
54.1508997151766
51.6531592188368
47.955256324572
47.3808892074336
56.3480701947847
47.8016063480111
52.685669860109
45.6787699701919
52.7761070248781
51.0182748361994
52.3466810890019
51.9015920122961
51.8533585340144
46.3076381495458
50.4121768609765
63.3483487170428
49.2912847745085
54.8694127171882
46.5385938385988
46.5596510285789
46.8835169863229
52.0106728577826
53.7888168343072
45.4110196524296
48.1963622178915
55.35259910117
59.25378420742
47.8056648084642
44.9881258752833
50.0027373051762
52.3754445280626
52.5590399926279
46.007323211954
51.0123700640268
60.8970774036242
57.4024881161644
45.6276061605433
49.1937340694734
46.2931695392944
47.7077236370565
48.9455339666164
49.0949621052545
52.4242453359953
46.6853023620741
46.4086636763211
60.0238060597366
46.9610720114874
47.9037642354661
55.1101660246747
51.1416630604663
44.5841761645204
50.4564748145733
55.4082118545872
55.1459668234478
49.3185482045646
57.6862047594342
50.176705543596
47.5595889629303
55.7063756985616
53.6165820827856
47.4719343515278
48.2820911783749
54.1597862489428
49.3702646339488
53.8661165041062
50.5615993921873
50.0615028701064
48.1720096306488
49.0036818447188
45.7546247799771
53.0408614015742
44.7089844143397
52.7425462461689
46.7286421269646
53.6867058998286
48.8968801436982
51.4386188054857
52.1511144659195
46.3508393492213
55.6069764799254
51.9826365861853
50.1036559803567
46.188590184844
56.6646392411401
48.1215853066331
53.4668334338144
52.8252341970516
63.517167647116
55.108919569938
46.6675659704531
58.2725267219749
60.0988793913075
46.0111513825953
50.2051263151799
58.2078203110553
51.1402736225591
47.404900296629
48.8970545986706
56.9095378657377
54.4246778214202
55.4778068992296
49.5318052056449
50.5001196412793
47.0915655405905
50.1811594022546
48.0161164580534
46.781172238319
59.0863705668129
53.1908298219064
53.9971340215631
57.3420526678332
55.0211021881601
52.7973893496606
49.6259204026916
55.1065887416632
49.9818699556367
48.6488298701168
58.0790795876666
57.1699326871754
51.2945821823959
55.6498826218828
51.698899935387
52.2800535496306
45.2248352128829
42.8324190023238
50.6811894600124
54.5085358770191
47.1609136841096
50.7769219926499
49.8772014828711
52.5357921656336
54.5323158347467
51.3603751872727
48.8446597265578
52.5186463118866
54.1616266036457
52.6087917968838
55.9981827981188
49.0946693049022
51.3457411757036
51.9676762184948
48.3594253433294
52.9228397115642
46.6720707602082
46.6621858919221
57.0460004253017
51.6778251930944
52.4022227035019
50.5028709993418
50.3799460991033
51.0849585719593
49.9091678207037
50.3545948113549
47.1502526308826
46.2180304953808
51.6378750272482
52.2269050866743
56.9928652322512
46.4055902414848
48.2449682003629
59.5297949190843
44.8006165731405
52.988810012436
54.0917980065642
48.0210610457318
53.5845655150536
47.8294671958228
45.7612935393902
46.9063019166928
59.466350110657
45.0813146243589
45.3360613539615
52.6518091767228
51.5848242322442
46.165835441526
50.7138466734986
46.6892685360625
56.9931126811657
49.3686285826724
50.6746208098995
49.4190614024372
52.8850019400033
55.4593771811648
49.7607195534573
53.0077831410559
56.2676784473666
44.5354511077285
47.7265291717536
54.51673476111
57.0196224472339
51.8797860332536
53.009030729371
50.2002338266703
56.1391458116424
46.9730230748841
48.9300116505568
46.4207312208735
56.7952154833004
49.7991126978004
46.4764740465696
53.2875554293198
48.3369619755521
50.3470329151203
52.9263120445219
54.5403312018085
46.503559426543
50.8477420622176
50.287079260703
45.1008266943244
53.07207805078
45.5572174002361
60.4558191110802
50.3180943972124
48.6095446557864
48.6036667182705
47.5832727144784
50.5438853749657
44.5613925337525
51.0557682250608
51.8202118851606
53.9940569231247
49.1258674625293
51.9900004446881
48.5268147974568
51.7648384992308
52.8146632181656
55.4148225578714
52.6645873740802
54.3793343871105
58.8544531906538
54.4132652080855
51.6494433019309
42.5522715945144
51.8226340171024
50.396603757759
49.9690261939171
50.1883950423301
48.0940339097597
46.9716014419312
57.7205801303313
54.7632307526379
52.7231188687343
51.0620610009101
54.6815448057276
61.3533845931014
50.4841610302255
53.9424647270083
43.6604459839839
47.3564063636426
51.2070735482361
47.7596164270471
45.3564256834504
46.7555130819699
51.2843361545488
46.1811615901308
47.467473095676
47.0989851552724
46.9710418049088
59.0574020226242
48.2557722656634
44.1031675343311
50.4778207449895
48.1550846280698
51.2507917645175
50.0495839238129
47.9927592921844
50.2370004532115
57.2988705759969
52.8428910619242
49.1727858459448
48.234329281628
57.0954131205878
49.6204092386312
55.1452557989725
46.7409493659729
48.0577962665292
53.4480891831254
45.7608374664574
48.768943539049
50.9464287953965
53.0286839989789
49.8573361939828
44.3277874825794
51.0642402967941
51.9098114009452
48.6536622545933
45.400431673899
48.547601585739
47.6058697799803
56.4655191290968
46.9336895947987
53.0017770394501
51.6164671229406
53.5545633646801
46.4257796686948
63.4865565174469
53.4532385422169
51.2494705614757
55.4842084049403
53.8967469685006
48.3182608293135
54.100232713739
43.7247778344503
50.1352532474318
50.5559317016387
45.5195998996733
46.6168969244597
54.5475763073447
57.1582146071807
44.7646460590437
45.7243674893968
55.7231250796213
45.748304846291
50.1361005396576
47.6521347869086
57.3906305599544
46.5575861986595
49.8623918956473
49.7680000766346
53.8102384790493
50.441581244934
55.4652246965464
56.4900804810521
51.5932033302586
47.6686004297228
51.1883344012323
48.7776951359371
48.1570064137491
48.1827848535398
47.6341134592436
45.7578978799522
56.9325528050252
52.0652347673276
53.0271022915182
46.4159830295375
47.7904152322998
52.4035427408795
51.9657751419234
56.70977661691
50.1011477651693
50.4192347499199
47.4404638200244
51.9697231757681
50.443736526572
53.5005257602145
52.8954003996071
53.3109604390205
53.1352416262764
52.3779474585843
48.3871768965982
47.8597836867105
65.0982399503939
49.2361598182253
49.6157593682875
46.7784172826499
56.3200268272218
56.1653712044278
52.9952381664808
49.9279926423627
53.9707712323054
50.5313140535885
49.8216364008043
53.1031402866068
48.433422453867
47.8903661562945
48.9589797073879
60.9624187744616
49.1744140775219
53.3853347178399
46.6024421189601
54.7441724649575
47.9934624186334
46.6181750817214
53.8659265102546
52.8815456264884
50.6744073942869
47.3314732027743
50.1013698654065
47.8729839115186
47.482837790598
44.2946566828081
61.0600124238459
63.0894411109391
56.3954984972234
47.8947483092543
56.0982781677748
50.6166807609467
55.3026775454632
49.9534601806905
48.0558480641041
48.0606727432733
51.6954954933937
64.0093958678956
52.3337511349277
54.0862107443527
55.8630252636283
51.9446600465176
51.4658421283641
50.5644877687659
46.8785657510275
49.6657571156917
53.9305656659944
52.4499131733959
55.3909009162527
53.6257406074066
60.2351963012241
51.7436792989467
49.2536982601637
50.1302047450268
45.7335521894007
52.4174029776227
50.2725018964547
48.4426313307772
52.1037957031665
53.8121904422544
44.344514260589
62.1366759269012
54.0418461858546
43.52312605742
45.8356774176601
50.4864939707712
44.9884901578557
52.2956786067276
50.6914802396574
55.9240052781158
47.5092757358308
57.7788465849555
50.5908084611396
47.1154063726932
51.984865532834
46.1911401254523
60.6790936412116
48.9719346787057
57.623418089487
51.7228719373678
47.5019884716737
55.0083494798827
49.0801769876925
46.9524506449185
48.6291612392814
52.1965827123161
54.8349960302115
52.8376613742007
46.5057731885468
53.471368716338
49.6904146024703
50.6551775305942
55.0127188180278
60.5549950402207
52.0751806276013
46.5562767625512
47.152317474321
56.3319444582664
55.2436114235248
48.4554598066772
54.4322743928692
50.5948357561555
48.2432735789933
47.1470308215679
45.1286692116888
50.915019909554
52.8442147489856
52.7723377548297
50.9478158981537
62.1341980073167
50.2304877972316
47.5423932418952
54.8173184086322
51.5707982473224
52.1920965442421
52.5254399869276
51.3557716695124
48.8509265056202
49.178066925058
52.4161181052717
45.4393212058317
53.1557750905756
47.5451818922385
57.2169488780942
54.8068838467024
56.6304396410361
58.8295518923762
52.8882923162425
58.4299480508986
49.1294186259739
58.8242037657343
51.9987661791736
53.1615785871866
55.3866988361658
50.7422110738518
53.7869111508715
52.9125953263125
53.0046599594013
55.1956494814828
46.5532633226675
50.9739367084535
54.8569955572138
47.3229158094216
49.420284375089
54.2084649721738
51.9910835878953
49.9782191564773
48.3802870693415
48.6162775855077
46.7244431034501
55.2273621069353
52.6266985201333
50.4849498017389
51.3366471088401
50.0283693025271
56.8262745226673
51.272821073174
55.381300241077
46.1219573531929
53.66893577561
48.9370304713915
52.6227236212641
72.2158356814012
47.4484073089166
52.3983613135229
54.4083184579721
58.9152269584273
52.0981288445809
51.0148490828332
60.8854218241811
47.2749100483052
44.3206662288855
54.9307689967745
49.3445802416468
48.1743976519376
46.3002314520104
46.2172081630768
51.7341153903769
60.7543332039298
49.655824636325
43.5721213563943
51.6058186856107
49.1935825236568
59.257589222927
58.0410863918177
49.2037602373584
48.448101865952
59.5070492912545
47.3094102634972
53.7889250573262
55.8612290481634
56.2307939091074
50.1565530173183
47.2228602070289
48.1593470008286
48.5507286653266
51.5996509278758
44.1788993672237
58.0813187396359
50.9569399938743
48.5338754324099
50.1187459548998
53.4830610672739
47.2240257338177
51.8376654282796
43.3182220175593
47.410426312788
55.3969998494065
46.6380566860545
49.7317903668816
43.6181843823989
45.556804126971
51.2465632704919
58.6442213287808
51.4020875911763
48.6995246209097
50.16370308642
57.0325611604587
45.3160291658063
58.2305277863604
50.7925745242821
52.0566132773177
49.8076997940618
44.2635409862883
54.7071027299244
51.2411156144127
58.3406496679335
49.9563031908883
43.9202530312926
55.0135810869289
53.6127670310917
57.6054318301823
52.3635860012415
52.5762191181864
48.4884179011176
51.640785376763
57.0817937195223
45.9991618123942
54.7907285691348
48.5059129122194
47.8849495490156
52.33336189974
52.5221028171963
48.1484710233711
44.9103398905297
46.9306709334199
45.1993198118887
51.0312014198608
48.0215404119348
55.1314435128925
49.9087930193654
51.0142052483899
46.6235140642802
52.2046586629592
50.8839435989014
51.1434508347094
49.6644286323507
49.8846151074753
54.5451571452625
50.96243433866
45.2119759820574
54.842688793706
54.4863043326188
46.3745303792812
45.4447061962666
48.2726586937686
47.47707388494
51.9117283255324
52.3336873901843
51.2550192508643
44.771707511966
49.4371251995031
59.0924575270343
52.4208434842252
63.1322137019815
55.3675295746176
57.4706959961267
44.8430253029314
53.0757537588363
50.2980097362334
51.3405192655642
51.7003332675688
51.7302635175277
50.2103112874202
50.8100000609609
49.9498786997224
57.1730760484747
48.9938006209065
46.5109826341506
48.4144386120583
48.0061778632753
51.9484509797938
47.6718989410879
68.0598369411197
50.6206670486189
49.4405959969556
46.9018505027298
48.3504511964532
52.521682288915
56.5258224675062
47.9998148142629
60.6592781805348
43.9461507793248
61.30007692054
52.6004453026767
50.7230223600426
50.1914492348204
48.5445521193546
51.7730172021298
52.7925443289738
53.739492938842
50.8563334120062
47.048038321077
51.774317961817
44.6764878641052
47.6000066822608
48.8058730364962
49.9859306433067
50.0083462037476
47.0474686441236
59.9139449709336
48.0808129837635
56.4318312249868
44.7285818827806
47.7197929722059
50.4957537163403
54.1253785293306
46.965069587335
43.6584092108205
48.2073831537365
44.8760502061044
55.9718416646022
55.5066269668398
47.4533969562835
48.2444223429152
50.5236667959248
54.9777448431018
54.8998088380008
46.1265405259692
50.6080840471133
52.7440054124376
47.3362469769314
48.9312258286011
47.1591051268999
53.3681633776327
49.9868346817392
50.1481156421801
53.8510685270314
50.0202890505874
47.0615461779343
56.5692677598279
52.3125238829867
50.1675344821891
50.7611901145713
54.2359938180488
50.0338301242084
45.2026531456005
59.034688797356
50.4695375777511
44.8517575685672
55.9700205948537
45.9912165670698
54.8570714283006
48.6106902858647
42.7473312706433
53.3105278695659
47.8223845601612
55.0546275385306
50.164211113057
45.7101436689319
52.1212434488783
54.4664603299472
56.680010245452
51.1829093904662
50.5397641611623
48.496457370679
55.946042699662
49.4438267031839
52.4223584164834
50.668122053984
51.3376669580772
50.863020841777
48.5180757704146
48.5353819595497
52.736049573839
55.077376615957
52.4151557183162
55.9080897059736
51.1856761229909
49.3092738288547
51.0483664228372
45.8217720254734
55.6157990984827
56.2531524879751
47.8462878152156
56.9931045299665
47.8572781819445
49.4241020022763
51.6489793123725
55.8407380416298
45.9533110056192
50.2524047800684
49.12500014386
43.2650645950775
56.4030356735214
57.1194034051648
48.3146993754442
49.779168982021
49.5344222209286
53.1901508532595
49.6190640132989
50.3994744122093
58.7966600021704
53.7754577902699
50.7609421206683
45.8478210157802
50.0801112958618
52.0447965974865
59.149344999081
56.2577761779327
47.0676511713092
48.1725223971445
48.352965318665
51.7121506832746
54.3713447842149
51.7640423194424
49.1019995646882
51.3976839709559
53.229161726329
49.7923733049631
48.3424171869788
51.0423967285521
45.5427888973403
50.6643308039825
46.9237945989922
51.2082580485485
51.6968058796557
52.4932844565463
51.0774592763757
57.3887818216448
47.0583008552396
46.9190644338518
46.7095623616076
49.8669045806048
45.2816137340603
52.3993379501938
52.9580956578398
51.6386606545413
48.2654783441396
57.5580250378157
46.0701921960621
64.8408124639337
44.2254914949571
47.0724322930895
51.780934341892
50.9938903791627
49.2338302696053
48.885360792922
54.8766409793151
52.0330619087758
48.5427560879079
46.9236159469946
50.1388732552538
53.3278271616475
48.9020167241524
52.009606008513
50.7431144514857
49.6687567216636
50.3621145893431
48.0251341538504
50.7029531157627
47.7224507855436
51.9755153332964
54.0435225435701
58.8002374381172
60.3335977745115
56.2281384004856
51.1946757999425
48.1582493973546
48.5909437107055
62.0067309239923
53.8008445519478
58.5071493036954
53.8104259155277
50.1915990513784
49.1988514470333
44.1930427523489
53.5422112402192
49.9425188811521
53.607812740082
52.1310755248103
49.4552692609608
47.4965453321407
52.4289936263509
54.3978014523917
65.0576320103493
47.2530325155534
49.5272646127477
50.079343365449
50.1504792412253
46.6322451622049
52.740771028154
47.5830557343043
49.3987459860111
58.6666291682122
55.0903737429279
52.5396606104089
58.9993954147282
50.9553126033199
55.8430858714227
55.0649492759842
44.7064949279066
50.5614020928042
53.7255182936772
53.9847340700115
60.684322161063
51.6152060515639
64.6220074300882
55.6147614099155
52.1822604922695
47.6553539877797
46.4212707724873
55.9198499175593
52.6681766089395
60.6092649010898
48.5748236823705
50.3708241082536
54.7345783119873
45.0950609585055
48.8478653808677
57.0661521184363
47.9123424794273
47.5804176032379
47.3712152487849
58.8102034833792
52.9560858300857
49.1708719037092
61.6886231171044
54.3158779691716
46.6318801667458
48.1463886813634
46.8813089634827
47.2991810048606
47.6011875324674
50.9574823931604
51.4548829126476
55.6584977107488
50.8303963360926
52.658218861818
49.3773505557361
60.7529327702031
52.9169289972855
49.6833694541402
51.47554807748
55.2568883829071
51.1618362075222
57.9431787388105
52.7302863153023
56.1658338707396
46.8875918266883
54.8760681805549
56.3067292600807
49.748541669665
57.9712120358405
58.4292745414993
44.5559914873761
51.1053537403547
47.8650177666982
45.3251554779102
50.7613484880916
48.3070291556153
51.8811556153137
51.3740838144847
45.170238695106
51.1374756842421
50.73744448658
50.6542553655671
48.2702152463949
46.5539723678366
50.9065494230337
53.4115710170279
53.0222222440985
49.817264223562
50.1657424144026
49.5536307699132
49.4199408523573
52.9865433459358
62.4595859188885
46.6719838230091
44.1667517046909
55.1789404544584
55.9194722539267
45.6301660317518
75.2799120628322
47.6881351735395
54.8800473232698
56.5820477970928
51.8272865659225
47.2298727514315
48.6388791668888
51.3564147238965
54.4334720650874
51.2678321064978
54.0662616107542
52.8672809733111
52.5125709899536
51.2916802187515
44.757988202178
53.9759163752511
62.4243350902915
51.2156158097021
50.1896369696573
56.8460390691985
49.7698531238445
49.6566798147588
45.8504199579906
58.7192838725504
53.0009071950483
55.9527512849267
53.1487476567742
52.4065180498621
46.8294146066146
49.8832651153682
58.3598193781631
47.5614609910986
46.7924946778288
57.233506684266
48.1915926593778
57.1907684000282
49.9626625335029
49.4855897127783
49.7608338052648
52.4961791048416
60.3102502751111
51.6922763246041
49.1629481117546
59.1672076388733
52.3615635910736
50.0465862402412
56.2757307874293
50.0339354708704
52.0331147686205
49.4075705032782
54.7390095149641
55.9219291934101
48.1484424099788
55.1815493249385
47.7396173736365
50.7757624566665
53.3918361417185
48.5060268574359
51.2629239717921
53.6308038566252
45.9347349778183
50.8920837430869
52.6659793671881
56.6289241420362
59.8246672722424
51.4990471328688
53.3838598162291
53.6158191717824
45.0492791010591
50.1980698851406
47.6826733756515
62.5493851266845
49.7726839455778
53.8094161483789
46.4408401528613
45.1748642214522
48.0849648696832
50.3587377843582
54.1284665831306
53.402360533179
51.1234479158405
48.9142076027219
49.9968326702197
52.0942163234478
59.9335979768801
47.7045578880065
47.8075311042736
50.654817071478
48.9668420575028
54.8062247629745
48.7877184875467
46.4031812585428
62.3717922343875
52.3926921771634
45.1249528982894
46.7221483963268
45.5430384286802
48.1919797707256
58.9163781603122
50.6791595167583
48.2511456934424
56.5654617811857
49.1766242037347
48.720051834116
52.6167225764569
47.7881087918463
49.0481857990548
49.1348397476879
53.3895834985163
52.488819277577
48.9635201996065
55.3295555129425
50.2977391087886
56.6069605926958
47.5119252962599
