50.6392614746108
46.1622573943599
46.437318594252
52.9614867248754
52.4309535875215
47.7522547553922
44.6138010473724
50.1404320953123
58.3032771170514
44.9046331823462
52.3238063507447
51.9854221198461
53.7376848248304
53.4339325476097
48.1440755687717
46.3363045863828
45.377773243631
54.0244549955124
49.949877172717
48.6602444183692
48.32537972026
46.1544135498243
48.3291591128968
57.0801962877132
52.1433508786006
50.2408147201386
57.8101927243331
59.277686825856
52.7280796413697
51.7604715134491
53.9417592319202
52.9470044897216
51.1788694845896
51.4401807365751
48.459099630099
52.912981435538
45.4928502174656
56.9898738010609
49.8294993856011
52.1234791203179
52.0752556319745
47.4194778906541
45.2122422738434
56.5608094723079
48.9733903892402
48.4466085950621
52.3742281593972
50.0321629094015
51.2501220250201
50.8327840735458
59.0845244190071
55.6134749241479
51.5282603622649
51.6060341718624
52.5236801802065
57.7742157490974
47.4472738271838
50.7520094459549
47.0112406852977
50.9468996092954
45.5319892277131
53.7717080654566
60.9280143400071
48.1619667487429
47.9447987620347
52.0010940622858
51.6932314376408
52.611334623671
45.7769276122128
50.4208595783879
63.3408218383224
45.5357681148644
51.5796665333006
47.3169357809794
48.4163781281609
44.7988923479554
49.9453485759463
48.9778438989313
49.4641254141438
45.9327744367476
50.121447746508
47.217411474413
56.6409060159651
47.8246237037425
50.0374118467719
50.4869371714586
58.0654448853714
52.0917000260157
52.1409866361614
48.1161363586058
47.9823503365046
58.952568383058
54.1497852152271
47.38700074414
49.5682278849706
45.0170375516027
52.2166955658345
48.4504731555125
47.6194646609029
50.861193324814
45.4533440213071
47.0605714779897
46.0640527984065
54.0329845948083
56.3591268207194
48.8763401706039
44.8539886196136
46.9780958413748
51.8296619103833
45.9850274184294
47.8058528857918
52.7711536237229
63.565078055564
56.4947807894862
50.2957992502834
59.2835523931553
48.9267487791714
49.7704665579714
49.223540835883
50.441647414342
45.7631847959405
52.8371071649232
48.4652765756539
55.8576661061711
45.6458005434341
56.5670307243792
49.1075715558954
54.4506768003764
58.659587330518
52.742406729
47.295824240048
51.7695120296577
48.1095326637072
50.0534239573842
51.1203404734625
46.2334247592603
52.8960826179251
44.7190535654781
47.1204873582189
52.3388268819239
46.1689308891438
46.4244548182123
49.0442183543104
48.1825780155937
49.1979807503853
53.4312962813643
51.0682257078426
54.9969368275195
53.8756052101548
55.7023304424823
48.2932267606437
52.4372205399735
51.2692916354438
43.8122430080091
49.7621707152755
47.2287092328145
50.5681401055813
54.9914593722532
53.0487733829748
44.9446861693493
44.1076139655215
50.3832070564629
53.5644687407468
49.836992413793
58.1448989192781
58.7566485792586
49.7137098672984
51.5527058749874
50.5883469287191
51.4721712741554
51.3326844591136
51.5950807981182
52.6104449195085
52.5183572896467
51.6938843491939
54.8341485696377
55.6974421505595
53.2155878267162
47.9467401526328
48.9527712254369
53.3225010090456
48.6937610618963
52.4377839228101
52.7580129479455
45.2339565018366
47.4938444652541
49.3205115658415
47.5553284834439
53.1551523654156
53.8712906272238
47.9677283737066
49.1081408686382
52.0349088965143
51.8728668588362
50.3765468406126
49.5477076917403
57.0013706347325
53.5913905275417
51.0461452515519
56.5156392827446
48.2995510147117
46.6340013596849
49.0945589088136
54.9712830566389
52.0369406999605
48.138370852434
50.5945747657955
51.7665591320115
54.9461357740232
52.887382380442
46.3273621575775
58.0197113515719
50.1469189352906
52.9385399675739
63.7945160148654
48.8155925240738
52.8702142088437
48.6746835143862
54.5692687194185
51.9014963907205
54.758918894347
48.776463229591
49.6553313395357
54.095894473496
47.9373183695829
53.1414762996797
47.2354056766429
55.8459197978509
48.9696778121251
48.0538608587007
53.2048418295127
49.3688540714064
55.0908221167994
49.0912665410093
49.8787641446964
52.9679315636369
51.2619733229579
52.3814883291747
51.4148256227571
62.1064249535432
52.3966633939953
56.3170690644799
53.0764309512992
48.9942498749916
53.3928193657884
47.4526686336328
51.0679133369318
49.197495857274
49.4015909069178
50.2217359344567
43.952476117272
49.8564068443594
48.6009063908339
51.8987040611681
54.5456957778959
48.3055489882607
51.5129445921473
44.967398944343
46.262402298732
52.4620132797046
47.2648637472178
52.9127016057118
50.3887042902662
51.8331764390138
51.6397159921389
55.8348440936993
44.6001157683723
48.4533116542378
51.0706906298909
51.9552817660902
50.9616752641719
50.0517525350526
52.1780355308031
50.9515890375131
52.126661406078
52.3045211703263
51.5780321358337
53.3846797072654
53.0682424916213
45.4801808656426
51.0575032544696
50.8653183187363
50.4726790795424
46.9775981383178
57.5240558556905
47.2448280392343
49.3064984085459
47.7640280709812
50.0063370376107
50.1400318256471
53.1169658026792
50.9104656890097
53.5411300088084
52.0625173980844
53.0713937182853
55.2116513178427
52.1022196899745
68.2288828088748
54.2900018128817
51.4982937769846
55.5318018433007
61.6848375210526
43.8353243470926
48.427262882253
46.6199902938802
52.2922909973442
54.6876803175146
52.5030102933403
52.005508941093
47.278742182571
51.691770317991
49.7219932894225
59.2560839714384
48.7476245648188
43.695334217145
52.2221774714771
43.8021732622985
51.4904286149974
44.1836708202347
43.3128672482084
53.9326816544139
56.3357422308919
45.7564889755292
47.9361818262259
46.2134190303401
51.5668307114684
49.7352913284522
45.976464209539
51.36409147113
44.235743117643
54.9168966237696
42.7887392486973
52.5310614678246
51.4814730229063
48.1303321493892
52.7719068530868
46.5171624558064
52.1551522985797
52.7683122070588
53.469425429736
52.3504493308119
60.1804584315707
47.4775950889032
58.8261242406748
53.1161280529674
53.0121222132306
56.9732821224022
55.1676547022639
47.0345524641005
51.0315389860222
52.5809456406543
55.7832911317944
47.2405888248593
53.9821788310407
49.8564080319352
48.9585601803347
51.306730737132
49.9661109833718
54.1500278083283
54.71504689277
58.4358860377661
56.934276221275
52.1819755445436
53.4670724991751
43.6835160866032
58.7388037115654
48.0009624524373
52.1285112234728
53.3310374850372
45.0422478705225
48.7013426705513
52.6520320182273
48.3237397074151
55.0780514432494
46.9840306203974
49.2732823365358
49.5289835727203
51.469845890947
51.7357923918407
51.6065809479538
52.7992265120877
56.7490343468025
54.2575495579696
44.7859804780765
52.207013574744
49.6490672110817
53.0070303029212
47.6402370206336
53.4790066362903
51.5262724945545
48.7785977464106
51.3090241368766
52.3593224646049
51.2447416039224
49.1764867463052
48.6643075693503
51.044785521384
54.2859313962664
47.5453699488675
50.1095034560863
45.7998652676022
51.3609295990384
56.0134030592161
46.4115134687189
57.2409296914632
46.8041254130894
47.9927044681829
54.4222010267449
45.8777433639738
51.5323898772084
50.589432707348
56.0273260514712
49.3384648259243
48.9814214019334
45.6474042092953
56.880922457766
50.3354004277462
49.3203515429972
51.4424531124283
56.7165447407429
52.1915253560918
48.3950804756885
46.2184940811634
47.0162543597796
47.8165343422438
48.3649728429256
44.4761951233158
57.7198381938381
46.2541390520151
51.2434374305789
62.3986818709559
48.0676945693089
47.4670545979663
47.8615939296787
50.9236736465436
45.8702372594337
53.6260024469523
46.2488712914468
55.2991412700896
45.7028065287411
49.4450554077603
45.2541717531562
50.2552633708288
47.8471029345848
48.9598321823094
49.0548813248118
52.5135929415812
46.5572075212662
47.6942356493504
46.4091048619376
52.2795720912262
52.5354208493043
48.6815382148748
44.4036370915301
54.1327224813587
49.8183489221665
52.3723989462211
46.9675335016814
43.7416000196916
55.326133014182
50.2666452073346
57.486102365105
57.7486561292525
54.1562220698165
44.1499335480026
51.2099338201508
48.7606370566787
47.6803790847967
47.1807466875752
59.9461767632745
54.9888830160033
48.3293269053268
55.4278204572572
51.7978828459177
50.5505739455557
45.7334191356255
45.588232206096
56.2004860063853
47.8680676880771
52.2309485371802
49.5406867332827
55.8315559898477
48.4360661170007
45.013522462098
46.8227296052116
55.5409275832898
46.4996065573198
52.9159797188048
51.7614850952731
52.1579597667054
52.9628826921649
52.5659272205718
56.0018418085347
55.9932566501068
53.4793461077372
49.0880945045885
46.7906536050173
49.8303190145037
55.236079321873
51.4276200822607
61.059800271471
50.1989923887182
49.502555422982
51.6757003050526
52.3069231497004
48.6216152506694
46.0630719265157
45.6508380615068
54.4756072420144
54.8433101754873
49.8411569705913
48.9284079356068
48.0838733303229
47.5302159337287
46.3108237015537
48.3287331356253
47.436414936433
59.4457065691236
48.6780796685921
53.60250192038
51.2229835260806
53.1146245151809
54.6581413737847
45.6721972641984
50.9235662928466
55.4151077928045
49.7846523535798
48.1992754188971
48.2363451573231
45.8665605591543
47.2781130029858
49.4937115769785
50.8087778442325
55.2729612049876
48.8401676593958
55.9894245984051
54.8923849053574
49.8053028268043
52.6846689838223
49.817339767462
59.307817594069
55.6481202683142
51.6512739224183
50.4174708049759
47.779809213659
53.197706224634
51.5069703321817
48.6321318623076
51.9776216174974
47.1416539138998
53.5209721779013
44.4054817450168
45.2349833251623
46.7131082551601
45.0916510382791
50.5373160586821
48.1885322206645
55.0010534922873
50.3658202213586
53.4745142150243
46.8980415782001
50.4399932950676
47.7132759710599
52.078624521582
53.5603783986441
47.1615128033028
50.4425679978366
48.9141069502796
50.9780823274538
49.6518110173257
52.6662166677068
43.265160508898
53.1836279159113
47.7291088868685
48.4545138372884
48.9853341126203
44.2642809501247
55.6769454805443
50.0105645962993
43.4247581827116
57.0305326798985
41.6257596307847
55.8622854572691
50.6667488598581
50.7731527150156
47.5762141803197
67.2044243946205
45.8030398778171
50.5923575169322
50.8555706585142
54.3243177191299
47.6706220504778
49.0233158189236
49.0086093627604
49.8807366750478
52.8486374265752
49.2525344953808
44.0558683875477
48.8427792319296
50.3485673448783
47.7236578080694
53.2866370411587
44.9923030200492
49.2740389843508
52.4130912971991
52.7743088084002
49.7189410322442
52.2173072536627
50.2646827990596
49.6546817188838
52.9224199212381
47.7921336281624
51.5256963407654
51.0058409238674
60.6225125915928
49.7759925332928
46.8775768131571
47.8059103685385
54.661952013913
53.3253945495583
50.2352051493184
54.6619466244965
51.2578232914851
48.4508120909739
54.8039912069674
51.4579326644509
53.5029188479557
63.1863430796938
49.2259845924826
56.4442959682502
49.9427250667652
49.2883795473525
48.4557230842214
46.3174355599286
58.515739178402
49.3920000682163
47.9588586130846
49.5997228931386
50.2137582164845
47.6069564408807
55.0230465958054
48.0229557097488
54.0546159165049
55.179621926147
51.4044684330796
49.5119943439004
47.698640664046
51.1031528166217
48.359941290067
46.4796122727873
50.5833273876
50.6200234903823
44.2261047725519
48.2452647321743
50.5684834906255
51.0438565214133
50.7234941085692
51.4518518890298
43.8051144898571
53.2167350517318
45.8667140184994
49.6072376904702
47.6421650035656
52.4170057292021
60.3205036175075
54.3382084684573
47.2613003593309
61.0368951343178
47.6950415745809
47.3969804566403
52.4212028590973
57.0436481267747
52.1620509943378
50.9245107108681
51.4850111239085
50.0062953275218
51.3515557678092
47.4923782086355
53.3666076815074
44.8745388784031
52.8317629840185
53.713024961932
48.3976311123163
48.7986018147631
53.6360303681149
52.321293899339
47.826570860438
50.7809489155806
55.1740232592703
56.1279353688349
52.6419195648698
56.6594452726963
46.6523906253053
44.3564232260481
46.016608721219
52.6851340323121
51.0400030258937
47.4801384073451
47.5542929828233
55.2139119407274
56.2150419237598
52.6505430961516
50.5549795316696
48.4077585003986
51.7354873248435
52.6204879362767
52.3404252566889
50.5912533564423
45.2206301375298
46.0282931024493
56.4850170694016
53.1371726023457
50.3961510285167
55.9909613881585
46.6430210997447
53.2165958133276
46.9321256911477
50.0481468919524
50.3950493452818
47.0155595817152
50.908424624612
56.3602612858062
52.1963563566324
49.6992647550556
56.3699005922168
47.6411877088841
51.2858631414476
49.7804938040437
45.9976392901368
43.1891129987456
55.5834191444425
54.5169091355178
54.0480065336058
45.6778335774089
56.7010561930238
46.9873616191822
48.5850294881449
52.5794210068566
49.9798757053772
56.8639291771858
45.6114240133287
47.6484769558985
54.7621621268676
48.5936886834415
42.3504028649565
52.0385038596745
52.3275835459036
50.5024862224611
51.3503965329851
50.9405214383465
53.5053663779057
49.8721441739671
54.3356503076742
49.3837947369953
51.2831074806051
56.5608030201318
47.668123701861
54.0568812829171
49.5039274557202
49.5405539452689
48.6889808645781
53.4111221328612
51.3387621253856
53.223529994814
47.5760261691719
51.4601956365059
49.4968832946365
53.5694088244663
50.0019093451311
53.8867997274143
47.2430884625563
46.5393652726942
45.7643660291196
44.2049959550681
54.3616335751776
50.3547309383124
50.393316675766
48.0172404207518
49.3474470668158
46.1143323577319
45.3531679025797
46.8220661142618
54.0658361536913
54.0174139851892
48.8622479775303
57.2651827671785
53.2160047246517
45.891342163379
46.5737870356197
55.8364294866569
52.4889464934354
47.5842190122763
46.148467185583
54.8187076054879
51.8481921149515
51.5402784517131
52.6492948113801
54.4163668535319
48.9715878390603
51.9066510688012
53.6746513788159
48.9576723955161
50.7017099801629
51.0617269728181
48.872925580982
47.7452686219556
52.5283210575105
52.8397705838394
52.4524910768214
60.2352596090034
52.4163137717456
45.6236978244364
48.1648122012711
53.5597830240903
51.0070782319979
45.168754263489
51.086813009878
52.6782491756889
52.8214355004027
51.4479750925182
48.3474423432012
50.9357470102385
46.1871934521937
49.1967639637831
50.1676479332615
48.8349595229249
52.6412224451669
53.500852208569
50.3892772192575
50.619384098832
51.3327216644882
48.5820344535252
54.5597605133862
51.7755535417122
48.4710932056658
52.0145796642061
57.4693571182993
48.8911150351217
50.5212028399899
51.7006496428004
47.3323680580127
46.0759729173036
51.3702850818778
49.401735586505
50.182332600232
49.8102706913104
52.7962765599513
54.7139198145163
56.5873857052078
58.9288640688055
53.4006550658194
48.3054186004876
52.611433534387
47.7744015281281
47.0091970403507
48.9807108171394
53.6123692360083
52.8760850592806
46.8285688477268
48.3082155900052
52.5798293622998
52.1418164174445
54.4286592569765
52.5844312037249
48.9261129631351
55.2434621993316
49.2463888092146
48.7658175380541
46.052182996259
44.1332881148345
52.4895601257584
48.7956830274625
49.5112911786836
53.9996040166881
49.126077126056
51.6678966773658
51.6294382992311
46.4557968435881
54.5864829201055
48.0959122863384
51.4585336238515
49.6260830457904
47.2898430707835
50.3714157673551
52.0290374066115
54.1811374067278
50.4497443481935
52.6425281860727
50.5143057065127
48.303400390345
53.1591024849801
46.8470410813717
46.1619460161216
49.58481483244
52.4157741040788
51.9278169174769
55.7886982442428
47.107093538391
47.8286890216934
48.9614827793351
46.9303573914653
49.7132600379164
53.9417487780645
45.0888903603188
49.6590282634942
44.5632293124063
51.275064134711
52.4657956912872
47.1139310798001
49.3530086801359
47.3842265259887
45.4538541646708
54.5994871673894
45.1650531230546
54.3928136238892
55.4858002265563
48.9423370259615
65.1115633521707
53.2328552842681
57.4891474977303
56.6197533699255
49.1295334537214
50.1110643713073
49.2606024276703
48.4440821080943
49.9394551676374
48.0293057427627
45.3073388960394
55.4282536865362
52.9373179966311
46.4731491965591
53.4563796669756
53.1545687852668
50.6994773163619
54.1076088768211
52.202028699666
42.7743951735261
54.5701675812339
47.4643165782542
50.4453438009552
55.7967911104018
49.0336770760005
47.1782775204651
51.9102400308997
56.2051550225977
46.905502684999
51.6573043948082
45.7071325390006
50.962988588598
52.0113113102249
49.336166769488
51.8108155312597
54.4690149771892
43.5845296259129
51.7348073591997
55.4833387312162
43.6184808472713
45.9856707702842
50.8307110799866
46.8817766692729
50.2947173419863
52.6586743830696
51.965262261385
52.1181561766112
50.1726420195572
49.1262593113075
51.3420054695004
52.4823552996802
56.904844066701
51.3277560553034
55.2608668581834
52.2332684705999
48.3646870653893
50.831012883702
59.2478671329678
51.2179543982793
45.0926647034841
51.0312107073615
54.2398713511776
46.3982268443436
59.7004664579574
48.2317693671867
44.8528145155211
54.8384036333806
53.5406857231855
52.3959806102494
44.8345094491963
47.4739765895479
56.664999874024
56.187673658756
48.4022113950983
52.4568645536094
48.9586170085881
52.2096301302849
52.0362697909898
63.469421825194
51.0773398209993
54.2460659454821
50.343682772856
57.1646425342839
51.2052592921385
53.4955789738678
53.4771816042366
53.6803775907641
52.7228162405164
45.8124412520633
55.0623620391903
49.3312012471998
53.7358764049471
56.2381032521069
48.1002517188426
53.9634066893422
49.4692729206018
55.7719289979299
52.0864069970665
48.2452073176969
47.3737900029027
54.8244600510928
54.4629272576334
46.1686811939024
47.2801285558737
53.7378952623052
45.4567161383912
45.1416491496026
43.1615458466719
52.2972591073135
46.7430344423844
55.5205970152382
48.6777490209906
51.3390905986168
50.6150487611311
49.6269385272005
49.9662619255247
56.2623366612981
52.9251700007489
53.4924680838106
46.6567812795808
52.8737282972809
53.786657186609
50.0707634367871
53.6621833685427
52.2070393416525
51.2795303435278
47.1571234105378
58.5222757845479
49.2848071278898
48.536976817128
51.8856740225567
45.8386719530873
49.0112318600964
55.7269087047522
46.1082631177203
52.9496080193786
51.824018411427
48.2180565999635
50.5261918252785
50.5748566444936
50.9245697868036
52.6255811701536
65.4468477187993
46.993634797057
49.6864977618093
55.9930639447706
49.5949988735753
44.4794803392342
46.8130470089797
48.0075081863493
44.5082154176904
47.1629555153992
54.1719639204697
49.867705354937
60.1712296841254
48.8104392150495
52.9174464859119
54.3578265868749
49.9301773270171
46.8125151869388
57.4718862397381
44.8581167113244
49.3688652482735
48.4304148657972
60.697055005004
53.7652134676943
46.1633581378589
45.948170902503
47.7703422178205
57.979327928047
53.0686124567489
51.4066482127038
53.3777328113518
52.7496858219378
50.2247511122559
51.3812673774825
56.1475683902809
50.6834825330244
50.0748973538195
48.557098841989
55.4192694337018
50.6182195857149
48.2565600733362
46.5990137685108
46.6767318719301
55.6894688036337
51.4835957431634
56.8111726158409
49.3189794266718
50.7902029739534
57.7225260932997
51.9472622211945
45.6004319020518
45.6433155719358
49.7630785042693
51.4326438521084
47.0581836124435
51.1443496667185
52.4585428075948
50.1498494531916
46.2628190697179
44.2479430355522
59.869995871638
49.4515682817193
60.215030179425
51.04712585405
51.5831280084234
50.7896547620576
51.1202727837912
52.1013886840333
48.9840093628558
47.7864522507514
43.8778282356171
51.912261005229
54.3947392627311
55.0429327946426
50.8310468623533
47.1367145742822
51.5177482521847
51.4308863401991
49.8672626305774
58.1540205581925
51.5007321090399
52.0560809349505
51.358846345186
58.9352901649626
45.3160922793362
47.9991190913278
50.8598126577668
50.6105905856357
55.1047015174651
55.9557071092622
47.914570153714
49.3631450136143
52.0766583881945
49.0670301841895
49.6917612832736
57.0517851533578
57.0853078845038
49.7462793303921
48.3431089768171
48.1420421862605
46.3795218631888
49.0383746198324
49.3353559304827
50.1592260121085
47.8588035667065
49.734521218151
56.1991978143692
53.4498891151591
49.2436435612271
52.5968040104041
56.5949883336762
55.9340479280888
51.5906179238192
62.182082090488
50.3372452266708
49.8168289989075
47.7021030232949
53.3576132148922
49.3384871190269
50.2951934916702
46.7080286786146
51.8936517029106
54.495792072004
47.0888995120578
45.2659326707149
58.8341094101243
49.6948667296857
48.0808939327123
51.107053821727
48.455666572794
51.7032899573044
44.0150178018767
49.0425363847126
49.4450611795528
43.4835678143525
47.6438920026059
45.869426270982
53.4731779565376
55.1025573968086
48.0194648445637
49.0831848966547
46.2883220977828
50.5471247419793
66.8859288776534
52.0822311447128
56.8039638822565
50.7511728869014
50.0784657296928
44.5635406609347
51.1606675371438
49.7859160625303
51.3253920895855
50.0278905953597
50.6191453695479
48.8064155966633
54.5984960010468
52.9548812628506
45.1374023096315
47.2268817276133
59.2140782379465
46.6062984018693
59.8446286092912
57.6793021290862
52.6884395997086
52.6407081639651
47.3288709741589
49.0362813388019
50.8052001101179
49.0762369211871
53.8776258487176
53.5916319511825
46.0102206683523
50.0866799804556
52.4024838135173
53.6585327357096
47.4332093342785
54.0814233887921
55.4662356039967
57.1021423326399
56.244326513251
55.1334030910729
48.5075297507147
50.4779971890104
48.5460138172031
54.7190732770865
43.3730521012161
43.9259479103467
55.4470879070789
49.6865161018783
48.816534270444
49.0900546723006
49.4497806534018
50.6390534565711
51.8466412845267
45.8309997350327
53.8459667000542
50.5978779981316
53.5836442446901
51.1787747195814
51.8025448104966
51.0508380697593
47.116822716308
44.8347470419164
50.5571332268191
51.023585776949
49.6577310633801
50.2926402383376
52.5491290657086
50.0237853021214
52.3795124883163
44.3712747699989
50.0365690532721
50.5391083088476
51.0724475517379
47.7733813323161
53.0421425935593
48.6834798351538
48.9682317950322
47.7264374530881
50.2153701148268
53.81541161294
54.0367409813974
49.783227840095
56.374751712651
51.8892407820218
52.9509849063739
44.7496725467835
51.2528025529298
56.4231350221179
47.8152158399369
56.0557126648391
51.4172139710136
51.1714210860154
45.945073041212
53.283231974984
53.613325673823
50.7165787987178
46.933310429797
52.3972909068536
54.2282318834852
46.4783178114126
56.678483167081
50.5432020371236
48.4543938630863
49.5230171807871
50.6996204042808
54.7116874168131
57.6053258712545
51.4790093964448
44.7976328033824
53.65065083995
49.29440326761
44.7564009205136
45.0929248434255
45.886646187145
58.2910189081647
46.8265630427896
50.5037694088394
50.698297916275
51.5498574483205
53.0366234423515
55.3546167181355
45.3794964504387
50.3380485092787
51.4553783857297
43.1419208403825
62.8556829939535
45.1162517661075
56.0044877074574
44.6476037311668
53.2705219714597
52.1149949734045
53.1211181939181
50.196507365274
51.0863062925779
48.9376099261785
46.9162865671844
50.5434940990906
49.3401279894665
52.2450253408979
54.126886525616
53.8112863710712
51.7747687358519
52.6821944705733
52.4716368175949
54.0511808530262
49.9616530635142
56.3973732332014
56.9926376081472
56.0587297014604
53.6808590280314
44.6135075082163
49.8265363947234
46.471472947033
53.2823815580284
44.4480554038121
50.3741843209976
51.7316065021411
49.7537811845099
50.0521493493834
54.3898568054766
54.3484531435577
51.3975462503383
51.3876065763832
59.7818329535092
48.6658520860133
51.0761822847223
47.5330679106429
55.1998261897587
49.5917388888352
46.5250376937444
48.3791352412134
50.0188699484778
50.5229984627592
48.7811518292011
53.3958528638347
50.4177626804762
51.7217141202169
62.1287338936928
62.966632746178
48.1327836427398
47.0216655199898
53.9984667859609
47.8962857989494
48.0542915769761
53.2900281254864
51.1170113307354
51.7944845323872
52.1219739847848
50.1750112205099
51.4460532166664
45.963029268511
44.8715430307306
50.0375679181926
47.2599401092952
50.8576520753694
51.5101639305187
50.9471914686475
50.5912023231471
49.3489777741392
47.1914059671991
46.0206381001774
50.0979104777387
55.7599962706853
48.1853825819427
47.6193492692636
56.0910326196214
48.5936625347421
44.9618218455069
50.9703831758745
51.1961364347737
55.5078739790154
53.8544844372832
51.006107085005
47.9478759276886
46.0572928064958
47.8343556687985
54.233771972844
50.6854559824256
48.488339455521
52.2402243220636
51.9385335994911
50.3289347434687
49.9625499336898
48.3768021656199
51.8041587398211
57.8112480903639
51.1316432642875
48.1278518193676
54.2441694734501
60.6056346365942
43.9643781547703
50.6906246226534
56.3540962000027
50.0906647665576
50.8926229194095
51.8567494248645
56.4228059767518
53.7616351836671
48.7256069421065
51.7136549496276
44.6521294018237
54.3317429791722
52.0643845607659
56.9120422486291
52.7557170158548
62.7640485617741
46.7460120636739
51.7780611385099
51.392138262692
48.9097730777347
50.7959842131157
58.4970222926024
47.781240081017
52.5348789886413
47.32188479572
51.6310934683049
59.1181438365599
45.821434868286
60.8085067897873
49.9890192388167
59.2474780266634
48.551603869654
46.8931391045448
52.595893107856
47.2491739400907
51.7096519157286
53.134320717077
50.9717469411557
49.6337726314033
45.2541962625338
52.1098381561145
46.4978004244995
55.8780034065971
49.0330971559289
50.0668685121684
48.168497531723
49.4040033645342
50.9421758489977
45.2217842134436
59.6417391507117
49.3714938957828
50.3781744698921
52.5557781301901
49.80878660729
52.5267199635212
51.9874821530704
49.1985242825871
53.8465334899191
47.4091964761157
49.6009085796357
54.4058052657959
47.222263906477
48.5486441537946
47.5318032582245
54.8779621189099
49.5516502210551
56.7823904825576
54.4957683428969
49.0305543368436
57.2382444771969
49.6321242549992
49.1976253051495
51.380936682538
53.1127609447031
49.3910498738494
48.3750440506309
48.0771036088924
55.6394573236123
51.376118303954
55.5307261950486
45.0703417919053
50.4984158254642
54.3926299057828
51.2055018783887
51.5852288474338
50.2101757352689
51.3382307046996
56.893749741566
47.7030517026643
47.4119592014606
48.5177421767273
52.3096044686066
45.5820655109655
53.0128228642699
54.2858559271023
58.6913544758162
49.4070600814414
48.1464018970834
46.0658002463073
55.2263166124485
57.9842694740567
51.4349195655764
48.0345105275559
48.5407460268617
51.3217753450523
50.5516668657528
51.7068381645125
48.4913376989437
46.7283294996701
50.9548158024586
50.4537384077606
52.2603767010553
43.2988075264608
57.8906396117057
47.0815224717693
52.6901372901496
50.4465025183929
47.4522819494376
47.8382712938618
49.657339771549
50.4498823004882
44.2238192723154
52.7954298952563
54.6599943712831
49.4572836344235
48.5141066852736
46.6207872351442
46.7797265051044
52.5655999700475
50.1578302549299
50.6001356387068
56.1699526666878
52.4735320806947
49.5009722802164
52.0040961711136
55.1093317708938
52.3066872849518
60.5529587894862
45.4140548593636
46.6895053277503
50.1899703236379
49.2638417910108
45.9088323228641
50.1562920859825
43.2944185151755
52.6794975919288
50.1999733624199
59.5085990194159
45.5183238032864
55.0320613920906
60.4959772780998
43.916066873634
45.0222600519679
53.2874868478148
47.1115497525445
50.8276090990338
51.3174340224817
57.4036224000345
49.9614673460658
51.6224877165845
54.6716657792332
48.5173757281975
52.4588253653917
58.117928491432
49.1428222582545
49.2673433659594
47.6649040461139
50.3085544000795
52.0271012553835
53.2590938378293
50.3282313574786
49.7984372816251
51.6901893188973
50.6248727999219
47.4308912957473
46.2028768682433
47.926577377978
51.5755134238036
50.0574035487741
59.5255251474902
54.9920512652517
50.7821274964711
50.5808193466758
51.2342369712518
48.1640597710277
61.2437762510699
45.3004439690883
50.5829672179762
49.2059685266281
47.459605773771
44.4495978283293
50.3673461229214
54.2928726111988
55.9636394332146
45.5352427560036
47.2587008040822
52.7777934535812
48.6917504082429
50.4903591845233
58.586431596368
47.877676104728
59.4502343204373
52.7032908993967
50.4639214793903
52.3698807963825
50.2000937223328
55.6500553692019
58.0133537454316
47.6538457817521
47.7538397138103
53.1130499626505
53.6194437326682
45.8351437440953
58.0460923680091
48.2597765166455
47.7706357248789
46.927707736269
43.5200797571381
63.2010355626226
54.5754301293369
56.1824459880841
47.8672317603429
57.6708136833229
53.8328987050152
50.8621282247271
44.4498197186046
49.5690911314045
55.3673978682249
50.6003624324709
45.9354979271747
61.3245914574838
47.0977619623965
53.0954196225318
48.5799833536522
49.2848789645631
51.6853404445812
52.3186200695181
49.6010920002629
53.9591980857362
49.5281164229794
50.6600283800271
46.5009090801287
54.4932216032876
55.9300017143745
49.7707024447
50.0531319991329
52.6229995194118
52.4169531624396
53.3348706077937
51.2308196797556
47.722012405546
53.6057965537577
52.6569463235322
54.1504153412513
45.7379932001671
56.2183069767958
48.8626173871603
49.2514318844659
47.8882154793365
49.9285037225919
49.3405388875392
44.8345350332905
51.5418033463203
48.6183335298662
50.131334658705
46.4702443844252
54.3229393056609
56.3789025918312
54.7213860159149
42.666899955841
51.59507072707
48.9803907308194
48.0085327346366
47.2770189898286
50.0768730153806
45.2857354718714
52.6051262433625
53.1083413457103
50.0545220457339
51.352721133998
48.7024575681211
46.3368486665547
51.604583939099
47.5176462446576
48.8031502614669
50.4828127694517
49.7878729437303
50.9328084531051
46.9380656589419
49.6566119553741
48.2608607613597
60.4985611341516
48.6008414563218
55.6856030931881
52.662498406615
59.3172844846763
62.359130464969
48.8718502634356
51.8563698280664
49.5702129922835
50.9707758784059
52.0971987176485
56.8476744640886
48.8514906807136
51.8284916643176
50.1075170770624
49.5031301447129
46.4459647175276
47.917836702232
53.0969889266727
50.3013974170218
54.6075854468064
55.6803815495647
53.3559413452571
46.9105086652958
50.3185600319227
53.7171585305655
46.5993453620617
50.5071014179508
46.5144433202786
46.1495414909546
55.8584537504133
48.6687212808748
46.0387976947729
55.4856188035927
59.2977912666751
51.3687536755078
53.6114180655632
50.8985977311144
54.7976204087086
55.1212445754645
46.2056623887132
52.2823339346451
53.7535397810254
47.9461974021719
48.8930347109918
46.4141639717601
48.5970234448048
51.1554482422225
46.2772151260886
53.3116381446753
49.0000140398959
54.1966576956444
53.7933181374054
48.8748737786506
54.5817049627594
51.2015620306608
55.6356506633292
53.2533105813216
56.490104262909
49.6424842545856
50.7625552087001
54.4747964189116
53.0640877849183
54.197815816548
50.2124598628754
53.9773495006684
54.3702010312919
48.8630590733247
47.5058746835067
50.8419932908711
47.9275319259154
56.1559434371101
53.1713018444628
54.7819924472976
51.3935044443403
49.3319521666414
45.2361992886467
52.0435630242088
47.4551996418721
52.1082566927779
55.1070744980107
44.518949667475
58.7968545441183
44.5488956961294
46.2707043524398
42.8451285246253
54.6932793097188
52.5432110150632
45.6723030701466
42.91349582738
45.3224536223964
46.0204430633771
51.1053413440845
53.2647084707084
52.9065521960303
48.1363250763169
44.2810816057932
54.2450471460806
57.3554532145648
55.754647875146
45.2407686980491
47.4988377380509
53.1607780654997
45.5277140206627
51.9367672318398
51.1864964506213
56.2257347714285
62.9065338942229
45.1860202754724
54.3518294889679
48.4965365061744
61.7003177761119
52.4080981638586
46.5005133572381
46.1323316501469
56.2017863009441
53.4648878491948
52.3024344445445
52.6189211472025
45.6255334578851
50.6484017610818
51.1715961617284
53.0896395248672
53.0651871982213
43.3405771689206
53.5323573044593
52.8622773475214
48.48057857172
55.266271779364
44.8064859380728
52.3126029283084
52.7664999838698
51.425764168826
48.1077170207937
49.9460683355643
43.8866498623021
48.4306726646312
52.6587756878264
50.8932535536112
52.3567229731191
46.1559216871159
48.0671527272868
52.661544254575
46.608126106245
47.8865163854662
54.1286837036017
50.0221992740188
45.011196992275
47.2154485120145
52.6345584197476
51.3577545712157
47.0505142189916
51.8925322466925
51.354939880173
49.547377641559
51.0249827889501
48.3850123525727
48.0745912966049
47.9000812342719
64.9164098399389
45.7631445934718
49.6197374182181
48.2354902081361
46.6348525215329
54.137058205549
51.9912676381678
45.9553550459551
51.1728965767846
51.5499755209557
56.3021596702018
54.7202209126421
49.2849951842447
48.743222225594
52.8710548186971
49.4728318927449
49.8362878934326
47.7723427077555
46.8899106604213
57.4244541048916
49.8236576020121
54.4132650452525
49.2494921981751
58.7931966990345
44.6365529124178
49.0750608497755
43.2083781620651
49.5921320415387
48.7376628246538
48.348740426091
52.9813384945248
43.8563655647895
54.1550451392193
51.7571373251478
58.5948782852083
45.4159296482597
46.6071615624085
50.2835893611576
52.8021944666055
48.7140649169442
49.7878834769843
54.8614186839684
54.4445851714767
49.0764630293329
48.5830758343389
52.7058961430357
49.5730913944474
58.7930296390653
47.5595239570392
47.6370035244645
69.1650505115027
49.4845979104285
59.6063332203046
49.0955914030886
51.433398217085
49.1718043192479
51.8644951796751
48.6726058924929
45.382862759533
51.4163330083043
49.4221532729488
49.6273823937026
58.0232566626544
56.3405482657039
48.739967756266
57.3348414992377
60.4939860006716
52.1463532368681
47.7525439956855
52.3407227464379
51.2816684396507
56.0235297063066
51.9662538898414
49.9567210565021
55.4143349473714
48.2515932495036
47.094745774474
44.1860079654117
52.3848258711804
50.1926484091584
53.240169062098
52.1891068461221
48.6362702521307
47.6411700874476
53.0174535004158
49.224294701711
52.0386386053238
52.1785537015037
49.2794160907269
49.9928202404751
55.6787676790495
48.3015589855066
53.5873038112656
47.4759112551534
46.7416224046091
50.5855415846565
48.7638340027305
54.1621605888074
46.5621047848215
62.824176586369
50.8183176691417
50.8305112642386
56.0817825847736
45.787582477936
53.6354377687363
51.8475827203495
47.419492023602
56.4906486897092
50.1236254114824
47.5581606048241
46.7543786279453
55.6755672556449
54.7462782492768
45.0467669058096
47.3771137202542
56.8996510442204
46.2399953494255
50.8716625484159
51.5381233313658
50.1474753757361
46.3175278710318
50.9413550063941
50.7443661159483
55.1982428528926
44.4419510106711
47.7483409884899
49.2243147717487
51.6992230834143
49.6921423956881
53.8600825334619
62.1370925501266
54.6883550478902
53.7364920589848
57.6452393287892
51.5985749911173
52.4276998154756
56.7440838112406
52.7465261992803
51.2327154479588
55.2609404395116
51.8061199788062
49.7486692332836
52.364519670991
46.6162317829395
51.3793067451524
49.0046203593612
47.6302418931053
47.6122103270367
50.3242831047641
51.8382833638091
48.6268237854623
52.3424896256494
57.2772902779721
47.2068899347209
48.9891873423041
46.6078718085299
56.9077294290813
64.4317711602605
46.3554688654743
55.5983176718767
53.9344571805251
50.1277459022946
46.9427335573096
52.2186026012555
49.2331700817731
46.0707785787289
59.8416921875323
51.6086668412718
52.4048976621751
50.729519018394
50.2135648953251
54.2685740454857
50.35026710254
51.0531221292575
52.5574684462264
54.1474671447721
48.8069311627357
47.4717049681942
51.2100425840973
47.5615294724384
50.9290105240694
49.0362055318305
51.9107996337666
47.9900205414051
56.0191799092575
50.5147365763786
53.4653631146422
53.177394425537
48.2469299579722
49.7447223421233
52.0539977603563
46.1687709703461
52.2168917411637
47.6398243798352
49.5192049164797
54.266876773544
60.7146893120758
52.5073159159163
48.2052063974982
50.3141961914771
46.9747596494423
53.2426191654938
45.3472967166611
55.5737417731874
52.1535830493438
46.8752834335916
44.354311751195
51.5475235454102
49.7354967907241
52.4626105545261
51.9556490979281
48.7828563641631
52.5258207626654
52.317456447221
46.1091359286596
51.4937264604338
57.02628610516
52.0311185885743
58.3851654889279
47.818220170732
49.1924162466817
49.3839697494252
52.3038593149414
54.0541778806614
52.3265431379747
49.8828301931789
52.0585823187329
57.8655547335938
54.8886328933507
57.5286765872339
49.510664128644
47.0692627244632
50.8904332092719
52.7234043638884
52.5381389601365
49.0677522242302
47.0726754604354
52.5270409126303
47.7649915363292
57.4503008788112
46.9225887153411
53.4051371691406
49.3561909539686
52.8307825975227
45.8695189401872
53.2589424494895
47.2773805758767
51.2728521036504
51.8033376553187
47.8831692045611
47.4955820738591
52.8233008762807
50.4578332069625
54.0639107064285
48.4260559774907
48.7645461169379
49.3952629355892
52.4251551657196
48.8787282412757
55.3425879046062
56.0984840481223
47.8670265117305
49.8939717278849
54.3030983242059
53.7412117674773
56.4046831205037
53.1779600133669
50.0424705885814
52.0290677927126
57.425622672863
45.8224863272943
60.8845074130795
50.7838652899893
48.45119101889
51.2363280199919
49.9461370676007
52.8923776734547
51.6387377067702
55.5717533768881
53.1185096968471
54.0522249906523
52.9946387172028
51.9837608190482
48.1282033816654
54.8904520450342
51.9638456334703
52.0591275919396
55.9282204548623
47.106661780723
50.0972119700018
53.8118061568475
49.8020916908903
46.9320857426644
50.0030319176917
54.0205911824704
58.6150677757651
55.1633126055395
52.394617658515
50.0656178243603
51.6974280090824
46.8391169168515
56.8869330897513
59.2261054673782
50.3946731914875
48.7942663838728
47.6508771280969
53.6810620318059
43.7216465612914
48.524680315007
51.283781637214
55.854060819403
48.6455805379231
50.8086428334805
44.0534601917136
49.390002913628
49.3746447502287
47.809769581574
50.5078009261061
50.7880202884824
51.8811570622963
44.9203284642592
48.7625591285294
54.6867720290322
48.1803242999919
55.3832647171967
51.350753982517
56.018997323761
52.8405890545285
54.8919897716902
46.7052768567298
52.9265222084214
47.8414631927897
48.7537532464828
50.7447550172716
53.2295652671479
53.4819235054829
50.2220977260932
49.5852275211474
53.4155074002465
49.7925536231356
50.8920245226022
48.3544136946172
46.9759482289614
50.9643229319463
47.9535434447593
59.070242128499
48.4469750538512
60.160834094965
50.5437847173246
50.9752956340533
50.2247319765774
48.6966740456008
47.874318403626
55.4368393648789
46.5740007386104
57.1471448555112
51.8735192005615
45.4048201359229
53.6038940988891
48.9213729301042
53.1118813253869
43.798764343127
43.6437401262045
55.1421810644409
48.9248736697883
57.4231494660442
52.4423118518114
49.20167329739
56.3023511859225
46.6208429442592
47.7807692414419
53.3660370311852
48.2369922569693
48.961982544815
46.2285860675746
46.9255295772079
49.9996408676788
49.150095728127
54.879552008344
52.0116358772758
46.8437348244581
57.7305325097713
47.8379209764454
46.0852814829639
54.9659049201061
51.0966488834221
53.1687672900417
58.4091459935195
52.9838923069315
49.5204920611177
48.107935011811
46.5887675784913
48.4358774033284
49.5363076333456
51.3541391008845
50.7448662214105
49.3215719833511
49.501437919324
48.7955736433093
49.8379526038324
47.5907067152906
47.4130043152329
51.8013749624387
47.3898433746795
50.0283407559612
45.6429644494275
49.4386857245633
45.6457720624779
46.7806586206737
44.8061922858514
59.4469331662658
50.5932351696889
53.3366589347239
51.3685038695989
45.7996266821002
53.0748150351523
46.4614304886812
53.912233918611
49.9928156989876
57.7539561437202
50.9301278718761
58.9393949952226
49.3859594904502
53.1911441686622
42.9881186946294
53.064296683918
52.8645567437935
49.3003648099522
48.1087425143426
55.3498752121783
46.6529003074133
50.2832310714125
50.0823441247857
47.4307619606584
51.3679126224739
49.5386373654672
45.4813713675961
53.2001236129053
49.4438883245443
56.2196343276301
47.8924557174938
44.7638228764751
50.7172851163111
54.8782420291812
53.6390632652463
51.3348842075322
47.2272281726998
57.5077663716222
51.7188334498251
43.1807589716773
49.5907066141689
49.619590652097
47.8762476501155
50.4471942177029
48.3851783294023
50.2388843592424
54.1004227586921
52.2191388050999
57.0089521570601
44.5400015908275
55.729265628458
45.5153197079271
49.9858879303071
54.7534330710533
47.4340759053276
47.888416976701
56.4549337209566
50.2885884289204
44.7038675299944
50.0219087916315
53.3438849830552
47.2211460039359
52.3362082337584
52.0545947979119
52.0310252361941
46.8168432723466
48.943993739387
49.6600798821983
57.6156293110763
52.4733013217496
48.7952493528142
52.5357839570854
49.2332019859564
52.1852535477408
52.3616843448514
58.2697448105715
46.4604208915564
47.5693800496261
47.5062443104518
52.040130973102
48.5276522627898
51.9627735537002
54.7144294591934
53.3607738696644
45.2310654614513
53.0594803385793
49.3090480131079
58.8878446429176
48.7329630618165
46.9135907774801
48.4165461069512
57.6431354025406
51.4236549323484
54.2077695174007
55.8192930914021
49.9307806404165
49.8749083621828
48.2361199187132
47.3665207725852
55.853052062787
46.642332906339
48.2739711425399
44.4269213070111
54.7590741374358
54.945096683115
50.4839162164354
52.5458674423307
48.5129763772037
47.2096755853898
45.2158414023721
53.3288002550866
53.4131666315668
51.6172004577482
49.4672871984845
57.378669166728
45.2945653027696
51.7702771912181
53.4669506227296
44.9654467179273
61.0719579905447
46.6168423338902
46.7686275003993
51.7454037349922
49.8322694088699
53.7165122848467
53.3765449638261
46.2482552673539
57.6465249829757
57.6574065897295
54.1406777486912
57.2126441380643
59.0331396085591
44.1907368293495
58.7312229095378
53.8764906774839
54.0651633044637
45.839487719219
49.1219890164351
48.7527206612901
60.7892451504014
55.9578325709653
46.369475999369
47.7205811149139
52.4234253953707
45.7857198235452
51.2137701560516
48.887456159184
48.894508688317
48.0497014707062
54.7751696885243
47.3659026301682
57.4176123787394
60.4501061206607
49.1630670134292
54.9108976228385
55.3839192265239
55.9588337802053
47.7007235278335
52.3292400359735
55.0106767871097
49.0160696169437
45.4104157958927
52.2309617641615
53.7773285462119
50.4515753986841
54.6940750669227
49.2126016235369
53.6607716367786
50.0296701958507
49.1942142413485
52.8068872491245
48.4519286524615
53.5325647890052
54.2571783988082
52.7054089678133
46.1526203880252
48.6917016807439
52.4229718584835
52.8515924337907
51.2108488528247
48.9266827374395
53.6066420984636
45.7608694601194
51.3992608002021
48.0291757062273
58.8839349176079
47.5739150051673
49.9837566019971
57.2156293500466
49.9711363827488
53.1890711537086
47.6834604478493
51.591459679441
47.0841151262889
46.5883623734207
51.0851068435089
48.4135974655318
50.7216444945177
51.8200878960172
48.5137808394889
57.5352059984018
47.9865971165
54.0881133840254
47.1524962470976
52.8799273545234
48.1971106409322
48.7759314007292
53.4150413035825
52.1189201581883
63.9334763487043
49.7135837549716
52.5711651614681
47.6532626949418
45.6539932793918
48.8136051654969
45.0174427030439
52.2824213338975
52.721496704226
50.505383554847
53.9298913428915
57.0017026938981
45.5020052327101
57.1743691852163
52.7890138495538
54.9481300988607
56.6440149246516
52.2189318685234
54.2571521475874
46.9950168679112
50.5610034725315
49.5065251705059
49.8897180248541
52.3880451672434
50.2642989111191
44.8874246807863
51.0699734797616
50.1984177896042
51.8668313146247
51.0626040899358
50.2222913942845
46.0147030267562
49.5041135514599
46.2743527042728
49.9435054125024
48.0577792043373
49.1198885762849
55.7078493956919
45.7451648754155
47.0043067900395
50.1504935938692
54.6081536849299
51.9697936709509
57.2751276724873
50.4012817929588
47.0963456849634
48.7948798724452
46.3373029768633
55.1438692255742
48.6498706090179
51.9123467358411
43.6344715739058
51.5057945607521
44.7674700092183
51.6989645585747
52.2198678664322
48.0479449918255
54.2239408437181
52.655731839709
45.4139849578642
52.4618020645382
54.4261503131567
56.1533451722405
56.6730284028824
48.9029625650609
51.7105160102602
46.2391822863295
48.7754388421871
48.4024412072358
51.0363587209741
45.7679972604541
51.9461898347002
51.8994060727696
49.4519387372264
50.0199234765685
53.9663715989846
46.5909625826277
50.1862001176099
48.8006183563318
49.136544288291
61.4731500900319
49.5206011373433
56.6652771304957
48.7004657752239
52.669611725218
44.0025081218129
52.4248645115564
48.1513935185429
56.1493895679309
48.2377098365284
51.0352190743056
50.5084151461312
53.1775263428678
51.1185868665327
49.7841937710533
52.3485874764389
55.8537933874124
49.1402736605809
47.8456978237768
46.8036244256857
58.2873130758393
56.2088983458199
51.9681653597135
53.9833825916633
45.9575728019412
53.3092616628913
47.6287137162253
54.0642742688582
49.7758640183683
55.3970808053923
46.6601920163449
47.5529313025862
51.9766810818579
54.5029675419927
54.0090491225574
44.3746645617664
47.4368634015031
53.3429216589369
49.1257899584502
51.2327259180174
49.8739632516332
49.6830433565623
46.4077861877817
50.4326303998138
55.9986606117295
52.8029679300027
48.474632553984
47.8709979873117
52.5782756056021
52.1500651006186
60.5342268737222
45.6500788781659
51.4365596214874
49.7041824094219
46.3674909887339
45.8984944754707
48.8975695016288
54.6692339427241
46.427006534322
52.98223535812
44.6993050001426
53.792155803618
44.7379788626761
51.8872322867863
49.3881408061025
44.9735949058375
46.3522632524434
50.1383483466444
53.2478457643774
52.0359307995314
49.1280924537403
47.8708845890815
59.0278627959286
58.3753283470312
49.7864573421597
46.0964878179463
50.7857247711491
54.1989850218053
59.1889332903713
51.8084136244436
52.468642596648
46.6548924174534
50.2706120580572
45.8484834202174
49.6021184056407
52.8912642079667
50.9949118227134
48.5437546514882
48.5032167191224
52.8044005782264
53.5076681330207
45.6332290544015
47.2472575886775
51.8510089819163
46.7600789921254
42.9363038369479
53.6669129790165
44.5884126677465
51.0513188147067
57.2751693683051
48.1358378671554
54.4331375575415
55.520539839938
48.9953205497555
49.1616114936364
54.6354442968297
47.7538556733423
51.4154316230567
47.4091553434041
45.5470220113618
49.4288892412111
52.6855523626696
48.2350903386356
49.6766824542841
58.1327191498864
47.4155919451647
50.5318299562114
51.948967534749
50.6126746517996
47.9492180562901
50.4399905522786
55.3748744952009
53.7636271989956
46.7982484147189
48.3210863785292
51.5397409393908
56.2439165317525
49.7703947641942
58.586742678549
55.3075700952351
49.7208430875051
53.5787153182367
51.5069486893449
58.0603734984757
46.6903805129634
54.1829984419674
48.4067781600322
56.9587690650903
49.4085930094906
50.4799665795451
49.6829313897078
51.1293852238392
53.4652309231786
46.4260252586563
49.9564320332924
47.0098212347992
53.2906646753833
54.918565242854
51.0422591549062
52.8261143010366
50.2426961245118
47.7943420943141
48.5772627555201
55.9555803904909
46.675369060173
60.0911178834191
47.9415309821924
47.8736863760894
47.349198534129
46.0518468305148
59.639454778837
55.6199498858219
48.1647118524328
51.852370341845
48.6726912852261
46.41381980697
51.3910997747817
54.9991921056404
54.5603477813659
49.594553890267
46.4177178095144
52.7351957693969
55.6416780150953
57.5554298351028
57.8087820518174
52.8163335615954
45.4008104712069
46.562099761958
55.3301405962655
50.3267868179373
53.2607664088019
56.5286968895135
46.7918268853138
46.9145561125716
50.2348446919467
54.3599274732304
49.1797784174546
61.7727106481879
47.4486859579653
53.5891577333227
51.7060936293868
47.3605163240932
54.198136841483
46.8109750169828
49.7942227362593
52.3222688847286
44.5987290011431
49.112702318055
50.853729337076
47.7096996235531
50.199006313282
55.5511471731905
55.3153835970168
48.949757996472
51.1848939329849
51.4988322355556
55.481653449772
46.5896656915519
53.7068258124091
48.5121317938744
55.7084236681277
53.4703217857433
44.1563368730406
47.9546680407187
50.7239713393531
49.7772905693578
51.1066035542873
52.7117167735019
47.9133999983581
53.6758592261373
53.7668384543258
47.8009395280635
52.3891258285844
48.2059556705775
49.2647900852962
58.5050953377921
54.7996305615082
54.4929047082268
51.7336366448391
49.83237134695
56.7466544037359
48.2738618692607
57.341394227056
47.6833438293141
47.6174782608957
55.7815635173537
44.9589774030313
62.0023314120545
44.9019263577276
49.8784786623772
48.3075786364057
50.9505320891781
61.6328881674334
47.6615878451577
52.1051310905636
47.4398702405995
52.8887124347942
59.0105656924283
54.5699747681532
53.370714554601
47.4567176604601
51.3272864728489
49.2305017190275
47.0039995444237
44.6933896514628
46.4151001624397
46.4999523234769
58.2153953590621
53.0223862188708
52.0394921514708
65.8495282047169
53.3559890621666
48.8649381065075
50.765575655339
50.5880483742599
57.3793546112332
45.7131001728535
50.4134168008077
47.1078273751039
50.8393516726233
58.1641674305455
62.8788638092691
51.0034600853046
50.6061440270492
52.0809103702527
50.7080611007574
56.0233893173021
50.0065019239108
44.8245372020046
48.4774559435825
51.0844902578081
50.9977136539697
47.4985099119192
54.1219694270289
50.2006855975885
58.6041585505554
42.420930513363
47.5753576389819
55.9893920216233
46.3907558609186
52.2465732375079
53.7170020760931
51.9177764985385
46.5109128453139
47.5853904679767
51.298536847634
47.1720358721598
46.2578035921377
56.9763478733673
49.7532895759485
49.591507727222
47.1090723822264
54.2212090724181
47.3897242573541
51.1303410278533
48.7978508089501
46.2298030569675
52.0151582987925
48.3504661526807
51.8899891170522
50.9936459599181
48.8499588646904
49.6967051367459
51.9229008012533
47.2078432910868
48.3492034310801
53.8186133668783
55.3695966450124
48.0326616356372
49.3126429272198
45.3383815261714
49.0886404192019
53.0582800400384
51.9790226160617
51.9317246598189
55.6916315920909
53.3746961391278
48.8684971858137
51.9174455726747
47.8267018623932
57.8328905711866
51.7729377573303
46.6519589026578
54.0126744787134
45.3806450767216
51.8144246943882
59.6506179308132
54.6710847407546
52.3294502521095
54.5618642743774
54.1168107705652
56.8274589961478
49.0708361893103
47.4402492238564
49.0062830703813
47.1473607018415
52.7741258896565
50.3947892004788
46.4020889433188
50.1006434313276
50.9116580484284
50.581354162506
51.5419254761506
48.5860410609853
57.0809806119419
56.7938568604109
50.9197942431286
54.9197884242838
48.8407190658438
45.0348152197784
53.6359216132125
48.3401063250925
47.656439148291
59.6504489231991
49.7831094088952
56.3160640306904
51.2468860588213
54.2320648274237
48.449449986022
47.6159948907066
55.9503703007924
68.3868183748818
45.209506227429
45.8376397307391
52.4821855418782
60.6702900127252
58.5352588400876
47.0105920699174
51.8024234874649
47.1435092239335
49.2801960927937
57.1303614148847
53.9773832248921
53.9540485748712
51.8029151837961
46.7583364851148
49.9969245255279
50.7220465071928
48.4820450145501
52.1910664066928
43.5534129007482
54.7019130325045
52.785749508591
51.7409772617896
45.6547828328542
48.0318726710979
56.0801766195556
46.3128248579527
56.3047166276455
51.4998981391582
47.7088802028177
50.4848055608541
50.331251498976
54.9627134846092
44.3456987027686
53.808881374649
54.9341072867794
48.3522688399852
46.2643827253337
49.6142496620299
53.8294620178885
51.362089599344
53.0936345444038
47.5314230006211
51.8657313739728
51.5419526111663
46.8170388260982
49.0000402180323
47.0986812781628
51.2016610133492
50.8866255460362
