46.2878508578214
44.6701045077573
44.9306901596863
49.0294694334777
46.3305856346019
52.4443417526267
42.6535041588107
54.3250625107842
47.0955223594063
45.6374216103413
50.8517778654381
52.8023261052709
47.2716223383437
54.3472166623441
52.0688877767495
52.2567082918113
52.5951083353736
48.5259766886108
43.7520204654175
55.7943678097409
45.3698634165064
46.8897194126995
46.8692306036308
47.8938758966182
48.6256268555333
45.5497464202732
55.3785889335769
45.0862549464557
60.6219764514137
47.853011233148
45.3241228014463
50.6150449066092
53.1341724439687
51.946014238135
59.5431884961177
50.9709108858998
61.8932384783718
45.6377905276136
50.1708081707206
53.1855433561297
51.1772383223751
46.9248259099193
48.1945534123509
55.4397228378129
55.4742339454181
51.7244620371749
52.6956328788257
49.447260885675
54.9113123278973
52.4582971164403
53.34253657616
46.352973551145
53.477737293653
52.1200171859797
54.9601883327872
51.4723116035196
45.61186656567
49.0228053908779
46.2517398375683
44.0062310463256
51.13117404465
50.301028127028
55.3975892426083
48.2706058195006
54.2678970730742
50.5955674146059
49.7100135187649
52.0703486653187
48.9942667264109
48.6976320371462
44.4855912608866
54.269703987216
46.5153202185932
53.7047837309841
54.6158026092917
51.9030376753639
49.5594158241205
51.5151834205541
46.131652937436
55.846904062374
61.5954250841856
49.7029506004713
49.5558407727262
49.5418547084452
54.9939136057781
47.5904261114547
46.9749601754375
46.2766224606286
44.5494493037872
49.7316495938523
45.1525667406984
48.026774722927
51.5718209439446
44.996580390705
53.4832919302736
52.3131224016422
57.9220867244375
49.6629749943466
48.5927672423178
47.0519960130601
47.6538032381982
45.725403682095
54.2946938389947
48.8286894038192
44.4005572718853
48.1706477641416
51.8513383111805
50.6941882289497
60.3724863013302
52.8458480241036
49.2867066946338
55.0560735748611
55.3881764386514
52.8378739127333
56.9728955271429
50.8035845638059
49.919171141151
48.8297740504678
45.8071751914936
53.3491847732082
50.5216171104383
50.1060898319653
47.7200209438004
49.1076911008663
53.2081623508762
45.1803254114707
51.0103588863766
55.6369528263892
53.6645630422746
46.5125617133614
49.9566144581846
47.3378491609621
50.3115018457273
50.6444584274801
48.591628001471
46.8762155898211
50.1881159037329
51.1808779343881
56.4012302975788
52.5119924353798
49.2903724943404
42.6388389212935
49.3375158253892
70.911784797048
48.7261058453673
52.1817556883897
48.5273783150186
50.8587603884181
57.2334777637757
47.5804378193447
48.2557704798769
65.7022997484765
46.3692863507378
57.6212412693628
46.2304344187172
45.790646067979
44.6286000862065
53.1208137109935
45.5569068802884
59.5912372568935
50.516967063767
54.5672118040651
52.9108891931708
52.8162888996277
58.8877491493057
45.645301687959
46.7439980343239
52.0486740278602
46.9623603572294
55.4229711245402
48.0385162540012
57.6910360139817
48.8977546884006
51.4650013907369
51.1929190761493
60.191415949644
48.3222051110513
47.9516549487925
56.6040456881447
50.7515135621712
53.2611308367621
53.913425690178
53.9927772774927
47.5386982973643
50.5127898082091
52.5281879840818
49.2896737163275
52.3969418188467
43.2832345169089
55.5867978047297
53.0459273036662
46.3893216418036
51.4023387074226
48.444598904909
55.064042504742
52.3871246732915
44.514929619796
47.7030617087033
49.1905004471323
50.0407740070921
51.7452717858825
44.7391902351977
54.0219823799794
45.3087919092691
49.4547067104739
44.977062557622
47.5433300769394
52.5654026431027
47.7141711797393
43.7837743074895
55.3595759922571
45.9163571647695
53.5303213997582
48.7300925346461
51.0871504845461
56.1872722245377
45.2964872540199
46.6449168048035
55.7269518458925
54.8930289646255
45.4734319403165
49.7373392275156
45.5831307675859
43.0955187889695
59.4690655902877
49.0433207239172
46.1806830121356
56.9762897102203
51.3394368098875
59.2564924553861
51.5429665290682
51.3818374510508
44.3597304076391
47.2806459004125
44.7245772707517
55.3796298533773
54.1212081783306
46.5084261718696
50.5117538928326
51.3947572138995
51.5395519806874
54.1697750047309
57.3115702270028
47.3737510102253
50.3306904686882
44.8121351455815
52.4401992977357
56.1038240082158
48.1124208735555
48.3343131301298
47.3258384500525
52.449628610083
52.6084642836575
52.2244616530026
48.9624213497482
47.5453498788026
48.3419214116588
48.9936363003183
56.4865963929692
49.175816241198
47.317033562117
50.8258089280111
53.765593625871
47.8032107740601
46.9362323979949
46.5091698100539
57.2266778412628
47.2930054021609
57.6274893531644
45.9845856204629
51.0382887717243
53.8482729955148
57.6057596444157
47.7856576410511
44.7455210814473
45.7620693742942
52.5434399636738
52.4847742309089
48.7415470222073
44.791194207707
51.0317024281231
54.2036282518011
45.961714417026
43.8571029878717
48.5904457832501
53.6122126370335
46.6649325944277
59.2448826415585
50.3832202266168
46.1535182781508
45.352253647988
45.3362329222599
52.258332838737
55.3633544715678
53.4793527290473
55.2768954251087
59.2412402546406
50.7864515387597
50.4651798118832
49.7467540878445
52.7603271072875
50.9083423562076
53.0097663682629
54.9312931895853
53.6879525570206
54.5822181796544
58.3123438653427
52.5129862131256
49.5429260703119
51.2589030641101
54.4650967869664
54.2185709508725
46.9956135522925
47.9376468662634
56.0250059718217
48.5565679921138
56.219340106382
60.0981906373368
52.1481576841998
52.2372861818044
47.5473897071465
49.2725852370028
50.7856875007317
52.8539439901208
52.2425713504441
50.1418400530142
45.1978471775032
48.7775116347577
52.148304795879
58.6627593368203
55.7875936580757
59.2471442539358
50.7684699299243
53.5137294668816
48.1183302672251
45.245652785377
48.4611994638939
51.3288826263347
48.6567880900338
52.3680945986062
57.4236406198519
50.9165695754141
49.571390190686
49.6472320516631
49.0397674016253
60.1482616447453
50.5068289039585
49.3615176513541
57.5878902676893
47.380553411462
51.2474992508677
56.0937562611432
53.2083580233371
47.1591438334974
42.6815729996604
49.0982650708737
46.2980739807982
45.171922609937
46.1505083797616
51.8805518599571
49.6677042286229
47.2656752616966
55.4045239828006
47.5532565812663
51.5240229907304
47.5304584836454
48.7587665377854
50.5767604084243
54.4385078268048
48.0298473308018
43.9476722802434
56.2511992895699
53.6118742324765
50.570371785841
55.6733878557989
50.1146604764932
55.3823237794937
43.6979129217895
47.0082535063949
56.5770499210625
50.5711068467762
46.2864277015021
50.4114639689375
54.0942986040122
52.4512766529173
45.1095554042579
53.0119566056077
46.3929027150971
54.3433668562642
51.7844016731499
52.5499415587657
55.2349668015565
55.908688693241
45.7132263051497
55.0615234432468
49.9045439217763
42.6649754769712
45.2547189893103
49.477474809944
64.5757029638968
46.7531296272417
51.0418237767639
49.7271442000661
57.1170119570283
58.0215895055048
56.0133036397173
51.0927527264175
45.6305579719325
59.2587284389599
48.6295951929573
61.1056100319203
46.2014843254383
49.1660248255996
61.2191762849112
51.4065159437423
52.7083119328397
51.7978699791645
52.9293065215667
49.6645887410671
56.9898726505985
51.0643625225452
46.8744603347047
51.7767703430025
52.6422161261084
53.4642122698824
49.3999144577751
55.2724021476443
52.7848040865328
46.6326477663484
47.4931883148165
55.6864165395555
44.7063798527906
48.6509978366956
51.9144757657042
66.2353162980314
56.3895898727794
49.7078024858369
47.8256658438399
53.8943395687289
58.9025312828539
52.105263442113
49.5207416172722
45.5697285602907
51.5235587453165
45.2372544617235
49.6719663064715
52.9993458829379
51.0733488018322
50.2126913111004
45.0331942219492
48.238309188435
46.2772661645128
50.5385356813176
53.0566635585432
55.020847539482
53.1344067233523
46.6356909890423
45.6420614756956
52.8722547324942
45.2521896854574
55.8756057395823
49.7910543612797
58.877713445058
53.0331011742368
49.4157973319201
46.7164027546967
53.1325757202228
51.9760215523294
51.9832972221753
57.817628020539
43.8630995270145
49.7813846396234
53.9223199218021
55.7351812794802
44.7833708455685
49.3674292294983
43.9855382025598
55.4299822315467
44.0790756532112
49.1377653263357
49.561243288839
50.2172458988445
54.6241680834172
46.761474804354
47.7781840653635
48.7438223021578
61.7466557940134
50.1482159070024
50.7146246713915
43.9845797787826
51.3173823207896
50.2095229095402
68.8577283373438
55.7290796182447
52.2696920396714
46.3965729445568
50.6077683176443
43.045803172418
50.5666331266818
50.2733929126116
47.8960617176072
47.5462946762658
50.8790413740017
51.5235475760041
45.1470353793324
50.4373033232942
46.9354919531118
50.7982951745405
49.4650265272891
48.2136348848406
51.332210692109
45.4021768521784
52.3072873706639
48.8424112660921
49.1098685557627
48.5958189598723
53.8285005794464
45.9056404667497
47.6585168265834
44.0181747143303
48.4223837228209
54.8941914524838
54.5057906233822
48.3210813807282
53.8091291224571
47.5349743754281
56.3059675127871
45.0042072261841
47.0501341204341
48.2231612048219
53.5234204949606
47.8735539525223
49.3004581933006
45.0881628815157
50.3784990638537
48.6813287914759
54.0595044490834
47.4125894348836
55.3021859689527
48.1496459115362
53.9349444389312
48.8654861792242
45.8971487016095
51.5054853329202
47.0017580170025
46.7780642049402
55.4407581318952
49.9138064577225
47.666155099714
48.1308310291651
52.7564507604459
47.0577174096159
45.7395656382681
57.4758923969625
48.1760749846269
44.4685565412647
50.4544561398215
45.3632341280893
47.7212647448739
49.4463503367529
55.7134321231357
48.2172081723354
54.132935858196
45.5368471075679
51.9297856632094
50.5438783419442
41.7400444770771
49.5780961084266
50.4188840430269
46.3274197998065
51.2949829090301
48.0712965503672
42.9671158985323
51.5753479474319
52.3425718371987
53.5693402856107
58.4431036219634
46.3545129666393
51.8531176462196
56.1063682022146
47.9810488121778
49.5608859447508
63.3385586025226
50.00988035219
54.345507152683
47.6377358388513
47.8698564969841
52.4055607303374
54.7806688256283
49.5479205253388
50.8280183382698
54.0654000810316
49.9841366909319
51.7003529120273
59.7511769826272
56.5228260043745
51.7783952161757
45.4907383312757
47.6029272472154
53.8021929466647
65.1084605250039
43.2388560627996
49.6431884506413
53.8733715862056
54.0210538252193
47.4904335587282
46.8277613732054
45.2788771159467
51.6297372639008
50.4481872439701
45.2987179619836
50.2427612018
53.91292337241
51.0718430651697
48.1483122273999
46.0437308539642
52.4451325911306
45.8161224457336
47.8862102443604
45.7134643022016
51.9111125612997
49.4368385142204
43.8594135134091
53.0731100286571
49.3943044214746
53.8241784929615
50.4836205019861
51.0484147964174
47.9221322692411
48.065206960533
54.5128925416994
43.8500605667155
62.4987335805117
50.3476693977832
50.0998551144776
49.7587052005153
45.7804025169518
54.0053716600311
55.375293665193
48.728826389804
50.6961168787691
47.8908005749029
47.2108923977502
51.646148228795
59.1617214580415
48.6436853031627
46.0613594986498
47.0219926439989
50.6604319564355
48.0692076058754
52.0918460716582
45.4002271342639
54.5660722838221
47.5574717802921
51.4153906545104
52.1276039717425
52.407116597602
45.4119201452685
46.7701409657142
43.6638334013981
46.7082152796979
47.5173133902341
46.5011715308863
52.917812147839
57.450806679149
49.064441868824
61.5613230260597
53.7834477975312
52.9052639041083
47.619883620994
55.2062421156693
52.1963633552304
46.2886960946409
55.9030677241384
51.4689762627574
46.0527250847252
49.5936818394497
52.5746889805915
49.2842060715382
53.1921250874108
49.0494978171153
47.1121638939692
50.6376207464133
60.0292435145331
46.7204723286484
47.589316484632
46.7993194562119
45.1904790237323
52.3050207552917
61.6815445936593
44.771064545447
43.6933508388987
51.1547697547537
57.0614651785623
48.1194946721653
57.4480949458534
48.4280119726857
56.9949331397082
56.2158294095796
52.6230206777651
48.2409585906866
48.3306019649148
45.4029007224362
47.362819142044
53.0660043098888
53.2940540955115
58.0295424222828
55.2269498333829
47.0447619454727
52.5303787672473
48.9632005295949
43.2656190802332
49.9601594779419
49.761122926078
48.1332123083424
56.232464895665
44.7685510421439
52.5200699980035
45.7126723073444
46.6089634091223
47.795641932351
51.0676969891515
65.3918157793242
48.9899141270418
47.2177864184656
49.7783732589397
49.298132602511
52.5325553436713
45.3974093404467
50.1335798385549
56.0498863354788
47.1673580575348
57.386817445388
50.6882528715814
49.9347230076497
56.2528242560473
55.9577894491888
47.9385136529981
50.2565996972909
49.3822886658399
49.1349939962532
44.8087635978643
45.4834317006982
48.7511603231405
52.0937764799074
48.1161792494996
59.7076451277141
46.8108816056447
56.1254902691221
58.4574900727942
54.9421618173916
50.5529613028562
49.051895409988
48.4591744579351
60.7674334308653
47.8617919686045
50.3850853636731
49.7442356384707
69.9534951245971
55.1984372597214
59.033113285321
53.4757432670934
48.9333137363984
58.8638247547925
50.3837444967834
50.1352340379264
46.223246035193
51.7205081189595
58.6159371803185
47.9068635752967
50.6169299174276
53.313206989009
46.0340969449906
48.55522598811
54.8344830257228
48.5254228242034
46.984157797761
49.6207106170271
53.6181901096183
51.1531399498407
62.838756868788
43.7625250718138
51.6847591785161
50.4511215064532
51.1531158181735
48.7678453868946
49.2832712608147
43.0681371382012
53.3781628734838
57.3194572959257
50.9179311560455
44.7677067645812
45.6291465787091
55.6858555271559
48.4754649069081
47.8063456868693
47.7532245570925
51.6964344641713
49.4922449631182
55.7586284956974
48.2492360765611
50.9558262168777
48.6056155722749
49.9704445703596
49.3721418475436
56.7507543502819
61.9402701346454
45.9151273663403
63.3581385655175
43.9921433145129
48.6004914658012
51.8179293030478
58.866810676275
49.1950872813145
62.8969758761718
51.7041971969734
47.8599198886883
46.6532661588579
55.7796623056631
49.9585606484397
50.8695649996573
68.2205773633944
50.195276852099
53.3107953899023
49.5671504625291
57.9439249021056
50.3693626522171
52.7178678857816
51.9677675573044
46.7597048953758
58.6647185548796
46.303699371559
45.7760908815532
45.5696531941118
48.891778536068
50.8515374585944
58.0802437005019
44.4739684920285
48.7026444745081
54.7659359304831
48.3358965864984
48.1911285599116
47.5469450940045
54.7425430472961
49.6103566868541
50.0699493853924
47.3745247540361
56.5273104177077
56.0282876731666
53.0875667746821
52.7018504685598
47.4299035600854
51.8059568376236
49.9082034859157
53.2708028236119
53.9419846813275
51.0945706739733
52.0323545304351
57.71882926258
60.7112928634565
47.0959799486824
48.2132106862208
51.5509076300256
52.3719422272051
50.9764550832963
51.0834862914981
45.3463816058687
49.962901525456
56.5745072109797
49.9327418059201
50.5939350886076
49.8695484327112
52.0180559797602
51.182150488201
52.5749431543458
51.6168499866929
52.6897139069816
48.3763646380081
48.3481190069421
50.7543196995851
51.9327560244145
44.986016233894
50.7107893882991
47.6216482004848
54.6656318474242
58.4023359477083
54.5252997798087
54.6146190659547
52.7542598405397
64.5958839834599
50.302775250354
52.3396789927128
51.9650341033271
54.8134454751706
48.4770548961504
46.2449647243702
50.8400019683439
46.1913688071868
58.642343468284
46.0800769731777
51.8251756634454
49.3652974759571
48.2383774831859
46.0708976592451
56.7653489131819
49.6112985547799
52.2626479673384
51.0109030476501
44.7116220990428
49.4946404015131
53.5523671936816
46.2052086042146
55.5890085424574
56.9856549935975
43.5990345967961
47.5308077016386
52.2816287697953
52.7783497330441
49.0783345799462
51.9102258672439
51.6627217316306
54.7270786326285
57.7092941777216
51.5262614970843
49.3247325814374
46.1270420699336
48.2751549626541
53.5382858827066
48.5914268515175
46.5990180893595
48.3197385188446
55.8195489233842
50.6852509817632
53.9635777829209
52.6774250881979
50.0857489717805
46.6728226173677
53.8080835012243
48.2461904566174
45.3237126541472
47.11117692615
55.482714728242
51.0937429929704
53.9665884701384
52.0620811956444
46.9651980734984
51.9168327138826
54.1983065036984
46.1773505721302
50.980182718204
49.9165512763759
47.7697120065519
48.6444847168424
46.5580230242193
45.8227563758716
52.4792310864024
44.631172521553
59.5616737618274
55.1020384933853
54.3320845374204
51.4860802879748
53.2643344040161
48.8805450054584
50.4831937066049
53.5394825110911
49.5439344814002
57.21257417328
46.0961226277703
50.7902581633632
46.4635626634608
53.6079203264793
65.4858248447563
50.6770219580544
50.6906090082952
47.947150568612
46.8505212170083
52.861926960933
48.0484550451155
48.4243685228256
50.1120704269968
50.3206868667474
48.7886582689814
54.0337085647378
52.1072782295317
48.7369357606188
52.3425543998517
49.4526560806158
48.6492976070468
46.0314470708583
55.3998740020079
50.4114767854361
44.4820525462652
51.7913579611503
47.3813472324677
48.9521487332719
47.265647357246
49.3622488152698
52.9948986395569
47.0183583176701
56.3703365670642
48.1390823398952
45.6699419676577
46.597790989049
47.3131248641941
48.5211392372045
54.9007719458028
48.0247738334732
48.7472375762404
51.7692120020535
48.3084141051915
48.1308118445439
48.2952247689773
47.9188854447225
52.8910832757582
52.9844717359926
51.1299589046484
45.1974752915299
48.546601152936
46.7407488415216
50.4111389716203
57.1674750612342
53.6681635524586
47.3103275476281
44.4979742151437
47.8924855623573
51.3874400984571
48.38728318081
51.4037086409575
50.4064649227401
53.9210416480134
52.8019586947625
50.0119031803298
47.5041705653959
56.0943144493026
46.9120318132698
51.4154842753072
54.722124238553
47.9141624081369
55.3760310547596
46.0076436091517
51.8922122302224
45.3187679910773
52.659010881157
59.4915142417172
49.563546396392
46.3575411831982
51.663671465583
48.664795570615
47.9879823294639
48.8630541367565
53.330127550478
54.8458621477686
50.3467396156393
53.2274620343278
45.8533489459426
54.5178028004295
51.4374113616852
52.3996464920761
49.2592844329321
50.956560279899
51.4442377856548
48.1726023573884
49.3952784912512
45.6609835492581
49.1267480969414
53.4284576178917
51.2480884681042
45.1890396212843
56.7940653512166
55.7460347424541
49.3142019275356
53.585819849192
53.0281077861511
56.1627104601307
51.7101999625227
47.1418646844956
49.465528930144
47.4964388553079
47.3319770913329
50.9105058473072
54.7711841237455
47.4803350014851
47.7499560290421
44.0480816714821
62.7450627245642
49.3891050181147
50.1507165577134
49.0023354996575
47.1986336097168
46.810590717924
42.8712124989022
58.5219186715479
50.3928097038256
51.7457554146019
56.868738590508
51.22696183567
48.3671673037859
48.1731632064167
50.7725976842227
59.0719285078503
52.0373638709061
47.8523414647035
51.9880335849315
52.4620649977763
54.002257870364
49.3228874237624
53.5315656502202
58.3204742073486
47.7061830049581
48.1191567355353
48.052490807651
48.9554202462425
46.5250551600999
51.8661644294686
47.0467875154927
50.0463514881839
56.547293554812
50.6920651943281
52.1692559262835
50.3884594825234
49.2719914571984
55.4028080779177
49.1464143213414
46.5791930949861
48.3269739450841
45.0542073410294
49.6185440263938
55.4702350373298
49.1695148509905
53.6606892593908
48.4522075420154
46.4763498750761
52.4917361687659
49.9463321705144
48.3390520685041
45.1464349575746
49.5496486967356
50.3105385541593
53.508686386322
47.7722853858911
48.7664888312325
47.6557714866212
56.7303777349134
47.0806118821093
45.2495517853057
43.4042957513026
48.2637353549952
50.793192043845
49.8146026916224
47.2546602582864
53.7412699181523
53.2908892403624
62.0035638286037
46.618936816881
55.033369219976
47.3700941196977
51.4095260544264
56.7571516970717
61.1353259177592
45.9177275604354
50.1138813029691
49.8980182084379
44.542919527231
48.819159886833
49.8898524798027
46.3653176564486
48.8387971620229
44.2970958749314
48.0590306126334
47.5522642082149
46.2995283394539
50.4463800833478
47.7932964783124
55.3410874483338
51.3354647605161
48.3346795495491
48.3291889737553
54.5978261483018
44.6693032616891
48.1899732383102
47.6878914602175
59.2182103462558
45.1430214146288
47.3388388928026
63.8226744776399
46.3475106148251
53.1148374142469
50.8350458474001
53.7997395835629
54.2638110453717
64.3063259927073
52.3061605350971
55.050632060152
50.3942128685569
58.4957292722267
54.2224427442676
47.9041831299246
55.810080752804
61.2170175186447
51.6328097307479
50.8929661454118
54.6459131343745
49.2511457794496
49.9241387792411
54.7288711699993
51.4329584283664
48.1363436293828
48.9911261642481
59.0044372928571
47.7979824401705
51.5109486983154
49.4315834370078
52.6858703705911
48.2765945643454
47.1810240951864
50.4967782335806
50.184711802314
51.0363889326393
54.7021896122748
53.9395283946109
50.4973267394853
52.6449733217174
46.1803925984086
46.0350449572896
52.773731433756
58.6196121552808
50.7664748911338
63.0642609215783
50.0479165244276
53.0616178765852
48.2929304962356
54.1765790459818
50.2396988347227
45.9140282849053
55.6432372804833
54.67002384278
54.670090592444
49.0684428358692
49.3198987077661
52.1248781155388
45.9069634532748
55.0931777327967
46.9326572524891
57.2692004213634
49.7400124746362
60.6005183095369
48.5088942103189
51.5376997326642
56.3608091437867
52.4413203616807
46.8018806878763
58.2080419421047
46.5964697136806
45.3602955080604
51.6981666809995
54.275403740128
47.5670965743357
46.6501568948109
54.2048741078187
49.9159871945828
44.8621795798606
65.2230514708463
44.0840469659318
49.1642324146961
52.3794145906462
52.2089598475401
46.2182650478547
49.6822052815143
50.7902162983109
48.8194730125725
49.5850385158281
48.1420112065119
45.8432052870477
43.19322537941
49.4433873073513
46.0395110687615
51.8331234186882
56.0135112907175
42.7969018462267
47.7740266760488
58.4337255749585
54.4262619086402
48.227970273666
52.243293084336
48.0753514770856
49.905993966712
46.2813221548965
57.4413107170623
55.7220904289231
48.3006263434474
49.085821762782
47.3792432291784
49.3852884938737
56.6057150577846
48.7155482049338
56.1778278732296
50.0400182244304
54.3353536555948
48.6866283278665
48.1803222357215
50.4596315281283
51.3735140262278
53.4427851535498
53.5137729926565
50.5513654527497
46.4418250586485
50.8835976850795
49.5639134106996
51.3741528890082
42.4966230236544
53.9940971768712
57.3071545620304
50.7551700445495
57.5059573977008
50.2645330149487
54.157164121327
56.8238940849157
51.9604533723749
48.545089864704
50.6174894493617
56.3304897112226
61.1220225200833
47.0557103647031
52.0621483485904
56.8338270366024
52.474487043638
54.2419585678877
55.4121502011462
55.3275222713442
49.1527038160238
49.2101157626016
52.7006122819568
57.4216871034436
46.3113429070796
46.3782465529177
45.230423717257
49.3796911799645
48.1463725886719
52.8505179820412
47.4147192894976
56.8199973188213
52.1893059432398
50.4521004016337
45.4079601178844
52.3125643510314
46.6145380034825
47.0937014647757
52.3975111097343
56.9473974746755
54.7875305962325
43.7504741765566
49.8506122333291
51.4928524007797
45.858174212668
46.3348871125915
45.6344431942522
50.5224710595037
53.2144035267692
45.1571076833019
60.1398977612674
46.7051817386524
51.0194707674734
49.4896999537122
52.7517612268761
49.6835054407282
56.6333535214828
45.0035107081918
46.7354242895124
52.4803207643396
53.5150017603294
57.1757981989439
48.0582660926935
48.9105044900737
49.9371605726687
47.2949884082622
57.2446968633377
49.74236810466
55.0511800510543
44.7981770935166
52.3233551382032
57.2231525779715
50.7540396906846
54.6757756902005
53.1809076356329
49.8258829566303
49.8834414227505
47.1139212747494
44.477242623435
45.9870790093755
64.3259335132791
48.9776706717603
48.320156477949
47.9094839567027
45.4604742227415
48.5735429894127
51.1555039194128
61.078293320939
55.4483571979241
55.0000635517043
47.3477415624145
48.5888585550714
50.5510045436269
50.7738225451626
53.6914079579694
49.8013819478716
51.2303004211237
50.0251583866321
50.1668899907763
48.8145341621516
53.0419987638063
46.6218917904887
56.3814108182664
53.5985859242208
52.9901486410206
49.0321544333908
48.1382175018651
56.5894409401335
50.6547326040973
49.1564950831506
52.5682852038693
48.3777823334436
54.2374505870261
46.9569976124869
45.95050872462
48.7351871375146
46.761000614917
51.1914647664494
47.4568079063418
48.5022265163121
54.2771116592705
51.3123626343023
49.3996516318866
49.7914976197626
51.4263844712883
51.2928159038332
44.2005853756463
54.9153182986875
50.1227008927826
48.6334188241013
51.3750857597455
47.8494959550754
52.718247169568
57.1229366003329
53.6689408902721
47.8705110020337
47.6630822298875
45.393097472491
48.5647209873386
46.5099687780642
48.2216851184736
53.9529588855953
46.0174849855607
48.8251482626557
50.26981983892
51.0256511882773
50.9341176707654
52.6301291009609
47.4380361108684
47.2332473211908
47.4901858403804
49.6924244654845
45.2678125179142
49.3813212984362
43.224363484913
54.9875321706334
50.8947636488222
51.054234742872
47.0610050619384
57.6626793622793
48.9174526387452
49.7430017813688
47.5873834525194
53.0410838805327
51.7002141942508
49.3154571514153
45.3010692767015
55.2703427626051
49.9199316069965
48.5862841780194
53.758013662417
46.4692277507363
52.6566939053347
48.1197813349575
51.8328617945226
54.4073801332254
43.6787400162043
47.5659852068197
54.2817748523755
48.8117345222151
55.2013775523772
55.8929221181044
50.8282387970249
43.5601894705936
46.8993720487204
46.9046996377827
50.6987668965289
46.7092677286011
49.2488042992482
50.0210865564277
64.1104404923347
51.3629555026295
47.1278294739257
47.383055105493
52.6281353020054
60.0560656544082
49.0556117632131
52.3081174914736
47.6025702227645
53.3804772641634
58.4855313650574
49.8249837986713
48.1236977738156
46.6911240924077
50.8204044421502
44.1742538793914
49.1285285623534
57.6770442067231
51.0232462897062
46.2061636069133
48.1034760112604
55.3605439237785
47.1138929125024
56.8199351374311
48.9027905766809
54.0533294076442
56.8164556860335
49.0284398971062
53.529052228335
46.0651520566377
49.012154959824
54.6643500730499
51.0046977999612
49.4743877161797
53.7656117872052
49.1119229247181
56.3333002804415
53.7303983436917
51.8662390807433
49.0591579655511
45.5805893725417
47.4295613456782
49.2655448540895
53.1310324871923
45.2590803541823
49.5515688402106
48.6998899065533
58.9505534137041
49.901648306711
54.9426444585277
61.135944524749
55.014129352728
46.6834947303362
50.4276246934681
43.3850981310625
53.3429375641562
51.6928079492723
48.9891293064594
50.2162535144149
49.1409655362248
54.1197064962688
43.5804873314796
47.1205820685001
47.4890480930286
44.2636646716292
54.5163536504751
51.4793113874153
49.0698528382564
49.7491227085514
52.1763267649142
46.43930120532
51.2694436996149
49.3879893415647
47.5660095882607
51.0819905812165
48.0316140651995
58.5212020901064
49.5670536927587
50.632653012606
48.2726453942781
48.6587315885039
54.9220825619759
57.4713858610174
49.152999824906
45.4747904395949
51.8339179555817
47.4034284195583
53.5990056298263
53.2279240264508
50.0339858138958
52.1078852386611
50.3115381481611
47.194491266736
48.6867450573171
61.3580217622656
48.7167696797507
48.664918464501
47.0386673597451
51.3907627575741
49.518450260569
66.2079162040696
50.3134980726204
47.8274220333696
55.6452460206096
51.895916873065
53.4189353957928
59.1480441065566
59.3610950955206
54.6932036911455
45.6725101504155
49.657704470598
47.4180274638996
51.4297026900721
45.9684304502046
49.0541721707913
53.7374145341445
49.4932021079867
54.5124963875259
53.0393087843948
44.378581163273
45.8381595185532
45.8853721142695
51.693521230389
45.8167907730427
52.5511429607729
50.0682373602243
47.7899457692635
53.1860349325791
46.6997673367644
61.5771329897562
54.2905191394425
51.5037264156383
50.5397794031775
46.4241235162241
49.8481051528675
55.4969039822806
43.0224801520812
50.1388334493505
46.6104586266571
43.4033136254626
59.6424474084292
51.3853196767901
47.3638622378468
47.7220481532487
46.5404675227725
52.1355578412055
53.5644365802557
52.9967391994913
45.6129795625311
50.7731407722798
51.2802270497323
50.4847307100961
58.3958350521139
55.4154224216567
47.6750626785982
53.6477392482447
49.0439304397181
50.5698964254837
49.8376180825086
48.789080794346
47.4789620728599
56.4816313656153
54.3517699990698
43.908253162073
45.681315057963
51.5891292577593
45.8898035721322
52.4328288269284
47.2210318040159
55.4306565489064
46.3369932846062
56.5456093714235
48.6083280948068
49.5420362098921
50.276517772068
53.1980993558117
50.6134644490995
51.2791762014328
45.9871100919553
47.214568194707
43.4344637542395
50.0482215847404
52.0095443651194
52.4557747441492
50.4279346532826
60.6961318246402
47.1962119687335
51.6710100722514
50.7961234716274
51.8153074904783
51.9146903348795
52.9286883372877
58.0779322953623
45.357981104732
46.5195795010074
48.035618177022
52.1464618855599
54.7520491870035
52.9205982932615
45.4864863240178
52.1291995286394
59.1665122661711
52.4599179694957
49.5693880883845
45.5769960577857
49.3946557024588
50.5583982821645
48.9289897126846
45.3446476202837
53.4912948256646
52.6617653922654
50.3246209264125
52.3048900819523
45.7824066341521
48.1297163561621
45.6292254210789
46.5865489731538
62.0838289001237
50.1050451215975
52.47615364532
53.6483607005885
53.7893842424056
51.7030635251318
50.4691457778601
51.4270321134139
62.2942217954083
45.5481885453397
49.2582164511995
47.4550193609313
54.9214790311331
43.4909077866838
53.9230988169869
52.83558443538
46.7722256729685
49.8096923277433
51.5817769759395
52.5072506945159
46.4678379622822
55.962582197516
48.5192413482038
55.9188078854159
47.5553095672858
51.1268494800391
48.980478872925
52.1176626851835
55.3969653637217
45.9942307489818
47.2850709071857
51.7583740769055
53.5625048260609
54.2308317290793
45.1948216260841
46.5381453365078
61.1473300762617
51.9383183942846
53.2535212172269
54.8479784339131
46.7638238935618
50.0868978109215
45.3121637141448
51.9243892790331
56.0985073228448
58.9554409080488
57.061273525072
54.4206628388196
48.124174551621
48.3881328772689
52.610603960973
49.7176530383757
45.6566270631601
50.2177236124143
54.3140646284069
45.5232112846365
51.3595171897461
49.0699801349021
54.2493148295496
47.8247243816938
46.5477971914325
47.4722310997229
49.8396355255857
48.9523509258925
46.9810964250002
51.3815505478925
57.148101307737
54.1273577479943
54.611451694769
49.3769600642494
49.1751463720797
52.419782208957
47.8211262374824
47.5793053891618
48.923143096228
47.8001868225315
51.0700773125018
46.2092479925793
57.6763414537768
46.0948081968334
51.8140801646202
45.7045953412332
45.8186761682218
45.5448394329635
53.3375823979902
53.6458174051144
58.0361524651224
49.389208876621
53.8116240966863
50.2517157868826
59.252995850891
53.5495001482518
49.2621184817221
49.3804647623333
47.7250722880481
46.3795742971685
48.9903355075393
48.6831881601801
54.5691649605013
48.3200268618468
54.2587102356803
45.5255838603938
43.2667149781547
54.1564890388057
57.0260101536334
51.8403987492662
47.5447160842258
55.1633816579291
59.2011900910008
52.2196424544556
53.2401386035031
46.6506440117425
55.9857225816636
46.5677056785924
49.7561207447975
51.4313272971779
53.7101213417905
51.7414568721598
52.9345291221956
53.1517991105459
58.3690732143766
52.531974769153
47.8787427421105
54.2672680773619
52.4226476825683
47.3316316310154
54.5237610259619
49.4939159932597
48.9817993895408
57.2870865368532
43.4900232203479
55.2752331080091
49.69469971227
56.963804377678
54.994115310016
49.1803711019093
58.747944242709
49.1774972393769
51.9321559840274
52.3455768217434
48.8028844406517
49.019223317191
45.8190632048993
52.8514515647414
54.040316428119
47.9076267654507
48.0971107294184
54.4184379627262
48.4825496499892
52.4238099828408
57.6531927156943
48.3187456245374
57.3357026449994
49.7056816700365
53.1106601528244
53.583662476346
58.6317258670396
46.2209030126805
51.9427497529525
48.1014516004967
51.7810355496723
51.9388974286603
49.35855625334
46.3657994925991
46.4033980642952
49.3963529216479
58.0543928317042
49.4106656772286
52.8696582768714
47.1015610371608
47.4144546531455
44.8426944845728
50.7610179992726
49.1882968120827
51.0705900581134
48.9936298182963
53.122044932565
54.4020985512429
53.2017541614639
51.7868537906668
48.8406770950169
53.8421784017137
47.8137759481305
53.0017806927383
56.5947748469746
47.0095720673343
46.0035104127256
53.4545770333515
50.6160527818663
52.7698497055357
62.3782648404012
50.8707310515972
51.3374484286094
47.5028218277275
57.1299799221513
45.5441157079888
59.3329850492818
49.5711297470216
46.2421190490786
61.9097473568167
49.184178448244
46.2248343522322
59.5223066264501
51.8085998294912
52.0630990156609
57.1913181961134
46.9960532215198
61.2764383960883
44.5988181789901
46.6814812431284
51.0326342440249
48.0100487913424
56.2022515299575
48.5368294221468
56.9381811680188
50.2547000633396
49.5113229472852
54.6694896590982
46.0654737775463
47.3998497483556
55.8462386840439
49.5086855100543
49.5716961331192
52.0123698180774
53.3600439140021
52.4942012320045
51.1113699747516
51.2643263136907
50.2973521124786
49.493028626787
55.2471217026154
47.5221523434013
48.942515773977
46.4870211762737
46.9639551037828
53.2133326805493
49.8065837318
44.3854996350894
53.8467832884621
49.1119868239131
46.6779846375332
51.6842325632746
48.9436145952924
51.9593835941892
52.6256788637703
46.3155650236863
56.8877498978741
47.9665366423317
44.6081712992999
58.8041615399236
49.1444932992964
44.1960774363943
48.0646994235008
51.7415702283393
49.4043365491577
52.7343438775464
47.6057242389845
50.2933913024698
52.9653225436609
45.4532396956673
51.2249284690566
44.9352860840556
45.7037797285395
54.6701207670691
58.4134522300182
53.483823008334
50.0780231214341
48.1301523511556
45.496781519717
44.9075924429864
43.7779274960823
51.488792852721
48.5683143650519
49.9155537775882
51.7248410975819
48.5216659530759
45.2418988648256
51.7891889169357
51.6851380241587
46.7763075240067
45.1545211341679
52.2340289719335
44.5499192490064
52.2433091859424
49.5466572557788
44.8694970457938
48.0937012019217
55.8951762963313
48.7266218694858
52.283257044995
53.6980589105161
67.0183436456072
46.7499519040039
51.4938851097318
44.1986962242394
48.8784321878057
44.3749483398987
51.812096204131
53.8176044855768
45.2807097436751
47.1706351780564
51.914007600549
48.805767872266
47.9346873785622
55.2094914616087
47.2174456280889
48.9583336758594
52.2574747481325
45.241030583689
48.5485597057841
48.390770256711
54.0827591777826
51.7658275572157
47.6910829837791
48.1003930323567
49.1059742509209
53.7496035008552
45.6709469858936
50.268672449807
45.7750445147589
51.2034796785062
47.2589787850685
51.7125416146545
52.7715295554738
47.5207851277743
46.5169005213968
55.9409027336141
50.6379203785879
43.8681002729647
50.6180140133295
55.8626867127636
48.278793531263
45.1931721179733
53.7137470785482
48.8561229309549
54.8185816132005
54.2025782054176
46.4807488314888
48.1352532652418
52.7384527367433
51.0135672018377
49.2198021941705
57.3085881503246
44.1335414128878
52.1442042806515
48.1675337865521
46.1565148811605
54.0175884159593
45.0018363423365
49.0191199840281
46.4913179215878
51.0133512735842
50.3367528662981
44.1737643960272
47.3071337339147
48.4269960286245
50.3509801472058
44.5259768261853
50.5483963647147
54.9514126198304
50.4860055973929
51.2248015410367
49.4396114172375
48.0881568370837
47.7000577281531
51.188321168851
49.3738903918987
44.7729223061767
50.9487835011825
51.8489488517256
49.8835993986843
51.7009636324274
54.8332047349498
53.0923622015455
49.5235822870938
47.7472030580606
48.3484639871977
50.8526298552088
54.6845886611333
58.4519158272863
46.749894640341
46.1763967745741
46.4604455422511
49.260874350033
56.8907863352102
55.1285305309792
52.3427577275441
49.5478697826801
46.2821391720241
58.1381485400259
52.3778866645694
50.0083637547854
53.8555626653038
50.1588760054375
49.6374994068213
45.8744384710791
59.5118233073648
45.6053822677919
48.8780865083121
50.5844248956686
48.6377776135473
48.6740945975733
49.4247620785467
51.149980564762
62.5527223697132
49.263954571037
47.2583523385307
46.7184011353454
48.4899331288048
53.8003966341502
43.8343042124369
57.6979120158341
59.3829208888609
44.5709625169235
45.8063740536062
52.3113762385193
51.5014044232649
48.48968024158
52.1653962110564
51.395504179251
46.9913476185223
51.8126115593253
48.6348132841728
52.5176138426135
54.1813555963934
49.8256308214804
51.004490646076
60.1293289911846
43.6939770692011
47.8394595486025
58.3651073904394
45.9718602345483
51.9674000643153
62.9679074969605
47.647168251693
51.1464264580011
48.5184158077801
46.2246509735512
53.8254968772526
44.0957034382793
51.5186612808885
47.8225094922808
48.5129228585699
52.2771865800588
56.3213033142765
54.0228421588156
47.3016947414846
49.1151563252558
55.7134548578641
46.2933381105501
51.1109948630575
54.2930611970738
50.1271810355435
57.88420128648
50.8905073336514
44.4432818974921
46.6049756388209
52.6256674572413
52.7142588565358
45.8675781430066
51.3034207414686
55.906766728206
46.0208962888652
56.3816238228041
47.6796886117103
50.5092528654487
50.6830131059804
51.9891275372622
56.6232201233098
48.9051703332994
44.5158079308402
59.8161311843273
47.8230525356754
51.6206211853726
50.0544874704656
45.7758580270172
50.1695400562858
48.9498473210577
45.1384108124196
44.3799585932054
50.1652966877632
48.4820951839573
52.675236125983
52.1184327844949
56.1071030487701
54.2547663346916
62.5846499642368
53.3965262068528
46.5175622096571
54.2781125816434
44.1088142413379
49.8332574667732
50.2576882317676
45.7047473120997
46.2252740160844
47.7887828574379
50.7051857608677
56.556692666303
48.8980346874751
49.6453233507908
57.7652016206728
46.3281518669406
47.3051818254022
53.1587457870777
48.9546651847771
53.1318672804749
47.2531161000067
45.1563748597428
50.175712466408
52.3299799792981
55.3996986873017
49.9231863661162
53.323561797145
47.8011472468858
53.8202884054849
43.396301362419
44.3565140772939
47.0676631325116
50.8552258323403
52.3837315600919
47.8098950686872
59.5182276359833
42.8835407281306
48.7883510890941
55.5023212759204
49.5403504088059
49.6790605165322
50.4114948475756
44.1825355775175
53.4957874551277
51.5200966646299
51.3873602777084
52.8708214729712
50.7571360140365
49.2662511987068
47.8768615401399
51.0094824889579
51.7099621285125
51.6139173086515
50.6461796840947
51.1908024233089
45.2583125324291
56.7486580323739
48.1796795156915
57.3519348293973
53.8900457735551
47.2005403579947
51.2356850348682
51.300060050987
49.9862931076591
46.4960486671836
45.3094733395313
53.0413978976456
47.7829601842382
46.2175277375714
49.4695378542932
57.4479908583339
56.1658217910172
48.1305973003883
43.0819026063196
48.4465717115535
47.1740082489603
51.1400117588372
47.5706781926909
48.747253615246
45.9666326616342
58.766234133588
48.5400822382458
46.7454740538924
49.423580187555
54.6833454162919
48.60884803455
55.2762615262426
47.1090907628401
51.0514820420492
50.3224047971916
49.1934110274764
44.6590218835375
60.0246193465295
49.3243202647644
47.8506041141402
49.2141333068446
50.8587149753678
46.4666684034285
50.3418112827382
51.0762572522779
48.5489934312279
54.0212193400614
48.4960259912315
53.6437187992775
48.5449598821534
45.0055094939191
52.6243506728022
57.7758334004442
47.8877844691298
54.4516669770265
48.1360123165286
48.2501822670022
44.4411950346203
49.4989735960441
45.2897278806441
50.1312580008127
51.5988970939792
46.4514345400684
49.7757908855863
43.4076326406116
52.137610844844
53.6841447631165
46.7141763843827
47.7497143522453
56.5139486466266
60.6262204976566
57.4746105444099
44.6131033402169
50.9137181362254
48.1552094993713
50.7630897838356
47.3536526133207
61.0063985526305
49.7199270023312
51.6935228557921
52.5160341471695
46.2697403502082
49.5063160436604
56.5517022552134
57.5639580751239
54.6502100070357
62.6929679441144
50.875360870774
57.9780280406253
45.0665240737129
44.0319879003706
52.9127064791839
56.42739052942
46.1479653054005
45.417464291077
44.1062049794526
48.5753966970002
47.4926351269604
50.5251609633394
48.3525696535972
61.9704022706039
54.384911963467
47.1920607817351
46.7305918082582
44.2773269025546
42.2474257316874
52.617964024858
49.334240348937
51.1868568852212
51.1327685591969
44.7105615538643
59.5275965248298
42.9022825412963
59.3405510217798
51.8661630340148
48.4320616498609
46.0577384917295
49.5074677397842
47.9978751459761
54.8145195690163
47.7535710581763
54.3319446432997
56.1011645890604
46.6338944363913
47.0934769308713
47.4793673285333
53.7302867266299
51.9235683904405
54.7322269941869
49.1003076067303
54.8907219118521
46.5441067485476
49.7070091222514
48.1062262235186
51.8136564755792
48.4420423358062
49.3751946165334
55.5497734638824
44.9335198618986
45.2642342823323
51.169287554098
44.0501544708892
49.2764389222251
48.617288027201
49.703058756958
47.2255125905596
50.7147338949847
49.3464147508679
52.7930024943972
49.5139954454195
45.3107546993623
50.8804630161854
47.3576902797626
45.9523343819247
49.451252075476
53.3053854389058
45.4718168995844
48.3260810321367
46.188424384618
45.6037540389981
55.7224925531881
52.4377527469606
48.3713999957736
53.2064628798464
48.3760331516817
46.4192374020026
47.0766882248717
45.522375656741
50.1253907016325
49.1925700523283
48.099884150987
52.235939515594
46.7947902674258
45.0024782775963
51.6123716192424
45.4746025557564
61.1315484570932
57.4886521761909
46.8018261910173
47.967213161907
55.8041957305612
45.3614383056502
51.9239376316512
52.3708111036692
47.1782885003788
44.2826409476042
50.7346367186412
48.6649694765473
53.6420911573197
54.7513650057461
54.3160015101826
53.9787391880877
47.5292508480629
59.8754869190966
46.4942083589085
47.4255202224079
50.4821887375092
51.1219360089343
54.9796536743429
51.3472437673047
50.3604751753712
49.6713452324864
53.1510932472452
51.8285696773939
47.5695273094389
44.6318532265366
43.9438840288247
46.819232446526
48.8298105326875
48.3272146995616
50.4339908955382
53.7904854734236
48.9540048029176
50.1901135103401
45.3663598104368
47.2568973413157
56.8661217436189
51.2925046252171
55.0211491525069
46.739540365221
50.9749664506357
47.9312529995256
47.783184214972
54.9835357185711
59.1570705224521
56.3123604250258
53.2311602703141
43.899848522738
52.9277561316158
46.1269705106325
53.1926716130731
51.8173025979449
48.8585877430273
51.0678923315855
50.6090829710477
49.1951940454669
47.2199112306871
55.6616108966775
57.6687330880741
54.7219218462797
45.4253830565117
52.6146953115229
50.8472918321154
52.4550415118182
50.242139376332
47.3549160610854
45.5911901798659
50.0938135447296
50.1872288445933
48.3599070472773
54.687277568888
67.7125700252583
49.1759645418075
49.8976924409337
47.8401307687553
47.6615347139348
49.4820950457689
46.1408127717937
51.4187110792806
52.9324274060188
45.8137498956124
45.9795073557354
54.9298407234864
48.8644792850055
48.5902273396457
49.063896964844
56.1288707739938
54.3122597778127
49.5834452304345
57.2644924613007
57.7420282897275
48.1078144322768
49.1446499244539
49.4274022980404
46.4066122253369
54.6413534433869
56.4054305479759
50.0682092993386
58.3528717058363
55.967608189379
47.4827344883347
49.5810522720698
54.6404095910488
50.2751376534701
53.4777929926075
50.7292550921211
54.7703581684025
55.7102837928845
50.745324772322
47.0624282978726
48.0721109256425
45.0893326586888
48.8426754693298
46.1945315780437
48.7481884488317
45.5288121493503
50.2372631863162
56.1273883157581
49.3895019007903
48.1925382556633
42.0911511532562
52.6169732173303
56.3939223747613
52.5948168161632
54.6059213229688
59.3799436855034
47.1556824196681
53.3748329102295
50.0540566832628
46.52702749479
48.63872877391
47.0064026040176
53.947434747376
49.8008546943143
49.4902003919521
49.4375387483359
49.4066402466662
52.4384891380816
48.6835011033081
53.9981634538536
50.5698125521785
51.1698145727107
50.6578060374911
47.2300150161788
52.6942669519725
52.3640826215724
45.5065039145879
47.6717244672827
53.7214608047775
50.6339426137534
50.0364231375697
48.7464931860306
54.3263907454286
47.8453125058417
55.463966226311
46.4365360776811
48.6456281040486
45.9517493897279
60.1548590219496
52.5583156931747
49.1731629672805
43.7154829434454
52.3714476622561
48.8467780389155
54.223172145857
43.0616681623786
47.9060915607865
52.4178256616557
45.7149079969574
49.0160123999684
47.5859999395627
53.0878713120094
54.2291108818356
51.2271050783768
50.0042291504453
43.2334223803302
50.6884947262356
57.887423544667
53.4037460842993
45.5057456691174
46.8539259214675
57.5806818399589
51.8031322638439
49.2039940919658
48.7748232400193
50.2765144493594
60.080174807974
50.9739212958462
52.4593741850644
49.4370392249696
51.4381750603118
46.2627703747259
53.2948950416009
52.3453872046157
51.8617058314022
48.282126134228
48.0547623981496
59.442023310148
62.1638941398271
46.8383317130028
54.4830375992711
57.6428349036844
61.4381656031934
56.952017836657
62.0338732376299
49.0243199763937
46.945441855632
53.2449539454346
47.0598083138818
52.0611870955084
42.7837229351122
57.8500811627144
54.480152044262
53.4346896333938
47.7114729549573
49.7055221257704
52.7612626072108
46.3879025220923
46.5596466068154
51.2617213838762
46.5607372018511
52.2775946815425
53.6770296702837
49.9882829612555
55.530484691731
59.9675009148447
51.5878805431633
47.9207963948347
53.0933284407775
51.8512498489959
48.9724733348826
49.5761130345535
46.6139480074086
49.563431380469
50.2944275674439
54.035087694772
52.3618066844299
53.3343412641465
48.8670987196929
60.3300181634427
49.2900551775397
56.6829058314672
52.680982239817
50.0138448071738
48.2243026457841
50.1686111944708
47.7666140745771
52.6799216479854
50.8949993227246
52.7911864221844
53.551171199297
51.9333151344697
47.2593716905542
45.9579307739377
52.8656975460349
49.1149887236278
49.8610314709532
51.5152879730496
45.2602368252162
64.2243432106086
49.0773426625534
48.166766995421
60.5398213502423
53.9999778700461
44.8964021561071
53.2681674683184
49.0050017466134
48.4029183552587
45.9437122786113
51.1630028881625
48.8511302591026
44.8928680461557
49.9600620133073
44.9251015762273
65.0494404874154
42.8554242147729
52.7466486865385
47.0837331685473
48.6974535248764
48.5738196415546
51.1685672476154
53.1539939796836
52.6502831694748
48.4377555834193
46.3891616123129
47.3200833826464
49.90205740674
48.9221763353142
60.0889510101837
47.8432561115392
46.8947148702657
51.0577884478201
44.0642176579546
49.1466245897005
48.7689697957563
53.1589377354468
45.6470550367818
49.7803645765851
49.5491213764052
51.3455895551244
48.4212128816093
51.9821613637774
47.1105485921157
49.2711042568065
47.744807317878
51.1096951837077
51.3483275311693
49.8198605031845
47.382387789882
48.2079646348771
54.3694709794068
48.3259027447305
56.7851317948374
46.2845150200261
45.1069862855915
46.4553371292657
54.3089642828924
52.7925419232792
45.4452288166871
52.3136867946597
46.7601818931154
47.3093415636858
51.413495756406
50.5726653957979
48.5824563028954
45.3997252278975
45.1331717797293
60.6756520846061
57.0564852511243
50.9963016249162
50.8861265086299
45.3003703979576
49.2060084505375
53.675189994113
48.5433172708596
50.8552272971682
48.1294352273855
50.261272813442
51.6836376446497
55.1680503807674
51.0731151843702
53.2987296810436
48.4329867616515
49.7748080473603
47.9480931525409
49.4675899065537
58.3014244748022
45.8863714641801
49.9580427951735
56.0834736678964
53.7480219101063
53.054320053292
53.4881121652708
49.5816548663095
50.1899798894222
49.2707782075008
46.7991977621519
56.317374887737
45.9021315060122
55.9718569737495
46.0413504462432
48.2400033035869
49.117790640361
56.1062460068002
47.2660845319355
52.8775118949657
48.6546416144291
49.3575832265154
46.9545245332945
46.6258006808726
50.1078482557232
46.58636555541
46.6157364851178
49.5371667923075
54.8561470071886
50.0594397939494
46.6249361490093
50.5096076096332
49.2339204975271
51.9009895182223
48.0698168808631
46.6357831290246
47.2745013034838
47.9705446515032
44.7543157780978
46.2550956390896
45.8035270173362
48.754771950351
51.5341353056219
53.8786398906795
51.3827724591777
46.8728709434849
53.8763618040543
51.2287542319929
45.2360717148455
51.7325116103706
47.221403914557
48.175352650869
48.4486148231957
47.0043644647563
54.1556636043071
55.5885415015403
46.4054178323795
45.4748598683026
54.9309143261294
54.1840253086825
49.0431872884841
56.1442786560988
59.4416671009734
50.4179172098127
49.9171684890148
49.1350367294613
46.5830723493188
52.9733242122336
59.7369786987661
48.3781811664655
47.6779472855733
47.1032022176123
55.9822666480066
48.035438346272
50.498999204681
54.4369591148467
47.918656882301
47.9897533224583
50.6077556749228
48.418153719845
43.9265769429552
47.6220842035495
47.5342333469797
50.2393393280686
54.9362810265634
51.3740176943704
55.7746214794844
47.1626941445498
48.6153091977634
52.23338527309
51.8982529737686
46.6779069104253
46.4484101199775
47.1063409630387
47.7780643438185
52.8350298342999
46.7940981663317
49.4996076624013
55.1451767646554
44.4344829965183
44.3579688575562
50.2329935394603
42.8784126290697
49.7741358231554
50.9104402981702
56.3004140529316
52.9223083422088
54.1587437446204
66.6378807147789
56.9824071160566
50.9305608582257
46.3185597248985
47.2208197852884
50.6852093179218
50.4812734658682
54.0602851708687
64.4167293640767
52.9353849543154
51.3350314874713
52.568691219314
47.4243693008122
46.5727091670658
49.1018466881861
47.7286815559699
54.1464025521866
45.7047525914517
59.5233338823698
44.0353954366636
52.7619248529669
49.0657398948178
61.9144679245297
51.614279808914
50.3009306335028
47.8086988671813
50.2482848501994
55.7144855388238
52.2069995190597
50.4919492680834
48.4656781902742
65.3308487837503
54.2496508226291
47.0959466210582
61.2739235949628
53.0133819798265
48.7484906792286
52.3047139953355
45.2954307085666
56.6245996969252
55.2976041010835
67.1235315910953
60.5279881337057
48.133314455153
62.1782248075881
57.2217926408588
52.3746685213575
48.0151669444838
47.3661411645513
46.9935191642331
52.2356263546888
58.4235850004398
51.6061855790903
48.9252807569899
46.494959092874
45.8904854400888
49.8106018638398
58.5646719192281
47.2631237798038
60.8720250098032
54.0227397078638
45.3684428118938
49.2614079301553
47.3579715011299
48.7779140408434
50.7314514772299
56.9458607004656
50.8817934127415
47.3023840623163
47.3572523151531
47.2107778971835
46.0201680132904
53.8787192646196
53.2681321556866
58.3490106659686
49.6059607316289
44.6720005751663
49.6264927540088
43.0610496295635
53.1361888501653
59.4468320578261
54.3137583048082
49.5418825749372
56.4618041964438
54.5114982573568
47.6385137812427
56.6790396888949
51.3035332787556
51.1948367708225
65.898633061355
44.7791633404356
48.2641071627962
46.7825836744842
54.3897918728306
55.5109682873789
58.255191981245
49.5152822665774
67.6488329406058
48.7893810329137
49.8613652271692
48.7006859922888
55.1541210089819
47.3601518554418
52.3247563914245
50.884515214981
51.0159136545585
48.9366184717385
50.6952734175949
48.8074345101641
