63.0749143397913
55.1541071337975
45.8695331564556
51.5193426902007
58.8425218299733
52.280049820865
51.5969835118936
59.6771002975616
52.9338769496965
49.1353658738938
52.5582139010915
50.7359938825539
51.0498184408873
58.719961046215
45.8751347964512
53.4978704204325
50.4621504854028
52.0650426638963
50.6948550713557
57.4589503049914
53.7439239617589
63.3432624680324
59.3339156300066
51.9127036812655
50.8166274992046
44.3315221112173
51.814069725639
48.5609445468755
47.2027821447174
58.6975548086575
51.6816144985233
51.5277416800981
51.2484085874112
46.085633272022
47.3864614564775
57.9840939138398
49.726992583162
48.5715922457545
56.0865085102017
50.5232753011467
52.3462324894566
51.6111763549869
56.9521552638127
58.5014101128469
49.3947218702984
51.3341083433251
55.1528384118228
50.4385990497776
47.5974700897169
48.9278452587713
50.4889106931222
50.2327364595629
50.9868217971598
60.7264111849981
52.2155978862317
48.84736722164
53.224579676849
49.2008374379064
49.9152524471479
49.0287673937167
49.9579057194846
58.0974702830177
56.8220804219189
48.378863646935
54.8686184976698
52.6812917647143
66.9529075165931
45.2407616839503
60.8396867136676
50.1526178310826
58.040233902411
44.6325480774648
51.6666471786278
51.7289384450741
66.7525000582438
55.2178847576061
51.8125188489191
53.0613937106107
50.6872159762108
56.518819806224
53.5068933606705
53.9425671152373
47.2134826729216
49.3637719808446
52.8884016502104
48.3361820120944
54.2368380515437
52.1420548232438
57.2288559579152
56.2933218610933
44.3502167787943
48.8328994488385
55.333484289029
52.0717923281103
47.2128603394607
51.7310763670551
54.4256702588249
48.1959481522401
55.52462261843
52.9131801690324
53.9138644294501
49.8426043713547
52.2319583788019
44.9208734075347
51.0683131129088
44.6895820385781
58.5409482995642
56.6425671847266
54.2627261639237
53.7562925482114
52.0132274783531
52.8414313534398
57.4644834038068
49.9648197390376
48.7272876001766
50.9477832637591
51.8583310167653
55.4796847109978
49.7766993203381
56.1660455112383
52.0142803304907
49.043627814917
48.588320430083
51.9140493946139
47.4288528997282
50.5107370958718
45.8282044919656
45.734487561301
53.9474134181896
56.5345930369777
50.6838933453883
47.4640479228204
49.9711436098202
50.0688400152615
50.4026035678155
52.4829717346239
53.5622766189413
51.8406867503621
50.850307225423
50.3576798545451
49.398763334317
72.7213146442921
54.4114169774149
57.6108043196449
54.748570247689
47.52248778885
49.5318409972756
56.2764297692145
57.074854967102
50.7438425619737
62.5191773164291
50.2924590971207
54.0854341582435
46.8520512382155
49.3779542285978
52.0032792592832
58.6403884462461
48.9556892010781
50.345183203238
52.9351768968974
54.7908099947146
48.0987473296646
52.1434832242684
56.4091403143851
47.7702995035796
50.8565443790593
54.2445817417911
49.1215326482553
54.808469766899
48.2458222578283
55.6084147708256
49.0156292969879
47.5859282373675
48.4348563138807
46.8681560245541
55.7792132973506
60.77967031566
55.4804645737871
48.2385017406695
62.3081000984505
58.2720251618705
49.8269881204806
58.600795130658
51.62709709735
56.8532863441433
49.5007993891561
53.5269131683307
51.4522874684285
49.0698441434211
46.3480699008492
56.2033349352706
51.6085658282222
48.1933736993975
49.8102602220075
54.7568519725908
49.0154117116643
42.3905228702316
57.3297582515724
55.3184770572257
48.3775879985395
51.6951166225102
48.0061701589714
55.4846895731252
52.6461907546069
54.4236704697216
51.647462804751
52.54441897653
51.6236569501036
49.6152410579257
48.4764345489961
56.049840516342
43.5414586478073
46.6619937976681
52.0666749026954
47.9005216990999
56.0065133453994
52.6012071902856
51.8363027078887
62.0809148816466
49.3363960324646
56.8143516247479
51.7895458955224
48.3783233615757
50.1149556640016
48.7947588060621
49.6340187732638
50.7628943988265
49.028263533403
43.0968665362391
49.1125980279115
48.4787101363839
55.7679325616484
50.8351755247708
46.5760027331609
47.6554018676151
59.6512559861966
56.7064044362951
53.2771860525528
51.6320462813084
56.2680549369201
54.5184532891451
45.206579531508
47.837700720322
48.9644073216316
44.4096433183391
56.9785952217783
53.0909124747375
45.5537624245463
48.5576039278081
50.2537754024061
46.0032346274029
56.9103872409339
53.8680199080427
46.8974302717502
60.1482938713379
55.5926904423546
56.5016530450629
54.8967076367324
45.4850558196384
47.902899188385
49.6855532042116
56.4581431154475
49.5687413761512
44.8709672552415
44.9253711539026
59.7143271489119
54.8496499076634
49.3660397274009
46.0943782434742
49.5822568472185
44.9957148486748
53.4254622134444
51.0683609519701
53.7904948262223
51.65532578333
50.8957205432883
50.8164351613603
54.4795575802972
49.2797090292391
55.73360196859
50.7522450896778
53.4116050420724
62.125500980602
46.6385197865641
53.6313547701354
54.9572971106283
56.1923924614843
52.0504295328196
55.185701851871
53.5247382422331
47.7331271946355
50.9572101408281
52.5697778629174
50.3991153736931
53.766547227694
51.7889086039514
66.8070141759958
51.6915191368331
54.6674524908346
54.4250270101827
48.6291647860735
52.9537684492896
63.9928815376389
44.8802614362697
51.3902219775022
56.1567005718996
52.6527786048331
58.2134334965282
64.6112195682194
50.3469901713009
46.1237613848251
50.9466336560242
46.6702765785866
62.0688044199724
49.09072864497
52.3845629798063
61.447902786991
49.1297319649968
53.4537851694811
50.8962261869319
52.2987359701093
48.144089827278
52.5725808764802
55.7094499521937
59.4274817209536
59.1556526412305
54.6590856638038
46.5003252999618
50.8617911323838
55.043738313666
56.3921197390459
51.102189158113
54.3354237190747
52.0274650499856
49.2920155255384
52.9663164362526
50.7844295754915
51.5960584551833
48.9035509047629
54.7787462192778
53.0434417375814
50.3490249716825
51.7698876709316
52.8318450731484
49.1823875325055
51.3010469596613
48.2496105591223
47.6363394600781
45.7021137617924
49.502869457236
46.3378089184071
56.3564477064074
49.0279954465918
46.0166328545657
52.3798646398019
50.2074554558625
53.6300094240828
44.1148680105351
48.0091951519172
54.7393058056991
53.7125385804049
49.4539119475518
53.5938500049592
57.4957691386717
47.2466638320979
61.0975125388696
49.0800747471155
49.8686919275229
54.8576872181933
64.899059140488
53.2025668730176
46.7959735628885
54.465356700855
47.3320038898778
49.7403748166183
51.3999425455823
51.4873880104706
48.812933540739
47.3451524813948
52.6402427884538
59.3369442569923
50.3694945448487
53.4436780146607
51.0947390619178
52.2764358454667
51.7387627371127
51.9287623733035
47.4085385182447
47.8561883583685
47.2431278582853
53.7510044299499
56.0275599488044
52.1450146233241
51.9637173069231
52.2902705357741
56.3749435095456
51.6688374930275
53.6912465509269
50.2490867869697
61.2488521489826
49.4727939341316
58.7449928474138
48.9467663024311
52.6262914351625
47.5378955367882
47.6255597793702
47.394845309652
50.185443915691
50.3959717554868
58.6471816853836
48.8282298917262
51.8426157827544
50.6803846580216
48.0253328258647
60.5606322972308
54.4176546064003
52.7220001843912
52.6724981351337
48.9392727424286
57.8241269623045
52.3559191144406
60.7229210554538
47.9537705104261
46.6101085869452
51.7026912843682
51.8606560775456
50.8300543492713
48.2520837120488
51.5295899937908
51.7958206995925
43.5687747442225
50.974304841284
50.8125645608197
53.4098716917886
44.2630195037484
47.4434160704607
49.2876720673603
49.8126750346838
47.9853184927042
49.0481169850572
46.3212237877446
53.8951397707504
51.2660094034518
50.5354291224845
49.9595133606294
49.6227319798615
48.9770938197164
52.2526962229367
55.7798860702202
44.9753373437155
57.6013728334941
55.0489351957551
46.6747771782934
51.9250680320582
53.054808025462
54.736206438645
43.4915377620161
49.0588827020554
47.6145589208428
51.4449354931711
52.3585649878572
55.2073502223963
47.3507571684334
47.9717295298588
48.6140076451156
50.1310752149289
44.4568871566374
54.2580754952607
54.4522136707831
53.3304864488444
48.1285282326084
54.0842685475259
50.7943896552148
56.8986846462058
49.4741592871407
51.0118149810851
49.4203853628633
56.0179881087849
65.9019832710266
50.6112150334028
59.9067416034021
57.8675378744897
50.2060427462593
55.5902488664373
51.923167727998
52.8855733792292
43.4811201817235
60.1430738591298
49.2102242412375
57.8230129094688
54.985866495371
56.4707171683491
50.7247081504899
51.1224410462512
52.3257777060114
58.226727624044
55.3938262216234
54.3788794983732
55.0111713275487
54.4669786471671
49.7661864514567
61.1735890303188
49.5808727780192
46.4214067739511
53.6366260491257
50.3400279600549
48.5257386689537
45.3342004545926
58.2584673950239
47.007049211549
54.7697619267932
57.3643085051685
49.7613311402661
46.0067157936054
72.9817892613498
47.143613650491
48.8985261583953
55.5279606616908
59.7279479604085
51.705653696646
50.3515294085219
47.0357660250402
50.2858391295984
46.8013385893873
58.0706596753791
53.358119760195
53.876117124985
66.2062170815356
49.9548762303778
52.6790730029839
52.6342008337109
60.1925238149201
54.0057195858189
51.3797739283194
56.3803780061466
49.3708238008531
49.3113772910783
47.4724816225471
59.5265643015796
50.1405721977862
48.5854650125145
59.6310702341695
46.6510485709462
48.8167849473983
46.0668302048569
59.6227752068191
58.1213347253311
51.4889269116244
58.2746813577568
53.2177439924824
49.3857237141985
59.6281830960439
52.9472131348336
50.7807345106273
59.5934911940068
51.7943027018148
53.123975743289
52.4786624695574
50.3358584290668
50.1999879853977
59.767695148618
55.0962679796131
56.2936914841474
45.4757595936717
44.4886591994267
47.9551509579338
54.6445971827018
55.5672332026226
57.5473642157102
59.4336923374965
49.553869454527
53.0290862288187
45.2472543147697
56.26142445957
53.484443487541
52.6030697839306
47.5035685962023
57.3631515067347
52.5846691393944
55.3293233343728
50.5270759235674
53.0283165998517
57.4166702442708
55.5057122262078
52.3437197268845
46.6601789491502
45.3624221588124
50.2144160693905
47.8449035751516
62.9519391316235
57.9810582313885
51.6062955852422
54.0119906747515
56.32075005393
48.5869960729942
46.7233156173899
46.4422641981093
55.5313129172549
46.2754727755222
62.5772758408053
61.7729992995682
46.3433821833595
48.1601926660487
48.5424754874985
48.1342516698211
43.7918513235441
50.092042859215
55.2039569497194
52.3600104873877
52.9049475609804
51.8990849476733
56.6229518506779
59.4764099451064
55.6366661789402
48.7035379636411
60.6922057016722
61.2189246344349
48.7061963194866
51.1820805317931
46.747288511746
44.2191461413997
49.8933566389335
48.7894421662773
53.3022003180853
49.9387549883324
57.6700858044747
51.6493480763722
48.8092371487671
46.4141292783221
54.2454154101125
48.130159516786
49.4426909320268
49.7304651546641
59.5719427930809
49.843333133774
49.1095814699232
47.006989415276
53.8759606337805
55.769230110784
65.5179928202623
53.8076404795901
54.8047546688704
54.8964501705496
47.2102577200352
52.8362373110172
49.0149503867099
49.223537041917
47.2874996120988
57.1122902079262
47.0174589803706
49.8243831897244
45.1349386901747
54.8521321250913
52.5401088110405
57.2724459119374
52.8976535507871
46.9162139445352
54.7184005294989
55.8759064690967
53.4665725552111
51.3584172086753
46.7358691983936
47.5415944400444
50.5763925972507
54.0527149918868
44.0026904775617
49.1977649482632
52.4083458591589
49.206213733881
51.1696091152145
58.7800965648178
55.0102107968521
58.4973355827604
45.405623670865
49.1277742066924
52.2247734524836
47.8752820882301
58.145929522408
46.8433409259518
55.7726724317643
52.0121914908517
47.7598819974083
51.9942483965503
53.5947911906853
53.2830986461506
49.5116100952278
50.4014804609691
50.9567903541171
46.1914818415716
49.3209325419806
49.5938374407985
62.0318592564608
46.6555967096843
57.0882940949898
52.1752188911952
53.9549687436997
50.3352469659209
52.0101127898106
50.4864130279492
55.5595960443819
53.5039309705544
45.7155521845531
53.8828099731773
55.5713566529642
47.5230371834408
48.5727510613441
57.001349972882
50.4440913140008
48.7874525140837
51.7718146813859
50.9480478573544
57.6940513970205
56.9785365923351
52.360640853915
44.0050222806353
52.4212287288174
51.0051812939766
45.5967340628528
52.9940368475085
50.245162202769
51.9499662951304
52.7327325053393
56.905748358515
49.9725951244161
48.2178609812712
59.9492948812408
59.6460005852666
54.6829667025392
49.0641529187497
52.3907722297578
48.556589102521
57.4319647451325
51.542865068116
57.9155521898962
56.9243913184424
53.6917530032488
47.6010485042167
54.5250302197895
59.0867632715804
49.9719639836806
52.0668444971965
55.2140981936014
54.8909552253096
47.9192929656087
50.4793272862263
49.4172142332713
51.0999968377168
46.8303734058437
52.9368364108166
49.9875569450312
49.6842879372924
51.0347354622855
51.5551274180929
57.1647274673016
58.0174002912393
48.6244265775607
55.9578434721551
50.8172860517618
53.1955492353146
66.4582022324426
46.141449561461
51.5980355165334
52.5386400432141
48.0727929931439
62.0940980080545
54.7720756461954
51.7210284829153
59.9933044339559
47.5053935949017
60.9172114634648
45.9277887380365
47.4738770114404
55.7831046476445
51.0425565678719
65.6976317199113
43.8345585899566
51.918052918598
56.5768468314963
61.1424177880136
55.7178504769876
47.5720700560588
52.2209409565406
52.9835960865701
46.3149282589163
51.2839048711217
49.578746449587
57.8837584790029
57.9270347349025
49.2653508854038
45.949454837813
48.9380447540103
54.6525859064344
48.3306410081904
48.5618912485209
55.3878910941219
46.6014028939394
53.8226667979294
43.3877729247123
50.5663257124793
56.109221356339
53.6628377941819
45.8498855660345
48.0990195191999
56.1330735740398
49.5870153752255
66.5234751115696
48.2230068224659
48.0006969466421
55.2383392537952
52.1083898202819
53.0335088987747
54.7343815917597
54.4951389839514
50.5786892643087
63.1091015430916
46.9862485821359
43.2291026428604
53.27070554452
46.817229163877
53.6056816307391
50.968235931606
57.4624372476309
62.1820433787116
51.669893258137
50.7018866455106
47.0805220144073
49.1783407370068
48.9787798618059
54.1253538146041
47.8372651060354
53.6746164523343
49.6173548734021
53.1065812759513
58.7558345724184
45.7884835989834
65.1099363094557
57.2007650680102
46.4727544163053
56.1642355250282
53.822392988422
51.5494710972762
49.2951627880093
49.034304563865
49.229736798129
60.1045647149667
46.7066665229599
52.6014018253514
60.0075284231294
58.2647552036469
56.8949734338395
48.6825379722029
60.574165343291
62.9062207013453
47.5670512344826
55.7245619459543
52.0877225819577
47.8805434242635
52.2821482328635
51.7907654071937
48.4122889446458
51.244585706816
58.3911836281626
49.5190192716289
58.0514133351712
49.7081967666652
48.5706439970348
50.7755627743209
48.6790118310123
56.0464601080945
43.5627268577258
53.6999262830109
54.2722356960657
55.4583769075043
50.095153298957
46.1914651474163
60.6935111921328
47.2598834366262
50.3001966622572
50.1606463280742
51.2539257670521
50.6551534653001
50.5930832762199
53.4652200831613
52.944475672686
46.8983312851918
50.0090623417709
52.0210612167177
46.5930804410121
64.2658688964955
48.4208597685244
48.4409496506849
52.5355565953118
55.2869094445151
46.8702072551225
52.6827777457227
65.3892291225621
53.3880125877436
55.4890879556851
48.3747465224443
54.4609130849957
54.0687587047592
52.6379642320725
52.5141271305473
55.1877714834186
51.4828090805042
46.7329039852052
54.0577158833253
48.6364661528451
46.7802896071358
55.4074551258068
54.3706702159377
48.2987302558689
47.0172524791871
54.2962587642003
56.8385074845504
47.5007758725266
60.4139250922808
53.4539499417999
52.3859247187281
55.0938590703382
52.1285895816341
45.7219923184277
54.8204375578278
51.5689390300445
54.3309321429043
50.1545120764377
54.6430055704703
49.4615456857957
62.1662486649036
48.5236812084181
53.8764815183491
48.6327656248634
50.3289459661714
48.7621586829133
52.1655096483377
61.5455413679229
43.9763029985441
53.0881019275568
53.7754411549827
53.0308011810205
54.4132056990744
51.5327895681567
47.121124832586
46.3267320347775
59.6002345075187
49.7654730759767
54.7175395119134
49.4422700046009
47.7975881812717
52.4520136129464
53.8278044552472
50.4147748266159
49.581430171957
46.6144122915806
51.1238943400818
52.0764359974869
54.4943635602673
59.9709839347704
45.3786796447578
52.8591871437804
47.9917576255476
54.1877487353947
50.5970044255383
49.2415135085672
54.0763223498826
51.6013532696684
55.2249744201971
55.2045187777738
52.6293294588596
46.2822739727998
49.0808559904356
52.0849049825129
53.2869603096832
56.7932114702043
54.1269760000949
58.4200067940458
45.4580911152139
51.061094540064
46.4792197058801
57.2047915281647
59.2974744687809
54.2044948407871
49.2380895265156
57.8259085792739
65.0904097933785
48.2030112918853
49.9003309098822
51.2933707373909
53.6965028455408
57.8480831995458
55.9731687002315
54.1772722037468
59.4308138557089
49.6551448373984
50.4586792213574
46.2287667656482
52.785571914851
54.3373276407042
43.8308391270686
49.7884313239419
48.8253173596003
49.5361095293354
54.7142841177545
52.6072734445715
47.6289567185941
49.4372526363943
62.4608085948622
48.7630692599987
49.790053381782
45.2738790455181
62.8327516732117
45.7880615844599
49.6487408589806
51.6494367291978
54.6431256414093
51.6811364053194
50.0567386881953
51.7243113400141
65.9814250591073
59.5008570324232
53.599210742126
49.2874087475242
48.3625752578852
50.1887485633346
53.5542633992984
52.4942459308425
48.1044026351182
48.5747991238248
50.3536329526035
52.9109342012953
53.0824973568504
49.5994720212107
51.9052110503229
57.8953643684353
50.423567474266
48.0149419123495
52.6512165273265
60.1749990404665
48.0053711696441
49.3614677876255
50.6571567699186
52.9403743093881
52.9765940174641
48.8036493025651
51.2294667653884
52.1171524722001
47.6369033185012
57.9116456588226
47.5239344267673
47.0773826870472
51.6773635817415
51.9729924666427
47.3099580209117
54.33091288719
60.1532001514679
47.0249682473364
54.0010747774782
51.7714084931458
49.0683222958817
46.0723456608138
55.9408265292206
52.9487486460838
51.6455259358291
63.2437196822288
47.4596522644967
48.5505707909523
49.662145163112
48.7710853613651
60.9263799496303
51.8352828780696
50.9674393322274
50.3301365664009
50.0743700615061
60.6260016810597
51.077134807901
45.4719087075805
50.2724303773978
60.1566962353052
52.2664545767557
49.9950467734857
54.399374559819
51.3447989593758
54.664570488983
52.1445584419886
56.5625801607363
46.7184121965654
46.8360660573854
51.8285270994854
49.5914738888269
45.3501903561045
57.6942962851544
51.1830669167833
54.7354764548429
51.2103978948043
48.4725774734764
48.7823193483284
50.5552033923948
52.07414781822
52.3320699359019
60.4991269449954
53.2209359783326
48.9901367784535
48.5842036506884
51.2544393299927
49.7406059495398
56.0467641863076
48.7283051288837
49.0367665438807
49.7361007619983
56.3355193782466
55.8658031142979
60.8629641834363
68.4858780213355
52.2324514346833
46.1914398522357
55.5872716355398
47.220706396641
47.786570973819
48.3718160854788
53.0614078226536
47.7316601899783
46.1245018707093
54.5997451405146
48.9321701868543
46.3751088909957
45.6992635621467
55.4558940841575
47.7121772988529
47.7528793417731
54.1034554531007
52.9676170006178
54.4676809081051
50.521094543044
47.6555163303284
55.7006754371966
52.6238067008795
51.0404076741147
49.8443678797471
53.9885801107274
51.7725892670696
57.013995156201
51.9858361904849
50.829118497252
50.1104005885267
52.0736331390663
48.9565575484615
47.7329272556451
51.8310529392795
56.0016717151288
54.5437818943201
49.4536516556458
50.5134392985251
46.8459008619018
53.2412857542801
46.0434309466362
48.3613992957539
52.009856108048
47.9662929978129
47.6776488902697
52.1670436787963
44.3993369841165
45.6056943252479
57.5896519339994
47.9903882108622
54.0291744187585
55.1787853146057
55.4912319833659
45.8775655497244
53.8235462927647
51.350054965908
51.44131482228
47.8844304293692
64.231781441942
50.5660728551155
48.7572889383766
54.736607261746
64.6170652519167
54.8673676567016
58.9275326883777
47.5191964014457
48.4006112656794
53.8602267157434
51.9849090574677
49.0821147458876
62.7375889715221
53.6800971027297
48.0880624532822
63.0393391292778
57.3488875935164
55.2029772684016
49.7790359574529
50.9113135683234
50.1311210731794
45.7833305119257
46.724234388958
45.2469737710378
51.0407137857822
52.9828451117027
50.4085843287791
51.0441353148793
53.0707121278928
48.3033771056883
54.6780445593381
55.904835700477
50.4274199836492
49.3609896657109
51.7230637813736
49.2924209054513
49.8805099000141
44.9720743998801
50.2066630640024
58.2898491190526
52.1637032623925
57.8983009942406
45.9307694291093
53.941203907514
57.6320107931212
53.7927579510784
46.8429559747452
60.631488159937
50.1567753934094
46.551631878102
49.9091783498192
48.5811913111659
54.7152590991861
51.7229657842273
46.8383252243747
58.5448844964408
52.0142307892532
45.3152948592337
49.504977094647
46.6902145033957
59.9025773955469
51.5252115339547
53.910432617422
49.2290323454152
53.800217365679
50.0890784265581
56.1794210091367
56.0434372784494
51.3232858786038
50.4623306213111
49.0281905425831
52.581801935045
54.1330872319432
49.311987101246
55.7501583573117
50.457700496281
54.2570411375814
47.1296302635051
46.815030367981
43.0826872672019
54.1877022527989
60.7739268114927
53.2952720554773
59.0228283324816
48.6471490657922
46.9964626744899
59.3714030382076
57.3503868441789
56.9537467062854
53.4940143475935
54.7175997749679
54.5979588395668
56.8385651312286
49.7106586430502
50.4538465789671
53.462970726664
57.5090527042751
50.9559854916665
48.9421088975561
44.1483684337674
50.0137218600662
54.0270084484921
50.1911510859575
61.3427334617076
55.6864253245867
46.7842063922862
54.1847273988879
54.2176402376875
47.3802939209348
56.0133422758958
48.5336716833387
51.9668145583646
52.1004590390471
55.0298590630769
51.757145066945
49.7757511100864
47.7357054637001
46.1046116583829
53.300780595843
52.6327937198092
54.7028368761591
46.0493552383181
52.6489502985339
54.5882612093785
50.3062721491241
43.8812381380644
44.8588097264813
46.370283789754
51.068554496853
48.4448229278973
52.8609640241642
49.4268306392292
47.7298088905607
46.1715399312608
55.756444778294
49.525730228737
50.2713466950519
49.3504561529713
59.5505079608294
53.7757296847168
51.4988219957317
62.1778300410471
51.9086606719418
44.4799756600459
55.6155429899433
54.6336314733386
48.51442584415
59.4106186776728
51.0295737190676
50.6467857549264
50.395914799724
54.4229453307996
51.3324284158241
53.1934581040876
56.5365315284271
47.6134674429889
52.6372273958901
56.5206123786195
59.5689783134269
45.4852627301572
49.0462195402525
51.0245426551219
63.2434468444919
51.9453300417386
52.2642370334147
50.5334665614506
55.3997286987516
52.6024624204803
47.7329790320255
60.9043713503928
52.5896501516844
55.2270630755173
48.6001844058463
43.8706780451436
54.6054944314101
46.5589311831351
55.6527267415041
47.8013905585786
59.2969409848391
55.8076663955275
54.3631836285572
51.0495739710165
49.421466307435
48.4804617893591
51.1647585952991
47.556896439801
48.3243747384637
48.5341343507936
46.6842895873935
59.3043083069502
55.8989957972026
59.8462157198707
49.5286752220419
45.5311539622499
45.2832189422249
51.087907063979
46.7728625314059
45.1156946867248
49.5818192554879
53.9934992659337
51.154148890784
47.8021376726726
51.7213437678657
51.4270687413911
56.7936469946814
55.6664101370741
51.8284993170316
48.7138028316365
52.9090762089333
51.3565977492772
47.6500561722041
52.5461607516802
55.8043405071587
57.836299578464
44.5207108708594
59.8559406437277
48.4119716088076
52.192019371695
47.9708865163702
48.0498091864997
46.1280376014786
54.1788941271132
49.8382228434734
45.4233167716052
54.1683549733609
53.9149564834023
52.7529653737293
48.2747589808325
45.2618317887913
51.5617041432883
47.0360748150452
45.4078857687275
52.1898164378728
55.2498130345595
49.390671967888
48.2210244130026
46.8399209976702
51.6975771941691
54.5607119130023
46.7752089384886
53.2293880062074
58.4941470819119
55.4282628193815
53.7969383868988
62.1979170252382
47.9596883756463
50.6091707432463
54.9669497550895
49.2277394840941
53.6692693812063
53.5672621757558
51.5368568403043
51.2824736643495
52.7131672183242
49.6352200462965
48.50377398977
61.8532892735105
52.1680470462479
52.6538307917912
46.0552453891546
51.5392052873522
50.3371061516567
48.0316233525085
52.7587080535413
63.3467904386801
52.9024805322467
52.2166452462643
53.4119219768565
49.058211674291
54.9452528127542
52.0391445991329
48.4525771695667
46.6388310487327
57.0119683678145
44.0093974238409
43.7775785750646
50.245531177485
52.9016885736492
50.8856881280306
57.7328147850019
54.1479730554484
51.0230659096258
56.3632796324355
52.1881331094636
49.0306602598537
48.6036999457644
48.8614212799153
50.3745009881069
55.5323364006381
53.8617367746172
51.4728524634788
53.0272904928198
47.2233902664256
63.0362853185155
53.6995840750425
51.3033933933277
48.7726661743038
56.7873475576512
53.437437217183
52.5260278141491
54.134129426098
48.9222403644742
54.5032730644876
57.4112129518808
47.4637856090804
50.2037177563934
50.0298442704841
49.4469241951831
53.4930667825119
46.330940016851
45.0081317706096
49.7046098908627
52.2439153333426
52.914132539625
52.5112131820439
51.4535283486018
60.0955554901477
48.5563066305939
51.3691647272952
50.6255819549403
53.2553956045166
49.0160995507471
48.0148258217948
62.2379313116734
55.8080808471057
55.4689311874691
57.9168582851987
50.4507532946786
51.6692423516898
47.8705322130749
49.5938500277486
48.7889555343717
52.7235104478728
56.6853819170527
51.2543750887869
55.3008008325217
55.6634150558683
60.2433007861364
53.3531788011677
52.2849950884151
54.2499958230116
50.95847217294
46.4612064846358
60.5999180117157
45.9565749427227
55.330796779436
53.9221296381908
53.9112281956149
55.9329189862588
48.8108355461552
47.0227352865817
51.1082154273759
44.2414871125962
51.3599575998954
45.4479470070847
50.1625057022662
48.4199560092028
54.522876618725
55.1230482064
56.1266745258456
59.6851742377949
42.9449753050264
48.5140848541328
54.0400610278492
47.6558612844791
50.7007553909316
46.6536956146457
47.0165344774598
53.9967473386757
47.6965189848132
47.2479322282832
50.3157319782507
51.6801847219489
52.9102155235068
57.9890307134037
53.5964936276994
49.1229726946394
60.314218265601
46.7977913669458
53.8130133493844
51.5328552064531
46.9972724236165
56.3547481080068
57.8373902772726
47.7103034886819
51.3660309733069
49.4756463262727
52.9951212208978
46.8082684177284
60.3436415867952
48.1365341333383
51.1797474427412
58.4823692674156
51.3362822352369
54.4207118443926
51.8055443657461
63.6288758416809
52.0422597453644
61.8718490922668
48.2668365733049
51.7908379454735
49.7130362813023
53.173109799472
56.0138978753333
51.5987415497994
53.7173901614336
45.833186167454
47.7812295299249
49.3377283245771
49.5656774478118
46.8091621087434
43.4906669140334
53.1922991213365
60.0711088690145
56.7343908245351
48.1728210152258
48.5466702731452
46.8334518255564
54.7548032920435
52.4482309888737
45.646137401969
49.3743913895285
50.4161243512594
51.3867316703433
50.8378059677398
58.8176782643921
47.6036067834826
52.9637011222742
55.697748919286
44.3332560591025
48.938154648142
50.195040639327
48.0086481752085
47.0246527002286
59.2220202063528
54.5762545887642
69.5273323902359
49.0761804765995
51.6545412409364
57.4321331422804
45.2274737327495
60.7745682351452
50.5050772062539
56.1135801943309
51.3910867852294
51.632573819804
55.9469406479204
50.9004421084337
57.4247432080797
48.408785898669
46.616610336464
49.7792820395236
50.0610250177274
51.0172674177341
48.1802474038475
50.2511017766008
52.3867817534403
48.1087352524162
50.5703177435067
48.5701123366911
49.9779039977789
48.5999128721698
49.806365364331
48.751046517568
46.8493002838516
46.0494433044577
50.7186888260249
52.6676196064942
54.1665554934727
47.8252879821019
47.3098476540038
55.1548903542654
48.4902314511778
50.7817021473347
57.0528708205747
53.5698407539163
43.5514873185279
50.0191498260182
55.574335015396
46.4029415510183
53.4250699564491
51.7553216755871
44.7315024290566
48.1291913589518
46.7461747209971
51.4608191545199
56.2036894741888
49.9854841855584
50.9851438811523
58.2757650465352
57.5853505743848
48.5282801221992
52.0891215843888
49.5532746330068
48.9982065300471
54.6171494533529
47.3747559477301
46.6804216184374
50.5765218094933
52.5587083904744
55.0857881484694
51.4700649198676
49.6245494537111
61.3883326916582
49.3396728518584
51.4501160845494
57.5359283278434
53.0152268243518
51.4994947169225
51.759110716685
45.5168101233535
56.9428051138075
50.0972035222221
49.7949798456244
54.3988260353323
55.0135735849844
48.4438801312658
55.0296890139874
56.0810013629342
63.9845554011159
46.6668108353208
56.877210140951
51.4639013899868
47.6092449444859
52.9259084810316
52.3004008934287
53.042558872948
54.1717866322768
52.808894321809
50.4661554760531
47.7048702316217
53.5885332281881
49.1280931399801
51.5898648632861
52.3165585360551
51.140889848892
54.2240085938862
50.6358819882641
55.2323828978578
43.6335787055752
45.646230552642
61.3768084030382
56.5903753679673
55.2261810989797
52.3940632975305
55.6252161418959
51.3007729128743
46.8283347273166
57.3339894639115
49.51609272392
54.3149683539578
52.916919036064
47.8176913989999
56.8624786975641
53.3371701643764
46.8045479298261
48.9023621881165
51.9190227859548
51.1136341120421
49.0330615352448
47.5882852782621
47.3303376420748
51.0686032889776
49.3839355925153
44.9986327085094
55.8701849817925
42.9398151254284
52.0194496907852
52.788022609206
51.4397256640886
51.4125713286134
51.5637813961132
49.9174744794561
52.3637670540402
55.1160172229657
48.8595166621091
44.6192840456158
58.6696092631141
53.9305872385066
47.1106325909244
50.6443719030416
57.6063650248271
50.6213801603267
66.4900012143693
46.4987575305857
57.8003025535125
51.9450339882964
54.0620999087616
48.3885537820129
48.7207518971057
50.7406368932748
48.9031331582152
51.9695172722145
49.5947961518529
46.92890731716
54.8587386766191
58.6524900806939
47.9340271173267
49.3560815244755
56.1632547832418
50.7769206484899
45.8739747438426
46.2071369106701
51.7848607673051
57.9713000272955
48.0387225046895
52.0835306149484
48.5237040834034
58.1830715147609
51.3762890368537
49.7152972771217
55.0255208168443
50.5959233209658
53.4771120730708
48.9489977562298
51.7413934997685
55.5172318744335
65.2154278401205
49.8515026732753
50.4183039487725
52.5823488958237
49.987087213873
49.2771883136167
56.6913733111546
50.7947746916204
51.9249384578359
46.2299604858416
54.5392342484273
55.1750052764196
53.4925414238012
48.0223837728106
49.3240004870063
46.7747340997758
51.3279628812802
54.9503845036869
48.9738416573176
50.3955096182911
54.2858255560441
50.1526574900204
53.0415682108859
47.2899146745154
48.498188022945
55.2079021785658
45.3437732086273
46.1516081646158
51.8416044600639
56.1534803804716
52.2179734082279
48.1189809755679
57.7235687330989
52.4906112409735
51.3557417988452
54.741129111533
54.204849806358
57.7369222689753
62.2101236214883
52.0791006251263
53.4608338998661
49.0557125278791
52.094379820534
60.7621618217012
59.5204156268472
55.4744167038044
53.3832984925284
58.6663843533873
46.308960709842
51.2936102462246
49.2710035585641
45.2063137520796
44.6149629644623
50.3680662524272
52.4112862532929
52.8483037555096
53.190013810876
48.3033913661495
50.3102028231962
53.9216207459481
52.5774200395091
49.5398563729042
52.9511920920722
50.2002761283265
46.812702772355
46.1988028872815
47.2373107193182
54.6772363412099
49.854089972433
49.973377499993
56.7830105988503
53.3467253763272
46.625613610156
47.5398163565402
47.1126999479682
47.7063125920336
52.8170483158555
55.1768139020282
48.6420461787069
52.9101029806907
46.6775143750847
54.7118617395733
53.4157209962586
46.3916552183725
52.685948187841
57.7023293153934
46.3780921123003
46.0818965595093
45.9608263559575
55.4811943454726
52.3129267830597
51.4676784404857
54.3039257409531
51.2669719158539
51.0470282940899
45.1645900214237
48.9785288001121
49.0714310910941
47.7201111279115
54.1808062588408
52.7682750440719
51.2472751932633
55.3909726020815
53.7831342528877
50.199198810739
54.8899047895891
48.7279181527283
48.4124673413994
61.0669056047902
50.6782206999442
48.1119101412006
52.4280712171287
49.7268014522109
49.1421109694819
49.2757160331872
54.1161562264628
52.0037001951403
51.1009362291871
56.5887480844801
47.854238139198
50.0315345070567
57.4639064439808
50.1935122114178
53.7898696771387
51.7327734717116
47.989625235563
52.381599475369
57.6353431183334
45.4815168153168
50.5132806281425
49.7028896364963
56.9340911469728
53.7712427625504
53.0071696957865
45.418251133853
52.5408898811434
53.6159215342859
60.1489609702785
52.0681417835763
49.6264179553686
58.9485171233714
51.3580407246324
64.3662175671213
50.2465528610649
49.420868016115
53.1094621073531
55.6243538379349
54.9614570962516
54.4032587193074
56.5023653336787
46.8159342921564
50.561651721141
51.6958733281048
51.7604911613008
66.4375286151427
51.0607939790418
45.1778056907245
51.1000471742869
50.7530040086982
49.1609065111317
50.7211473683862
54.2935425507745
51.9639144661523
47.241517289184
50.1312230801244
53.1989890449316
60.5399195984975
45.4088768208858
59.0389029775115
53.8141398201274
48.6331063173856
63.8846226879405
47.0638238861445
50.1005347891767
46.4185263177729
48.2373185568055
47.4452580023071
46.6842990941458
59.3537930217247
47.2643174985159
59.4729165862386
60.1037127343144
49.1822548632909
53.4206558606805
52.3486590121295
53.5496116074153
45.0390184660667
49.8133359268772
56.6384349650476
49.430969489208
48.117586095104
51.0954652676428
46.7793692312988
57.2771706482636
49.8791691891381
47.8877013603038
50.4864658016485
46.6336972553926
62.1263898551864
56.9386137999876
50.4360040196457
49.71624669327
55.8484201907281
64.5311991168135
46.8641130973904
48.4437953790819
52.6608237367853
47.316632271328
59.6089377692442
50.5929437242849
51.9073348200411
55.2263026350253
58.3978088073473
54.8341622833205
53.4125119700055
49.8442347072048
51.2394040077554
59.3852641364704
57.9323580648845
50.4694231815497
58.8125071026287
55.3868476794608
47.0286505145828
54.6455283301854
49.8349863283708
58.8281531410086
52.8238797015438
54.9240418686902
58.1376816667951
48.6522989494675
51.7309910265307
50.6871073868615
48.3659396036085
47.8138053444545
47.1587201954473
43.9980128883075
44.1920119714335
53.2706979818825
55.3635311501733
51.6362297831542
49.6258462429603
50.2927083317264
50.5466870376593
44.7949719690127
51.2730733410456
55.1981587190974
50.3691941470965
51.0046515571449
48.8004720317719
49.8027622261172
58.9900429261097
51.0237084934064
52.9790530872843
44.7344804196091
55.9530105924108
52.5261531833994
46.5059290227888
51.0094056230235
50.3234926639743
45.0591273085992
51.4621010715758
57.7171596169105
56.0353647227854
47.9434891010797
55.6974638423159
48.2042530407722
52.687050980806
53.5561757747383
52.4525562812134
55.8620900960284
54.6667905039336
45.7175631501616
51.9251608526553
54.465891312922
47.7152241286405
48.3394691368963
45.7865081794308
48.9201072686267
46.1561876104077
48.1982066401506
46.5748242546974
48.4062065840823
59.4862742790993
48.3367814827847
56.6568509842486
46.4151154783524
46.8096720436415
47.9084744807552
61.5470231620642
64.2456494808478
51.4921764980011
58.8254341866113
55.4702830339988
62.2488699189587
52.6527486562725
48.5610864019726
49.0035553448071
48.1287207638053
55.0510773932486
50.511711500849
49.505051527152
50.3084249135092
51.6124262873496
46.4592797647647
46.8464447787425
55.7381018793941
54.6076975925714
45.9439196347028
52.2362442443439
55.2111448721342
51.0481854240634
55.9615685593953
51.6764670985913
52.0487643106955
48.7175948610561
48.3752318917402
56.8714975683084
55.6703292515809
50.3281755971046
45.3446282235435
60.0394097163464
60.1608297744066
54.8746681507448
48.9658978298821
51.5292260495992
49.9009232555037
49.3097694222365
51.676107673444
55.7294566304248
56.2935245262282
46.0516796117243
56.541609771091
48.1342342732641
63.6384498399555
49.4560990900408
51.9557632112225
50.9585937840067
48.5436069365294
46.9895728825347
46.4099730992599
53.7768000319336
53.5851537001132
51.600077585893
53.3907743751841
55.2963943579142
49.8436750024702
54.7781783034285
50.6379331493745
46.5068799922123
61.2360697494835
56.1535060387969
53.701976456467
56.6321710711216
50.3325908952839
47.5699042287472
66.0796905143013
52.9926748549691
47.4740003756466
54.9244112106315
53.2564226127379
53.1057622263632
56.8741357688912
62.3160498447286
47.6205699522344
50.4097953098847
52.0260828661234
49.3986487690635
67.2265384258194
42.9049550677084
46.5611723477941
52.0731430471455
48.8422020356186
53.4738209666864
51.9864488804067
55.2597353895374
44.3847228396233
48.1286212986227
54.2459869366433
48.9409501301483
57.081523185906
50.8204918849351
53.9268876544746
51.7651553711304
54.0919786674675
50.3006216779802
48.3415400846882
49.3122444176331
46.8865989756781
47.9067658765909
55.579231671723
51.8710875188964
57.2147081092382
47.0346449606553
53.1137242596462
49.4048415906567
56.4626706465473
49.5232308654133
56.6640142663002
51.8118321852015
50.4826314453663
55.1730927749061
48.5266521034543
48.5634113478829
49.4531921496944
52.3358148262302
53.5682325745697
51.1792143355943
63.5312961119312
49.4213430815134
53.0674958860426
52.7520418649444
54.829987219388
51.2859412965815
56.879201966061
50.1031254261863
52.1765612635459
48.0616997194771
54.9619037139707
49.6969171509815
59.2742835079128
52.3607424745749
55.14629459296
48.1380416670349
57.0984876765393
53.9825358305277
53.9740294184371
52.4268412122891
48.8201713056845
51.7086268198491
54.3260593125503
51.7265079603951
48.2276636278067
53.9522381293731
49.1455901540841
47.6705840964689
52.1604964224135
53.3164441513705
48.1472481066229
55.3827754119673
43.2738412219128
49.385231684935
45.2109120059978
49.4373290107287
53.8337898777775
51.6647077719329
46.70418553467
50.201525813016
47.687657470415
49.7122853244641
52.7940890568733
55.5001337031495
48.5502895323198
52.8906721336939
46.8831615051458
57.2039057780949
59.1386376796124
45.9187734238181
49.186927110056
48.4651078664547
46.7680031923333
44.2517680281128
48.7083549618799
44.0675568885156
50.3643014244639
55.8443063430278
49.7305037523154
51.6029930868778
50.4615505844221
53.3471260773646
51.3878379429727
59.0461412780504
56.0013254182828
57.3764877667825
55.6209079773163
44.9285843899355
56.1302628268161
66.5759816371121
50.7700215451473
51.4437872744415
48.6945878638488
50.9195466567686
47.6099356106889
52.7163333469727
54.9997113737459
63.2904533086473
50.9842977576838
47.5661752160504
58.3844524818443
49.2506403215514
50.878461682346
46.4788715208664
46.1527059030797
54.9317687323221
48.334637416695
51.4647046753863
55.5830854013629
52.213965414118
53.5760703583023
60.9034838133809
50.783135082863
51.8566057074781
62.0795789922473
48.1451836429693
58.3346310484001
50.9203599094992
58.6568931649954
50.9246769790678
53.0608394720086
51.4663415835864
54.1352156709812
53.1997563590961
50.0898966571946
52.9371092097096
53.1335887541647
50.0549630753278
63.452884864786
48.5288445632155
47.584830609386
52.2367097683223
48.880507075873
45.1882612476273
50.7121394754893
49.5298418897346
55.5802976636756
54.1495493885508
55.6091365781268
44.7841325263963
45.2695358216671
61.1018070943452
55.9436226273832
54.0629437930577
51.6930966669657
65.459054021844
49.5317998649318
58.4383868770789
47.7381173957161
49.2780175272124
55.4282805909859
52.6308449628746
54.4899808568612
58.4229329792337
59.7268636268035
49.5246868210198
55.1926275231459
44.7869773851224
50.4033407809936
47.5624402322347
55.4431602975339
56.5278709684656
52.1273450251498
46.9586860257392
47.5641991374441
49.2727713516359
51.0970419502887
53.218159242064
56.9387548773467
49.028643049939
52.3804532482968
53.6611501799899
53.571096142679
53.9841224654203
56.1000965993732
45.8827740387922
53.2134190068794
55.8816336410928
52.4790593144968
48.0838278708508
47.8018778761213
52.198114727815
51.4286770862676
63.8851691125639
50.7239500732886
49.2382029115811
55.5091498362333
56.2275679341888
49.6652061832245
50.8237174617142
44.972162659469
52.592256126763
52.5741681191138
50.7018412171674
60.0338136264301
51.1914928807045
61.8464007498149
48.9360262099847
55.2164285904382
45.3460930475781
54.3046234805852
49.4699518322417
52.0881568200442
51.2488032948524
52.1813498413148
61.6357886207045
55.5752761831825
57.622201937728
50.0178018130523
53.1526458771509
52.0053991359551
65.3203063384073
54.3224371144135
44.6530064018491
45.6792171416401
49.3038663069249
50.8362829964625
51.5537819116964
49.7595622786265
51.4263250239655
63.5665166865334
47.5305601927448
62.0851769712701
53.9638447023149
50.0258992451654
54.2181114592351
47.9240869131415
55.3642857440333
58.673916516632
45.2929750426702
47.3665811924996
61.5670740072886
49.3422548865265
52.645455216537
53.3890825636536
56.9405365530967
45.8064608522036
64.7414694783054
50.17746746025
51.7590147735358
53.1150305656397
47.1175062167922
51.0997136522905
45.8285635250094
48.7855747353401
53.8052656751994
58.352170140063
51.0085320542072
47.7055539738897
52.4872127347997
53.2566138619748
56.3194972339692
50.5823202240187
54.4076465312673
56.2850954293788
52.3547639629449
54.7028243889399
46.1745274232359
52.8555368651883
46.3786862204205
53.991637542455
57.0673390514453
57.931222043822
51.7385052349593
48.8655147843897
57.3443726320216
61.981114462525
53.9934066711729
48.0731110971121
52.5898719527101
54.3538379172462
50.272728770909
55.1571828348453
51.4637969674613
49.4395370724915
47.2964267908283
49.2058518681817
57.0079980068722
51.1491989240414
45.3107355574186
53.3736110137409
59.895705164423
46.4403210243202
50.5272317244117
57.5514656963848
54.0996224015992
54.4333058391363
51.6306011175515
46.5406428172629
57.3315334121777
52.3351621129413
58.9740724496077
52.5779336526353
53.4715251438529
54.4340427801676
58.36903225472
57.6237602148089
48.7178593422347
51.8416346114434
47.8042554473682
57.1576302496016
50.998882908182
52.1745159892966
51.0442354704961
48.3886079177422
61.6208586827011
49.6335408421606
56.8191636906999
51.1045562083055
50.8255201895847
53.5090596850654
44.0076553550455
50.2908060434972
55.5090115026763
49.1452560904085
57.5115224398275
48.8124114332235
46.7201528030617
53.9943057407718
49.5052870467387
47.3167659435194
53.6565220013169
54.4040366150311
55.6168540352683
50.9728151071193
46.2354641591667
50.3043020958164
45.5636199462092
47.9844077737408
60.320022813391
51.1822384324949
51.6521384966057
48.9947413730048
50.3229772877012
48.5559935482012
56.0115963687538
55.5131375650268
48.4577961521383
45.2858812221976
59.5725677954535
48.3021143770872
48.5762688936423
46.9121786859138
52.1227203313344
44.2518881795492
47.3232848694928
48.3294819830568
52.070631087573
45.0438625737348
57.0950200125494
47.54890609321
54.1356935986337
52.0859352269236
45.8843197653484
49.1256588199581
48.1891220408151
58.1957127982254
47.6880427500705
47.2260909165452
58.2261290118918
53.2967615813577
57.2753780030758
59.9467806655998
49.9122548121078
49.6658393095261
60.0258017106546
49.9653705577835
46.3452032022061
47.1072033089624
50.6054130354814
49.6044350166242
53.4015020988223
51.4921789660087
47.7823102376696
49.2931317257235
48.5211653728532
50.7145520240513
49.5108057156794
46.1114528836382
54.5585248113657
51.8259842930835
50.5395206079847
55.8105403459906
48.4457285543189
51.3481217267158
52.3474298826452
54.3437632039641
44.4792011139587
47.1334234049729
53.0969226757732
52.8466393988619
49.483832217074
52.5906637267374
54.9061851086064
55.5805198098504
50.7203849484439
54.5907457297782
54.9644207208369
49.21749079264
51.6100927855163
52.7813169460551
52.4880662293999
61.7914462668501
50.3010500308155
48.7267556999477
53.7694864964704
47.8805419413464
53.0867893552351
55.2495386767643
49.3808193091538
48.1272615079275
51.0894405320028
46.7132059200593
43.74338396313
47.6282587198397
47.8115684345668
58.6257736442375
49.2313997277441
51.6144475683012
48.8458728486241
53.7915749855101
46.6803793467408
49.1676761381123
58.1964649675486
52.5216887857976
48.1241316352723
47.5675251988907
55.2045430672778
44.9972364935133
53.4925030746943
49.110989618499
49.3368618132898
58.779682519057
54.4030385221814
54.972721966314
47.7477012402431
48.8848542323936
57.3297674584992
45.3961323922252
64.3166833519217
46.2932696920597
48.9514521989689
49.6361677853209
49.082321906463
48.3577027616925
48.6010205741991
60.3146298025952
48.2982029159582
55.4206079948526
49.6691396952391
65.1219050439144
50.8488261076752
44.3121826836302
49.7851730723379
60.8766913235448
49.6871441357621
48.8098463275793
49.0515722204113
52.0805334859653
52.6663851399733
48.3290508817774
49.8565214296996
50.1332952704369
54.6850799030089
52.5132979608748
44.007310718774
49.2156384333796
55.2639171175224
55.8570044299003
52.3390845544572
52.6018444912125
48.6727786563545
49.5877270111025
48.0530355558892
57.8754197885956
53.5283788670297
57.6885679130453
51.389156962122
50.7285757897655
60.5041894003886
51.569097138544
51.1282223629719
47.4785660828326
57.399949302428
54.8814403662886
62.2987907522439
54.5642724553774
46.8412979565175
57.7420866261067
51.1726828498037
55.7961752411648
53.2355032195451
45.6877426591305
57.5122562044943
59.3348885207044
51.7895175888948
52.7913123369386
53.7126647623213
49.4809665579492
51.0864545786333
52.5437110449753
51.6634406164498
49.1072425038791
52.914329006893
55.0219031032412
56.543690025997
48.1970809537108
43.7807272630223
56.3462428475096
48.4199173272808
47.371598339667
53.9460908390228
50.0096895354509
47.2663324223362
48.8141436791874
50.8471010322937
51.527484023751
47.2935557035475
45.9562757615378
56.0076200838837
61.8835011733349
56.3042497882379
55.9471505218535
48.8298607739641
53.4197419470231
55.8800160523332
49.4823386207717
53.4308376335673
57.5305454645823
47.8274922348037
48.8606578148121
53.0884953477617
47.7210967771945
48.7850384937154
51.6705933830084
54.9032887299301
51.7913233909477
47.51336923619
49.713885654616
55.3935346874086
58.1852093897605
62.9839892061286
48.6250560486767
48.4939700031581
47.8523203024362
46.6651187620874
44.7860996699731
66.3703573864195
53.3593717167627
52.8680282280544
49.2134780534893
52.77327611301
46.9570956509779
52.2134542267574
51.5388592208433
48.4189005890799
51.5835169225351
49.6877813041319
58.1036551114176
55.1733841818245
51.3262863508967
58.8124786044886
54.8101912153351
53.1697679270343
58.8426139410736
51.4110931548684
51.076928992201
52.8271870806787
50.7414607665845
66.1566397095911
48.141469779735
57.157826887642
48.4157554175202
72.9073047218217
49.8266617760121
55.1273470027748
54.3432926946864
55.7068176113115
61.2328536121693
55.7493095898053
47.2825842090114
50.1517902578668
47.9942295052232
54.423183877717
52.3942598826269
47.4800533316249
59.9346492459759
54.2831730011994
50.8844604017349
57.51918924809
46.8563705281404
47.1632258084338
54.3685574632675
50.2463344027759
49.7810574906929
54.8073797837919
43.433323542407
61.2309630429668
47.2601930671932
51.89713110304
46.9940454817133
46.806590723429
48.9843760607099
61.00571254437
54.5460148882427
53.8700768021756
54.0812431932073
51.8455922498454
49.128054065445
59.2929599030043
50.0034773098434
54.8213234971641
56.9159791650167
51.4913864710938
49.9640023707599
57.0241511511454
45.8038918217156
48.6811599864592
52.979688086733
48.0248949059353
50.244534182305
57.774853358273
58.1609884301369
55.0588560726584
54.2943196249965
58.5971009890926
53.8694229003347
57.0464129404721
57.8853459186322
52.8744431061749
53.2858052748986
62.3160083799933
51.1423187725115
50.5419370529188
53.8041269681377
53.4993818918612
49.7020627446843
57.429521463544
53.5656466859687
62.1247157966767
51.6245649295329
56.3927184239847
53.2434266689164
47.1138069392895
47.8861601910333
44.6894057015282
54.7960374083288
57.9459811355613
51.5502113534591
52.4722446614434
55.6241408433283
52.6019297512233
45.5766396299589
48.8261897296038
48.8078787440057
59.9809343292096
60.6181750055752
47.7017770722304
45.9254419767961
50.8830080848521
57.9771374233646
46.4074403698928
48.8336163886958
49.1912025157617
46.196834503028
60.2536383875003
49.2158952388439
60.7231642225485
58.2417455310967
44.4590613106483
54.3164840973446
47.1573424801124
51.6229095216308
51.1653996502914
55.6760108248137
49.4465065929397
60.2512779109063
57.3098729382783
57.4925344236201
52.4379489227876
64.1803895792381
55.6355754286246
50.4866426862645
48.6503075433427
48.3849977022183
64.1190917173358
49.3182194478959
48.4898599613183
47.092240866802
47.4548940831092
54.4868413707192
55.1702143085573
64.3459342408374
50.7489724334509
46.4363794118637
59.1154187557395
51.9568124926588
47.7334084360769
46.6394351115713
50.2586690787584
55.0851422080811
56.945755333315
46.9874218825284
54.1707109212283
50.9452230718279
48.3476948854647
53.6544631723389
48.1370035042415
52.4314535217915
53.964005173641
50.7164866279347
72.2602811824321
53.8295376540994
49.3011234083307
58.2779568883417
52.7355920302144
49.8594902530921
54.3269741314765
49.6456693242119
50.0662888410002
61.8760118754291
56.0255432946451
56.4380725366263
52.1835021220377
53.6563525047645
54.9440291578292
59.4108125380702
43.7782018128613
54.2083308968201
57.2424339109811
53.1224665376744
46.4929857083677
50.5635115658217
46.8084796057913
44.7118841342704
64.4638790146711
48.4286088000637
49.4095704721327
57.2704211676953
60.7751067750591
45.2299400837943
46.3846388750013
50.8759416696435
44.1898347999045
48.2918870245643
59.3877956908957
49.4190323073243
58.8256066758891
58.2225771735203
52.8220614581579
51.9120055936203
50.5007941389775
49.1775804846431
48.4259803315758
47.3766539697702
47.1856121633935
50.1134174098752
47.4542344344031
56.7484435631975
49.675662401398
54.6089889318908
50.4185968144076
43.9644719475873
55.5961200392642
60.9405495654653
50.8513029896223
46.0302717196279
61.7985753180788
55.5433790839666
52.3145663364243
51.3579229438073
49.0465659283258
57.1136696973086
58.4669394534051
59.6317297194376
55.9522749530719
52.0182135843193
48.8091115282506
47.9525906951261
46.4519258069767
51.2554796272167
49.2701814439008
56.6390950281511
52.7418745084978
65.629008047987
51.2535631981451
47.7654910872763
61.4001461121976
52.1255405260096
57.8430454897537
47.7077587373255
50.2285817567702
43.7368150210418
49.922193245611
64.6403950615526
56.468292159114
56.0701108302324
52.3041215715325
59.3577226539806
50.5822066746442
52.2147407436012
51.3954439700531
47.671679625009
49.4641636439264
45.7600225319866
44.420335756916
51.0790250322203
50.0797985766232
47.2529813398685
58.1597837822115
56.3007768649231
59.7903717498904
57.8069923248039
48.0262389011772
47.9935188561635
45.6815228161076
48.8311757969027
45.4776814258558
54.4995696089218
51.1807405463237
50.1305168187913
46.9682564046141
47.3706396659197
47.2330654338062
