49.8376764792199
46.4250659592108
53.5950036774895
51.7760368342078
49.7445740290204
55.745842605213
50.9707926954072
49.3874961221178
44.481750967839
53.2989862549238
45.9375617502467
46.4075820376666
47.5401156369056
46.2517827527726
44.3304463536329
52.5227018260399
44.3587076277999
47.1765120307829
52.1703088280749
47.4845264153087
43.5167725296365
59.1588884926413
51.4688133933942
56.9064356959008
49.1738401585027
48.7952180283909
61.6637425573995
45.4889044159852
50.2804919361327
47.1825989233988
45.3064349391899
55.2986022157612
46.1376645632809
53.3214667113665
44.4158088391992
54.4675440456621
49.7249352052121
47.9479519122443
53.0134985188111
58.981295004357
44.4192460860691
48.266309355837
60.63832735008
60.7844297949328
53.2739749684884
49.6705028399716
49.7143535919037
51.3381325141003
46.8164634764093
52.2103059320903
46.1034072711585
50.3838813831985
48.5489452260826
54.3439421694437
55.2434342203203
51.0683065309598
61.6055539307748
48.8911236117
47.6728880063165
57.0412884068
52.2203235347341
46.6549474935326
48.1046132757226
49.4838135887131
50.6408010372144
53.9402792834186
49.7665272296479
48.4885735305849
53.5981569036389
60.7700021099191
58.5546601418629
45.3771380416155
46.8100686022979
49.4870714256271
55.851518607406
53.3293015145536
55.1820366324524
55.149629600463
52.2305094056173
45.0762432333812
50.7365847342841
47.2684508303253
47.3124147618279
50.6766998772421
55.4610529714165
48.5772162403995
50.4839485502608
52.9198546970304
49.5415288093746
45.1130248125943
47.0553623100034
49.181793039599
49.8301626855304
48.0178691640506
52.4347067155539
50.3969050577768
54.2032390001194
62.8145362693394
53.6980291073672
50.7257592916385
48.1047450992048
52.8718488130115
49.4333776443843
54.6703843830227
50.7486881171368
47.0136837712084
54.0711401313865
47.853760170361
51.0490564278376
49.6026930290806
48.9181997882098
54.1319147193635
56.4029423109625
49.546433117376
52.8454598516928
49.4157490293309
56.081120565997
50.0369564430375
44.419068955658
48.5309232077595
54.6549546210431
53.4896543179578
56.2025101802421
46.8256995948095
43.3194262945197
49.5008121128921
48.8825850582123
48.1285369320865
51.8616790964461
46.014318703082
44.7171534121361
48.7525863173656
52.972890388497
59.1173804526373
53.1158677196358
57.6003393197197
47.6331823311491
56.1412860969992
58.45304148201
51.5224799124405
50.733129151199
47.968988549093
54.1458487124701
49.2675607234522
47.9772123067948
46.2181734965895
55.0737385336643
44.2433136361514
49.5363860696217
59.9433570811576
51.1420353724689
54.2466005895654
53.1726048707627
55.881116465952
49.0220194235726
53.6812661689925
54.932990299754
46.6546132879976
51.1610490293024
50.4307769498682
45.6504223434065
50.0200636121074
49.0360459824133
59.8165652731972
50.8662578721663
50.6208586961091
46.8709213552904
52.4089483467235
51.0205934070992
48.1575160113261
49.4814748193458
53.0076756046465
43.0735072063192
51.5329482411966
56.8057465716348
46.1477079584724
53.3158425215585
54.4216232981686
54.0656796293058
42.801658556134
54.5559175191304
44.4954946950048
44.5148677533615
53.8970742879291
52.9643736366772
47.5401957299021
42.0537126631545
61.5853791619154
49.9048036130439
48.3133249175804
45.8098076399248
54.6598271740464
47.2755074630167
50.6738298719171
48.041530387365
45.7563693800899
45.6484844576983
50.7723737581266
54.8364425682871
49.4288276556761
51.5215745660722
49.5969561436131
58.7634292905192
56.2111756061395
52.128690887491
69.6286089936075
49.7334421252154
46.999571176173
58.501752986686
49.2245436969875
43.7707025482771
53.5067581065289
49.8759762615896
50.2147408562919
52.9603500338655
52.8669342217579
54.1368096642321
58.1174253086338
47.0095603030152
54.6248382475959
49.6440780842564
51.9809441652537
47.6085898612705
49.3869843485773
47.2311727463546
49.188581325328
56.8969022204204
44.2745543307487
47.7313084363779
47.1168777109007
50.9222854305861
50.3349591883361
47.5735431892657
44.5332670134932
46.474341596742
52.9418191475881
53.217709915228
47.1026624505438
48.0836718975733
47.2173295680677
48.5925449342915
46.9229957082412
46.549821272411
45.493307414088
54.0474356834594
42.9624339640159
55.5943813775851
60.5443200610166
52.349814214323
61.3660827861556
57.1690287370196
51.4982581868274
47.41258261189
52.91788192591
59.3840882855225
49.671252040263
47.1033723719194
46.4527234826871
56.5263148205539
56.2463982078262
49.4707068518037
50.2470941062654
53.7042591946762
53.9066222103469
51.8985548936403
42.8395261818839
57.1809766830379
47.0987697384183
49.8807469291144
48.3873469206541
53.9619250231569
60.1444788612578
46.5081911836954
48.2268996476055
45.9954586301473
49.4290754057192
52.7617883208221
48.9034395784785
50.6332782026183
50.3008546940069
47.6848866707158
47.3244231249718
46.9912153804971
57.7491722297296
47.6622768836997
51.0948735151272
50.2110238765827
55.6046223878708
44.0546882065716
48.2347639665619
59.8569440811088
44.7185639164747
48.4152644080418
48.0664597144276
46.5597802343056
43.851334790492
59.6109689547017
48.4150931729542
48.1893442088465
49.7821400403599
49.6398176158196
45.4797339369323
55.3035833315855
50.769841162202
47.2360287928788
60.527144385519
54.0912316477345
60.1209702791812
46.691719660804
52.2074955156145
50.6358584522826
50.2955955963234
52.2658413517294
43.7044904172054
50.4884626146019
46.9382782173274
51.5500838119669
52.4269237762352
48.1714176532155
49.1499066222542
45.7787320436953
51.2815476319294
47.5979808466508
52.0388736273782
59.3356945769408
52.1704402417052
46.6397005474685
50.5876861983406
48.7733395820899
49.9688645245919
43.7409489822502
46.5503289605448
51.7769664634615
47.0493583914782
46.6644520427527
46.1594986745482
46.7238823792098
48.6030755894251
47.1024730900287
53.2206426453385
50.9726068829164
52.9785071471038
49.4121322922718
49.0873482700795
49.519761662359
55.9438955376385
47.5481035539702
48.9394536852504
56.5975200235203
53.83264534959
54.3055675429441
50.2647379973347
46.0480653899424
52.3350695616032
48.0702399576669
48.4817743290584
45.7577101559716
46.0139013938719
52.3227768440149
48.4738698568418
47.3404980074842
55.1667503645542
54.5732494354239
49.9062199785471
45.5811437566582
52.1775453112497
55.0282879651828
55.8325817935953
44.8404030877607
46.6420966416073
52.7319691397636
44.7729031493707
51.8611058403649
49.6197358514941
54.1468004358647
51.9718353781261
50.5017829172799
44.2991822821909
56.4958511201963
49.4598318522192
50.7028147060093
46.3648607775443
52.6193162138495
52.753788907681
46.4953613014151
56.9481086150609
45.9641999367914
45.451099086112
47.063638224098
52.4392583702464
51.0976724694645
49.155415371121
50.8874332250613
46.5936209084879
48.5394394870923
54.6858002403276
52.7400369251796
51.8758692342376
47.6186787800716
51.187542363143
46.4972934666496
54.1212975876869
53.3718781570289
45.9149729316827
43.0013321517032
48.6573559639287
49.6841387485603
52.9502223587037
58.5674927819103
51.41611735159
50.6807338608823
51.5302175520144
49.6162160212217
50.480963639251
50.1210788756587
50.1326657396004
56.3302282250753
44.6577041858303
44.472466039023
51.0077440764694
46.401623168974
56.9027394873206
46.3509506656646
49.2453210017281
44.6147775893668
49.2741457392798
44.878016101527
56.9069186640218
45.1234135157864
44.17700130142
51.0166524368766
47.0731128503882
47.05629348954
47.8536892913695
47.1434512038109
52.6395764816131
51.6259561815357
45.9331632818014
57.7168015116344
50.6515086953479
46.0790930459088
55.8083147099379
48.4244668688047
49.5185814290323
47.9493466485585
47.4904763519783
49.3391577475224
46.7608929346641
44.3362155227708
57.9713557479325
49.9533943227281
51.8773491369526
57.8199214131721
56.260053123842
44.8043748547254
48.6040535578315
45.8726515842072
53.6255249781169
55.5938046124097
50.9324980924756
55.2595933104594
53.340886537132
50.5336879090852
48.6756347007347
50.1639449900342
50.3104894076578
46.545292754186
57.406579796267
50.1815838742246
48.5744855073964
46.8036953304606
47.6086427946994
46.4259227572149
47.7530261547078
50.3399283469428
46.6076187701294
50.3735561866881
47.5608353647125
51.3922282412415
58.8566254745001
51.2058265126689
53.3331537287176
53.8728148891903
52.410675726465
50.9274534427949
58.1248971118147
48.6060099633685
54.2602095947875
46.7969552253506
49.6059559564844
51.2598167487372
48.6389088837808
52.3181906845971
50.5747542560778
62.6458552605295
55.2818472793432
49.8565309809358
47.5422899610489
53.531058848654
64.0580157388663
56.9797282959701
54.9973543607085
48.43816810405
60.8523644442405
50.6230985818986
47.2383159132438
49.6005751536565
49.6035298307012
49.7341638328024
48.8401326290738
57.5099395417401
53.4933022525426
54.2714030676948
52.0099424688616
52.4597897737569
53.3150421946805
46.3691830372368
52.6693430937725
57.7144394374515
46.6110652489408
46.4340826977056
50.3651758691775
46.7091938284927
64.5015874560401
53.557056067703
47.5071380543059
50.9505093002213
46.7044148603779
55.959088918613
44.5328030171123
59.9351514237297
50.8474023242612
58.666432586402
46.0803855261731
47.2824212782905
51.1955886424764
48.1907629623387
49.2278210531857
64.4135196896109
49.4798334880105
57.9037697162143
50.8469311790329
46.6040290790051
47.0890823060954
45.5197851799324
55.681982330926
48.0548818878463
50.3269337101483
47.4690527513296
52.6667432048894
50.1584657837771
50.7827947776657
44.4478935435293
46.433242372953
51.3851690310618
59.9584842672538
51.7711354376644
54.5914399589306
54.0753669646822
51.788791515674
50.102482128744
51.4577782740597
52.3724108614071
48.0960515656494
51.3561971215484
48.7563832684074
45.8783784594065
50.1010374536085
49.3168968348278
48.3112807888758
52.9534063133112
50.2302948387227
54.6649832568842
51.4484840264647
49.3976954616043
54.1960284990255
48.5848812111162
47.0375421737309
56.0256723896187
54.5908794380206
48.9890122541665
48.8120975174747
56.0306014348114
60.7744140543547
46.0252389102534
46.6986167201559
55.1125037719756
54.9966499587739
44.8718805415314
58.6761920487625
53.383879060591
53.8581991557784
49.5321107572804
48.9951007960079
47.5899260707036
51.7741108463236
50.779945507121
47.0810247310848
50.8420036876324
50.3202463004125
49.6891250058999
46.1330057722499
48.8918759856614
51.3751985174665
55.6065400738163
53.2852105499748
46.4640661241043
46.2134394595702
50.5204175408809
45.4623539639101
47.7604799970924
47.0201186988657
52.2896862280327
53.7286599884498
46.0796908196787
48.3099383235323
54.3241535604678
49.5913022070646
52.2695351125282
56.9562757602205
53.3523934025848
49.4274513055645
58.5488221094573
46.581775699163
46.6129705983995
47.1487653376108
53.1234430808694
48.2486829706277
53.4803139049115
55.4711951300992
44.6662872042219
52.4471811149125
55.3266453301862
45.5845454354548
47.2708315238102
53.2579250058462
50.5689572721632
46.1377867990215
49.8348177994849
51.1734133811803
59.7607655306454
50.536752777223
48.6387242284676
47.1129589900246
51.90783595762
58.1469724414954
50.3013914699244
47.1409413027247
47.9551472980903
55.012486536336
47.2201823726215
52.1043363467276
45.7700822779621
48.8562160275627
54.6563159710135
46.7881466726894
52.1385183154076
46.3279247102111
53.38321097258
50.7054304220105
43.7467968466423
50.9881764071002
47.4928975650845
49.9004253440084
49.1635991807073
47.0068717333971
54.3399757338912
48.88888332418
52.8663070738008
55.8728776606946
47.0474878201214
53.7418979274618
48.2954463295013
51.7578956647299
53.2714889937032
49.7589152528787
58.0035576245031
44.2800906020224
46.4222282264595
47.3309579099446
50.6365969470619
49.1804738223103
57.3267429707575
49.8497838642867
47.7936572733966
49.8287321861442
45.7692487670867
47.013001222028
50.5514266335009
49.2849269093742
49.6245635251054
49.5703642214167
48.4037677715321
51.1236291750895
47.3653304450644
47.4785598660123
45.7734234733794
48.039109181821
52.2603576588416
50.6292787936969
46.5670854747118
53.6777770122006
48.3137477389921
57.1497398862131
53.1116538612456
43.925805542968
54.8142162793252
51.4689706365498
52.2063673865925
52.2355840546392
52.2332751945127
49.6655634529374
46.8396629830448
48.5938754763142
45.9128646994895
54.9434617681563
54.7361788369903
59.7057267787332
59.7392822647505
50.1989857182623
49.5528672494142
49.5278267685389
45.7271735410144
51.4180437115608
55.0612829966465
52.582257852959
50.7203565046111
46.135920679221
51.6598692973101
50.0029428317904
52.7595147223705
48.7863234950867
51.7642388970609
43.7297182430296
54.0079050472899
47.3289936389869
53.5238938846928
54.6108543435416
46.3972026607598
51.2316665215532
49.0810408999855
47.9238814512443
45.9007163600126
49.6512029745345
47.3586016629701
47.9645319439727
45.965141148011
47.6308083422191
53.5715136549062
48.7126236399438
53.3763156599073
49.8858321970447
51.0229214269886
47.2843720327455
51.1237000059105
51.1270112456989
47.6856882478898
50.952254948975
44.7328137997148
48.0933025085453
45.0031639110903
56.4518870654606
47.0346351029658
46.6767906025801
48.3799950005313
43.9381492568894
58.2822627139816
55.1142805583477
46.8946168744527
45.6239419419199
51.6870985219664
56.083563346939
53.4063133035668
53.1987506114133
52.6801051319465
56.0681308010261
48.1212702790517
48.9749101581407
51.2879604968283
48.5760316530296
47.4831341824522
52.8552683727812
49.7167638590259
49.8429859514164
48.9757523299171
48.280594705599
48.7172621947492
50.9213186576243
46.9679297661851
53.6077985877841
45.3878759148915
54.848047199845
43.2490777396468
53.2913142267999
48.1825413297111
51.7950825265594
48.8962594012128
53.116449981466
46.3509965959767
48.1430401392124
46.2642576972107
48.829607338693
61.869029603799
48.0383960223209
58.5060067801767
49.1914364674436
44.3502779418353
46.1814701373723
41.9852987464623
66.3194378550972
61.7395430385996
50.9404602777338
51.4708137037006
51.5502453223572
49.4297377457828
53.2192679912364
52.2284863915075
46.6262722523924
47.6126898219198
53.4835636746424
45.8962592821401
49.3742226557924
51.1393393060424
47.7721636699264
50.9684806425
54.2067502066515
47.1922677752305
49.2664509928
49.403817153068
52.3799249228785
50.8516376390033
53.7814793312852
47.2837921706883
45.5502069135491
53.3130000117977
47.6786594700484
48.4198422866447
54.313712119721
58.0575070841041
44.7003724104494
47.6229360606682
58.0734825913312
51.4204009444368
50.0181089181269
55.8823653945031
49.9411538024694
52.6892047032998
49.0389562964833
54.2955579178341
52.2138004520238
51.1153639048535
51.5290783804178
49.2779217113326
49.8695759153208
52.4068431477004
48.0084739583834
54.9999611785345
56.433560438852
52.0652376607085
44.5907440862351
45.7558698799336
47.1976795085995
49.6296713468215
46.8522664170663
47.743126953858
47.7683899723656
45.7322324246599
44.3011744517669
48.0294033713994
47.6053931997366
52.6989099400783
54.8126326738344
49.9221554643297
44.7546372990398
46.3697829019741
59.1413497214199
59.6484732062349
48.2976719356122
50.667454088263
52.902314515759
45.4432172277074
45.8013702842595
51.5082189717811
47.0183950410942
49.6292342225813
52.5019524738918
45.5105478457039
47.8826636228762
52.3708027096497
51.9590852619556
47.7790821094763
46.9002566892289
56.1226959305302
59.629808229034
51.4032444862392
51.9128913285621
52.5868586689394
51.9104158112167
47.6039034421319
45.8943801983498
44.2540364912914
53.8253739617392
46.0701309098246
45.1394026697002
50.9478974915311
53.2823784704841
48.8948117166617
54.1905018442913
48.7951015995391
43.7832781749562
52.9604545878548
50.7693736912549
43.3871380342372
48.3350179519084
45.6529753037561
48.6262071707805
51.6381844793006
54.9274448844334
46.7343137478349
49.062287644321
62.4946509439568
42.8358921700609
57.3729611895807
50.1838824946431
51.028951755079
46.4960112640388
54.7887227921735
57.4115615244673
55.8578575480514
52.0014910368283
55.8510749260066
56.8407953670298
47.857194717547
56.8315192847414
46.8398167992272
47.8931667300958
49.8468234430544
48.4636111992647
55.5678039548921
52.4989573778305
52.550056332381
49.9047528720241
54.0990790124754
46.5988270010161
49.0617209259076
52.5387345893031
47.7048802277515
50.0837448482265
48.55607140082
51.3835190573812
51.2500195020971
47.3137165925245
50.2093632455422
51.6593533823401
47.8785251036462
48.4047725876573
50.2571313903741
57.3552011904475
49.0771710798322
58.1897892409491
49.3402858392959
44.9082557741184
48.6443341731319
51.5511270887178
49.072042484202
46.3884705237844
50.1852486341138
52.4024445756252
43.4713989803739
47.9277724362985
50.1347380558141
49.6569976960355
49.0615934979086
44.5946647404806
51.1426740648907
48.2042081166343
54.8826040640864
51.7865003955409
48.2781827270584
45.1502950332367
48.6594677609466
49.8090730706196
49.641925127874
48.2431304467244
45.490637423057
49.2546872594151
45.9548860482386
45.9408164029792
48.5016524585164
49.5321754739393
49.8243325866549
47.3791517381275
51.1118306769599
47.6364068663009
53.5624883824922
57.8382897850846
49.708682070491
61.0659842608227
50.7398119604358
50.4841032418537
51.56028003345
46.7179383882039
49.4096395879356
56.070403126542
49.3217078984387
56.5334323953332
53.6104239266442
48.0385870166144
48.5231755378303
52.7898588332233
46.4839341289846
50.6535970917851
45.7025651755429
45.5500062205128
57.6036278691337
49.7241222057204
46.0257397931647
59.0413017230533
45.6908564584508
49.188282635785
51.7177827628013
56.0137306212502
56.320571133675
61.7289302081773
53.9351129088208
49.7012530355625
52.0778956682859
52.6113804087855
47.1518340177455
44.0911222306507
49.1190428056055
47.4493101238927
52.2845358307048
54.0152745303987
45.328828568762
49.5678398301785
48.3139412102641
49.7380794622276
44.273399867756
56.0918421185751
57.6420147783124
50.7073728148701
58.3206975361153
48.2751874836145
45.8448961762706
47.7220850803524
48.2275168242324
51.6199759674603
46.859299362321
58.7108576161248
45.4835972747656
52.3270967910839
44.804861389203
58.0952909784325
45.4383088337879
43.6207592851391
50.3711005546273
47.3074604658187
60.1551150031692
51.0519827653233
48.028036389767
49.6201474274698
56.1011932482739
51.5221841515128
51.1689130591745
53.3117696411698
52.5202503573328
43.9000184801574
47.5888594851907
57.1669484145868
49.6479661138826
50.9599977249756
57.862639142381
55.2458703104098
53.2143164564498
52.1844118376912
51.417090026081
43.6143936442839
49.3365749664939
54.0326355778004
48.3640553130473
46.2814235019386
46.3982666525832
45.4728391043663
47.0757464370743
45.9499120817817
53.4660138591153
49.7290240824203
53.0250304169198
46.5849190592621
48.5706395366677
46.9942650785223
47.5210803643442
49.4224566697597
45.0483562667361
45.9414073042833
48.5205404244497
49.8277789904192
50.286377399806
64.5782285524757
54.4119978687133
56.7873328105333
50.8028681409274
57.4850222745447
47.9111486278065
47.1108919946558
49.2314349164532
53.6829438325201
50.5716978802567
56.4677234918736
50.743009478708
52.9228124212604
49.6999314131749
50.0650369553769
49.514339617197
50.1413114451433
46.5226342191917
47.5080953490897
47.4189758461873
50.5549311152175
46.9742039264286
54.8405369140884
47.076819908016
49.1774679532899
54.4561106312188
49.9198137203923
48.8709123471204
50.8920690146238
58.4069671514237
53.0263838008181
49.5793211944529
45.4225464696949
48.5181110332242
57.5559326812726
51.8078618242993
45.8567070883534
51.021800971906
48.9820977081334
51.30107912513
53.6033708797088
62.4838000631389
45.7354169263214
56.4911780310188
47.554276662138
54.1662678381235
49.7207048674361
53.4152377475321
47.2212399762421
53.7269225126592
48.7309952469908
45.9524637290994
53.6618209500142
45.7724932737646
47.6231934872703
50.8631031538401
49.8595749906027
56.8048070832549
49.5554105705858
46.6637967229303
60.0012927282654
51.5668660557183
43.2810223785644
48.0603265068775
53.0673603026252
50.4430973075892
50.567611045976
44.8186576958587
50.7564629758806
49.1878472913745
51.2495641178775
50.0874860214521
48.4095987613651
47.8362347361317
43.010903879342
48.9208306488348
48.5050349531031
47.7319076062924
46.1082658605772
52.7232892725031
51.0452381694039
48.0089197039627
45.3245861560282
51.9660418734812
49.1073210670341
47.8571948096456
47.8876631314967
53.6798623073278
49.993075436046
54.1715202850776
53.2473558935225
49.7108530165859
58.5692233750395
56.5574490720986
51.9703821261868
53.1597069642946
48.2446354165873
51.2746243303426
58.0935170298565
48.2379394280114
52.5099081069321
51.2445537441681
48.0200522348512
49.2357753516669
54.7087667233783
53.092744468279
51.6898300610266
54.0560853710951
50.5587331655785
57.9078567003813
51.3848221990421
44.814980920566
57.5048049865505
53.6843387094002
49.1690426650356
56.9700261348866
47.7881864466141
44.6043548696411
51.1460274210155
48.758003009952
49.4190460258672
44.0927874076288
46.8507588502265
57.751481695503
46.553082229945
45.3068299254964
60.8329744389647
50.0441198602194
52.2196630663223
46.4862039287344
57.9665311574483
51.7451215984336
47.7778856707008
45.9277096175622
51.8465757854666
48.2503252282582
51.8015455544383
55.902620817752
48.5424562739403
49.0124307038947
46.4815447698395
57.0450946726917
44.3528830005781
50.8371706619607
57.0618939901985
46.1587497488496
50.7664021901254
55.8520022782735
49.6253622718333
53.9217543908386
51.1397772758168
47.1580542386294
44.9482918863221
51.6245122773405
48.7126948218326
50.7646527664399
45.0320087938355
51.072432769501
47.4155724443067
50.1975725446902
54.470616500724
45.3312943891583
46.7313287731435
51.5325228744418
53.8653703266385
52.025581618132
49.4393405610658
48.4061374418321
47.4958518937529
55.4707725628459
51.7663921967864
53.1339176737815
48.8257132160182
56.3383747383993
54.8959645581908
47.5258312271546
48.5285171700959
50.0183474614329
48.6807861790494
47.6678315790099
48.249297718075
53.0427575878479
46.5938946858495
52.8187958851784
47.2798187668135
54.7305336355726
51.3367064364848
54.5050427221214
52.2029737301659
53.8755473513551
50.0217881013092
57.6780092888975
50.191027945753
50.7078270075699
56.886713672613
64.2695720547357
45.1314666642226
47.0932654310309
47.8197471397541
58.0938679508513
54.6836573547531
56.6172791511875
57.4938845536404
50.2505164317745
46.391375347716
50.7517645760242
48.8352484382958
55.1969049101237
51.8992432047654
55.8000901667069
50.7520620544723
58.0251296554574
47.5417059962902
55.763956929018
47.3077203111827
46.4604395701773
43.84493862142
52.3744288827209
44.2687779691222
56.8607630990087
56.4990210506831
50.5574192506481
58.0153850220387
47.6278539457073
48.9659268359031
47.9439266627045
54.2017345873201
44.4493923424029
51.2181118459852
44.8657179092807
51.3208533300148
56.1964607798053
43.6624604247078
49.7248727913047
52.5038390907362
50.1684718181482
50.2579443331029
45.7007016574027
51.2210082891009
55.4971815113698
48.2235139745179
51.3428228824939
48.8849868602456
54.8474605044713
49.7859756831072
52.9628971148075
50.6144596018938
47.9541110749609
55.6429841632184
49.8508393745556
45.9077579724774
47.1160461210458
45.7364388240744
46.7198455154693
53.0013212899428
48.5427431850636
56.052386560057
50.1343660369955
47.1382587544031
53.0172381500845
46.1036770167004
47.2531828630135
45.6905971641355
49.1275669618645
44.4126259879862
53.9656821428862
48.4321890084872
48.9044553240082
46.5764813146572
50.6977513229935
45.7183879571855
48.0789437831051
47.8159340798354
49.2468686353773
51.3885645783033
46.4376747440409
48.2371654635329
47.4789443590142
49.0425102004517
50.5820533995513
46.9424267354672
47.1051923289757
48.5562705028899
47.8878125960486
45.2582354779369
46.5030873712141
51.5024700949902
49.8930065477252
55.325473588554
46.1587105866447
49.8334578785475
55.2917927301774
58.6034820674702
48.2301806732527
43.7437174615791
48.5718540348237
46.976124610076
62.4510410502913
53.3504150213233
47.6355048077342
54.3513307329853
55.1112406904106
48.6640612087312
48.9934539570617
46.6575285576153
53.6358304837825
45.3820547701064
51.3714520057446
46.3755518200717
48.6426154168608
54.7036699899367
55.0440364875425
49.5000051325762
48.7954080823725
57.6416455942668
50.7240690647197
51.50130865335
49.2323999213048
52.9753020470776
50.5451127806363
48.6826299805674
45.8147048452095
52.3112045515613
51.0132348736995
56.9755051115724
47.6826906323348
45.6839856212117
43.8025931875891
53.2807668675205
44.635444486476
45.8044738402526
45.2207889290838
58.2746470985545
52.1133149216848
46.9416374456343
49.8393993060445
49.143900360379
47.1694431417971
55.0897355525664
47.2963787058359
60.3188175126603
48.2448747765185
46.8522017262914
54.5305904494494
50.9635890731764
54.1400892834343
46.1622548572398
48.8087642507613
46.4339111336215
47.9108595927416
45.5086331186189
54.0431428351006
56.5208246096947
47.739413762169
46.1884618692958
49.3287300696879
48.3764283474544
51.8745337037867
50.1450851964191
47.0817899913082
53.7569338358821
48.3118851629604
46.7671064860315
51.7804801536809
49.0924588018252
47.7689269849359
52.9024953335702
46.7232639853215
59.4143993676648
56.4399399260671
44.8065072627895
45.9802152352293
51.2686960515283
44.5050206533248
49.324944343753
44.1915728196291
51.1269476008376
53.0353764011943
52.5151686662948
46.4785565640561
49.2533968985514
53.6490107752339
52.6812580094139
59.1982288878146
57.3528764153843
49.6466998790074
51.3828730330805
46.4901742813324
56.4869949007929
48.5592219614355
46.5357948101688
47.6426532331887
46.942590727523
47.8889522931527
57.7673628211972
46.0520439856048
47.944201794423
49.206271703847
48.3406527306951
51.941222545815
53.2037655488262
53.5716278753038
51.8114095808928
52.6473132299536
51.0125746118801
48.4747259038368
52.9990732598918
55.5072801915871
55.9230629564376
49.3558994715902
62.2735876980106
55.2394676096772
51.7279612536889
42.3112029662127
45.916959935756
45.367671392901
47.6933335508546
57.5175313522431
46.1604047713767
53.5179327764709
64.5825152441908
48.6363937193726
47.3932691428404
50.063445279564
44.0785555374775
48.1336708818645
45.889252849477
45.03590430834
48.67125981853
47.1830923076439
49.3717284071056
51.4555644448941
50.5778225371366
43.7588042838444
54.4117937156245
58.3600573750322
51.5244189930127
49.5577484329452
56.7928095352628
49.0941888959288
45.0045963543153
48.1904121788716
46.3474427579077
54.4927798006568
54.7361358368581
58.6348886707758
49.5255879581219
49.13153408553
58.3709970128354
46.1703949429655
48.2801835933173
48.6630971461147
52.7979815903369
51.3202356989415
48.5821839402818
51.7644919213894
53.2268684101176
46.5218232465434
51.1874530807969
51.5746673006423
44.4786044328418
55.4205897145756
47.9034428956462
48.8862891841582
49.1167031041215
52.0546012824294
52.4694445922861
51.5345232503081
50.2017867958085
50.3679388526465
58.3368116573824
48.9029599298908
42.9973682170511
47.8242586263084
56.9863168812476
46.1915140160965
51.6927468020954
52.1524810500804
47.8544430722619
46.5480271333944
49.0780770576651
49.2872241860895
53.3696932536093
45.7166128384681
50.6102209097737
48.6951649895508
51.7646087641042
45.9664329295232
49.1871207781819
48.7429782534396
51.4908229277162
49.2840999882463
52.2443494286684
58.8232363406433
52.7094682633986
49.8146065473637
44.2760888163169
44.5858481972952
46.1142808501605
45.0927983498097
53.9581105215047
48.2378111270109
48.4518731715008
46.183995754399
53.9016352895228
52.6273786375011
50.8548096287862
47.1496460415115
62.3638576904247
47.0427981686182
48.6081057679089
51.5666071110924
48.5490416485177
48.6012456145626
52.5677426511351
51.7209679503008
53.2808199070889
51.0008713388581
54.3767024793465
51.2717403566759
47.2624890424866
48.7465176153869
46.7777051309911
49.593313298144
51.0309747314948
52.1172034890074
50.3356324915025
49.7268365008987
51.8363609762096
53.3049050544927
50.339392708351
51.7969355402042
53.4978610375978
48.1938476507996
47.2378826719216
52.2276454984758
59.1086797466278
52.4589833358682
53.6899379066597
51.1194466927683
57.3796629688515
49.9355978903756
44.9922832068226
45.6938644506276
48.3417025627199
51.7939170655433
60.8998217220867
49.1570397278804
49.0354657741449
53.4814529592375
47.6674593261606
49.3433233022273
51.1992114070653
51.6076516442172
47.0538733684777
51.3248052919868
44.8419604498375
44.642896181412
51.3801389769136
45.9053855669641
51.3638845679629
50.9737936870016
49.4008146482402
53.6340461524406
54.977365596822
53.1156058148235
46.1353360479988
48.1134705114237
52.8877252641026
43.9062747051698
49.5937042603082
56.6776321655204
49.582559245303
52.5526858074997
52.0776537310447
53.644704636803
52.0229433692967
48.6734090554252
51.8764303625539
50.3298949210736
51.8495737650217
49.5203128355951
49.5939637422843
46.533583845458
45.9777932591007
52.0103556364075
51.660782191336
58.6847575438969
62.9522045689353
57.3397830990032
49.710757945153
52.4904717698151
52.0716148993925
44.1078381502171
51.1998448473283
48.7675369444548
45.0766274732893
52.5340966805943
52.2411514612253
51.6520702276347
46.1882055687959
51.9766340712565
51.5763944554668
53.1646063333167
49.8226410533624
46.4119133986837
52.5852411416463
56.331655122385
52.499777214711
50.0336732308418
50.4723581398328
56.3342948274636
53.5483917777217
46.3024712842035
46.2918445927598
48.0866819220277
56.6590272825949
49.9329150226498
49.5110570793288
53.0176701233677
49.3019291555508
48.159621716089
51.284640317055
56.1393184136995
53.2407967635869
49.7183962999385
48.5129335837802
50.8560757103038
53.6775280719544
57.1542155853605
52.7088983878451
58.245905003892
53.274460774685
53.8417821174267
44.3524366177193
53.0964094970224
47.7554831030892
45.5420694629081
46.8205822246756
63.4642056287858
53.6586575680995
56.0113164320353
42.6687988545591
46.0812486408229
45.4267430331412
58.5780457217868
67.2476165599515
46.5411683637615
47.6759883818937
48.0015286167825
66.4602687701139
45.8285256709958
47.7156174847949
49.2701937406396
48.9378006664037
49.9943702231749
52.6936316197971
50.4822137176227
47.3523289701977
54.0716199466405
44.9153378036553
43.4899303136642
48.3792139071877
50.4914350084381
48.8309873691089
50.9007339768497
54.1428822420749
47.3328034756407
50.8379314768102
53.5386354832877
50.5850251654112
52.7140508704088
47.9290178120493
48.7644153588514
49.5645702126343
47.2102553229996
49.0426144784773
53.8973032078646
54.1405911096179
46.2024595875919
51.3517409947744
51.3478719665188
46.4456739227397
48.7729503145307
53.2292627664777
46.7230483721821
47.9848977800636
55.4304062202985
55.2051433915244
47.7731743996373
53.0542810586717
44.1501720487439
50.8154462396578
54.7930269126795
49.8721867428765
54.6862102830502
49.4400065340082
57.6246294553308
52.383916308327
43.4732148346661
56.8666394512911
48.2384698864583
55.6618420311265
50.0558088786385
47.4374499785069
57.0235998090252
49.226622377669
44.6370066054175
50.5549415614662
50.8581470940054
53.6894793605761
49.7915469672331
49.9223891030018
50.1399120534333
52.612534716819
53.662681505638
61.1079344252336
57.4445225747602
47.4781953330358
47.8552424557127
49.2185953116185
58.3144092050372
49.1556802669378
48.2280463883781
45.5493657053451
48.3330652491724
50.0760695426687
55.9571053139351
54.7665793346851
47.0114798378117
46.4712171739511
50.5631845761411
52.8867482468038
53.1537393964876
50.6099587172874
47.340429648491
47.0927944845678
44.6125041932874
42.8421567474553
48.2526608275077
60.9850441035784
45.2884627179243
48.7407651113484
43.3673146901866
48.8361028226822
55.9585778338027
51.3093765044864
48.9403398473569
54.0366662055075
46.1053508749925
50.1488193577637
48.8382504393037
50.7353552441918
57.8824720225504
56.3968354160161
52.3062086642198
49.7629580591911
48.8217359545629
64.4298429710043
52.6091356707958
47.3525128794577
51.1883071657267
55.1970890624245
48.281500793113
46.7063862969197
49.3246724214401
47.9415475184211
47.6909203424715
46.9993454872685
47.4690979902592
57.9575838951436
43.5004779708528
51.8484282027144
49.4417785668769
50.6343479598629
56.2687357487837
51.529206018278
48.8722419881943
50.3878156360619
56.9093699055593
51.3975410761981
50.818087802358
54.683726497024
50.8110145379624
45.7311403989613
51.8743832874875
51.911691407611
50.8332000620704
48.5418134884211
48.6918822341599
44.1839668276649
55.2574750040009
64.8303968086871
47.929636150957
53.4697630821162
45.3151993365988
46.2815933693943
45.7117195786893
54.1544488934247
60.3955391107455
52.3918503039402
53.9158748965566
51.6095846011453
50.5736704881287
44.2806062143941
48.6683170925525
57.2788463435
48.9010819616899
59.188569853715
44.6346322710265
45.156319615686
49.2276214701566
43.5794679363984
51.2129228887067
57.705957923747
50.0896119425524
54.7035012592981
52.5145687898259
48.9270270233904
49.969028662552
47.7961794082526
51.975249580526
47.3860399752518
47.0139854483815
47.1451536016526
58.0272206905185
47.2877050843582
53.3818599791636
48.6554029105273
42.3772727409406
59.3540626910949
49.6645103925974
50.526437908391
53.9392786038665
53.1144398883618
47.1261409998597
62.4546183078204
47.7307639990329
49.5245492769041
53.8907600055627
49.0683138487684
46.0740613463062
53.2370809502725
50.3585033920619
43.8090680738233
48.3974543023228
57.5016100868238
47.7631813338379
43.3714649980278
57.9231205906048
52.6918190560612
48.0324947578685
52.2585234876644
51.406613836883
47.8031175977499
63.0729537325982
50.4891482523967
51.3376716831697
59.4084173946074
44.8630770489507
47.1302405106182
55.9169789531043
55.7147977316819
51.0931826897086
50.8973055321573
50.1382839360594
51.9856215513947
49.2863226265658
50.2707510074778
48.0571337048684
45.9121926558065
50.9043814670026
49.2757263728092
63.3352198226386
57.6023619977714
62.3707720617711
48.0617948368555
49.3490104240813
44.8822212145619
50.485123381066
54.2999947373891
49.1807452693502
44.1233864622556
58.8267349283737
58.6292409347913
46.9493854299715
52.7503757250496
54.3858401588805
50.4159148975259
50.2393241761505
44.0500174503697
51.0874567950236
56.6456157985842
52.0727645937037
52.4510436950841
51.5142295119057
48.2015682824331
43.5495893594423
47.5591751935568
47.9197881786089
46.8019618314929
48.8066238381313
46.0871239228802
51.3572568332837
50.4667247050626
53.7390663002746
52.7899909159336
51.3785854926587
46.7010103633208
48.2588151801063
45.2094785737834
48.7808595549492
48.0815742910191
57.892742782625
48.4918981855588
50.0058861771666
51.8124838802873
51.0902722263758
58.6612385855795
47.0800409532146
50.9141503086963
51.2628352594957
45.4879057867127
47.1980827072023
48.7743098521715
49.2030839775632
48.0755422193037
51.6861846288369
51.6482535402088
58.0891328103291
48.9347510364354
49.1871796801177
46.2078512965811
50.4300197141944
45.4802009925086
44.7421532448569
47.2646184884553
49.0976814246354
51.7402443110383
60.4335470637657
46.0427202235531
48.9083340738517
53.8341139715259
51.9054619781571
57.4211662418862
47.9660377723736
49.6881154272738
53.6333956385683
50.0305478614401
44.2688125037911
56.2007159018797
48.2748500945311
42.4806447292232
55.1966261080318
45.9967852140335
59.0228223539402
51.753363758529
53.6251755466947
49.7163239938325
52.7332691435314
53.9310868457391
55.8878492267449
52.346387383272
51.9568096926543
48.5087376684279
56.3112845690924
56.0587101789902
48.1258113001676
44.7500403073306
49.6888817732571
47.5901273320054
49.1546496760984
47.0215873922804
51.1971045139076
61.409889169284
47.9818413607398
56.0968697573384
47.3387746974215
50.3843698405272
57.7663649915004
51.9571534858346
45.656493611048
50.4720566824929
51.3936673916184
55.4589958849454
53.3609691735979
48.8549972978757
53.7690637206143
47.4208305690911
51.1232340465658
53.8066793074637
57.5636220744366
46.2205116773625
45.0702269013498
56.2391333278535
48.0966660183424
53.4806666766857
51.8250821430131
43.4438578399801
53.0425332187977
52.7098668819863
57.2838076584034
44.6120935244286
48.6876849182421
46.9629697756932
48.9713101104665
48.8383121316321
44.6364365668109
49.3804827883404
44.9224205229901
48.2859521073464
50.4263176479359
50.742850532537
54.9152069780169
52.8283055543512
53.6112356768749
54.7526098412631
49.8815304177081
55.8324584948506
52.5309846199422
50.0854281257804
48.0569887765111
52.6596437662355
58.0170483758993
52.9983827665589
48.4819572054212
55.7318794260862
54.1657495965987
47.5683342316657
47.3756236301286
50.7271044374896
47.9091161035326
45.8640854235956
52.3918047027232
52.4895731364393
53.8582770417925
53.6026260597883
48.0036153351251
54.550990781945
45.573863875829
49.3111694898081
52.3265482218157
51.4198125551141
46.7499807920923
48.481114344653
57.3553456305585
52.8158650057394
54.8505579643943
64.4161801259716
43.3812798107847
43.9776630834146
51.4547816807365
47.8849119085278
49.1428891819977
54.403594802021
53.1865437947118
46.1436172194106
50.39386462757
52.7006145598983
43.8603211621288
47.9190742201806
53.5609520815751
54.66986501763
45.9235713908286
59.688072017474
55.8314387235937
54.1900129015919
43.2287724586803
50.9331493073594
45.9878680865126
47.134234852943
55.0923617106368
48.4491238670172
49.5274905496677
51.4240372269597
49.0888604417887
52.2890850990659
48.3867283112279
54.336102877887
53.6741598124243
50.5558130186936
44.1226852013433
53.3581972252981
57.8487123482927
50.5767083919639
50.5923036751191
55.2209961076109
49.2569226317764
56.863003073815
50.1124626004272
52.3795914910807
60.806331353794
49.6267840189146
51.5146271594977
44.2860907218561
47.3309682089359
49.74271377587
52.8156733642168
51.2487245028969
52.0829865968229
53.0111063772034
46.0948419245822
48.7689866762227
57.1652135659273
52.2448379640122
46.1086756358398
48.2019221460569
50.3559987003468
51.4358328503311
55.0394175349914
48.534798661988
53.1334567137257
60.4909037290298
48.3300696553755
55.1740802736954
46.4228337484322
49.3559831282625
56.2052318825985
53.3273906021035
48.107356324788
49.1658657378641
55.6178645776072
49.9290221562995
58.9891379131969
58.6149797762887
47.2024356046959
60.130025312223
65.1756475676113
51.2473312661612
47.5188072014833
50.9387080687398
47.3847087003075
48.2445787271601
57.234914774571
46.41393502917
46.9531643985575
54.1644065347572
48.3951128756486
52.4976895090619
52.3370077089408
53.3214688176598
52.1461358480409
50.4339666897879
48.0438252013149
44.5971321635415
46.262715849896
49.0799497723668
43.2556805102227
52.2919808028165
44.4594822895098
50.4990678889059
49.9742348779487
50.7056121077839
47.2920814812934
47.7596752198312
53.443915752741
48.9528828755367
49.0709797231684
50.1663183499679
52.8482442365772
50.2397540259926
52.5697884370746
50.935838379497
58.5169396213267
59.1720873878547
50.0105539990566
57.0617501131114
57.6103356287046
54.3474947007917
48.4133979032532
50.4265422336768
52.5877472111463
48.3818831871123
59.7080988851487
55.0419477498029
47.2118163072369
46.5447232504483
45.3625190301365
50.0157580094092
50.0492526651421
47.7153138280245
50.664839362597
57.5095686165694
57.7436575302865
48.9056687754595
45.9886479665108
52.8217997631894
49.8430774755662
45.8866139856452
47.7424667502074
52.6035956968317
65.2493799845949
51.2356902828182
49.6932906076735
57.2395443693785
46.2605884760567
52.5698413688513
53.206132946665
45.7870543103241
53.1809193785046
48.2697850476121
48.5653345498508
47.5620948422325
54.0356208305097
48.5673939533476
44.0149807228131
50.7036588634861
48.6958708218113
52.9930518414163
62.0208092449588
55.1281710945889
44.3660435789106
64.2382070522495
56.6162113581825
52.040108537394
46.8688223400015
53.7605302153933
52.1936357890745
52.1906754704965
54.1307348582918
54.2212329907975
56.7590436307292
51.9018304621579
48.2093364622763
56.5403849378885
47.4766446944702
54.3301087696175
48.3065831728976
46.4390447780645
52.8173192909489
47.1773410310163
46.221873053131
45.1917637877573
51.5514292260619
51.3885397131945
46.3038217184475
51.6084260881548
50.6342302712041
49.3030474307925
45.0201501803588
58.1570169886631
47.5670151397543
48.6428022558094
58.1090034893759
49.2743425244259
49.7198604120312
48.5726549252395
50.8880874960669
48.4504236558335
49.1814540327954
49.141001796936
51.1643922330486
52.8332813579045
47.3687074975403
47.6897900049369
51.2006827227426
52.0962675813248
45.5195023186577
51.484193251937
53.4691670118326
55.7863478108014
51.3918195971179
46.2480295528653
42.7026735572383
52.070375265756
55.8281741850512
48.0879062055848
44.0392043378898
49.9190536653604
49.2446639740787
45.8006357745571
45.969033489541
48.8649752472344
48.2281327509041
45.7271423447763
47.3995800140599
51.0799862633101
50.352593692206
55.0381708407288
55.2892147362274
55.0008032073518
54.0754379548605
47.6725858605055
52.8524537757801
45.0412082818809
48.9317851947616
48.9819641211184
47.2447451002152
45.8706160477874
50.0505472727816
56.8989106993369
49.1222588696066
46.7364332055502
59.1514359758096
45.7099019241147
45.7842112722921
43.485537577205
56.2191123995003
50.1368975409907
56.414442653745
56.1014281209956
51.8733378034296
54.4320333346104
63.1501948238263
57.7576564996729
47.4457732817227
45.5736877704149
45.8421287532452
47.6551086290918
45.4961385020599
52.7431957474567
59.8406378097788
51.2490719106616
57.6946475009434
45.504565077464
48.704372428385
49.3585905962377
45.9755706622335
48.0533303267023
49.9736845005198
49.0996699229613
49.7049065162636
49.5341176425789
48.3246531177878
57.4176891427289
63.1871867568689
53.3508001251049
51.9553620056667
56.1851149263225
46.2972332680931
52.7049191931355
51.0440451505448
44.6392570166361
55.9989850753375
48.3165129198239
52.0483384182068
53.772484046
57.8709628988229
54.6036438619201
50.1338583714092
50.6120422874979
48.2493897293406
46.2340014610873
50.0589088393107
58.5886016457185
51.2540541749816
63.652472464959
50.8444533055575
50.3840840495522
57.3691884175198
59.4369292585818
47.7136439595523
50.8977842794953
51.272255699112
43.1079835277992
61.0071372287187
53.5831748352052
48.410543523297
46.889686308425
44.2098760601673
49.9855858477876
54.9323467333289
45.0187988847603
60.2649725917411
49.4663566555837
47.5598435330306
46.069054867537
55.6237565035607
52.5339646424518
55.7157652517762
54.1780301050852
55.9281054490146
48.7296622724612
45.6687500624435
53.8655032454348
46.8561988371695
45.2783488671135
53.2492045325877
44.365648930416
48.6446956012291
49.0968484160053
45.2650095609171
44.8336010794494
49.8089894654217
46.5138036957239
54.0368053986056
54.7990373415798
49.6797760369927
62.1335662270093
48.0689315839209
50.2602302680587
56.7036137424633
56.3008798022863
54.1549359661045
51.0950411948565
53.7374876380294
61.4684501665479
46.8812255024085
52.4933713182635
49.7528506101793
46.1472450556824
44.8982457700173
48.0377286905396
53.6149579779126
47.3691578090344
45.3117618242328
47.4900758990846
48.9546114812973
57.5658391071809
49.5712857574158
46.2139795070435
52.93688652831
53.8905022001688
54.1504933056008
54.235106546014
47.4820476763282
50.9973438950866
60.4482533268251
50.6250069559881
45.3293723394574
49.2795953242399
58.8840569315319
51.6368351445432
54.2312888848915
49.7637299575269
49.8818774664196
49.250259505779
54.2736336554412
52.0389408773228
55.4454727898909
45.8292490325509
54.0787591796137
49.6968465159187
55.9853267919191
64.1551529939656
60.716783793843
47.7338128362421
57.0549826410972
45.6884436339986
52.660085428724
48.0472257415939
51.2088116495618
49.4478977590068
51.439931726717
56.1151478531867
52.1560603283014
47.9914707380886
49.7472003937557
54.5881037325764
59.5535850455855
49.0923487063286
48.606849741528
50.8291255482381
67.3754753111574
51.957082920903
53.5423421991077
53.6359933828094
54.734757368116
49.5770029393887
47.8599548359839
53.7443935955851
60.3798719880141
62.3414620974348
46.841341904417
48.5337287656835
59.2177106484824
56.0027962199146
49.2038898249354
48.9731071281913
52.7456516587911
57.5273383329689
46.039538719997
49.994365279124
55.0118322095545
51.6499155932618
50.7213529746144
43.8918952673502
52.8391727948069
49.554656104194
51.5850854183121
60.9966359486267
50.0211055641745
50.1960073778496
47.1992406028432
49.3723145839199
47.6488937771562
57.092695132499
52.6584673041378
43.0299931074683
53.6391299779298
62.5343101935822
48.8262541522704
47.4984752121116
46.3783910841244
53.6839448807316
53.0707328593301
50.2562508280417
54.0574959278865
44.4245663099943
48.6898473984148
55.6510578372156
55.0549486063037
48.5173825584099
44.1897047722208
57.4118549046002
49.4467158886075
46.9611625848893
47.3447137262875
51.3820907103992
52.4011770055258
47.5740693100567
49.4006807152132
50.7312292271676
48.1764714753926
59.0653342109976
46.6555829062566
48.8170243989613
53.2808083358136
49.9962318455558
54.0067826777706
48.1083191259981
58.9998774070921
61.8196462738486
65.5465896108683
48.4155730469329
49.4772887601953
50.7547011546712
55.1881460049086
47.7615473594932
48.5868632707082
51.876046358389
49.4143481459267
51.4759284915127
60.6922003571851
49.1341692453944
53.7471167569201
43.1705286799936
51.7449410863953
52.1467364942087
60.1917675356308
45.8621943147762
47.4007281769725
46.4186499889995
45.7532208120859
45.759057064937
57.9183545331893
48.9856210388528
60.4577667164755
48.9852339704633
49.874535308906
45.4608277214281
48.7561233485689
48.6649037551704
51.5731057544556
44.7286812944511
53.0332319840261
49.4063386192641
47.8473242744436
52.4469954851938
51.8053473149245
46.2616144052472
52.3421486573397
45.8577249026392
47.6395845310322
53.6559149976846
47.4496979941777
53.745359956275
52.9859683969161
50.320723025561
50.4097680778795
54.5182628746007
48.9761967994087
57.123265878324
46.0838940177075
51.576934090232
48.0845314707997
50.0907165555287
49.5802265893429
53.1861936751971
48.7134563192697
53.1601288210108
47.3629769951206
49.3523960397828
50.3122565827311
54.2911825579396
49.641920360731
54.7122874944827
51.767468933882
50.8466957032858
50.2554238828956
49.0571765929748
49.0164939156863
44.8994061351475
51.9357324809398
50.5966100961764
51.6159889513865
48.3949070973118
58.005852961305
47.2598145474301
46.2296484015641
45.8541441709891
49.6852400298749
44.1353989775841
51.9818295133536
49.877367751112
51.5453628464923
54.3296183351462
51.5471609656468
50.2712251298908
48.8524031830096
51.0631892398061
49.0919698895582
50.6236774468579
46.9416558030495
50.5776383862374
49.4203560435691
54.5705636805304
53.9620616376656
59.1397331185137
53.2258398017725
53.8571866774913
52.7055836907181
50.1073491172155
60.6640300045669
54.4873610217748
48.444777987002
50.4386914385043
44.2813755779624
53.7198018443564
55.6963225515438
50.3654093804983
53.8103001147096
54.356602686946
49.8519006650659
47.0008477640239
44.5428433068694
53.7944869525332
48.2660327780582
48.5351244637975
56.6665054771194
58.1434711799895
48.112595398975
50.3074539598574
48.8053208781732
48.0078934895972
46.9983675742918
54.0736884879924
46.8128071151121
52.7252566421666
57.3633556700204
49.0555072565609
48.9932678632585
53.0577471646506
46.0686051555319
48.5386912175503
56.0762501343849
55.4904850884376
48.8911086486454
45.5646153875339
46.9594679630886
61.4449059484681
54.2431642794856
52.9853552401576
44.6855598080469
56.3361099391393
46.9046252728472
45.5423030204935
47.2829327115953
52.2542450799865
57.233560925274
51.9907355316122
51.1831143283579
51.7001153366943
48.2496536560268
58.9859392525918
56.2881429916917
48.5311538314165
54.326554306308
47.7758398638544
51.0965913032996
45.5047995439124
52.3895173466725
67.7871616572365
52.2348333445974
48.7602610188663
44.9899471790194
50.872244172492
49.0100413756284
45.1520865785687
51.0574233956538
48.7665721515273
47.7585508842443
56.1232667068321
50.1103158328554
49.4803429283418
58.1879942186048
52.7611254007816
49.6275317696314
45.0358138855257
47.7294057555639
56.1595062181377
58.2358943980475
49.539308302158
50.9720910424847
49.4132204985092
52.4459679132858
47.4242619152822
45.8450104276701
57.9634995663366
47.52220585939
49.4133173187971
44.532097888467
45.6821134015627
52.7779863814563
51.8214838565889
53.5903569513491
54.7520740374481
49.2681551754571
46.353263487746
49.0115178331955
43.3788441645861
49.8539685808859
52.8548010075949
58.3579272024044
51.2153103992542
53.6107547708119
54.0706207892404
49.0740228149348
52.7138861095345
57.8414303276119
50.0776190261093
44.9118102980865
48.0856123984829
50.2693474649721
45.8159087426034
47.1760210329471
42.3435829525753
53.2183783010435
49.3871660204255
49.6259556142405
51.5037631446911
49.7322913704349
50.4356564769391
54.1361710570051
53.8517535981446
52.5092217543909
57.7767271449362
45.9772263448383
49.9469936124955
49.6105960192659
52.7224998392561
50.4971095376572
47.5445355782264
52.3629748697779
48.889797726665
50.5327410196589
51.1111400351553
46.9780970028312
56.0119788248901
46.7119212807689
44.1598140771643
60.7740113506993
54.0539556301096
48.0056441279068
50.5978393167599
53.896707559757
43.3986282394992
57.3081483205434
48.3776185866071
48.6567308408655
53.3926915937684
49.9182028932771
53.7099447310106
52.6613927362675
55.1815590805685
48.2965914152363
45.6441668514246
42.8987703306774
50.8251116847914
57.1057183949368
51.0958213400035
54.7691582881353
59.5652902186278
51.2788364727753
53.7356920613161
47.6556573153015
49.7875911055517
47.676961331366
49.6348845774065
61.6065374444056
78.2615699137662
52.2985231826776
46.1133529984897
54.0910661341691
49.0706705994452
53.1799283385674
49.2286033535368
52.6656006897052
49.0373940457789
46.8672016873702
54.1427799605005
49.7410931687536
50.1257244829366
54.6266987105348
61.6095062767386
51.4206941400199
52.1067229515669
47.4659846651388
51.5886877082073
45.1206591979869
45.8972866408561
50.1366928216402
45.9899996429899
51.8633874710982
45.5647757245022
48.6402657383723
50.2646021834044
47.8876855836291
52.6715943758069
49.8029108590567
50.2193743832041
47.997903634709
47.801489984696
52.0120208013634
52.1881558441607
52.6264803994215
53.6792382781707
53.9536331956213
46.6827335703551
51.4318793613262
46.8446321668773
51.4638048956077
51.5922589179293
45.0657527225275
46.9592132528095
46.741556913043
47.8666977694243
52.6391329104015
55.9884213119482
50.7401981234574
49.5606119118078
53.117700290908
52.7160978279938
58.747248449392
43.7600185878171
49.7140994853904
60.3851592357598
51.8214846060483
46.9577183949464
44.729607986955
46.1718496797722
46.0248416293848
53.9477897602554
47.5477739632275
48.5709914087172
50.3431382975244
46.0969641819995
53.4674145361321
57.630038086013
44.3981767724789
47.9805021778278
52.2504688114197
57.5949668430827
49.9790076451083
56.246675638447
45.1925102757461
48.311193331114
50.107035451418
55.8079964412247
64.8969112593401
50.1076310412457
51.8312667048432
48.4445203543005
48.3006047954544
48.7415738534831
53.8191598121422
60.5394813662479
55.1255619494355
54.5412719827798
45.5327020328043
47.7225240349882
49.5296454306994
49.4530826142371
49.1905815010444
55.2555458824497
50.6685997471292
46.4243824533804
52.5925476551369
49.4360850132695
60.4808714194535
43.4766492354109
45.8709139775244
49.387273559951
63.2678590731592
48.8494205756713
50.9185564063599
44.7509047446913
52.312972808837
53.2621574222118
54.7450812237464
48.9303172718006
