48.6069531724538
55.915556392973
49.1941678246278
53.985579118569
50.5499877518578
59.2704277891764
58.2271084094401
55.5610591861386
48.5371794605684
52.3402326766215
47.3100136223453
48.2974717470048
55.1790195114339
46.7561282274872
47.270868927054
60.3064827499932
56.5141988614682
58.5313550166043
59.8222676170125
53.5038923857369
47.7100791263439
54.8428617045436
50.2735111814211
48.8413583172385
46.7494731331368
55.767419500932
45.5001364043169
53.2217396216831
52.0869249795651
51.8043092480497
45.4379543797361
51.1773233284813
47.3085646077504
47.4430948381332
54.1281710681351
44.8687056151741
53.495308200342
50.5501870216594
55.4605456325882
52.1324990234616
51.9324923535586
48.01689467289
67.3203336511649
55.9854356685424
52.4971744369736
44.4597346548489
48.6364704401482
50.8598590432768
50.5859733860361
45.8508103832786
57.5958620045169
49.1817462124942
46.8494521379309
47.865143927272
53.014643871353
47.8826250265207
46.8622115381321
51.8258057314795
46.7331134118576
48.9701167937917
46.4957033767873
48.2582379808403
53.0658858087108
54.3101630743644
46.2903871379704
47.7245978665812
45.5154865919319
55.4343170685431
47.8824585541234
49.1762482415524
48.8024893263367
46.6435264661843
51.3652850816822
51.0768155482255
55.0617485929887
60.9491007201248
49.6841877830267
50.0920457084036
47.0634112251551
51.1270272512531
50.1678921490759
54.4048102540701
48.6572134802157
45.6578619385984
55.874042586799
59.9041717450569
52.4311895452561
47.3972445136178
51.6475977754749
47.4408415575888
58.2763185695772
48.4920504382658
47.5412452714358
49.9507782057926
54.4632150677588
58.5965591262043
52.5001978046552
50.3509617242348
54.2426373898075
48.0357384221518
49.3009088935094
56.1651353769805
46.5374721670053
46.9129320046457
50.66789553198
47.9818373516199
48.7520650791921
54.9155097793395
45.3698974984748
50.5010271273871
47.9121247534608
51.1839445890366
48.5840116091142
45.4886553147954
51.7353250877068
51.7995221009094
56.3920522468667
46.5097976256094
44.3676696356418
55.6614706488011
48.8657834095039
49.1507541887988
43.3291405836348
52.0107905945543
54.4212308060869
45.2514692009961
53.6404043651874
48.4244600506918
53.0710656116229
57.5598583650085
53.5261924909386
53.2804707127042
49.1727959806452
45.6397801314151
46.2300347051193
49.0041107089419
54.1630232766572
47.519703037919
47.4266309155422
53.9205791472706
46.710561465577
46.4281111160456
46.6254862147987
63.3468798957298
46.9174140747288
53.5350029390524
54.1396327480872
55.3447343205588
44.429570309831
46.3780571303029
49.3424428594759
47.9205621103286
48.4147394724448
47.1264523597287
68.1268319080579
52.0909026100204
49.7324719540684
45.7504928717559
55.7344958777734
53.7334813670707
52.9351885563157
51.3571660573213
51.9052100662911
49.939764201132
49.543738993302
46.9215206837384
46.2705268072445
61.1572084897082
52.6489994139043
44.9082874558414
47.1579035781908
55.427502849054
45.4315448016271
46.3949184702916
45.4411252850342
46.3817047116843
48.1989800142761
47.6503752156494
51.8935837461513
52.3386952535369
43.8506472706185
50.5205336010352
58.0198795743904
46.9624152503124
51.9670517083059
45.0675253651373
44.6120148479386
49.9991128168104
53.5092678613368
53.3865514046904
45.9649220776008
57.823387294277
53.3522032664686
51.5504623805302
44.8031348987339
43.845257477752
54.8252381948846
45.0237988808533
46.3328491025162
52.8222676755602
57.0271106899378
53.5579332485247
59.4550001937022
57.0656853840623
57.8939552957925
51.798652219256
48.786231564869
52.4809054246526
48.0014709554567
51.0784492131778
50.4974989507467
47.979768403689
53.7973502408631
45.0439274651849
62.3178413431363
46.6765177884666
43.4268251824689
55.0952944697745
48.9631894450319
49.9319897044363
45.9547126172621
54.9946756550959
55.5431306453357
46.9242772482389
46.7603982329823
51.2216520079411
53.7478094282019
48.9217957070644
59.2468900439467
57.7190120014226
53.6127475500965
57.0409673837871
44.4435860302412
49.8191775660994
52.3689305497568
44.7564006135284
56.7456443702611
49.4675987657969
47.3692472415458
50.6831330155315
47.4518509080687
50.1276825931148
48.5045117567083
50.2693693718802
46.9610120771888
47.5040195635509
60.9979053622487
53.119376048937
42.6586344423528
48.7111061938834
50.6330360456504
46.8055539594737
43.919763532519
54.7781223287115
58.7939339111617
50.9095408227827
54.3969442272745
48.380467262248
51.6761910925785
48.5725156722118
48.7213267097306
47.2016023530836
48.3671278037944
54.068598588092
47.002251034915
47.9356239256558
48.776500844102
48.3663191677006
69.7154778004537
50.5166104052312
46.472516505382
43.14429830037
47.6402846404352
48.4699985179681
52.9357233526889
49.4657525253928
51.3626595877923
45.2291997223289
48.9378046834163
46.8446309744474
48.5817541522217
55.4636969389043
46.925046302024
53.456184362872
46.5753047480224
60.1318074326317
48.0669104775465
46.8150492749673
46.7416019595544
44.5184397818588
47.3647018389786
47.1751221626525
52.6640581399204
50.4144936335405
56.9911878283872
47.1131075384631
54.168142434789
48.244982678191
46.9434699502229
45.2310101573274
55.8898952141038
53.7228311275382
48.7494346763937
55.2073938104804
45.8430071514477
52.1712326816166
55.2963581235417
47.9899746308669
51.5721839640445
49.4906297207078
50.0633093782547
49.5066299369289
47.4642814221972
49.1910274003508
52.0764693972167
57.5950398637078
49.9411099190632
49.442166060601
53.9421322585833
56.9374549874108
52.0714285883797
57.2928534588141
57.1795692140335
51.2288377205151
46.3938189617068
49.1427090322466
54.4368934626014
49.8903107190344
48.448572341011
51.8962566684736
52.7911206085156
51.4203338475591
50.1930080696043
47.6016260480168
52.230249262331
46.4233203327944
49.9201688827953
54.4229106093133
49.5827793827937
50.2642511845278
45.8487589757774
45.8929987864527
56.87363554474
46.3291181406198
51.3023240684272
47.1693269451055
45.3069393474746
53.4520339067652
49.0998908746063
47.2995955766939
47.5730670306345
52.5577102228977
49.6831744643895
51.5401970584153
46.7268155086854
49.2154501773454
56.3525434647439
50.4675876286999
48.06088394829
50.3000539276217
48.9460298293679
46.4524662903066
55.3537528962212
54.3113450234976
49.1537568955873
42.4364117698033
52.086403522142
58.727035121897
46.7802832877215
46.8454963640182
52.4219190615324
46.2822781661208
46.3434371799329
43.7205710092706
53.1543550770536
54.5199392179336
54.8215178593839
50.6494324925736
56.4239841505421
67.1438025308337
43.9240989617329
47.0912478550468
51.0209445525754
42.0002351694536
55.2724938107369
49.1527673794288
48.9209924384817
53.0045474509013
46.6170403018852
49.3046650999159
54.7653393992242
45.8229256488875
47.8871794482533
44.5310511487625
46.3308939096014
45.2896855450586
49.601574090719
46.2334561145398
46.2450900218418
49.1469919717229
51.1862279817698
52.0180073415559
46.785451422137
74.5259280846583
50.6004646408585
49.3681203663956
48.9630991938574
61.8465988414728
71.6464265697719
49.6049976288748
48.8275427299694
52.2149635817652
46.8912387776245
47.6441860005949
46.0960388873097
48.5159953768919
52.0260346131594
42.3119672528634
44.2192831437146
48.7794632178788
48.9037137650107
47.7570958137686
52.1745938037278
54.5777758983613
55.3008230759373
49.4193266590252
46.1595867525693
49.1899903514242
51.1903858659682
51.0673852316678
50.1797534802364
49.9814738634676
54.6407121404587
49.2708435479412
43.7736437305173
52.0150925411137
59.5149240611689
53.1068218632184
50.3073944777166
48.1017814128738
54.2068792310458
54.7226649635508
49.4889887176775
45.5859832371754
46.3546501604254
51.5058477173343
58.3936234204745
59.8261226050634
61.2062639984528
50.703605659172
58.3180449719611
49.8950760157024
50.4284741593201
48.2136568971815
56.0154115480003
58.8718192797789
45.5853405869288
51.0718842607206
44.7768124155444
50.4556610322913
55.4504614954824
46.0934715473043
49.1259288973897
50.6368252542879
46.2607534933226
51.5345225350044
52.852527742066
48.8488759201234
52.7506269704456
50.0320032134755
48.3681981353725
52.816544520114
60.8024129735492
63.1518869507258
47.3484893124951
51.5505809336474
57.1506756182163
51.0885422856445
46.9048417030675
48.779983053699
55.5309530233602
52.0177092412401
45.6571041600196
47.5471948473921
45.0117731618485
55.3263592110135
47.6446057062006
53.6903653233719
46.0404741724557
51.7887849707465
46.8241853012372
54.9963852130047
53.1375222487977
58.3670178076002
48.1910230042777
49.0145671361455
45.17670779905
64.115278385931
44.6100957014213
47.0291908266481
47.2152865915148
46.6403606038894
51.6355564528728
47.2076434260712
52.8976229888293
49.9897497914095
50.9624305962957
52.4979289646018
51.7202036494488
54.9610707927972
59.0734462046893
47.0189643691216
49.3858630703721
49.8546742285868
46.7723388608265
48.5719312531671
43.8185869106293
48.3579948100422
52.6875905615677
56.0154878138392
51.0409504501855
57.8350667442419
51.975452251452
52.1367332988328
45.6986166567644
47.4154022563212
57.0832691016578
47.3357301502089
50.3302788800995
54.3149666952883
58.4070809664807
45.9078903959922
54.1549532946047
44.5630145894222
52.471476576952
45.8791171917276
50.4019350758287
62.4794429942892
44.4993535239953
48.3595083426791
48.2949773358026
45.7746503305017
47.5880580486667
53.5951004912319
50.2487734307224
47.1118324901062
50.3697797708327
53.279545428589
48.2909122446225
48.486915213448
49.8556741342236
43.5217304418784
47.3507744523361
48.4816200683056
48.7721153213379
50.611100598968
56.278539354765
58.0445092441908
46.2711859525312
49.7446823285771
57.0342048220872
53.1569917484786
46.2437437293568
50.9941502366774
46.9297842470246
49.9895061358099
50.1014738684045
48.6048110603682
47.5860451286366
45.5432599816552
49.8551507095292
44.4828757116437
53.1026109660545
58.2332106665322
50.2986887746149
51.4305939855102
50.1360786661076
43.2639513362326
56.6813985583764
53.2261370901714
55.1192535232979
51.1459056159102
44.0131693103068
54.3568755111891
56.799997798812
47.0762125965488
50.9712730220331
48.3990077200964
50.0795616166248
45.7788561378777
64.0981687534095
51.2234116439922
49.5545524298274
47.0402279936872
46.9448445758278
52.05821854043
47.7707217666262
47.0241397435881
47.9336802727866
46.3838018090863
70.3003755309999
51.5078201739627
55.5352587995061
47.1674475985201
50.8772114745666
55.5291280605616
60.8452534703093
45.5471167091356
48.5461411070713
49.0193495983963
52.6952502756624
56.3072405220773
46.6769030825972
47.8211922712718
47.9934872063991
45.5248644865735
49.7987403392321
50.6689407780899
47.763978129585
50.0159670597366
45.3214720503453
48.4374725362939
46.4096543715441
56.0645474365837
46.8126281504068
58.4895159882729
43.7081755580731
44.1216896836512
49.0800061770466
43.2586069635231
49.9013119483667
53.9270916929009
55.5597989868546
52.2535461029424
53.2452433019614
50.2441330465389
55.8826863552204
42.8757042661439
47.4419684916572
52.4524778510612
51.654289230183
54.3126486412996
53.5065880849437
47.059452632842
46.3000110810125
63.9945289995395
46.0104098194
44.7597693331901
48.1207298601602
49.6095116786796
43.5679912047902
49.9137475479012
51.3510383489477
54.6352312609431
46.0301281220978
48.2634642560008
47.1727934218079
48.885251546834
54.6563367262919
47.0197667756338
57.4478994713664
56.4461403823916
49.2615035446272
48.0400932162332
47.0333493512095
47.7512077114289
53.405781248544
44.7076841569514
48.4574634436803
55.7283653851968
46.864312098375
48.2229972409538
45.0308186550874
48.0835375122094
43.6873780323766
45.8568553184838
54.4770576199072
47.2234449133794
50.1840497730446
56.3535297521678
50.6269060744623
57.0726624048848
55.0797772378897
53.9201767461911
46.9667848383465
47.1397087597062
52.9610337263327
52.0219037831287
45.8190339147427
51.9813738349624
45.8339639880135
49.5607794902562
56.9956026022319
49.9038786363466
53.4618492422949
44.0498009211903
52.3056283424991
52.4022741134501
50.7988312780008
57.0325818490788
51.2487840606459
48.5897396587785
49.9189582665526
64.9454470446902
45.0104017376294
48.3394123878582
42.3732728671699
45.9134516006463
50.3399586537804
50.146984409697
46.6934641146035
50.3415238661644
50.7118295916298
50.2539804973702
47.1234041360696
62.4604001678175
49.9798175988301
55.1265506002104
52.1512952358396
49.088764407646
43.438969187358
44.9094925724569
54.3851745110211
50.4356882124149
49.8607777277603
54.0590295179954
59.1865371533933
64.3814690065261
45.8963038260313
53.5267452364937
52.5293540222576
59.058246878406
47.0249667287522
50.2886653572154
51.7465974752778
45.9257812098205
43.0058246581286
51.4870888812655
54.4142663050401
57.7515004749758
52.001975140539
71.2695965390534
57.5062313432304
52.7386781724471
44.703584120787
47.6315494550903
50.7728955539027
49.7351417431283
50.2882576624995
41.9621171873985
43.5197945396224
53.1035276551583
45.6317612171926
50.5919447699637
55.950666624738
52.8969066613746
49.7068308517661
52.5275427771548
55.900650669495
47.6303490704627
46.6152186622139
54.9369702784271
51.4247207208388
49.8411216893625
43.7730678005651
48.9799463233296
47.0450793736247
55.5312721742751
55.5258756250721
46.3556437258369
47.882789309137
48.3103874606249
43.1929002338348
48.8963335880455
59.1587249009661
54.9529122723966
45.4816762225232
54.7722755657975
50.1071821359012
57.8225094402706
50.4502448781427
46.3734577396847
49.5157231392082
48.4539945304616
68.943584623588
50.1629678776891
51.669498775143
50.8413640948666
51.7689885022678
50.0887384591962
47.6802194863043
51.7061398284327
51.1737767938089
46.8257312530188
58.0422421738319
49.3611958455226
57.357529527894
53.2438721712938
50.7253759734489
45.2335890980222
47.7766343127973
50.2396861110981
56.994550974686
45.2907741953817
43.6640991817743
50.3786803789788
59.779790237523
48.7235109226136
48.1755265634152
49.2342877740484
49.5650267237377
54.8031431553883
45.8668940129342
51.4820271912915
50.5773918236512
52.6668585827666
58.0964351421776
59.0464386420166
43.726214186001
46.4734239380215
45.8817418774537
51.6192396564713
48.1971204662915
63.1851780755664
50.3544898956827
50.7020009546146
54.4829350384413
47.6023743900328
46.9433308220217
46.2750415317721
51.2408947492586
53.8907877480794
49.0309766438897
55.2310280559442
47.0661874584788
59.4836298608553
44.5170034341702
61.1613137708404
45.5387939313257
50.4856724345376
49.0087240792853
60.4597373262577
51.1562163523548
43.923073002939
46.7842267270022
61.4781625421568
51.3960419092728
47.5398247348021
53.6550536225095
59.5255425382451
45.6322981897021
45.0624110577934
46.9770108328574
46.6105626156472
50.4748665578956
53.9268197322974
56.6204187932418
43.6270176368596
46.200944908231
55.0590279973656
54.129879659024
51.6450077013943
45.8086057156918
45.8121946272621
46.850518116862
46.7985127066496
49.6606365851477
46.2298685091904
61.4176644947461
55.3109617452332
47.8283765457522
49.518100275014
53.0137102441663
47.6206000355386
46.7038113991937
52.2227814582759
49.3141996979491
51.4323066173426
51.8875804280627
56.5498262317883
49.2537472450203
48.5825101323425
55.2973363090046
55.9331050656859
47.4630458874016
49.4246084889104
54.4995670000874
50.9781665603832
48.0953132427756
51.5775307858031
45.9474602085926
48.4129454481489
44.9591889232893
54.7935152221324
60.5800283288063
44.9730483874702
47.710998639675
51.9570234076906
47.491298900901
47.6242662746088
51.3966216597758
56.4163619349071
51.9143837944058
51.2191141664849
50.1379484539355
49.9998540991103
50.0783263025559
51.1034963454297
49.1503875749256
52.3768775773496
49.3840328500484
42.6601563188018
46.9280705568624
50.3156728320888
48.4587116824465
50.1691518785603
46.262894102669
49.2675578348302
52.8343529174294
45.843088707911
49.5478648446757
46.9339289293695
47.1662098388051
53.3385104090878
46.5887025258646
44.35207145688
50.0148376951097
48.1769891203537
55.0417081268004
49.5504090417286
52.4694254966702
50.7672698082041
48.9332558794937
51.4558383977276
58.1269089720632
54.504452685757
44.4816642009334
43.262897021305
49.0704180934518
46.9301608181309
46.2518274230319
43.8271373096104
50.4880972802982
46.1417802451671
58.2309306027125
52.0607941075265
52.3791646498726
50.2491403424286
51.586496784014
51.1491950605349
47.6063484568698
48.0282135432159
58.9392904725614
58.0573105872382
62.6619902681465
50.1769525054442
50.3561123013706
46.9782539437899
45.4211038739791
50.9278173809282
46.0038484636123
49.2352288963216
48.3933822155559
49.2447906987801
53.970720320905
51.6049201889975
46.7419109356718
52.540197058649
60.3170091842756
45.3047176548245
46.2159155712685
48.9787253105931
47.4948580910606
49.2120138887237
55.1556854498928
50.0569280693566
52.1253028166514
53.3951454078397
51.9728732559348
50.9294732611479
49.0984079712079
57.571143458582
55.6158576406308
54.3078613887326
46.7596175442259
45.0724443062212
49.1840500114881
53.0279444849565
43.1697839167792
49.6240319870023
58.4676702388941
45.9187001550498
54.8975298357995
47.5747706080379
46.4577763136401
49.7062822689267
49.1305857797459
48.9800885763077
50.1456040493882
52.6265564138283
59.0461342423349
48.2299107410725
47.889983675729
50.5325435284543
45.281208643809
50.1157186041075
55.5201802640457
50.6407384470016
50.2948530915213
45.4142700027596
50.4320340808032
53.3702007630323
49.4744553124901
52.360861976258
53.3770990931442
52.3388345717902
47.2553277777117
48.6369452529102
50.0314128035407
48.5680448082969
49.1314806455411
47.4462347569424
48.1454679093009
45.662022190386
53.1014872413968
55.0575926649439
56.7474437090874
51.4563313530739
56.395297356048
47.1670267069831
46.1765481508116
55.6879001346267
48.9156920573848
47.2085648342138
52.2407784284634
49.4543700371823
51.4948771601237
48.81114467542
46.8672485498798
44.4904596354218
46.4951942840177
48.3870027607689
49.7615389134125
44.1847637859701
47.5928908009838
48.9222328758715
50.4546132828786
58.0070981751274
52.0201528901969
47.3496843714757
44.5684847685493
47.173601380608
52.5492274689639
48.8753964309178
49.3791515142791
45.141250680624
47.1221224843425
56.0578386173003
56.7946331882484
51.7845448429202
49.8453702666578
43.071929358854
45.5718356614839
51.3979492133074
45.2259269738112
54.2432822027743
54.620289430352
45.8707212038431
56.066444355888
54.6049453522641
51.8652734274828
52.5509291510681
46.8182978466992
57.2875651402428
48.20012723358
59.0629607335417
49.037329352723
48.1643046623538
49.8998061309514
44.7583870265755
48.6053026769851
53.9950988403739
47.3434264056776
46.25374358937
48.4471772293192
49.1042139020604
51.1829318866953
45.4433275357663
60.9611029086187
53.4843707828528
50.5820786280584
55.3969232174715
55.6739653207756
55.9691574101427
48.9481670540511
52.0208204957859
47.9277986009472
51.8702421050714
48.1012847219728
52.3881462387164
55.9301933430144
50.2799100666965
54.8902945527352
48.4650144077705
46.5930516730589
52.6171750349735
48.5912461348952
57.2542175434295
45.6157666037225
52.0541597821193
54.721834803859
51.1203511633066
61.1792385186615
48.1779568136418
58.2394411539884
55.8433835936876
49.3764173396975
46.7580397506006
45.6495388911779
53.2747437541521
48.1240244402098
51.9928280161209
51.8733702462403
52.6035047254888
46.7091145154894
49.2761264671277
49.6020354152279
51.2567879821787
51.0819371984278
46.1814539402436
43.7255386882952
48.4344888092037
63.6020301305377
45.8298040736501
52.8291051145053
55.363719941671
52.5989474872163
49.6277998561307
46.88218686023
51.7972589863236
50.4424874967834
49.9957919924053
48.0026620367297
49.1786239498682
58.254496935186
63.1123175685235
51.6397373084936
46.4434962097183
51.4716829338008
46.4078585418964
49.8372673782941
55.0961904443063
48.3366918514745
47.1988391730933
50.3735669165001
49.0887096830837
49.4102643767807
45.3342334532235
50.6007727140886
52.4853949149035
56.443300066217
48.7891752094521
56.3022576748662
46.8159948407653
51.6424561418231
47.6776385991806
51.2655189512422
53.0178036749417
50.4493612585879
57.092422612684
47.9763581649429
54.8028321483254
46.5779963378973
48.2916006454141
66.6306755191816
44.6576614065494
49.7713862067409
58.9691479496566
48.4028705018873
44.0693215128961
46.8451872973994
53.8013590179235
57.1576156607612
52.4548528319985
51.6010905937716
53.7080586866746
55.2911556457804
52.1603138019541
47.1618471328111
52.3302569995047
48.5226494988502
46.7074349733967
50.1134012161368
50.0712671832303
50.7595503811223
60.1801994934435
49.2160373475852
53.9191816289097
47.0978319083841
52.5293192222511
49.8077030823686
48.9000653245944
48.7712407695563
48.9960104259008
49.7653009373042
46.3527909166953
58.3043932592663
46.6800780514362
50.8630455474699
50.0999318897426
44.5836854912059
50.4102768307099
56.0347875420092
49.6101336214792
44.7886275734483
48.5784012197577
45.0163954441624
53.0397094775045
48.0171933889919
58.1811849717752
44.2240691094045
50.0395988028987
51.613853315341
59.331296773725
50.8705694343367
56.4005997670755
52.3863444339965
48.1094431531544
52.1039926634258
46.2463620953784
52.6801959759741
51.7988480976346
45.452783779702
54.142382060329
49.6058674811712
53.7825428188124
51.9649190696113
49.8005362451101
57.787445472566
46.0559885915674
56.7079414206989
51.8433923349813
51.4589378915773
50.7499914410146
50.3174345578735
49.8560667864748
56.4825860832058
48.8627939255171
47.1910381108718
53.830215560972
53.4220661024046
55.4328167934704
46.2842902908895
50.0635688118898
46.2633532420415
45.9937769378895
48.6102165449659
63.9349709886374
47.6749748250299
50.4079398305476
51.8566916520542
54.6814900661829
48.2879890373563
50.5343588579626
46.1876627150778
44.6777059452029
53.133510540133
47.7214785653739
53.8436495026685
51.1627753985274
46.903469885901
48.9501745481849
58.9478494854307
46.895127388197
47.282502635278
47.5304177632819
50.9777360433651
42.3967236293691
56.7059936036399
49.0755624432932
51.3791464196093
50.1415919235487
50.1152670883057
54.6915541082219
46.3988007184212
53.305627581734
42.1040058618975
50.2740565649819
46.5741581558199
49.7134144734778
48.6478845865465
51.3336891343204
44.9622629125218
46.0504669554846
50.0789909572287
50.260176906478
50.9816546901314
49.4454662186209
47.6458281634702
52.524117995035
46.4368934755696
45.8219057174433
48.8345363755224
50.8552002601609
61.4769752464699
55.104755480213
46.0277672439892
49.6508999321477
57.5668036195554
52.8771115977465
46.4568965608577
53.4216776881731
54.5401403388155
45.2083292380636
55.4329064236362
45.9715739839075
54.4755790418103
48.8085507219517
52.8028821814856
51.0632190504642
48.4896824838844
52.1603236956875
48.11297472045
59.2597024082349
44.9995053511913
49.4905239623797
50.0205411356702
47.1676997965871
55.1091204279041
49.4496363048063
52.9200809010067
49.1882449621986
53.83240098871
46.6228792824581
49.5300691183608
49.1344603591954
47.4521824939096
47.653182537602
57.7290697683143
50.8406435686935
51.5833656756886
47.1093457053619
44.2604871058157
46.8093244844022
54.6117978674409
69.1082290411807
48.6768960864438
59.6413657346794
54.864698527641
60.1127150900489
54.7757835611168
51.595692113406
59.4159141763664
48.3983836231421
59.2901786832304
51.0534059610785
49.7922371678803
46.7823654975675
46.3544850532156
56.80250360007
52.6402304005027
52.064219304938
51.1709816937172
50.9058190811435
53.6998420317337
52.9730706464855
51.4486978658449
56.5156227475893
61.7093257520813
52.6097530948101
50.6995937393749
49.9254134901127
49.0101328985353
54.4276523580674
47.9590342277116
53.3581131495319
55.3389126688734
52.7168796029301
43.2109011781583
60.1428785962956
50.3801031808919
49.5140881334447
47.2248678249308
55.199970469759
54.3289902680333
48.0603942392286
49.0753829243823
53.7801189177788
48.5834803111672
47.3659823766687
42.627066428249
50.8610368797236
52.4015388307677
57.3864323707768
55.6254356462299
51.3251675358004
50.7669818183239
46.5940301257212
52.9918888256209
46.4968295857926
47.7653388763287
44.1847431062651
46.9537715197545
53.1805629760691
52.1570313891387
48.0256068822972
49.0148897607945
53.7744873162698
48.7795833897293
51.0470149333834
47.0542586646961
51.0426092299664
51.1185762235129
48.3984293237326
49.1772516673394
52.0804037185358
46.2774145167291
59.0473926745068
44.1431243592286
48.7253593665577
56.1601511073701
44.8446609843788
44.1558373265021
54.091422202663
52.164666475603
48.3970722182288
48.6529039451846
46.1942050352066
52.6071207939693
46.2115160706893
43.7451531481863
48.0481452501905
50.2500876021326
53.7924863123058
46.8922143438282
50.606247604171
51.8306170664381
52.554479862074
51.6582321945007
51.9383979916904
47.2710747143323
50.0275851924909
47.9258653631755
47.9319577564512
52.0219268005356
55.3550746204166
51.4913820615085
45.8761866406138
44.1636153612992
51.903490089166
50.2765481958606
54.3480211872958
49.536472043609
53.7933448255975
47.7057826672346
55.6893241761378
51.2843024171197
47.7648306502944
47.4011332902299
47.9640877038474
62.4921400064911
44.9004468171123
53.1018264960004
52.5222654015459
53.3040961622207
53.823071940462
54.5074102752046
50.8872869340713
45.5473073030992
46.5211057890483
61.6715779189775
46.1422942700194
44.0226999561397
50.1584083911958
50.0746504618345
47.4762504243319
46.1976388105475
47.731970494522
48.4038130110367
44.2844743196268
45.784372309238
48.166568334168
49.1420629951433
48.4894137854187
51.5519357442181
49.0009395236525
42.8691702135595
47.2444745924525
45.4484359827787
54.7941700215534
50.7026024351557
48.4138837727967
47.0177134192813
64.5162450804812
62.6564056144119
45.8590898894125
45.777694610147
48.9292187770582
50.9219769109786
49.9113762460755
46.8850720997853
54.4085731379249
44.5266192323981
63.7167764947438
47.6815873501262
46.2880036153381
48.7871031619814
51.3256702262428
48.8213217095405
49.805790964856
50.963733632357
49.4967832677938
48.1564051815274
42.3460084090339
53.2111148565734
54.7095689751055
54.2780563555728
60.1347779036269
53.7655219001841
51.5260817893851
44.5252411144819
47.7105974490113
59.0090545072243
47.1742675945498
58.5196808482208
48.356876246322
50.8772902262963
50.6284427997796
45.2511988580204
50.4532197713577
49.0804560864274
47.0541664505493
47.7016547801962
49.5962388408127
49.5530038707914
56.1799126958045
54.8313816611452
50.2139282029636
42.9623858776818
58.2827578810789
46.6315326104915
47.8243458217443
44.6476558934158
47.4067017366359
55.9058882818923
43.6696861864774
52.719035886023
47.9003282377415
50.0461789442824
52.1608200108716
52.0070798427082
49.9730428528495
52.2336251864534
50.9634182295605
45.1930478645868
46.1788777260168
43.1305123073456
52.8196572387041
49.6672526968234
49.3168411974263
47.6088970935597
41.8409959116507
48.4850616847683
55.008538530869
46.1207950813024
46.9946844679389
48.919866229503
47.6718373155733
43.7041426460031
52.8014272420027
43.7064449577539
45.4797312457688
50.6787137767759
50.4381829053923
47.1111430403765
46.5830685382573
45.0289285244083
59.0571112451175
48.136400986057
50.2847966003528
46.1362002365924
43.9196139604495
53.6799749630961
48.7677249122066
47.2362439793683
56.5826597072865
49.7722429428615
50.7503685415002
59.3241753418363
46.5630523363488
48.1832392161823
48.545431172383
51.8488738864226
45.4345204134229
48.7511831785893
46.801853106578
57.4134812595942
48.0874079580092
49.7986319334883
57.3182854243239
53.9869576318229
48.5968441861637
59.1933230800739
51.0633693487185
46.4932883776899
50.0304486879421
46.5179550952773
49.0234120277007
49.1081575343098
52.9574964660179
46.1862690276489
57.8980695978032
46.4993608756787
57.386835726728
50.7597402411802
54.0586406002876
49.7520331886563
50.7230324499142
56.7567629994518
47.5023291550885
55.1968965115583
51.0823264679615
59.4819873996714
48.4155796017612
53.3221240672594
59.1075652581622
50.2295158149001
53.8047255141531
53.1688196411233
53.5427152614692
51.2788122035606
47.6315977946377
46.7530268156019
46.8722500348822
50.9940339221505
48.8881097131634
57.751602174007
48.6376107679982
57.3996568021435
52.8031415874665
51.8097608074924
49.0862172623275
48.3441400794607
45.7901500574123
57.3382869831227
49.4224960932202
57.5067059564435
47.8295673323722
47.5650087275034
52.3662573783727
52.580766794043
51.0095360773729
48.0289430916499
53.6913390922294
46.0845695206816
45.8720700716066
50.6721135129215
50.467020972187
52.147904582137
53.4055231645955
58.8887719618549
44.1878480491751
47.8472821139151
47.9742771956636
46.601305471499
43.8477545472338
56.6443250613864
53.3083908160739
46.9559909036404
48.2642983485416
53.5243844749236
47.8676697334905
49.2166002162124
52.1655916124824
52.4538124416899
54.9638842398985
47.2278565246929
48.106946590435
48.9403065266652
43.4451989517452
45.578184279376
48.3794476972859
44.9202937199471
54.1836063710785
48.3179632261477
49.108687267609
54.5875172869558
51.0751722688533
44.8782813576575
56.363953941612
47.3630901191688
46.7350760610164
55.9064440465757
49.3954962433878
44.6007772924619
48.5007313297185
49.1641510134573
47.1492861302811
49.4246748595252
45.0425464788713
54.9937635815765
46.4226503738779
53.6323728570371
51.6337359549196
55.530723560024
56.8901710419938
45.2249547747185
50.0989026416741
43.302287480426
57.282348009183
49.4224912451788
47.2073388812611
54.1774016770972
56.9259963036567
50.5277091881319
54.2695350428845
45.2044186475676
44.3853002098916
45.9791189949658
45.3049517546972
52.2447493881283
46.8597057502226
48.5186151482026
49.9180352332471
59.1632625452146
48.6648978729425
51.3786625068358
49.5312475093786
45.7596575562327
46.3286376806701
52.3937384832429
47.6215925339226
46.8220392857569
53.5141781005141
56.2679996957961
49.042148068764
49.4852180249305
46.1271289727655
46.9637436711636
57.2996654139192
43.958352904776
51.6179840974015
50.088869697671
49.4995080588181
50.8804354393885
46.5642221393531
43.4630891082043
47.3601647081598
49.9424066073775
51.7211382625212
52.0274393549985
48.7835798206855
45.9901004628471
50.5634313834916
46.1240092806844
48.584516626548
61.3791508860487
53.215843705832
47.4956712064693
47.6933106688384
46.9679747764241
53.935537639689
50.7000421824167
51.0747535903542
47.0345312597263
61.0726417176108
65.5615163986898
55.1853638911322
44.9519875820429
58.5900626691929
49.7390972493132
47.0272932002674
43.5707727078881
46.3960597338676
51.5262088173118
50.4336735338645
54.3609625207944
55.1297788228968
46.41700949684
50.2478726242555
44.517770358023
51.3775538896591
53.1358320385396
52.2762453116227
58.9360422387992
47.3309239006361
53.1108421389917
51.0639605219094
46.4338806958221
42.7450013202001
53.842659155054
48.540053410039
48.5954276755874
51.623418412494
53.103265286706
55.0007191180201
61.4273691999732
47.2120790124053
49.2096530592948
43.046620283579
49.4017890439459
50.165236290582
46.6592351838386
46.5573055442534
45.0514588917849
56.4959255066225
51.9963496596828
53.0955743727986
45.2467806652939
46.4280767453912
57.3695065160563
45.0331715562379
58.4259420013103
62.8650907378064
46.6843467012174
51.9577246660207
51.2091604512925
49.4998461268948
47.8609896365547
51.1165704950831
52.4156855763995
46.8917335401142
51.4511318144654
49.3135085286654
46.6982766898223
51.9397337017056
50.5561242123139
48.5490460044228
49.166138717629
61.5731642956587
50.7215004634322
54.5718156801815
45.4006128188427
48.3497658581548
52.2662449438605
54.9655438889184
47.658903983558
48.8925387623382
47.1840506642334
61.6710087669121
58.7445620882755
46.1170054307855
49.0686264852322
54.4726903609644
52.5945522167376
50.9401457084329
50.5628856797178
48.6640583616578
52.7210120806282
57.0667386967086
50.4242478207743
45.2623436847219
49.1275884361045
57.811897656637
56.2238398909722
49.427414432397
44.0147811349329
58.4080848617344
48.5357660064649
43.6363003139399
52.9871292053732
56.5733957364564
56.2535024527729
46.6009008843169
54.3068864024453
50.0571438610913
43.5515174647639
56.9972115685736
51.1421094490135
51.6575044509468
52.1000538829664
44.2103826970761
46.4972305916915
47.8774910244709
54.8537043418887
55.137395360792
49.5284709488828
52.7647015943576
47.0413271501835
49.3813137495258
49.722944532504
52.623057491559
53.7969597204622
48.0582339489965
47.5462214914682
55.3640253783961
46.3007581165868
48.7954578691505
53.3821794322921
47.2566301195496
51.1180699011341
50.7677687872429
46.6355565446099
53.9166902595951
60.4070506451256
55.4683578510635
53.8341313218378
59.5796974551405
50.7936679810023
47.3320271677204
55.3170071695359
47.1907995039473
51.6332907284655
55.5981404732074
52.1413884090577
61.3267792924633
45.1778719738973
45.9747224334831
61.0965614440609
51.4200191559687
44.8929258375774
44.7401720861612
49.696653596396
44.4375264003109
43.9234390737825
44.1990157292704
50.3277313710859
48.4458341943499
47.11579035658
51.8018965052031
44.9631197559685
51.7150402916613
58.0704080331892
56.2226768842114
62.0323669065547
48.3967584188465
52.8762769414827
56.2884822570569
48.5166627157926
47.6567553972478
50.6260336744498
54.0134497047494
53.4975847113753
53.421308604655
54.3072985357352
45.1252428698693
47.2312216589917
56.096112735135
52.2185560305896
51.9224562240812
54.6524399158005
51.7187722537872
50.7078280230554
52.1412456170956
44.5477665542852
55.7711834122078
55.3566788294468
68.4959723319878
47.3333975490866
52.9030917397695
52.8362821214566
47.4910587128656
46.4384258969776
56.5090385459925
50.224645458441
53.8631444004524
48.6404337364
49.075969204443
46.0696416259139
53.9573193641052
48.2154674100134
45.2998836921711
46.6551605827976
44.2459837196542
46.6123363594756
51.3056495035683
49.5159143629468
45.013820793997
50.2331429924116
53.6261979234334
50.6543666312929
56.8565434213108
54.1429216982205
51.9065666550467
53.830599326779
47.8043338715436
52.5242445359118
52.4457854954172
48.7660416627815
47.6098122753936
46.1260059232784
54.6280995196348
50.8512918593117
51.4426908888251
51.3294116843858
49.9401070634622
46.3563309433913
54.2429451810667
44.6907372750667
51.0895912560258
51.5209932571294
58.219825174334
49.3914088920271
46.7020951133512
48.3676599935637
54.6057171408296
47.9030271238717
52.5475745825805
49.1450135010627
52.1807149761026
53.4403176968033
52.1790656976987
48.9673214362402
50.5398857335691
45.6494420715814
56.9050716358838
49.0620659545429
54.5563596687584
45.3946176971768
48.4262820308328
45.0827846699634
47.6695740614429
52.2550872384418
43.4361776151239
46.8363338881839
53.722509615198
49.7170189810617
65.5831202742613
45.8320030801709
57.2239760773269
52.8424381872832
48.0692808070817
57.1321449401527
49.115639242852
51.6224168410288
61.563170726848
51.0557868466007
48.8999570991024
47.1412929676742
45.4643520865434
55.2599205694139
48.388870674995
50.7570576207544
49.2299552885712
47.3515413892427
55.3714971249206
50.1659715053285
45.4616845238587
46.4871477064284
46.005324865365
47.5578205742188
43.3138898878751
51.637087838283
47.694113876074
52.7476146790769
55.2655354092589
46.0306787961491
52.7689859424452
51.9571519452101
50.1036907002035
53.1893303083154
59.3323718957637
44.3163229802675
48.0566778497221
49.0350725053171
53.3964437482431
54.7924988939021
50.129390617608
66.5650070360752
55.4837647623353
50.9959392637204
45.2620544351867
56.6404447392391
51.7690011671271
50.323312907053
53.8107089256715
52.4142738626468
52.1006737876442
51.8497216794269
53.4532081398952
50.2186275824532
45.4715890998115
52.3996096934666
53.9355405767393
48.1560667297742
52.070307912563
49.3472999357704
48.370259249688
52.8763119715262
51.6725228531456
53.1413702927291
50.3306447399658
52.6145944824511
51.5550624763719
46.6557778001847
44.7010528225914
56.70243121864
55.6282246809638
51.3623487495234
53.1227261604434
54.2250105893008
50.1290462340628
52.4798933388937
50.9513669998771
46.907794557476
48.8066445966411
48.0862138142486
46.428237994398
51.0006685507877
47.7316752302583
50.2607885628498
48.2236635719197
43.9865424481369
50.8544426230738
49.8239498107302
48.2786216513341
46.6054101489073
48.3118669203649
50.7515040179338
53.6840408498424
48.3398275712727
49.5584248986187
46.6505362694699
45.4062550185109
48.5196933329381
54.1213466054515
45.591961029437
50.7230027764535
46.2290839217446
45.0256394543342
47.2028221179265
53.535620166852
43.6871263570222
51.3523368517032
56.6859677171655
46.8934848585658
57.2800659392585
52.4445159986084
49.2950802281475
65.1584801390835
45.6252648584783
54.4297007523123
44.1517339590324
48.2579652795326
48.064292819806
61.4551112385232
52.7264130139468
49.9599839919711
52.3035714166561
45.1067011828432
47.1687695579675
55.2097116554279
50.6577418524347
56.0136594036824
46.4664330445917
44.5211796321865
50.0788845252227
52.3107503837603
44.9467936338759
49.2995788152244
56.091731004263
53.4918525991704
51.2748823577225
51.3445392984766
48.6563011636183
57.369240348866
47.0732257215362
48.9370730671278
46.6245393214188
47.7504342993627
53.2057194172819
51.0730178967462
50.9087694203509
58.8213308465211
50.0093881965135
48.9159033737523
60.1975916146422
65.3912391907589
46.2013773457577
49.140742493618
51.8208656570406
54.0520946565142
51.1900808650222
45.9020430515754
48.5361999168978
57.4413497618637
54.2127346388956
48.8649009304163
51.1788645749484
60.0182817833511
56.1025744498659
45.5708265917785
42.3135480662135
56.1677227448113
53.5785969628493
50.9242604111021
58.2563355765396
49.9645393529951
50.8153835867537
51.939495861217
52.5443014305375
47.1415467262627
67.0234100692269
48.8996740953261
48.1339083716701
48.7222894071687
55.5038452707809
57.1195841774549
55.2521632995588
47.228651662682
49.7231318563378
47.7016972778913
51.7382216169913
43.5090228647478
51.3167789358004
48.5366020349969
62.3354200933019
45.7393246933521
50.5287330369871
50.5083915299516
49.9349977094375
54.0060470767937
41.8433381284613
50.2714613576641
48.7063425152881
44.4003645640313
50.965006324883
57.9663340510854
47.0504163030112
46.1053870863113
53.0454779718092
50.2483186352976
49.139856208733
51.5726757743869
47.1522852851737
50.2231182712207
50.4143060578789
47.7656538566688
57.214091329348
47.4947641230142
51.7191130605113
46.8306772233521
52.2717583529461
48.0494555811607
44.2075539258329
48.30739534542
51.4718030438551
52.3526219105819
45.0561543420347
58.5781959355742
50.611426169617
54.5945292775777
50.172697781369
45.6774140259632
52.9237967651303
50.1784404659466
56.6655235098607
48.604794365383
46.5334169208778
48.8823923400124
49.0149130233806
56.3768246030101
52.9883371237413
62.6016169756973
47.0630130951818
50.8386157680968
54.4797288841671
50.181597643207
53.6829883999061
61.4303458280893
47.136439673799
46.3656498676447
50.1679034623525
49.1567684985565
48.138712575508
50.389439817478
50.1249139849095
48.5349824401364
45.9434749965848
47.5927512908327
46.9704447373864
50.5964700573387
48.3697812840125
49.2252377539833
58.9662509347433
53.6520030600279
47.5555574993864
49.3789803203175
48.8892497745467
52.3336347489328
50.381206879787
53.0584807493273
51.4290991977959
53.082530503596
48.876087363607
51.1207760425424
42.5539067617575
52.8852845226184
47.104129155624
48.9295469552562
52.1680426476485
54.6767743776691
51.1508187432136
51.4356107531591
49.7532635172451
49.4800763021686
49.1747341267074
49.1083784564713
46.1215888315054
52.6977219111112
52.8853548932686
55.1485560277532
47.3230731097891
56.7393124394118
52.3712027605443
48.4998639991898
46.5681401170223
50.2166460140792
52.8880350461067
54.9615494507888
57.0977985436978
48.491377358802
45.737939114404
54.253470278402
55.9200567885557
49.9881172017945
52.110903655234
48.7289712635262
46.4377342756347
46.5827395247011
61.9999368012986
53.000599808177
53.3106225447999
59.8675713472255
47.3756484992923
47.8026802547168
53.1150169258225
54.5861696504248
54.1247456548856
55.2600782220884
49.7954778162315
50.037855517813
44.0463349385609
50.664740751714
43.5485499717645
46.506176843377
49.3564406808387
50.9606614309409
58.2389857847017
45.5398823176704
50.5443910874799
43.7167959567835
44.5629436442544
48.298823549744
52.4034760187399
44.5615908239883
51.4310197002132
57.5814487944385
44.607484860335
48.3903480518621
56.8856521565967
48.1132455391653
46.9127022925415
50.3382921071475
50.0679486181115
46.9997439540355
47.2132377075183
45.3755911503691
46.0117259982826
47.6564118787872
52.169545616015
60.4098580399691
53.8784089576698
48.5674199497735
57.7686151362318
46.4544914610926
52.7989739563792
45.5262418903838
44.4846802749955
49.5937577280732
47.5081598500839
54.0734568409656
45.259091749127
49.0935120763232
49.446751298095
47.3670850938163
51.2467409406386
55.0914352941204
49.2215142446658
46.3268264268862
53.7878368568195
48.8232020929275
53.566798267449
46.2633067389244
53.1997743664994
56.7999599469367
45.96035250671
51.4830977881618
47.7711977054889
45.1548875257174
47.6091967430443
49.755864499826
49.2281988851396
53.7098612167106
50.448096411926
49.2050250430249
55.382081630578
49.4150030770906
44.1781028187477
52.9063931393798
48.1994991058553
49.6259643709379
52.8139243829402
49.5987773372725
50.0959032321212
52.0368131729391
47.4816575767054
49.5682343724103
47.4840995295878
51.6767307729372
51.2036372176602
42.8401468510272
62.6409137776744
54.5673858101327
55.5951940317408
46.8821998047688
49.6358903083787
50.5746078510775
61.8816852076178
51.9791805313432
46.2578762149578
50.5025318568591
45.9808242581644
44.5137453693145
59.6447731783758
49.2775174132424
53.5964566417985
45.1976197218823
50.1784714467834
48.6753108888141
57.1765224755573
52.5875209805935
47.1899490287302
53.0140813276297
53.0777343523639
52.0125752869274
49.9359248937636
51.6463290221501
53.6291155039903
44.5838357486378
49.443083838122
47.3189770688944
49.7495628669558
50.470934428528
45.9237426340972
47.4776878051751
46.1775907060644
50.0916789617517
46.9373390159378
51.4294688395603
49.6237787797152
54.0166530419047
52.9529587950974
49.9675550984061
54.2083231676179
51.3969550493654
56.4640064921637
45.4579160084241
48.597878812489
52.5864661977769
48.9244719326974
52.0237408270962
68.8246517997644
42.7631010969195
50.5710830090408
51.4767576706077
45.6382726031313
50.3056943131084
51.6307923382778
59.9481810117285
47.9822932329165
61.5173775837227
51.1226427020378
53.128720766119
61.7402938027282
50.2458679709482
44.538009692818
51.8016865022759
50.5179649762979
52.4994154834772
47.3962711687239
48.1580395659919
50.5361835307545
45.5800100548627
49.9203323864633
60.9527510701814
47.8774363613386
47.1874663653323
53.8327681768094
58.2792820052343
45.78177862113
54.6621770648126
58.4371145180564
42.7672000064378
47.5645077956801
59.26566897368
63.0961962034777
49.3359713868558
46.3483248889962
57.9120104158908
45.651931910331
59.711812326533
42.8965612774551
48.4452964001555
49.8477573010028
54.0449017620677
48.0446535667226
50.7729256026154
50.3767727081294
48.0295248469901
51.6447340983578
48.9211593308222
50.9109686212242
48.3119809160429
51.4520628769356
51.8349379416917
54.9211630079851
46.5288887061539
54.1695075541672
50.8554475138032
49.7047104008512
56.2570663593413
51.9291174205483
46.6634631840074
56.4761241741753
50.3840863892865
49.6665345135604
47.707714017673
52.8593316059528
64.6215794182949
50.9494743003554
47.4044910357377
52.0040941292269
55.544546042293
63.8371898150895
44.0099641499335
50.5509387970033
47.1816951326277
50.4468300364403
49.117168582284
53.3424150926046
51.0212686119725
45.4778633527214
43.504165806271
42.9309125829556
43.8153244690075
49.2059225062349
46.2428625460817
60.4063402742304
49.1095142002762
54.4041147637632
51.8445155301635
51.7987715837587
51.189212471221
59.6024344925808
46.1222393693935
51.461074826448
50.9934408638578
54.5331262401631
49.2237688844175
55.1574691937433
52.7324655412015
51.4231698298681
49.5217063937821
62.1198110467961
49.4855519465004
52.678780377132
48.3409023189255
55.1093129142025
56.2927482613434
50.7967337694653
50.3078311590474
47.2773729227143
52.8869315165426
52.0678640840573
60.6274971465138
54.6233980369268
47.1632956036285
49.0010358674886
50.0671599911209
49.1329146281953
46.9319327621662
45.2605700530326
47.0542095725964
53.0026984738967
45.7917398309953
48.1867787849744
63.0744778414847
46.6735380059057
51.8751403065835
46.1441650100986
45.9024577852862
53.4092565689277
59.0296174321101
48.906921714376
53.3760870057534
49.2575942483026
51.4703280967576
51.1129084466023
54.4144181766863
52.6539111299724
50.7543560756774
56.9738437104751
51.9878407515359
47.3017070588736
62.8841395199304
54.2758649909844
43.8067576115022
67.5286325322117
50.1361104903808
59.3769391699403
49.2040667000664
46.0771841086397
58.0957904802315
49.5778497518401
49.8184994683819
48.2485228716358
46.0464425359933
47.0643422618571
50.6809246698306
51.0791732963996
48.475641678497
47.6333788425487
45.1276567701974
45.5122924380311
52.5979391731419
49.0575159730132
52.0655711942721
46.9318720648872
49.5492141089404
43.3228972078857
47.4751962158125
49.4548936126888
52.3286541873929
47.1256811685504
56.7360567263215
55.1895723306726
53.7528060865652
54.2796786683055
48.2528290351699
49.1800890570932
52.2149944509248
47.1109608643931
50.2348801000559
51.3064212695825
59.734750523002
50.1884816293968
52.0193690705202
49.5507619631336
47.0656895501764
60.9681405959354
49.0218053217343
48.1800007074222
48.0968819774595
53.5134631657837
46.2592596173333
47.594513343862
48.2129489227865
45.8599624752738
50.2403608949677
43.1513559359156
46.8839616208445
48.3450401477415
48.6719998248271
50.149923227297
47.8749652269608
46.1302297088667
52.5369249129236
46.1801403730904
44.4967619848825
55.9733565304879
52.5552482210056
51.4079921544167
44.6916639703826
52.0440106726264
48.569014147889
54.779750006712
49.7623852151137
49.5420995191584
51.3049317310635
45.8843984022828
48.1482352213786
51.669071906782
46.1247559507574
56.6876742028649
47.9919474417595
47.0450918760251
49.336157746755
51.9968440082736
51.2833627012981
47.8063991664502
46.1970522524857
53.3663074383658
55.3126558192376
54.2415360801273
54.2531274342323
47.3586654478567
49.5148214538881
50.7178801508115
51.0307060510709
57.5359104194233
45.1437634597247
44.3591709788752
59.0799437654382
51.6416988844134
46.9023554884535
48.0647149692805
54.7072674398612
45.1995400173208
52.0348492656358
48.7514714418836
54.007672716101
53.4739704186638
50.8834715265663
49.465574896195
59.6431184025878
48.8978307475175
49.5927337432703
52.7674795500786
46.2908004588021
51.6970228324604
45.5445384252107
48.6790181013497
54.1257389429801
47.5951767722347
46.0646748291192
44.8370565433054
45.4634576219218
44.6954329158949
46.0110435370503
51.0539180862565
44.2660542296142
48.8456165313403
48.4013245503414
48.6718115809337
49.317334077961
53.315857838115
55.9540835477905
45.4076189957853
47.0362891646399
63.5633794396002
55.7702220903556
47.9934515524317
44.6858294521176
50.4562924657779
48.4754696733719
49.898231662841
47.749023462057
51.3733246337336
57.8810573061168
50.1637401422837
50.7061352650189
49.6475239047897
48.8662479739092
49.2111575961363
57.3426902044107
48.9737449094281
49.0117150906821
53.5430744347292
52.0425121289683
47.5659633383877
51.7024105641325
51.4447125349161
51.8742552712223
47.290735956597
52.814406415078
52.0446691991926
47.005136983422
46.5881627727744
49.0016452076681
49.6868533851414
47.6019890617875
46.2997761410176
46.1082907019392
54.7585172740365
45.6187025384683
46.4236245162308
52.9462126676959
59.1265549694679
56.5773703038585
51.6034121464168
45.8904937277318
47.0381017466821
49.6820516962715
62.837469595595
58.8918996027365
55.8195080578266
56.6960682384807
48.9835811742316
44.2999502359306
44.1236993360369
48.9000398968562
42.9589919148091
51.926199110979
48.5044920030842
48.1162904532925
51.8075898513312
50.0472153937928
46.1954165587017
48.1970551335804
50.8581714763374
51.6186362369991
49.0613483035495
50.4829216777555
55.0036291702461
56.0842746483212
49.7605958850638
50.8850701085067
45.2205759494213
47.7166971683593
53.9662032636919
52.8877350149272
50.829317814609
53.3201923261876
44.5899406847513
47.827087863443
48.4452280495446
51.4848655899961
51.6494890084672
49.2545847930753
47.8217109212998
50.9081281614854
53.0617113662087
47.0717021700545
52.8094537257632
49.6321660945691
49.7378503559683
49.2946767543961
47.1555739602844
46.7259178582208
52.1044067083066
54.7526143417169
50.342286989777
47.2001085198029
53.4721284548521
46.9881088552793
48.3139552134605
44.478175137651
44.6340349929648
54.0341679076738
53.9990227635302
54.6552824810182
45.785228649222
52.2614619850921
52.7754434459568
52.2120449066886
47.2747886394457
54.6636909989488
43.5732735957148
48.7294400597576
56.301283441433
44.4188791028852
46.1449613448186
65.8185252808215
49.6805066911912
51.5062839692137
53.5697805044135
51.2176411233238
56.1802986717181
50.94803627007
56.6400097837223
48.7296057184247
52.0494663861539
51.4803336154918
50.2288309666191
49.4952709479052
50.7668204866839
48.0460584961621
44.2704268777243
49.1386439231967
45.7433136649571
58.8387506201607
48.7748028556292
47.9807202771286
45.7433010039861
44.2989672376266
52.3107073715794
48.8415375709884
49.3632300158447
49.4896361706439
48.7146091684481
47.8671726793685
50.520972708968
48.5759565366937
48.163327093371
49.1132483131801
49.6138764709219
50.7690153906704
49.5937319291062
46.515512865917
50.0526772893151
48.4519082487879
46.8332511931295
47.4667988859867
54.7828461133546
46.4819842712655
58.8804351075505
46.4436479527369
47.6143322278656
47.3056254636476
49.5850221616571
47.8084477502473
52.2052823870062
55.7568816448111
47.9405202531097
52.1403728951057
55.6669317024975
46.1107813000082
53.184980512587
51.0479586928974
54.2000964195034
49.5829005105974
45.242607571963
46.7153553049558
44.238556182165
52.3242136533645
44.6240330784084
57.0143601986858
48.9010681273709
55.2012158177726
55.9576185323772
49.5120940123907
52.8944740760997
44.6526853220969
60.3252014472754
50.2265053205087
50.8146077145935
55.1944527838353
56.4216717799973
43.8473577876194
46.4084565627067
53.9690012075651
50.9169297559687
48.3712369008105
47.6052275395557
44.2441920523761
53.6900022879098
53.9308459074758
47.518026945319
51.6867147179126
51.5109832865649
53.6933049208667
53.8763382325069
48.8972549928274
47.3715130316561
52.9178916323559
44.5881814654742
48.4414287791177
45.0898889674674
53.4420662564203
55.8451523379758
60.0799728153316
45.6896615065536
47.1840908885269
56.5554197081188
61.9567397676654
55.0203039515897
48.5842283666771
54.6776420384374
52.4170754489186
53.381059367515
51.6487678622942
54.3253439741056
43.5996926007359
53.0933410350458
49.1993592278355
44.6892047755161
43.8057782579253
49.8264660822788
46.2311435243924
48.6926066580495
46.0424477860687
50.0950716027499
50.3143574656726
51.5461846535593
52.1072407238864
48.1220798285964
48.1110407202326
48.7206463082432
50.7651990917123
49.5362059327668
49.6263533561859
46.6616851325863
47.556095689884
54.1626943518831
43.8395507522312
48.8638106526583
52.7215879155563
53.3057145973602
43.0650300727242
57.9562374789042
51.7905822834659
50.8158245910508
49.5042796105234
49.7108777983046
52.7263112447768
50.3022984764073
51.6631653048736
52.5885394207797
46.7997770039503
