54.5438382694698
45.99073952695
49.7178956696954
44.9282363416163
52.1289542704261
49.8300200507813
50.6450035348499
49.7554327672189
48.4517651901579
46.496521284509
54.0628925211438
53.8801984157831
46.5613503079949
54.0250591091536
49.1673890741164
60.509294551166
47.8694179490772
53.0475523956345
48.8615478457879
48.0390128272868
49.2618746567182
43.6144815364534
47.0155464701503
46.1887126511614
53.7687019420453
50.67026731326
59.0894191398295
48.4749225303575
48.8221061515655
50.8760188221439
51.0966466808307
58.2467960847876
48.0627689370859
56.2710933455877
48.275152523423
55.3140568612777
47.4422810823597
42.4779567976512
55.9701057414716
55.3178724105471
59.8774453375316
53.4090352947511
46.1060790632826
50.8875317031409
63.2011029717987
56.5734260505458
50.6331379060755
45.3980101422142
47.9980265308729
57.7293896536274
50.4525206603017
49.4489575373428
44.4303285813577
48.0253481395929
50.5170634897393
46.8653211276994
52.829982755914
50.647003469075
47.5381155976343
48.5066433168892
49.7409445437808
50.965909346979
45.7275874548948
49.5710115716365
56.1012116970989
45.4790057634865
54.0019889743414
45.0601275283687
49.787704260135
54.0163653953679
57.0897353593898
53.7358497287133
56.1711923969232
49.5257350745174
57.4225789407535
57.588581615889
53.8987400712226
52.7242292844973
49.7672150658674
52.0614805749782
54.1461109763809
51.2448336693181
55.3312053652275
52.5268307829353
55.8932055644335
47.2235209733001
54.1819755667842
46.404585696096
47.3911128375843
48.209263274578
57.1603325993975
47.6351337963581
59.387050497643
49.8729250668833
45.8654239050604
53.4126085067665
52.4733360882794
53.805125281523
51.4747009281854
49.6088408017041
48.489903573632
55.680942980636
50.2814967045295
53.3357436622189
44.9212150475287
55.8617965713334
46.5961457744256
51.0647084444212
48.5567798130999
46.889658229284
48.7239578812191
65.029227742512
50.6646643259444
52.7461555269201
50.4853119000669
46.0639010090441
46.6722438515313
50.0298406449422
53.2708906928734
53.5239477060124
49.5270945560047
53.2121294545892
46.6463715581954
56.0439381254221
53.9670089962137
55.867228083443
50.1492153822956
55.3664971432904
46.6241167303699
56.9470485669892
47.6551658452344
56.8964527373228
43.9285684698269
44.7109350964646
56.877027280693
52.6143186106602
46.8858355995442
45.612352334317
65.0082326840748
54.323832472427
54.5016628750553
54.6967127991227
45.987502082098
46.8594977601651
48.9812002108251
45.7918767268989
52.7312424017479
51.1619675162572
47.5140158733612
47.874863661828
46.7546973955979
51.8179984624494
53.344578757365
47.6835908781311
48.3205484531187
52.7447871842997
54.6542650196602
56.6841756097335
57.3218259889596
52.7641876495319
53.4129174867062
49.560722812353
54.4901732925827
49.0524835629166
50.8089082436599
49.5910000193777
57.4450889808932
46.4250893535646
44.8918865221086
49.8858207613848
48.6954749057342
51.7424266029742
51.6372547712209
47.486015966367
49.8806602727659
51.3508450624177
47.3067125549368
53.0862985652422
51.420384434354
51.4395967908968
57.5834708782518
50.1818754012978
48.3097531669043
50.9082098974076
52.7268253339569
48.075206629675
50.5619571837606
49.7075512614227
49.9606944248748
47.1169777253915
47.5879220020995
55.6460687944746
45.8053436572533
47.7036282249592
46.6724775519694
51.1134201820637
45.4890506069861
54.9815478579688
44.5490554572497
46.0369372016235
47.8033176260932
49.1247691177402
48.9608704222218
54.9481160177233
54.0459197832342
51.7247240457394
46.9791875580755
46.5900340245736
49.9325045854044
50.7287103956691
49.0422718458233
53.517007220126
53.7454406190953
57.4633547641824
50.1826163678558
50.5033065036333
49.5792798983382
49.27643987992
63.3270924866458
45.8660827269006
57.9486433682727
50.0170725785583
46.5506094363337
50.1432878257595
56.0183922371167
44.7238418384802
55.1190501025994
46.2198832371983
60.0911180888109
46.3865279581818
49.3095556120079
49.2212543326307
51.9207065198485
53.1880516935268
49.8257716907189
51.2677923050855
48.3539422753885
44.3865594829451
54.2593717218162
49.4003886011803
54.068865538669
47.4279241740438
50.2783329222746
45.5407909085368
60.0131404985561
53.4977605407586
53.7931067595399
45.4768932283677
53.3038914628358
50.1268091445822
46.9257146160976
54.4557314378559
47.7378655312703
50.4633082745862
45.9689136875276
45.1901928970029
49.9252634043005
46.8084672041867
45.9648190655378
49.9497613291511
53.1529354467337
52.1265688863585
47.193896145998
55.1121089297151
46.9208281613474
60.512434218028
46.7583788357085
47.3062362619483
49.7268390359397
57.2563637907332
49.2191495643612
56.7012095026202
49.9275911446848
50.1870537616361
56.2191613292646
49.043963097814
52.7324182505893
49.924522118961
54.6332292071906
52.196526449643
52.8009767638098
56.7344019852559
54.4849560166737
48.572418624385
48.3823305956719
50.4390255908044
47.211321942883
48.3715220195903
50.6857319231897
60.0209832991474
49.4055548799158
56.1926001458716
46.8090122729947
60.1688823005562
49.1296874300282
51.2090986061871
45.0240841010857
50.3694014898133
48.7552733767243
47.4402987850221
50.6045240722117
55.9424471163557
51.0776448150789
51.0344484929461
63.8587418072152
48.8364561103438
50.2328454971996
49.2299880391754
50.1218793422683
54.012428996397
53.4780529890895
54.3020402386884
64.3212394216777
48.5516700855991
52.4870778791033
58.0457467917635
45.9150077415318
46.6954284346983
47.606366665618
56.4654170416038
54.9753169804432
60.8823397512903
48.1717666182091
65.2833171758706
59.2510439981265
49.1778790791922
50.8587702787742
49.0654908396622
48.6775798569042
48.6332168661039
49.4374443208948
51.0704952211123
59.2923210297074
55.0910856408065
48.8166797885681
52.1725453973944
48.2191368915893
56.195785384717
53.3717637291557
53.1615997224372
45.5136792266241
54.3834900766495
48.6270634734442
53.3718684701516
55.7148339605989
54.2939246204027
51.6954624278973
54.2820968516589
56.3673697895793
49.2571884592502
56.1571392481381
47.756451102522
45.3837509049992
49.5492917297426
55.3086687351299
58.4061455550135
48.7773786180719
51.1398377392134
49.4012984804079
53.6998614006315
53.8344003804651
44.8035957779638
62.562357561572
57.513815597993
49.3739414132704
50.7001895554824
51.2094850365327
55.7748452615716
58.003616306231
56.5498225111723
49.596596422008
47.2376664255462
51.4281338410045
51.9755188393484
50.7563118056754
52.916733666081
56.1391406983831
57.6045522459901
51.8980981760526
46.5488927926339
53.6173048961044
49.3902636399598
53.658739626413
55.3673126841467
50.3766983788749
61.9258683168914
50.2983225597501
52.3014266752195
50.4510790941996
58.3457902959725
57.7597716138987
56.6905040016249
56.3431782918249
48.6838979683881
56.9403602204874
50.0606872929177
44.5331533941855
55.981520105188
47.5510654850901
60.3397823677679
49.0989284707591
46.4685113885723
55.2154239773657
56.0585007433725
52.8119730137792
48.79413755059
57.8071610041732
49.0398207607078
56.0266355516921
48.5898035092588
48.4390008252373
61.4095517224781
49.7637296925134
50.4166106426738
55.5486344774506
47.1533237269765
51.0605450558288
48.9307318609093
53.3757914736149
46.2166242615301
52.1870588266882
48.1551728598214
48.9709505360205
48.2178547014965
51.5693422020639
49.870480696307
65.0418128430312
47.7997640453766
48.9136791474821
57.245671876979
50.9297471547355
50.2829602524919
55.60792856571
53.1761674664651
50.4314832859869
55.5651424536317
48.0400816205485
52.2090585462857
47.2656959175809
59.1930548017376
49.5034761352476
48.1528552126479
47.8561560062068
52.7810276288981
52.6448097035057
45.5354826449375
50.3037878503369
50.4416137474914
48.7955012982947
45.8301890570823
47.9139943429825
49.6939747358521
57.9501196982059
55.0595747320136
45.2609270072333
53.1911364617711
59.8645221001723
54.7129769450768
61.846243513444
54.351393142512
56.2954331866214
51.5558892244839
50.9185048678284
50.7005009643436
51.8280718365061
51.8278447245751
53.2102761276661
51.7282017972838
57.5119348175125
44.786269228251
55.3221795550031
49.852565154648
57.4075069296506
48.0790527875898
48.6205029483788
51.8304668327699
54.5814308021536
45.268580296755
48.7524374811333
50.2734393349733
45.7300425726924
48.5447820634158
45.4272230964695
51.8479583908057
46.176097145178
51.8852675275426
47.0440741267721
48.3119369437714
51.9137625060001
56.1135208225794
51.0624813855124
52.4396887788398
46.9259506104333
45.1001574336548
53.112870963811
46.9358556506492
50.9033188264145
45.3284985382832
48.6566035465443
64.0485273720901
57.6614795225407
55.6091953359361
51.7591586955141
49.3591816115103
46.8351026083857
51.8064593185412
49.8466497219476
54.0761108647812
49.2667272998001
54.4749651126608
55.1893388560089
53.6412606612167
50.2975244474236
49.6708433760916
49.9922762113816
44.8787695763613
48.2147228425185
46.0815170239396
49.1675513165878
46.8307428147588
54.2322219810052
45.8333029050064
45.5615960159489
49.6905652239058
45.6223225787462
53.9104922518524
51.6759567515883
51.8361055290422
51.561031300754
47.6850405585716
46.4460854617043
50.1547584548876
56.9579272851666
51.1922662346423
54.4893081701066
47.7279722201934
50.8387937204824
50.6600085220215
55.7673509044968
57.6147462846676
62.6100676461281
61.9339470720411
51.0752043652989
48.9690656487813
50.1379442114977
49.3941690234829
63.3184445514975
51.7411782335511
61.7299256598157
50.1247342073013
53.9303427256636
58.5608021449833
49.7414644040944
49.7148690519489
47.676851189635
44.6651371709504
48.7019846541186
53.4590101653966
51.3552027289279
46.7069375276563
55.6710596618875
58.8133910131738
47.9490340986327
48.8046353449283
49.7814426579433
49.6429525396322
44.0259129197047
58.9263906952375
46.1379058031638
46.9877238091068
46.1974275413622
47.6474145540915
43.8101331295584
49.4935480165241
48.6998856423506
44.4478146165892
48.7151709610638
52.3335842734996
54.0802570532203
49.0937045945965
49.2344879939396
47.1855353992593
50.1382106024176
52.3013473395884
57.3755141373813
54.5530613222694
56.2850419153845
49.5361258273946
54.3412733815874
46.9054104657891
56.5827849317614
46.3245267385466
51.696169986553
52.2264775508969
48.7905602423818
49.0192898545079
48.0791708585167
48.6015600908912
48.1274392259952
57.6475867470636
52.2750873306692
51.4952150127937
56.9863041905827
55.0377016418501
56.6347492792255
55.4290927237897
52.5159286748264
49.3013480725649
56.6681517498479
58.4579977755405
47.2007184818837
50.9516135663625
49.4374995412845
51.3047329143907
54.3184062762904
50.173051529214
52.325910664258
54.2164647251074
46.6928256779237
45.4709671137436
57.7172742277626
63.9594849928252
51.6499313624606
44.8599986450089
56.4170458006885
67.1142306086506
50.3615002236809
48.6719021963576
56.4343675960029
47.1255639525569
62.3250156976816
46.9512585666025
45.6399822122056
49.8919337280166
43.6517365964331
50.6549123208895
50.8277708912962
50.7777023649673
47.8513680621306
53.0983583242416
48.83593813392
51.9233280070441
50.2650050292325
46.1894251012383
47.1479981842155
43.0563400923893
50.6932221778719
48.2161341581021
53.1165295029625
46.9408129387041
50.3894965311713
61.3149155771839
47.7516665725557
52.3109646228065
44.8320061158431
55.5873368294012
48.9394568523316
54.8636476524432
47.8461516519544
43.8448157830389
53.8868074757171
52.2641007105731
51.4951727336864
46.1376540038314
53.5162834964626
56.8018991634972
48.8854888530518
51.2529338823311
51.1629318751918
43.862961961508
51.1173575443093
51.7084216933486
47.8311171284857
46.493542868562
50.5518135718394
43.8940832979847
46.0902638078491
47.6466254577112
53.295623949694
56.8116228425536
49.6722373276286
45.3233910479209
47.0257940184971
47.7787515317757
51.7107816057513
51.9639633607194
59.2905856625889
46.3235737342059
51.0918663935076
45.4903879442901
51.2528114765866
55.9905953997643
43.153290429147
51.006404843236
50.1895799862317
44.8363307768886
60.9008451092169
55.1797457861071
46.8509366045158
45.9524170373947
52.9223622366454
51.6956833534882
49.5761467447623
50.0210970767036
46.6425464644663
50.4587730751979
49.4836946852877
45.3100147485537
50.056933071056
62.7944034161698
49.5513434581254
48.2715222832668
49.9537228040171
45.7429382528313
51.7993701681197
53.9471751071101
49.0296342716724
63.981316233496
49.6645050155146
56.0984273878004
46.5953014236561
54.3876998058669
55.3222096453602
49.3136114080687
48.5902077213021
48.4101256506027
47.0715225514134
53.7321775662555
51.2228934459031
54.2965002894736
46.6548629651802
47.0942271476
45.5895611831816
51.8723355597044
49.351352347783
48.3560752179047
52.2477651737711
51.6939941786259
48.3246512245272
50.5134026641579
45.9083450931638
56.6937946939912
54.8534538546899
50.0606571150267
50.1252215915687
49.2163055568764
49.3112520182512
53.1451746664163
57.1539335702689
50.4942909428647
49.1518274551297
48.9069171541178
45.4995456702889
45.9792390625682
57.4909132896388
47.424514641928
45.4110421826846
54.0316732638012
53.2043271433105
44.5471350400442
49.8041729054563
54.4354330923971
61.0073173520219
56.8871645600104
53.0053164852441
52.8014902013604
49.0840687805414
50.9483197252008
48.219231249917
57.0807595867191
49.8933335725028
62.5548661153124
45.2739058693217
52.8967395704352
47.508834358365
54.4760446775459
49.4738222555848
48.0420075587813
63.6321229879491
48.1943227224856
61.0448008151901
46.7701000639243
47.2637799709533
55.4154624509238
53.8513203404247
47.6919442262036
48.3242466089655
47.8862610564696
50.627706044162
47.157115704765
58.5179143623877
52.3630705305504
53.3642359788669
54.863974071517
50.2445642839857
49.4828350108389
49.9569581482698
54.2003056907792
57.8945036257435
52.9180533811865
50.8671877307508
54.030870472763
45.9823743817121
55.721814904533
52.2205333153158
48.5199127016253
51.5248107027607
45.9122760187353
48.9279910252651
47.112366903062
52.7327793025465
49.7259890940045
45.8565145326109
54.9365422541171
48.9369836922249
60.4013456670898
49.2642850174256
47.369187824218
47.3239298032428
43.6279179790686
48.1535775163243
47.682343997834
52.1049771893642
52.9908568844089
50.1855315383512
53.1944098545718
47.1904779181207
53.4643193130683
46.4317541658926
56.6103947835788
49.9845333622393
56.6393332192613
53.7064848380828
48.5161414170048
51.1194484205966
53.5784520348673
52.1368079058752
51.457307630766
50.4877999306417
50.7087707458755
55.952407950194
53.9296872196172
54.540193449471
50.5650756425213
54.6613955296247
47.4971753656265
56.6731200780551
55.7332165091948
52.7658891387441
46.1730679836764
52.4714525078041
51.6702406166807
56.7541990010096
48.6325209708642
49.9962725218736
56.2501288795162
46.9131530971288
46.5950020856891
63.0649335118623
43.470519849527
46.0422477581353
48.9995886277544
52.4925968861076
52.1724246270564
46.9377252192202
53.2060800983591
49.0611755828138
48.9937991853915
52.566504212244
46.6767555133973
48.8192882856111
54.5816821532113
48.9861973116485
45.9564850303745
54.849481317845
45.8593644590471
54.8906207343579
50.3420258301175
48.8824061512061
58.3343270589699
64.3817823165443
50.8889171971165
50.398772478688
47.3956135758369
50.7025508898538
46.5738325617733
50.4075184818409
58.689032952383
47.12490264169
50.1019091275674
53.2540929723049
51.9004898222361
48.9256963575383
55.6238401422964
48.3110132889664
57.3845423947374
50.5690243134162
48.8841622989824
51.4904686933009
48.4688113561776
51.81669531188
47.7770909622322
47.3507218897319
51.9398476745158
48.132308800967
51.0154351296612
50.178306633723
57.0350245588482
50.1129176383577
56.5371977493022
52.0141957731023
57.7544904832413
55.11199417429
61.1910511968296
50.2475025925426
44.2122917082711
47.9978287662655
53.9846337327404
52.3608242247181
45.6191016588539
46.5633587551532
49.5535100771232
51.8891462728054
48.5191104176694
45.2036122470968
47.1497707686679
46.384352433889
50.1533507785253
55.3871310824638
55.6979204743394
56.306215815234
52.8366872477448
59.9476895075364
50.2210296038033
57.7675866766154
47.7049637747706
53.4035908539252
46.9490396982651
54.8734989579412
63.2676997771691
46.3395076687565
49.8842670134757
51.8940464896136
61.3559035083994
45.8693562265651
50.3775586751107
48.8087702105093
51.3319861944108
55.1483374205107
52.5445481246389
46.0863591426652
52.2537437877167
57.4736349273106
55.231876687575
48.8293081995615
50.4963784099343
48.0478335716711
48.7054762299793
46.9464310548028
50.7664087385228
52.7399091462114
46.7337374460592
43.7871513799884
47.8955673535659
55.2016004682265
48.5603889916912
57.1100684159476
51.5674798387897
51.9343349496653
59.2167410608254
54.8306633853315
62.3130362078194
48.6772231997632
49.6461471349266
53.773508091449
50.0944064245054
56.6254421070243
48.9552824545327
52.0091451382796
57.7196791770919
53.5962561407437
47.6172438291675
54.0590322075445
50.5313537875416
56.3143301731175
45.7028130651671
62.1046078932742
50.5169873638475
44.4517117882936
54.4669238990873
44.6087499811197
47.7185889950815
46.3640221101266
55.9371576095185
53.7643635548075
48.5345019900702
56.9207406225134
44.1537643667423
51.659040108145
48.9338862072346
48.9907057846096
46.9939157855863
49.935575112812
49.6182060690432
51.2815265232021
49.456461768491
66.0499897699193
45.4777569347641
55.6394527992732
53.8072839502174
62.8445612394985
51.2837950428674
48.9112241169865
49.9911383896596
50.6728100345734
58.871545390931
55.0485430924793
48.4093307480446
53.4018937510733
49.022360955763
47.9284328636897
62.3877668076402
60.1976451782121
52.2531053892452
48.2354254149283
57.1227365155251
51.3463621734928
56.5084725858977
52.8136290555934
56.9268652252071
52.1919943852042
53.8194954616243
47.2375141528328
54.5863226356198
54.9688827690305
55.8020377401174
48.1932042739757
54.9465842036451
47.9165937876574
50.3034088397481
60.0413475444511
49.0251079762925
47.0292828850709
49.9820171398565
57.8826766808758
50.53697928651
47.8850539225339
48.9446283515397
48.9174872941607
53.2754693907034
51.4055963873322
42.3666774139418
52.7619173399951
48.7413212284836
52.0137335199502
54.0811855692814
51.2904943771182
45.6812096550701
49.2330796939241
51.3065279732968
51.2050330715851
45.3518392759528
43.3701486557574
52.0456064203199
50.1897148750789
55.9875496381715
53.7500260019486
51.9587224658515
48.8107371126172
48.3785812221569
53.6509834088784
52.3974945813032
56.027194033295
47.8833787111591
49.0725390238802
52.1549920450495
46.7848779729113
44.4775597287349
49.4206848598412
49.0011423556783
51.148467040214
47.5417492803353
48.347886930921
49.5174242686193
52.7628921439492
52.672086366708
47.7041570154238
54.3546805551728
50.9659120438407
54.8431385914033
46.7864565136999
51.4636003036527
49.2506515176259
51.8866471047068
57.5246616396178
45.8127057082193
58.8051173504737
50.8594700172842
53.2530348126622
50.3640633886088
55.4547041595482
50.2412820032775
50.3237221035664
48.9333516508488
51.2202349496964
59.3995287234189
44.6645391348793
47.842074281366
54.7761032036037
49.2628380266375
48.1647654574326
54.8161478991355
54.7734920657012
50.4217928239617
56.4459209022901
51.1332165389845
63.1895000356009
49.6923071282156
50.0301645943475
58.1092116840125
43.3412012960683
61.315983916551
53.5815604030462
46.5696497687809
51.3942911739362
49.81097602138
48.209112548703
63.7717529904333
53.2074171820358
50.2853463938473
52.4034212913062
56.3402502436426
46.8916599651536
51.4882415460163
49.7480714709613
63.0226792858816
49.3163518803439
56.6028376545078
53.6586594948913
57.6180030399552
57.631347049702
50.8708904878313
49.3856757097744
47.8466502576289
53.0024406589574
49.9765920031577
55.5768674073672
59.3613992212911
59.1342879306019
58.4341496293466
52.4167602221457
46.1362808587515
44.287343880111
54.8915745755879
49.9977070088191
51.2563151730993
52.1126975005394
49.6954123646169
52.6166805289239
46.7985710346447
51.518794299929
59.99747561906
49.126430267577
54.4520501781714
56.6496922697008
47.6875835829258
61.0415668991681
59.6697269305274
53.2021323473807
44.6791807135625
55.4021401318287
56.1095609887303
44.2551738999267
57.8438721178041
52.9761984548455
59.6426760104414
59.7049696227552
48.6028148359654
53.9775508466478
53.6016407153826
55.3735227127869
57.0519058639837
57.927907115357
48.9890364673769
55.4148801923626
44.6442113561357
48.6298915267361
45.8010939701142
58.4407271597436
49.1437986279854
55.7985355874296
53.9442692213674
44.8729357984878
53.7814122321875
53.2124853935721
50.0743994670904
50.8786586937371
54.6736727848473
52.1461005511385
58.3807330554229
48.3525117487356
51.5929105267479
64.6913856098182
49.0107874598671
49.4562271248822
45.9431839243038
47.8457281984299
45.124535652148
55.8633146222541
47.5663786468856
53.4206060724424
59.1241587160661
46.2762653600898
47.7025975006893
46.706303852567
63.4564918387589
48.78595393216
45.2712781748223
48.3430369849596
51.0130220689648
49.1404886719974
52.96173831614
55.3647706982522
47.3672763051352
58.8834853175111
51.4287646636174
46.259104930595
47.1022831180084
47.5439112003713
53.6148094996481
54.127504037622
50.7611822086455
50.6828883360658
51.4727895992938
59.1539190159434
50.6075405916294
63.7552510955932
51.0516272030894
58.6097919561602
48.2970061396581
52.017226864399
51.9201025375464
48.4707378114993
48.1576247338162
56.8771711351207
48.1134891961349
54.8920990485839
47.0091803617744
46.9512024540115
55.8001522352199
47.3714205365496
52.8764091582275
59.6987894222854
48.9880161892024
49.401366148777
50.2806399650034
49.3105159737459
46.3711135503037
47.342262076251
49.2139456226329
45.542884659908
51.6906446947874
47.4514623161065
48.7280384655556
51.5922236858429
49.1207198717671
49.1010748099497
46.3790486185974
57.5747515375737
49.3940056079669
44.1006057853229
49.5173264762244
49.7283395323781
52.9298481078549
48.062057912988
48.1401177142063
62.3227238255234
49.0619408002086
59.8475160411422
49.46497134079
47.3060928915539
45.9421373957875
53.9312223108462
48.2006630357002
51.002746676803
49.027262248552
64.7624674260551
54.3046696739041
50.2746480975693
51.9738832502372
46.41779263545
51.4065810748005
59.5527692331837
48.8133626136595
51.214896980555
51.9913014685502
54.2004556034423
47.2282932820089
59.3345358968287
47.1976146488082
48.3965856228631
45.2980706287459
53.9022648759811
46.6910158067096
57.8062987954737
60.6002266927586
52.6508440374554
50.3391007370844
56.4492452501937
47.9755049649269
61.5484013689919
47.0008935019992
45.1888077574652
44.7956504926561
50.2717132658325
51.8083490707828
49.3824273043029
50.6836240204323
51.6426897732047
50.890663605843
50.9487072582375
56.752817420563
56.6524837587898
47.6238252246065
48.3676227936429
46.4944105454181
50.3755396868166
50.7761501165954
50.2815942693456
55.3125639585523
53.9390905250974
57.3521558974622
45.6128514575703
54.4688834198135
53.25533894348
50.4248290848893
49.0839412843721
52.8317481542813
47.4924333468415
60.4280514393081
47.7236029862466
58.3730777081048
55.6424420517062
54.7938759004644
54.4334672747986
50.942679692643
56.8804144916094
54.3022132292515
48.6687154967171
49.6088627880423
47.0096854962143
49.9723138993198
63.8902359830201
50.7041289674701
58.2585909164368
49.6856736132116
52.3350850447571
54.7759427244773
57.3753507198299
52.1820006259115
49.9378329949601
45.2822558365265
50.9239328711521
48.3329886406947
47.8966493558634
53.3082385346379
47.9765741073503
52.1069793469217
45.3120812210801
55.6630190666123
55.5751936074387
46.3949463453037
54.6581552031928
56.7098552248464
46.048050363768
54.896799113657
49.8154147932568
63.5647807968
55.4992448799421
58.9955500596647
51.6011717599925
50.9500366514461
49.7205223928768
51.0780779029248
54.3016730004291
54.1774080939382
46.3540464127455
51.7599598833558
46.3692862433941
54.0082718476003
52.7009138303117
49.9231632759122
43.5460049590809
60.0927713170823
56.7444959714872
51.5417482564034
50.2226183120091
51.8534073115617
59.1076394361685
51.1638837139695
48.7662893869323
52.0666146031791
48.8304853702143
47.73421420197
54.0696251195072
50.8699877949139
53.5414788281612
47.8329522874041
56.0707410687035
44.6504011386506
51.4808424482481
51.9279344877143
56.3101316576922
50.7266236781038
46.194782145325
48.1306484412568
58.1997216546442
50.2587893373931
50.096456484551
53.4634545009532
48.6250603028928
47.3133560483755
50.745134064416
46.9109153938295
57.9853928052562
48.0856252791642
51.0823679251219
58.1875630586249
56.1424220759203
47.451547839237
48.6426549545792
51.5920262806619
56.9114747248813
53.6866137883595
52.0819473429385
45.132648683642
55.9488025552624
44.2932313731532
47.4846080492598
48.2113025447309
48.2627518425046
44.0873291396364
51.9104464005626
45.308725383785
51.5876733497899
49.7115597586816
46.0349460856088
47.8923086043866
55.6365168918497
48.5606896263356
53.2476607107142
49.8355972580028
54.0970938050509
49.7682498948039
50.1687238658107
54.5721956362192
53.9400435503422
47.6491116834962
49.4925625665483
47.7848836410482
48.6024209756727
43.7469752948315
54.5723668143382
57.0630816999418
63.1153206262381
55.6646680562251
44.9013704385166
52.0636830126341
52.4174589765432
46.6392378597829
60.6860116483952
48.4945522539389
48.9243125280082
56.7598980331937
46.8150952181984
53.9001908079663
50.8387573115985
50.415291229215
44.9282123465243
55.2460873422018
45.7096645105313
49.5580461742834
57.7327256166006
54.8546623822579
51.0176185894015
55.6420495077134
63.1139905065354
52.5160977490346
52.6770000465783
47.2696079642505
49.8875763477247
51.2244606046434
45.4551655762739
50.4931300973137
57.8365804328702
47.4329949647689
54.8226536390084
50.1689424193517
58.8242516323423
45.1906162069977
51.6503819450462
47.1359546091953
56.0008570633169
46.9120711449153
51.0280692950796
49.7186267796064
53.1360215196966
45.6592391339446
55.597413269236
52.6070475924126
47.7063839206091
53.2910288404738
52.1337770575987
53.5436372267173
48.8704286288182
53.258435150481
58.7504737777364
46.3176393523627
52.4285244746616
59.0133165598824
49.3470015196146
53.7695237499299
51.9980047223864
52.637760206377
47.0081920564751
49.3202893528195
51.0557794544933
53.1503477046135
48.6050932172217
55.1479937402236
45.63622555149
47.9534290475746
48.9859655594943
49.6446050082434
46.7548923683223
50.3244549830693
57.6148009583133
48.1854675648557
52.7926437695615
45.3452342893397
55.1575591018333
56.8163591832597
45.5344375325691
55.8837139178592
49.219756872652
58.4854978008179
47.7098820130978
51.9075335397161
50.1842025855806
52.7007543890338
51.7086815259358
52.2791985669445
50.6564056706319
53.3716665412227
49.3028389392907
51.5527297116883
51.2839990959938
47.2707017986865
47.6205614604762
52.2493610599514
59.0067161843344
45.9797052345943
50.8625555244493
50.8507163423706
43.6280192874445
48.0139839817535
49.7362142609258
58.6503318382426
47.2836764589082
50.1460081115804
50.9582641612785
55.8261661056822
49.4048545483414
52.5538542510073
50.5709747680911
47.0150369700623
46.1905579027585
49.2787035603781
53.8002156143679
46.8114690429871
58.4033689931787
48.3372980744374
51.0059427563926
48.0887788787247
48.9664091427937
53.3260122519394
47.0136232531092
57.5985783393577
50.5084424103077
46.9706438613498
53.3592200962263
65.0724070505109
55.9437860729159
62.0049465804752
52.6172265847285
46.5661560296618
48.80225427725
60.3828410404109
50.5700861565426
53.9938740403884
52.6110946010627
52.2098325998221
43.7112958048361
52.2648601783383
58.0136878491938
49.998375929048
49.6561684014939
49.4936184668569
52.889749650393
47.1136801088989
50.3538652219889
51.1179883232388
49.882305033104
46.0695277805689
53.3260387400935
60.0745400718806
53.3156301803452
50.0186114889819
57.5296316982517
62.9497424103585
57.1954009168451
43.8965897951043
49.3947357706541
46.0672490996769
46.425446429019
50.7689383517387
47.2065772472912
53.5446175071511
50.2299560036762
51.4042064794838
49.9106914773031
47.581543463996
53.0254393134724
54.3069607459283
49.7668040659365
48.9891707622564
51.1575604614192
46.5026636792734
49.6912069146265
51.8732345024045
46.6880667908827
53.8016814013598
54.6944223497951
46.3375493169801
60.1389944689325
48.6529931395439
51.3855983127058
46.6003453930717
44.3777312164508
49.3877776146473
46.5344844064166
49.5782825504393
50.2640832068661
50.0608302202632
47.9031238085861
46.1630136815344
47.813907635967
48.8004453256979
57.0083102264995
46.3023634132481
47.2457866993372
51.9287231551894
53.3958243789707
54.6959140996253
55.0910313188306
50.8083549279836
48.0779753616624
51.3447207432423
44.026043085759
67.51660377221
52.5145170278153
47.6052654297024
45.3585795608454
57.6779699646263
47.8025098595109
48.7882890317623
49.8124995210611
45.5231373672521
52.4721407078996
56.7979081374245
60.8105444882602
67.3677553047218
61.2266558454959
47.9711243815924
49.9981038124583
56.1183423162894
58.9547245975305
48.852186193297
62.8491466560249
49.1813832474909
48.5704097283119
45.3144183760081
46.2615655498698
49.1919729315707
54.0315837914153
47.488381030236
50.175522523938
46.4161168785155
49.7709479791813
50.547582090205
48.1491672464104
46.6855903383941
49.3568514078622
47.8176270469598
50.3823517962785
52.8444900180961
49.5880744354593
48.0679790213253
48.6241924003202
48.7802035127975
53.6410941023381
56.0149571392554
57.3955700969301
51.3364242274716
50.9028573396975
51.6476527148769
47.5837190259704
53.0646351884905
59.2980613410592
47.0894478474182
46.9817895290684
48.5441077640765
53.6861049036444
50.7291668950111
50.8566487782752
49.0556894420666
53.8841255497814
46.0836367814782
47.5491857788843
46.3179749776974
51.8186728854476
47.1883748990149
45.0309800997709
48.7531183130009
49.4711969050874
57.364712925128
49.6994749955714
46.4899221122353
51.2103379307841
53.6676501505463
48.572074399473
57.9546564688732
43.9682851169644
48.9634856202064
45.922501870436
53.5764613638975
47.7819459432008
46.6001479704447
49.6614375518003
44.5195164182703
54.3250374237515
50.5820912934896
49.490292265851
56.7893118999405
47.4580542657373
49.9143830826431
51.8064195422739
54.8224191597758
47.3138272776874
53.2658785073164
49.0475364354813
47.1643591528333
54.5769291415903
46.7298477406086
48.3085297835515
49.2468766591047
53.8573127729421
48.8489995194842
47.232484905118
48.6703724744069
55.1580915717762
45.7047407144212
54.2061777053004
46.8401739192415
57.6946508957124
44.4868600229636
50.0450365235859
43.4999740307162
46.0290672999865
45.9819393756409
51.3321937201027
49.3159312618221
51.7587208241896
52.0470196544576
56.8040199432344
51.4353520736272
48.5201059235398
56.9523116232734
52.7594750274328
55.7454855563332
46.1202621397871
50.7674682005617
51.1058824651278
49.0493486147156
47.1660615670033
56.7950881588098
50.8858637990376
49.7125164367818
55.3910321106219
50.8551658233658
53.4628448491584
52.4314542158778
50.7626772671174
57.0400884381057
57.1836053558212
53.8887715306283
57.9279216857515
48.2013763748943
53.161988534218
51.7964445543646
48.6090506648271
51.1318493033756
51.2854903999091
53.6975020990897
46.9577008698657
49.9804977944523
61.0232664668147
50.7918165946536
52.6537409171396
55.485206541134
55.127981848307
46.8089508081188
57.5050095912245
51.4246354893551
56.2550607807932
51.2045051522989
51.7342809583608
49.5468543105386
54.3367491656211
50.5478421947659
51.2963895354099
47.2218936314339
49.821043690975
52.6876030068885
47.5398460844059
51.4399811110871
53.2089648323966
60.8860782762684
50.1292779150228
48.5159199191249
64.9431424348504
47.8692764366837
49.8597310718792
47.4231719983732
50.6303006674583
57.0550940986761
52.5606628536437
46.8865522655063
46.1460318964332
46.4801522042835
50.3344665135929
46.7995654327975
57.4596921757895
55.8677746137449
51.2162043476089
47.8084109111532
46.0066274958009
53.8904499895339
52.1824269006797
46.9866782549424
46.6315416503437
52.9599811268591
48.9988533941768
49.9080266845412
46.4963907763013
58.1622556979977
53.0844326347692
59.5230184322732
47.1055082292626
47.7317301442016
56.2737377860795
53.8288636671525
52.7760694632088
49.9650994165708
55.2714974864502
53.6129602767432
48.5400659282601
50.5625471453783
50.0887673819437
57.2849422626094
44.9665932133845
46.3127572119289
54.7288961344167
48.1950213403936
48.1330428406599
49.9321251706418
53.8906399164957
52.3635993660012
52.8147454160096
53.0137400493154
51.6805668361733
49.137342650182
54.7818186861881
49.3411173653411
53.5056151354614
51.7728510775238
55.0548176331447
51.225520994998
55.3945948996226
45.4677467382567
52.3957980910874
53.4486315107703
48.8057018396279
53.3918868742995
43.7688011103543
51.3471808173341
51.1878816979997
56.7248291155356
49.2265159168381
53.6197328190546
51.0970818895965
52.8091702552133
45.4637464417572
46.5804371201404
47.0869740628792
47.9069963080085
51.049918680243
51.684883501433
53.87269597986
56.8858893376495
47.9649297862595
46.4759888613954
56.5471271673912
51.784593492873
55.087315348775
51.9407675404349
51.6168008530344
46.6145357128795
53.6928854078849
57.560787775478
52.222000740483
54.0996158905674
54.0630988565154
55.8407391814285
55.4076921863471
48.2101459643292
63.3477956364651
49.7804860655308
55.3876461496701
48.6453936202623
49.2921664530275
51.5299227376692
48.2781591119192
47.4861364711828
48.985301788284
44.7965847080827
48.7866484215974
49.7279222610738
49.774179695357
55.7788163035379
48.4077934694535
48.7040395490437
50.9210479162953
58.9673845972286
45.6577505462485
54.584651917518
52.6588531344678
60.0312740817781
46.0886159983836
61.748546226708
48.2253768834237
50.7273412338642
52.9624375437508
53.0330453303942
54.5215483081058
55.04982514082
57.8700210847989
48.3966296975961
51.001609741009
54.5264174379034
53.6060761151632
44.639209020058
57.2974618956493
51.4363763761153
45.7859046277867
53.7519672276359
43.4303926650933
57.5310394888432
49.1102256757069
50.8556695260176
54.9797722104986
46.364738930938
55.7114297991189
62.5030970148721
52.9367296177045
57.470961509901
48.3750070669052
48.1798326886769
46.146053044485
49.7305125128407
53.5648583838307
55.9421244900281
52.3779712849817
47.1983526187939
58.5438927345197
52.4856345155763
49.6358268204771
53.1048217970991
47.3162212251083
49.5859580045797
48.8161975036339
47.9434201106466
54.2888117301953
53.9454888770255
51.4265064284065
54.9764247526919
48.7938488965728
47.8836888397128
47.2147046699712
49.5955236264113
48.7446030909782
47.8315453791431
55.6295311966519
47.7847275220006
45.6723995514437
56.1303413047591
50.8233461545128
52.1025242777378
47.7771291559008
50.4319710724484
52.2623823014278
55.4387294903167
64.2692624878388
50.8437832186665
48.1884528692001
49.3783966466466
51.0807015815692
48.4346409130279
46.5244284179088
52.1936916222522
50.8157242291278
48.1900562686162
47.2260849176976
47.8824132074837
60.6302878763384
52.3813735187446
53.7027197471399
51.7588231492522
51.6109250626585
50.0243136548397
47.0012805017402
54.345092927153
51.790343851343
48.4747168672251
49.5551281981748
49.2445426408152
50.8908790460549
51.2945292454431
52.4134530394153
54.8829239628167
55.9557562616482
46.5788899525184
50.0401784846219
51.9192582918415
53.298123269851
46.6611507330252
52.7347110382236
48.4236853228608
50.2813908548189
47.0027049796007
50.8349564608352
56.0743048866262
52.1742672642745
49.2448576742064
55.7835677199284
47.2558531212647
47.8434418238854
50.7415698302162
56.1225940974792
51.6676731556284
51.9598919792246
45.3095755481419
73.967776258814
50.7278624170073
51.6591192947023
51.6633761779358
46.7501205650451
47.6767556880597
45.8051477690306
61.1607122457242
46.7366162535236
43.8844227093083
45.9026771605479
48.5316211399449
49.5347664113259
44.4062305217276
47.0044456441032
50.2127769024621
52.3423142296677
48.612144050289
49.6882298737432
53.4308993181153
51.3454231307486
52.6935098850365
48.5096395617967
47.4519619034043
52.4347475044321
52.2749288532487
45.9055203189683
49.4219690248555
48.0371104401559
54.9994693885766
48.7496779947322
43.9899908895375
45.5259318270923
50.4273469654319
53.5119514408564
44.5763316209815
58.7584399121166
49.6327077931827
57.4909235733276
47.879816437477
50.4466964764839
44.5868880598718
57.7231213255192
46.8446473525962
55.1002357323323
49.2242957788314
52.5767624766295
48.1897577050131
56.7008871654127
46.0256621047038
49.4296837611285
54.3800590512322
47.7747091962686
51.9194697224657
52.9631945965502
51.1944418323985
47.8589177295821
55.4561290723663
44.695067169222
49.5082935774799
59.2038545361743
52.233648169634
51.4904769920314
48.9087130516238
53.703621812662
45.4554265342584
49.0977970005739
52.0743709663871
53.1587070707486
48.3287961874417
45.8103866540831
61.017305116832
50.59588706815
45.5786686585602
53.1613808138355
50.2061538303572
53.1503337340505
45.7557235720047
50.4996825379435
43.0374702641528
55.3145908352814
58.7900298739381
55.3583745163216
47.2526931920511
51.1689334583474
55.3863632376079
55.5592459072012
54.2146181267701
49.8575448077024
47.1128642935907
48.9515354250729
54.664441293312
52.8252160979521
53.5182431912442
46.5580542158968
53.0609376743166
47.0924925998507
49.30592857609
55.8264730474195
50.5204900742858
49.2074253314534
48.6143534369301
56.3565163974892
49.1243582421978
47.0995827772803
59.5880463377499
44.7678888905017
54.4935490125464
52.6165458008455
52.9606376331455
50.6255882657485
54.2693067536039
50.0577245725978
52.0036870937708
51.6872203897894
49.8865925114899
50.9121899174772
53.173210527726
48.9783861879098
52.8702324252431
48.24076725842
45.0510101000232
45.743601465198
51.4818751018074
47.0351000661864
47.2929749320976
48.4981796340906
52.9495789336953
49.7907825067734
49.9992762384605
47.8958401563861
48.8580526430485
58.8767972025112
45.5336165282587
43.6827582534121
52.792906666073
47.3965970987904
50.3563760155306
60.993055876828
49.9750014187237
56.8474221972305
50.0981874482213
46.0292326514478
55.430526631966
49.4024916513004
54.5250961363404
45.2946131553451
52.040750351568
51.787220387848
55.4619880614434
53.0511166410394
52.968059182886
55.7200721559773
47.6518576018391
53.2181130963815
51.6904772291713
48.8373271498891
45.807024997545
50.6345363816865
51.4556858374854
55.5687109592473
49.0531353228375
49.5666326944825
46.5651798121517
45.9160517930884
54.6493997669436
54.2274699186174
47.3230424707513
55.0959578570962
44.2822884523997
43.9743067145783
53.4322771936786
51.2633389550966
50.0402562054098
48.8515916120738
55.2984191372876
50.3679413164114
52.3140162900627
49.293864982958
54.4410553950754
51.9019731092769
63.5385860518583
52.4230999181024
47.0989629127572
47.8185495364215
55.8275727890465
53.6739453325092
51.195729263622
50.4590762329671
52.7206913131458
50.53795047981
59.9228627558183
51.8338482384739
53.5520216245279
50.0357424021628
53.5841882198946
52.2572355516935
50.3917607192962
51.3613249260502
57.7278208762162
51.21786956758
57.6513102331877
60.0781550642528
50.0554289581205
54.4113143203156
45.679716696548
46.3278150253575
50.4653711172167
48.3233333164024
49.3469238157171
50.3238451982591
48.156753715114
54.7391912297406
50.2242643833896
56.3219101008766
51.1413906398268
49.2716284262846
51.7604031953513
44.92698283243
51.4695591114494
50.880744017398
47.6551236582199
60.9346399415316
47.149247308451
59.7402793805386
58.4281475175788
52.6258238810441
48.2088952009155
51.7592043686935
58.7624289315606
55.8643611416887
52.8655810382995
51.8817906061305
45.0534947167129
53.8332158720193
48.3959672421568
47.5836094114021
64.4042860756403
47.3536015871392
50.3264982116225
50.5568519472782
54.9783397014109
48.8836535573166
46.1201550782882
53.1142470009386
57.5257219580179
50.7465441317308
43.1768268221803
49.5818022072891
51.2250687090523
49.199626629539
45.3691630959013
52.0435034063174
47.8531048128519
54.8264897018384
44.8703446262614
55.4449967045007
51.8481283858153
45.2345043002705
51.9639640879074
52.6826300775191
54.7475367993501
46.7938814112946
54.4541261350121
49.6190621802465
48.471046815453
50.5745197135779
57.2897330446337
45.7198912896369
51.4272959534064
55.9712113068955
54.8628845515609
54.4689963286114
51.7743655388948
49.2022674018583
53.4265895536193
60.4489101353617
51.2607519347565
51.352621078753
57.7650256096223
50.0760199982635
56.5148899322848
54.3274888601124
51.8478031370862
54.3936211784684
51.6372365200923
55.6296493765748
50.0876472130595
46.5695032843584
53.5545522634404
48.1168798448026
51.2186096199772
48.2404444950222
52.0546451553394
46.3965504759024
48.1845451968215
50.3390959788327
61.080657159571
55.2643452318628
49.9474481788037
52.546358727597
55.0072413204492
54.2018137283129
48.8718991932098
51.1405876164351
54.2946779758321
51.1234142383026
51.4108328554601
50.8280709462617
56.7803685451077
54.6693130065226
58.3415486921697
51.3257751617417
47.2119221620953
49.4654339936284
46.7135620055059
56.3955402137431
50.3551899396425
57.3046541807401
47.6640427024614
57.731161200791
50.2221110634819
49.3949111645658
46.636527029012
49.6257144205436
50.0472101151365
47.182873641361
53.4593611058609
55.7802406737655
53.805533794923
50.7207256886314
57.4934573043021
42.4519139604294
55.6789653420185
56.8337233970962
49.9971636241996
45.7622148700218
44.5044031019855
49.660056729235
53.9269377609388
48.2907685624557
57.194488312775
64.6917066062987
47.14206741286
51.3319046670456
56.140994892078
45.9157861923372
47.7424131048211
50.5415001235053
54.0333995867102
55.8000908189247
50.5950719538549
48.7436700510347
58.4616077907391
50.3188325564979
46.3740396259007
55.2377402811409
49.946747482932
48.0039402865942
52.9367074465482
50.6533253445889
46.0852276053906
57.4611061344339
60.4366259409862
50.0876912272761
60.6014976351245
51.5630027714586
54.5576096766047
49.905605298373
52.6081239606197
56.1999492628624
50.7064909235111
47.6611467133938
48.1493569983161
47.0230315105651
48.7633927474389
49.8150445353388
52.8576724435971
54.0331077065433
48.6004952603104
48.4245267496954
53.5708977400238
46.3884948061415
51.9351205367447
49.6221942879898
48.2563027918947
50.1733905330639
46.2807299867958
46.6044939922469
57.6456815509256
49.3401315281419
52.7836153910782
49.8068913518016
47.590452402144
46.5052047680064
56.2748012005047
53.0546983708636
46.1669290395233
52.3089873710746
54.6531067729867
47.6638582012054
48.2984187436135
53.3447004813066
50.2717791538023
50.4124741649613
54.034321919352
51.0187187810792
49.1477166629357
53.4292825925282
52.4351858532962
48.4084658567934
70.4004319856309
61.8351837307977
49.6799985297839
55.4877716565541
49.4346453633599
58.9181559797556
52.0314017911475
49.4338400355699
52.5264789974801
48.0377182264454
48.9027157525199
47.853999175564
52.0591106184622
47.7016086315537
54.0208208192754
49.592946129082
58.4149479573294
49.1052048306139
50.022188900262
47.8053965202275
57.9594957649836
46.6846925931967
50.4397188737922
47.635485438431
49.6499895086574
54.8237798391625
61.7004286522431
55.3409716645987
51.7447373505259
53.6536953203176
49.0551060869925
58.4089423043483
50.8739081311196
47.5679228946139
55.2157947857403
46.695843815743
48.867186490645
54.620994192256
48.4967305834755
48.3059738996257
50.611306203488
57.5637713579945
55.3201180103522
53.0200951603597
48.6898931288893
47.8094235289168
48.7376575956002
54.4798345304884
69.2590721275442
47.0313735409746
43.5540970839275
60.263184393358
48.2181132258246
53.3727034745536
53.9473320977827
50.6878798224854
45.3143255767732
48.0710574201771
57.2561164244808
51.9283084526626
47.248453357682
51.5108720199821
57.0016926901978
48.0693722921074
53.0657970849683
52.1457009176304
45.5692447487203
54.0324873535677
52.2274413563392
49.0358689179286
67.4393136437896
51.3374592800095
50.9543954062384
46.9694019283517
51.9837147448133
47.3077619605487
48.0491882222236
45.8195635661928
51.8749724142013
56.540028361111
52.3725595998845
47.3352417929393
51.0946282819927
58.0651194931533
46.5308386754702
50.180707314378
59.9899327874414
47.5651619595577
46.836645187843
52.1873449609111
55.0943495056799
47.7946464251733
49.182502974292
46.1976191989131
52.6746670112168
48.0279709827443
48.6360820963918
52.3472553798633
55.4812419521735
55.2606913707049
52.5074879048368
51.6911108679583
55.858857115995
46.4964226956234
53.2425863077393
52.8503612445926
48.99565912792
47.7615644476347
47.3263366999041
47.8113755810834
61.6759197546789
47.7268768881444
52.8371375452887
50.7975278338634
48.6572253351085
46.413197762445
48.5924998523089
50.4399081315144
51.6839497319201
52.9962416759253
46.3711348580742
61.3870811355194
56.7519960485307
51.0688512342573
46.5750009871137
58.037297149826
50.2440892672823
46.0475849049196
53.3009503557235
50.0947671781088
56.0246643203617
52.8899553131827
49.5050949852296
59.7927458191162
50.3408816675417
48.441880624915
68.5245006601578
55.2243282617097
53.2831950737251
54.0846759625362
54.9780690853302
54.4401741435695
55.7808923221761
50.9561017402503
55.0928835724606
48.5245980536121
49.5709315845579
60.354881697101
51.3282451659123
49.9611070798441
55.2625785076531
62.5042379448549
47.3723534205996
45.3344036273005
50.2802483774495
50.4888002339847
47.7697062115379
48.2560707643432
51.9114032565005
53.3023418098999
47.2043953163216
47.1469016221165
45.636222740063
53.8485704751751
50.5234449905079
53.5345859229926
48.5805274301095
46.3076630696434
48.6734060135542
49.7669177871147
49.2060236574418
47.353945294114
49.9809728538868
52.1089799887999
51.9580359740932
52.5234878100161
45.6164943962039
50.931685228366
51.5917693625413
50.5548335949723
58.6388746366022
64.5497008448281
51.9319157627789
58.5708780263719
48.4450634725234
58.4663985029777
51.9793430564526
51.9967333477825
48.7352726204569
47.5260349207117
59.6003710492664
51.3799307936815
57.7061968656201
48.3759730676798
50.2052229541184
47.8692473715831
52.352036696546
46.4027309422751
53.570939984147
48.1291378447922
49.0561618608171
50.222504305133
53.0087071623769
53.0469224264904
49.0042148651983
55.3118697041487
51.1167400795076
47.131017180202
48.614127088755
51.2466393015508
58.9140230135459
51.0670507028152
47.5573690839746
49.1370791348729
50.682279958857
51.0135309530409
59.1468738165624
50.7331404762527
46.5146392716503
49.2964184020356
51.9617766986259
59.2866797910038
54.7991650248809
51.9213047892726
46.5848606246161
47.0451722666639
52.8436805010068
51.8665453894475
50.9259434647015
57.0450790730272
47.1626974647645
53.9310147091448
54.6184210626641
49.1549682856291
50.924450626776
53.5768346868726
56.8460048494619
54.7086771055541
56.6328849566037
55.2721025882873
53.4809470117331
50.7079243639635
53.0373167706386
46.4629134651343
49.3291356050988
58.0066111196656
45.8152842446537
55.8348306105242
50.4553199329823
49.5490101287386
53.1541769057638
52.4923802632029
56.3875057911235
50.6993521223119
57.3503832589785
52.2221867943979
53.4643263757433
45.930953100094
50.6829862146579
48.3510902024023
52.9309614711923
47.0924755122595
53.4850425267108
47.2401486347788
51.7776827884332
48.674028708496
50.5687995075988
50.5237420267401
49.5480562574632
54.1438008120705
54.1446293035814
48.4532912326044
47.8724252036669
49.1248814379291
57.6486414180406
48.9847996055756
54.2096611554827
48.7839150527658
47.0183742579759
50.9359657752439
47.8738110136437
51.8675091359227
47.1520576425329
48.7361074953566
51.7990135156108
48.9525538450057
49.320980611809
53.6985817320931
49.3427270312403
46.9453308149709
46.8648000094988
47.3113483030413
55.6794253586806
55.3735601302856
51.8439010964913
47.8281965183695
48.9280793915004
51.7997886337149
56.2421735611258
46.3878981290088
48.6135019297491
55.0018780565109
50.9065988803394
54.232293226771
52.0445449654592
48.305741399209
53.2786113633946
56.1496522444664
44.8992894753387
56.0500401817951
53.6492523538914
56.1873413856629
53.061002837944
51.4137121524138
48.3440365924952
61.1149408488035
46.4203799557583
46.9097189538048
55.6375805747168
53.178728563915
55.1375950198607
54.5991609378359
47.7457490179906
49.8735903997438
46.654707414029
50.776778632589
50.4956191165548
52.1934706143503
49.3279660974011
50.3539149040845
58.3477353445151
59.0625708129891
43.256945848949
51.9867704988806
48.8362192321074
49.1186158459147
51.2753128245685
54.3909892285871
51.991428619927
54.1407034395379
48.2708049756854
56.4895097220488
50.7332053089687
55.4920520322675
54.7480625780576
48.7854980904217
54.2479714286078
59.0859860857853
46.0546354171642
48.6633009598869
47.0345612093292
54.3328473433373
49.7928851105628
53.4071450728954
47.4718294730241
51.6727037299733
47.8104323338314
51.612116675368
49.9407789412791
46.3343218809753
54.0096312148448
49.7970593441324
51.0265306929174
53.4052508385503
53.8943388039463
50.8989695681454
49.550554751592
52.3945213017651
65.1784532781715
52.1397548070982
49.9635859626986
67.2836439804949
52.1378680687327
50.2656114265089
46.2948838129339
54.1471693540679
48.219549040599
52.2820025862808
51.5397798306308
48.5591895165622
50.1306484993255
45.9626848318792
51.6577133153146
58.3574768496715
55.2560809609832
52.0525658217821
58.2927394548763
45.2616618129565
46.6185534222487
47.7812889472208
54.6511196214427
51.4922967509129
53.1581311516162
56.0534768368692
53.4185853062655
52.7820284247838
50.4688331721308
46.4464988101507
48.5390281281384
51.7853106963621
51.7981368190099
51.9523099590339
60.9663485229781
61.0342246049046
52.3309702355733
53.033437026628
49.2121466439677
58.4316461488932
55.3734549150776
50.393252910726
56.9196254493387
57.8220301402115
53.2282768112314
54.0085782069011
51.1975898595488
46.6388308703014
51.8179111711318
51.36330711769
53.8826903942266
48.756934088519
58.3346423396554
55.0625042162803
55.1577962941705
49.9567967354292
53.1670963595421
49.9554391577611
51.7385245387909
51.7828694565113
48.049369998892
46.2480499822593
50.3421461540014
53.0769825923742
52.3769921269006
51.7588335786027
52.2997152141439
47.0546915047462
52.3020691029368
47.98108929523
51.6521530766258
48.9058281554798
56.9874304163679
53.8216130465074
53.2233206932289
55.8581509147723
53.4825921775822
56.1180044332618
56.0767071322516
51.7826604465927
48.7581131495335
48.401941824336
59.8099605530821
50.2921345196347
45.3556785866207
46.9403627615259
56.2876249524473
53.8102058536285
48.7586649642919
63.3767456484617
50.0417093751164
46.7555434323222
47.7249103929275
48.7345678272955
44.4483604239989
58.2824540401715
51.6241975599184
47.1355368332399
50.3198363977969
44.087574208325
52.5322651054593
59.4579976710507
56.2014421014053
48.7163012801217
58.7438818971465
52.546346166414
55.9279032195732
50.017268613154
48.2754990315359
48.6068585618663
60.9954029913999
52.5268609057865
46.9563031156949
51.7080598676551
51.1161277223211
54.2780397120882
49.0870230873605
54.2086170389948
53.4249621250157
50.3037334078242
42.8098060778965
52.4671763301217
55.7555228089431
52.0452861619546
47.7172939751782
54.7335362577585
52.637901856319
64.7072276916783
48.6012152018092
55.3247012395738
52.2644200539861
56.2964375804775
47.5165014593237
50.9067429555923
46.5991006741483
51.4593008696892
66.9579499378408
50.8055687256857
50.920513354648
50.2196185299353
50.8422373402346
52.0254915329181
51.1931613967013
52.2134344990324
50.4877430187299
53.0073618578885
54.0294812829953
51.955437332202
55.5413979405161
