54.07281952935
56.7646441760879
49.6812188384018
50.6740182889782
57.5922511047802
46.0167336298552
48.0411046408966
52.5508955220458
48.1192715972302
48.8123984373924
49.7919629517214
45.5362008627347
46.0753621473267
47.1760888654113
45.6743279268424
48.3561414822483
50.735247795167
52.277764815848
46.5383903970107
48.2983097027338
45.0630882504205
50.6073404942618
50.2251053648672
46.0902176402076
56.3012221676751
52.6224411347055
51.4027068445563
47.5393111358522
45.4680905439969
45.5841649820001
54.3958113705073
47.5088617076294
55.5580425324704
48.2472328993519
48.712055816021
53.2993464795246
44.772366213629
49.2713751513644
49.213765947104
44.7980365844278
48.460168275579
48.3964021357618
45.4495104938696
49.8783761113574
46.6668888084772
47.0669422329882
48.6849143854539
50.9084170746208
49.2804698105231
50.1319566140281
47.4153399892927
52.5554535039727
51.2491664208959
47.1821357965185
47.3349775641271
48.4259871297489
47.8045711842034
52.6190979873534
48.7492797475251
49.4081699947779
52.4023800531738
56.6926321525774
52.1569566858717
47.3514487931156
45.5987915306912
51.8386181821338
60.7996532293974
48.322788889001
50.1672119282203
58.7241064777774
51.8342823737025
47.123580819181
50.8793855615585
52.80775526787
56.11886645722
51.5850733703417
58.0783238081621
52.6294498385578
56.6968595132703
51.2698668208014
43.7540596067441
49.8892142411416
51.2028421796956
44.3401614921362
55.6033394793131
49.1290863905686
47.6677269443978
49.9752500754474
53.4372446283597
48.5374978049429
51.9531310690001
56.2247288045234
50.656155595105
56.5724779270614
54.1797692905722
48.5100934234065
54.0190024798295
50.3684788834359
52.494429429986
48.4855423568177
50.8351564992235
47.7295867888245
53.3498383939112
45.860997955085
45.384197897129
47.4126028761185
53.7142016947726
48.9342310510143
54.5852646992021
51.9477091172208
49.1064080512794
70.4101306227852
45.7950288429631
53.2608285609402
45.3458732100991
52.511203606114
47.0346751274848
53.1812792398608
44.6504212200815
49.6353402146213
53.0953558704069
48.5415102023616
49.1007345130111
55.5346949311404
49.9008407397458
48.0718797643549
47.1002077581961
52.5375521560719
46.7478586398472
52.4206832756041
48.7916629825334
47.2592873183463
51.2376949729591
45.9313377062034
54.5950177461798
45.8639783661404
44.6955432980762
56.6996602768254
47.4890804676538
48.2913837192936
44.2104253283669
54.6936843159405
49.4224075464504
50.9115721883087
55.0258738133147
51.7078324458711
50.3879879122282
57.042467119315
50.2096941968139
46.9616445225827
46.2143129729976
45.6981420375218
50.906831961144
50.0384713378695
51.2899300031092
50.5394629972913
49.9328958523892
49.3340217753357
45.371973369448
53.7744300007642
48.6032925687417
58.4458472084617
45.1045662486751
52.915894075812
51.709912602874
48.6060621882953
49.8233422217304
50.5822049200981
51.2200654426207
51.6372872758112
45.4125378870448
58.5756189658617
49.3561621880036
45.3876324511431
48.5025485827743
50.7985668005345
46.9715527029136
51.5004874579301
47.4592548806507
48.965891187397
54.0668658656717
52.167427451508
44.906445413133
53.2737668581667
54.5786542039225
49.6407706567972
46.6652906601118
46.864974956727
44.637473628397
53.8902027838938
47.2309465856444
45.2517419994327
50.4214522386786
58.1665160280237
48.7991560239885
46.9374023807743
55.5704134392248
51.5305386429999
49.5629525244338
56.7091290117994
57.6117182906113
52.3763626638475
46.7744510504936
55.1231022869921
56.5446515964694
52.1285828596922
51.2603279668619
46.7004575990222
54.2381740628775
51.0436018038157
50.5043393885797
54.1838701299513
58.1445468183546
48.4131343280548
49.7806218115023
51.9412890843922
51.4973852406834
49.2530742839118
54.1110117767741
57.2501688656277
46.7479625548841
55.8397900080708
49.1158213625319
46.2065387525749
46.4033739771318
46.7669693893039
48.4445213105828
48.963446053488
48.1755654096205
59.2011188877125
52.6601862731331
44.7832206782357
49.2005054717597
48.001702375477
47.6456629393624
48.5246971696026
55.119752794062
52.9964861366551
48.3544970927646
49.8038449534689
55.0246422363804
47.9301414812125
59.5977839609892
46.1737395407038
47.0038721111479
48.3181791041296
55.2561861385667
47.9847297425084
46.0534616260526
50.7332807177705
46.8395569243156
51.1657922660605
50.238224858142
49.8473687214569
50.9502064938919
46.8069814035593
49.1566153638014
47.8756822316261
59.0946657437739
57.1529692590788
46.6408285297237
47.3710888610346
50.1296974308495
57.7917962565917
51.6533176777137
47.641024380096
47.8051024991191
53.7190678039162
44.5152829313556
42.9280850297358
43.8735531011003
45.8063070055238
48.5290485776888
49.3177542810112
47.1347485430291
46.5661574784706
51.9254042827014
53.9503875399538
58.1465103622995
49.5065093056824
49.7420717972684
47.8807996975974
53.579281359876
45.8690805225279
49.1016589764384
49.9400031615663
50.3611363996617
46.776788775866
50.3961871222857
48.0872384576748
47.120357275046
56.0209000345123
53.0182302354619
52.7742121679639
41.7561662060145
45.2907337559366
62.7975924516009
52.5022823831059
54.0745483096998
46.9652602169916
52.4200009101186
45.6327946407459
50.3800920978343
52.3983106926059
49.8975787587968
54.8876037803154
50.5207243294902
58.8047451048196
42.9011137239599
50.6549727308826
57.1710050312097
48.0902009548318
49.8453832051411
49.2392672875185
51.9604005312371
47.742046743177
46.5796450082615
56.5915002294626
50.7193563231753
62.0031276551898
57.3126192861231
50.6932701358049
54.9450224921895
56.0190868153806
48.6325801378869
51.1558591843639
47.8894732233494
58.1146638797497
46.8482408231937
60.9931586340169
48.5290671296435
54.1702721725536
52.1555734720811
52.7079065604307
51.9044839840126
49.7165264995494
47.4226799621963
44.2666709170076
49.6880444503265
51.1789720126291
47.7520543329506
45.1025956622383
52.8794413492317
49.4673529121436
48.0214287269979
47.1203265742543
58.7846440913942
57.53827132436
48.4495406292983
50.0620666966999
54.2835925550234
51.0383254646259
48.4271329608141
48.0132830929583
60.7928301060039
49.2601875722244
58.9607017185051
53.5814943716425
47.4386581068641
51.0546561788732
43.9344578494543
53.3503525336659
49.9587977495658
47.2902245766949
50.8135948505833
52.3560597154212
58.6134425428629
49.6168036113076
44.9599339490812
52.9550236204897
54.4801721381821
55.7106190619752
58.9072924526664
45.7159578312326
46.9525429106289
50.8668647518866
47.8086381680973
49.3764359904411
53.9630476672232
48.5724515406086
45.2248073271877
48.3361100059024
48.5129467742123
54.746250781764
54.0990087068701
52.2970028150398
56.378133657993
48.4831832978047
58.7028841067464
58.0611285558731
46.1102256546162
52.5229865176444
49.7650678321664
49.2359051138073
46.4927871321913
48.4294655531385
49.3508140775028
50.1440159916675
52.8581254887182
48.2250396903342
48.9113028788857
54.6621805682699
57.7721640899125
58.2305305482808
49.6479718091974
50.2414494721398
50.5212185931968
51.9810421014837
48.2720969607856
44.4112066770278
48.3590912083752
50.7181256922625
49.6185542958745
49.1690504352582
48.4551681771753
55.4240074958722
54.0720540609999
50.1592467887702
48.9350952736353
50.1618033388605
55.0836702420418
51.7091556055968
46.5056339626724
47.5387258741407
48.3645732441145
48.4524194799231
54.4248434277238
53.0999385524808
69.0051450023224
46.5788398122142
50.9888279676943
49.4237086501237
52.5960061046038
45.1801150772564
47.4469131326745
53.6245806058093
51.0332592147618
51.8360903073184
63.3885526537132
58.318929719495
48.8599513513978
50.6880893091909
55.9056766960808
54.9417296042405
46.7647179302455
54.5874087860722
47.5919580150989
52.0112650359509
55.9910967467818
48.1520593972592
51.07994005417
51.6805178166568
49.0705235679136
49.1085697151944
48.4406074786513
53.5404702620942
45.7035192521492
53.3538347027371
46.375488422243
50.5485634519843
49.8707714095978
53.6039491863408
54.741071426551
53.4042769141369
55.1199144934067
48.5543470174438
54.1495974879534
46.7861112079355
48.2867984091883
53.8451513881356
48.876779648128
56.546189998033
53.1922353204244
48.4389565193279
52.1782753164022
50.6073210667996
46.3833546118492
48.8464699685398
51.5542448545156
49.1756913303839
53.6964686402373
49.3001967617078
56.116726609358
63.2303847895041
55.1897274482439
49.1360046405505
45.3955961000671
53.4647480613248
45.5591865464525
52.9922130458448
62.9240697417153
48.8541861535154
48.7264824739847
54.1009590022097
57.9038739349976
51.0998327083449
47.1456161716521
45.9755796508347
49.3831051527345
49.7997719116054
48.7549154534342
49.0452382466618
58.2342704825643
46.6484257985291
48.0047299445527
46.595918540921
53.3841903545431
44.2871856131973
53.8254271001187
56.7210800554654
48.5546171469339
48.2483523250416
53.0089969131855
61.8803899374332
52.0036493898528
49.6773212780137
49.3890196130388
47.394227161477
44.9400207577116
49.5779020362714
50.0790005015127
46.0904977310488
51.1351904331667
44.1773103495439
56.9675276818965
49.175580682651
47.0405577511951
54.8361181898745
52.1924891656555
52.3232068754914
51.1740830845625
49.4687491341303
50.0777875667793
65.5010997878219
49.4385993002614
52.6939413599592
53.9655540097352
48.28548645533
48.3328892619129
47.240782530247
48.8462022001203
49.042652025292
57.9752462445544
60.9997355174119
52.7053316206574
52.541914949436
47.0280737647788
45.872427317851
48.3246871605705
44.227610317783
50.5733785532771
50.2500675964016
49.892965726642
57.2447247552131
47.6301107195026
54.473679499761
55.1525260907231
57.2074510600354
53.615146760268
46.8269883861064
53.1289292234926
48.1800254665705
49.3679224511131
45.0647293669758
46.4432295960436
47.2076582285668
55.9931546808574
53.9864296588905
55.8602417743852
55.4254091247616
47.2000628507775
51.2165305842384
43.137617287424
48.7627005855029
53.001403512973
45.9502262897587
56.2193178539365
48.4728991507722
45.816815160557
52.4305684469527
55.0522132656271
48.6861343916408
50.0691796633858
45.6446966634405
51.5144844461155
47.6824361956521
52.8351049879105
50.1925895315105
50.9300751778653
46.4145012384186
55.2308106472699
52.8390170437632
51.2674526099879
51.0847663903938
42.8957914090436
45.6149551038459
47.510957450008
48.5243881258616
43.3073445716018
47.5350644914166
48.9660413623937
51.4065443159066
58.864501110404
46.0151431379737
51.9571458097906
50.389806957849
51.4861642169039
46.7005833569266
51.7203179334296
52.6657925927571
49.1444171861521
48.6356080461043
50.3243655410904
51.4752305081562
56.4751684048058
52.9370727281285
50.4832076900455
48.3196815181891
47.4697756099278
45.7161980028885
56.5372088053691
56.9598661644221
50.7782993512069
52.0943841727067
51.6157241372363
54.9029295960477
55.9825116094999
45.8227820103616
54.6292381413861
55.4273856803546
46.1019534987662
51.0936537672548
50.5502858476341
52.1517138790526
51.6452924464391
50.0065239324224
52.0007268327704
49.1523091426436
55.1658743778424
50.5079614059061
59.3104403462491
60.1354283674974
51.1275899716831
46.0073505349234
47.4629844848353
50.6477918322756
46.601609230796
47.0345237197223
47.4145385622068
47.0529900020974
50.6891951823627
53.6469931757774
45.2181119417843
44.3013140910153
54.6429158451037
50.4627998034859
55.4921965894209
46.7871333050867
45.6437929450035
47.658140292661
53.7776491153263
49.6461068626386
63.4770887847554
47.330816334434
50.5131337381573
58.3786137233954
60.3380431506678
46.1473821398911
45.8426282482189
48.6858154108681
49.4663209368181
51.4598989935393
49.827187429692
48.9348204276341
47.144638193339
45.5247723864931
44.4343914919275
54.0632586157563
49.4563378351691
47.7056277991048
50.6834176439671
63.7952705629375
48.8682445351189
50.3218902822291
46.3323908041602
48.3764967323282
49.7860898549699
51.1052272098196
48.4135620230839
55.7470518336894
44.5807780988437
45.4347368558448
56.6003678912194
53.508192930133
53.8210663266702
48.4820983004126
48.7782664772931
57.3051388810674
49.7115638283556
47.513966321004
52.9337519943978
52.3453442954286
53.7278111898774
51.4435134142554
50.1011223270777
53.0704031680182
54.4884990716052
50.4428483810491
50.6786765215556
47.7287417209634
48.9167105716688
49.9789264863901
48.9115911708239
46.8766767885486
47.2643939150917
43.6496353223474
54.2326326492211
44.8160108437233
48.7356837416337
49.713054322851
46.2226214554688
60.3463709918401
45.6625674617974
50.448990898551
49.6013590462914
45.9379838580992
55.99346813549
44.9990515976583
44.8847704815368
48.7164509187909
56.2043363001648
48.6023487347411
42.6992882488907
46.3430162228653
50.3436381668723
51.9988072885888
43.7336636251348
53.3746522230572
53.8112649969701
50.115901978285
43.9537035772292
60.0973705359448
48.0681228576859
55.4825146489924
48.6209405682262
49.1835793744378
56.0169616512043
50.8162488305504
54.634882784708
58.3111466414507
50.4441485873058
51.8462902479791
51.7271118692551
49.1635744599989
49.7477756295944
45.0114449533589
51.8173305062431
44.9973986733836
44.5272917059357
47.7009566452626
48.6465859871002
51.9107579552018
46.3735017202568
55.9865914839319
44.3118321000684
49.9849934495133
50.1535342312657
46.6505300404396
44.8531995365394
45.0650765638958
54.7590334694338
52.0818215471663
53.7034690585007
50.0427467556857
47.260770723807
52.4066555758362
58.4998319506118
47.6334768580197
47.7198644169326
49.8567652305871
49.4253016660193
47.0047551346176
46.5914738344536
59.6132540400909
62.9636967571532
48.2314546863696
50.1172682574823
46.5264419478227
45.4971416380029
56.6300730293091
50.4190055591899
46.0502210385779
51.0870424590103
48.0842577380883
43.5973313552726
45.265206943717
57.7745485633175
51.8142599480528
48.4743027086118
53.3788220772898
55.4005500943844
56.1198532667878
52.5072270782739
50.3021587572396
58.1695972852457
48.598273716892
51.3932636405902
48.220952561309
48.4248343162716
57.7495834543352
44.6012194345827
64.4582350294339
55.7166782438312
53.0099384604573
47.9413234590815
52.590636291328
50.2160375315356
46.2529028473926
54.3944215356791
62.0738751207643
63.3372120263772
52.6976952131486
47.401630924297
52.1396676893097
45.4835097247123
48.5000366686766
51.8981713594986
52.6094355141351
54.7488541624224
48.7852481703501
55.1761689154596
51.4122078228864
56.9553665920935
52.3735868471846
46.5212599509846
51.2682238705223
45.7990633820579
52.7156780296916
54.8499963259894
51.5483030003438
47.2546764305163
53.3959102194227
50.9510284251445
50.1105501044001
47.961499128984
51.0975929089256
47.8713191885531
54.6894698913878
45.4947777600279
49.0068625752488
56.5372173734914
45.7936064188173
45.2273939184448
49.6572728696716
58.6394288658261
49.9644899953763
49.270148223458
57.421029399761
51.5747746575773
49.3964071960347
45.6783969594852
49.7506484949446
53.7382220932059
57.8595018519934
58.705599226009
45.0380977426017
45.1616961533567
51.1580464929133
53.969537815393
48.057283611726
47.7317567539489
48.2419987158368
47.4087965564411
53.610993003553
56.8582221939874
62.3275542028583
51.8720739780298
45.9455490072581
43.7114262241259
52.0112253516336
60.4242549590367
51.1806414615545
49.3824779771232
46.4203679468171
51.6487052806386
50.2646928367449
47.2314887623477
54.8999337769759
52.0236367793702
44.2488043254661
46.324535507193
44.1899360182855
52.2380072357029
49.0969065904462
45.2444129130896
47.0506047867989
59.1230928716272
49.2699980266878
48.4852075133458
51.3978813171215
52.6754880023699
49.3783844746173
45.8378325446922
51.4291215171859
53.104960743098
55.2799267662843
52.3690859588691
58.5561886729177
47.3262952947159
56.0161486053898
51.8881696054981
51.5875143701691
44.6176121514541
47.7905797230317
58.4987522836898
48.4412379125828
48.6708862166372
46.8268720651186
47.0688175162042
48.7545831574231
49.7903631695613
47.4873493043506
46.2190224108828
47.9096881171489
58.8839794842924
48.5953826373495
58.8108498326337
44.605039821629
51.025583983272
45.6453139418754
49.4769277722149
50.4357977255444
46.1717009186014
52.1411785657262
61.7329982914705
51.3544384130922
46.8567720445293
51.0264877966067
51.4571022859382
55.7011679634114
56.7272553147906
49.2833711171757
53.6971212707889
45.7149914868476
56.1810092029815
46.8518482306748
52.8398186501234
52.629078533451
47.8086650978506
51.7975398246089
57.6546323585
51.3518177849283
49.9783145523678
57.9533011033953
48.1284822846704
54.4920955071006
47.1962915939686
46.2932070260498
54.4277421868281
59.2824040522163
70.4910608339086
59.85739962422
53.138567045994
53.2156199998668
46.3474078239761
45.9430583222407
48.2603607405318
47.0648713950841
54.8161422881522
57.7926573390122
53.5518407052151
57.627046679358
49.6425497259644
56.6226007620194
52.2220722068577
47.2236061679336
52.3388387762427
54.7984822573786
47.9737621027686
50.6689780680593
60.1920630687738
47.4949357432425
43.5571493432792
58.606479575271
48.6056643558891
46.6393626999411
49.7635564380984
45.2830736534589
42.6313334101956
59.0285121772394
52.4451530016153
52.5229346135078
56.7200275851077
48.3871999651878
46.4845080498921
54.4665737932268
53.8826738089211
49.759749042912
54.0204519376636
58.2074875235874
49.1392978069523
44.8798079566253
48.7698079645264
50.0121770634172
49.9431483920795
51.9227429284396
51.2682006569877
60.1356518407708
53.6570344807752
52.7974390199554
48.0915641193251
50.5374339411353
48.3840490672089
54.1212808199996
48.6550086746034
48.6059703721335
49.1740849888961
48.6790070529718
52.5714714818248
49.7075574185873
49.965697286316
50.5760985235863
50.6319737455989
55.6591833477593
58.3268525277177
50.0036727929656
48.3387087801177
45.179068283602
51.2917853166438
47.7247438929894
52.1628668457287
51.9597302484496
59.0022065912802
51.3066036897848
45.2649701159321
45.720644188766
47.7848099423231
53.9506409987576
52.4117637273052
49.6885977951081
47.4421175590177
55.0691746481918
59.7698829402551
57.5339915534262
48.8793547632051
45.6451985192189
46.4747031349982
52.1535228879299
47.8038661370956
52.4586936871235
54.7270359216806
50.8491157116621
53.2752656730634
46.4247800070493
50.5659614182002
48.7031429569687
49.434526345434
49.3261573171791
53.8683034747441
66.1604814867744
48.9344148812587
51.2961261633058
51.7370954471179
48.5039755021503
44.9022659775991
50.0318953877567
55.8606891598813
50.7124981731926
50.8776652767986
50.789079101837
49.656675916096
53.1742032193534
48.934291476347
51.0344726085356
46.6586544074746
50.6288932309357
50.3438561529003
53.9622996090783
55.0967351110414
46.4070112931834
49.8758723269938
51.2772668400998
54.2442478785338
59.4608163722312
46.3412278067061
52.5542733442531
52.3550292966724
49.1773961220852
45.6316284795501
55.6253581796046
53.3524089601269
52.0242097007255
54.0864793407985
53.7867776948199
53.5799169220487
47.3950635448538
46.8027511473318
45.6522401996874
50.1694318007648
54.5105056315446
59.6564423736288
48.9763317350192
51.7163922737533
49.5352269064034
49.4401254014575
56.3605095089999
47.6195714155497
47.0767259778848
57.1399375008353
47.7057537397962
53.4287284311966
50.9328179773741
52.0617474873014
48.1945042289816
51.3005497586964
43.9093265274841
54.6578712751212
52.2721603928382
54.313046202458
46.1810031997451
49.8154525863149
46.5409790041905
45.8930047409726
48.7230482965123
50.4513613281003
50.4233787726297
44.4590756186349
47.1966117920437
53.1532993370752
54.0010758700545
52.6266041215011
47.4278602081624
47.1137412547944
52.7078466081977
50.8846175852066
48.2374618639274
55.273572042689
47.0797231613645
49.7290146987362
51.8714474743081
46.4989706096465
53.3422493085189
57.2357734736781
45.9092389829992
59.2177937288511
47.5543871825016
50.4339167619363
64.4343320197641
56.7262604713625
49.7407871674308
55.4189696419175
53.0012607564541
49.3863214438488
56.9921120866697
51.6248792042435
52.2666911286636
49.4110882621102
48.1214716731707
56.1510821537793
56.0351385501139
61.7091025862004
51.2477573307318
49.2638915248472
61.9928428836685
48.1785188959582
55.7926313532033
48.7183283742811
52.7902574720814
60.5577066056439
45.9078161144541
52.2974805032388
46.4678163875849
49.0218040585378
49.5326386565423
52.6492175655842
44.6927892279572
43.2077848925495
60.5896823067637
48.6547595860636
49.6414681329306
53.1919784602023
44.2286213859698
50.0050133463659
46.4919003173771
56.9233990179552
44.9238169235692
50.3098889582005
47.5223604671367
47.7800471651469
46.7011514912232
55.7148387997203
50.6599219207789
54.7009542677359
47.5496714374756
51.802381006602
58.1570525093314
46.7510205258039
46.6990780074539
45.463007206369
47.4231156588538
51.0550661363911
46.767845283148
56.2119638923631
51.5372251811261
45.5189140537337
47.010102207705
50.7836104662854
48.0339317098246
51.3637175711458
49.4887386980112
53.6844806324872
54.6187407701548
50.7084006680589
56.8854120553815
48.0598139932328
50.6406173646685
54.0839103436427
47.8631765854978
44.8854372293703
46.9307552671684
44.7441968190544
49.481586213188
56.0026119745459
49.1209870883852
50.2687955814269
48.0485128782175
44.4708595534678
46.1250157648713
48.4721804734195
49.1047517417461
53.4846808954811
48.871257864889
49.4765311887757
50.8489551750796
50.7209731589205
54.0865151221621
55.5214820336749
53.3369110818043
51.9556030237691
47.8980308178995
55.9889605766566
50.117857688329
51.7855101187725
57.2644318541244
52.4815896002527
55.432095399177
50.7552626442187
46.6602096111346
47.3820814460849
45.5783433975294
45.6150532906707
52.6563194761429
45.2267920696695
53.0744701012363
49.6108862119464
52.3699322126448
54.6584424335379
56.4906354735649
51.0504827973114
48.4875152804799
50.7691997634066
49.3391152454938
48.4347725320226
46.5142376985658
44.4890797189794
53.7515686634773
44.4231534405567
45.6948873315648
53.0084044792308
42.4175673183022
52.9631127815888
52.0494481996755
47.5358397002585
53.5046783765827
44.5296152695067
47.2008940255813
50.6223741320703
44.2695981954078
47.807999927975
48.396980758549
58.2107080017135
48.7004864446898
48.6076407812273
45.0322161195048
48.7472155257747
48.3022474752627
50.0735326885974
45.7234788325204
46.9153970279556
48.5530952517719
60.7493009505834
52.5506434514648
48.3877684753757
48.0478458420348
50.1523684993287
52.8973530920497
50.6068132196499
53.2420941181486
45.7430683423181
45.7250575360886
52.2792394355874
48.5788896062175
47.1950649489705
54.3953715871121
46.2513417074862
57.5585062395586
54.2897864929167
48.5893160600486
43.3894190695291
48.9524457167008
51.467326825944
49.523677258775
52.9428726233969
41.9926925810845
48.4890825489849
50.0270190717722
48.3430086624553
46.3286001637707
55.1426226329257
55.7802058695178
56.2356091745267
47.2793005139032
47.5971990228618
46.726883442373
51.1324848062381
46.0061909212402
58.1079367108737
45.5537935540911
54.7500000655268
51.2246869851364
49.2702405170076
47.7110206639012
48.4448370192414
59.6217409585451
55.197540857848
48.3872228066777
45.5975735739274
49.5279536825998
44.8515755726485
47.9990304760448
45.3420291285745
47.0363170756779
50.4622567511519
59.0333089441407
56.0809721734308
46.1947881817298
55.0722513818391
52.1191323661796
47.4692772025463
64.0418606717863
58.4706999389718
54.4857659435393
51.1850217139069
53.0202516181293
48.8754841348421
56.3176767932887
49.5225664553687
46.5778747564911
49.215013756265
48.3864836865214
55.9853857004965
42.3980653915789
45.2523959336882
50.4693454475239
52.487271547998
46.4462536645791
52.7534216491706
51.7048327427214
53.9629160747064
49.0317144836296
51.028595073438
47.3474506122423
45.047171072369
49.639992274245
53.3584245676658
49.3630780917036
56.6100789456565
46.0943222776147
55.6232585457507
52.5857811568881
53.7806208763418
48.1701840008343
53.5491745325601
45.523521853399
59.3278611684225
43.8908010067559
52.1025888607679
46.1243542477177
47.6459107039602
47.7033636998255
53.1287190690831
49.8432134432993
50.8973541442184
50.2304359191068
44.4893426510032
46.0059744960638
45.6950216914264
48.7103336552011
45.5317775479908
55.7633162525871
60.6031327694225
48.3718774939439
62.6693171860935
54.5730494985562
50.2985184540266
49.8168866934419
54.4352849926516
63.2874674893487
51.7043010497453
46.919484738499
49.9548142781462
51.5634578064512
49.4946045530692
58.7554135709459
47.3839215981433
51.8556116659855
46.9731975276922
49.2432737913423
59.6587840534761
49.573755155096
53.0598308192808
45.760426425685
43.8139787764388
48.6728159871528
52.3485204432987
49.3846931858665
47.6641312490333
50.4833806838497
50.7218416133517
52.7088215616016
46.1263375033694
50.4788264811423
56.693515365186
50.5818998041737
56.1549617796696
46.6983143785349
45.4537174138786
48.7290030354742
48.7716888006074
50.4593424072749
56.8462787854809
51.5260240704158
54.9654563314483
51.7865848411786
44.8556803830024
52.2761374606853
49.3110909959593
50.9710284619137
50.8698532439177
48.4754114773205
46.1736951004849
46.1876409871075
45.5625676472645
50.6182347119952
53.646686015816
46.6133789663366
44.0572821229806
46.2441565170335
48.3129878982784
44.3254243632881
46.4373099349123
52.2682987593637
50.0958569209505
50.6548585599853
48.9936102336453
48.7254213016791
50.7701783497606
53.4785056488825
55.7944672854763
49.1481018893061
49.2616620340972
55.143102706227
47.7210825066525
51.1008532713954
51.97882587387
52.7191915257994
49.2167950603198
51.0186656545539
56.1696419187232
49.4664581178862
49.5815740612436
44.2015367572701
58.3680364712527
49.8061416537025
47.8061968550475
51.9174461632879
57.9852524488202
44.9293913961403
52.614410842805
50.9070970691743
50.2620541494313
48.1523345978466
47.6933673483762
51.6846777075399
56.8279242184044
48.5219086900872
58.202308214289
48.2123065309439
49.770624874518
47.8478174488953
47.9257078925552
50.2263094676618
52.5055685074269
48.0115028424543
49.511345086372
53.4055895781277
62.2072563238213
54.1343996244445
54.8940239372154
48.9336712589614
48.5905772287245
47.781203311141
49.102135401413
47.7448514802526
47.0321586372743
44.7644220702399
53.0374938318289
59.2964318162585
48.62603669363
46.9469385749487
55.6650051403278
51.1836536515323
52.3598884094058
53.0783957294241
43.8432599487713
49.8907393257732
49.8411497842816
50.3643811311759
50.6261678646346
52.954922989886
45.0816177670312
63.8974378577451
53.8638181407998
54.6681405781859
60.30987538802
51.9053575142829
45.018823319533
48.1343658962415
48.4243506708141
44.9972527077832
50.4242255145856
55.8776491708692
48.6487566033594
51.2207086855246
49.0588249963083
48.8264925447238
46.7761245842361
48.8769119410458
52.3550951052903
46.0481329708298
54.3478302800675
46.514479670156
59.2502988547252
51.2581215455424
53.9134586823481
46.8582493733778
46.764827022018
48.2236146115708
51.1073214960135
48.9698225647627
49.318308673269
52.5361459915825
47.0258014623224
52.0958010072725
51.2452558575178
46.5990109020823
47.3252385187861
46.8429772975936
52.3033086332813
45.4158665063906
50.7097823840429
53.8431878123558
49.2624189413439
49.6376373738652
54.9056713526637
55.80378662185
49.8066324250072
46.66222746904
44.1677802566023
48.0787275939492
45.6004016121804
47.7090982632924
45.780389256845
51.1573073759092
51.3719647023156
51.7038663652244
51.8236749793272
49.9075767979305
49.1530405175583
50.330118360062
52.1813344802409
54.3732111804847
53.2021620171352
53.8975065876933
48.8002735424237
58.8650398675575
45.0611144028286
47.9395800278894
50.9518923384504
57.8187757239754
56.7542931423184
51.5064853101789
52.5830591675286
50.1543310054615
52.5685082605596
49.3792510691473
50.9712116510914
44.9988155382913
53.8120913719446
46.7275484914373
46.1031459846901
54.1299997036931
49.0249944083343
45.8678250369664
52.5276140016769
48.4676830787489
53.6832393028418
49.0377051385101
51.3078301163422
49.7450024868597
48.3907195107259
45.3584234957869
49.7294608425823
55.665021134583
60.2186025854451
49.4372558311963
52.7730591904069
48.2632827854963
54.2299578947868
51.847257732512
42.8581610733102
48.8158941621343
47.2888031611047
48.4996128326512
52.3395989662083
48.3308510051959
49.0299570078918
46.5995480482142
49.6398925402593
52.4870781927961
50.5748437523654
45.9888672487966
44.2973143544365
46.347396711822
57.8341805349109
49.3245110783569
45.9338148069791
50.0880920995631
63.4257551845673
47.7951304989025
47.491353947018
46.0480783136077
54.4885537328889
47.0266451350125
48.3361710106513
48.7232650012303
53.9363360520956
45.4928968383119
50.10644053925
50.7415288599846
51.5223629811315
48.7134235569426
54.2091469066394
52.5923206272108
55.836308033028
63.332993305007
56.1865057057192
44.7560704740464
52.3240488692401
50.6644281430621
57.0692981535946
53.3639584229783
52.7866048659127
50.7014354050062
54.0590995223162
50.2871650207255
49.5978722723361
48.1754018074311
51.3145539302248
45.9310346019981
46.400965998878
50.6269547329149
47.5276598927076
54.3118859657605
57.6755345297803
50.2778752285341
45.3445831051673
48.0784998080556
54.2462103966906
49.781320093183
49.0787619741244
56.329250276756
53.2033686398505
63.6649319532935
49.4301176438818
48.626971559434
45.9311976684867
50.4899642941327
47.8717390155518
59.4461900748621
53.5441349422066
45.6524949654851
50.6874869367559
48.4937700099662
48.274622182925
50.2475879592318
46.2897991614312
46.9914842372794
55.1915427188259
55.6810370700472
44.9661379120725
43.8343134441415
46.7873059095975
47.6538292086043
59.0252875650134
58.3862921626194
50.3491590889738
51.7066493107368
46.5411391381735
54.0514859361785
54.0462417655854
50.885351932714
48.670736485231
58.7131484937332
50.8720879295682
50.8018498791476
58.7297927496502
52.2894649103697
47.9546153836947
51.4060282175724
63.7809357028954
50.3871315672247
51.2230656484289
43.3132446610578
48.5200049982158
47.3696271803475
51.6316850826343
46.260396906638
48.6678231706969
53.9878739611702
53.835124625441
50.8889665752349
47.1204846850185
54.6159993080582
52.9225454380852
56.6531000722127
46.537826087071
55.4362315180667
51.0862669493848
51.9217999161566
52.7217200692842
46.6114730576389
46.6627304660186
44.843627515854
51.4147340593929
47.6777404286987
55.7127467391756
55.6231954375622
48.4333026424742
49.061266335705
51.4644137944049
47.7466764767856
45.1825302191812
47.7457393476489
51.9077513807019
45.048619594705
50.1152684717716
50.6887718872239
49.5289484663637
51.5901042423209
52.1488862177592
48.9557992094662
54.4007893587808
46.5389368517626
58.7501303502755
51.2334132705062
54.9215882350808
51.0530090066873
53.3527465122424
48.9220865342139
50.4541259395345
57.238397763753
52.7750723929182
52.5067067360283
50.0851024481436
61.2712504591982
51.8244059480498
55.6931357286407
47.4001946211794
53.3202534707478
48.661272010792
47.1995708687902
46.2483624207974
45.9246578383362
47.7832390127444
60.512086016073
55.0413930723224
42.1783946999045
51.9750486374601
50.174437909175
51.0585184754212
53.7322225658294
48.6827630774267
49.3912693672059
56.3728790730372
53.158187495187
50.044572732448
50.2821093079194
47.0399623596199
48.2821792852891
53.0686292860582
43.910981753965
47.8372516970652
50.7903230394268
51.7679770484399
47.0514316220457
52.54016259291
49.2640278950234
53.38273109416
49.6348666173695
54.2569292982248
49.1339126502319
45.9283316572473
52.816100899449
46.8328571355835
52.2746500840757
51.014581018283
55.4467091553927
47.4223019813198
47.147598180031
45.9123510994658
46.2736835236344
52.2791583072403
47.7201708725078
47.1703713660824
46.4357791234961
45.1175457650455
48.8440758838992
45.4760569501143
47.7175444062079
46.2491404775232
52.2071033077406
50.328189457569
46.6278074010854
49.801331959767
46.7989809006842
50.939746137621
50.0388093280956
48.5983476140823
51.8620462295204
49.1991139069145
48.0546583117944
48.7941716641752
48.1697765236134
47.5997550771947
57.4566279742343
47.8281198642147
53.8735929126307
46.9962184054901
51.7523147786922
50.1538505841494
49.4305431325787
55.6135715914316
53.3867599797713
60.6013493193744
50.6151361970624
59.360149002954
48.5021969809854
52.6484395809322
48.0726508284366
47.2122876017167
51.4510554100199
47.9028988700923
49.1848469795894
48.3810206992386
48.2298812971591
49.9893268883078
48.0196510451494
50.2259285965789
49.4642062072786
53.0655943648859
54.3015779555686
51.6286532870415
53.8272119815549
49.8704114840916
54.1093606465942
49.6103029932673
55.9700569276226
48.4336364775278
57.3940851316963
53.6100406554417
50.5032575861613
53.5433652200763
51.4882425857175
60.9860925019571
49.5680999285225
48.1246712064029
47.2583548461636
46.8974983441888
58.7336331076005
53.0419971405967
55.3605959610807
51.6551770537043
47.2267415708391
47.6456855314097
49.2770278771912
46.2651808526558
44.0456789501162
48.0754386071985
52.3955544385982
47.2891478333897
57.2418320483788
49.5129733484585
53.1389279862683
53.0460885518109
49.0109652802413
53.4827435269234
47.3345491708939
52.5455701781276
46.3090672898077
49.2283855405745
46.3900691212427
47.5306945030064
48.7151699294672
49.330130506635
45.4667705903201
50.0778612736243
47.2282882455908
49.3690763052839
52.2752110482292
50.7397276658672
51.7323400173983
48.3326989970558
61.4178892609539
48.9489856682622
49.2608161628362
48.5492715467306
46.7749161357188
57.953580362461
49.5740831061937
52.7392355387894
49.800254573414
47.0703785328957
46.6938111155756
47.5419267207937
47.3970311801946
44.3094598283302
48.0782676696317
50.2797267530101
47.6543037505416
47.6679399094788
51.8508470715785
54.0811028104159
55.739938444121
50.288241926732
52.6827967762611
59.0370000776004
54.6213822988995
53.596850520323
44.9544019804235
47.5599988332209
47.9484403920707
56.8740198931055
49.2765303772045
51.5834048102538
54.1710076459482
52.2270546334141
45.055336350516
49.2125047278528
51.4081140114815
49.6437890913697
52.0649706725801
47.4361177122305
54.2000791708773
47.7230544936596
55.9477670491652
47.4420722097187
44.6904336419908
46.6162603598251
50.4986563755107
46.3496938887238
50.1947101083047
49.0177975480296
53.4932456301867
48.5931662124244
54.7489062417123
46.8365980066299
46.8801084860313
53.1705580772317
59.1410419201225
45.5871857746642
47.0942478866518
51.8926442759533
52.4800359833187
47.4581741049654
51.8804458041777
47.98265577289
45.2127360971032
47.3857068533501
57.4037980967516
54.4046598544559
50.2286752939887
47.9937178772983
52.9297672865667
51.8398812902552
47.8726832518221
45.8121206243151
48.5933113891965
54.5934399435086
47.8173444109626
49.9220446809786
59.5805257054581
45.524468493793
63.4104646987981
52.0014014886553
49.382756450602
47.9140253359966
57.8177255082081
49.0897188026776
47.6540094938154
51.6950403905705
47.2030822953157
49.5717881068301
49.4420737429354
51.3425757564834
45.4323056802784
51.3840289986042
53.6521868879352
56.6080034671649
48.3830746291422
53.2250149296461
45.0861122632574
44.3996012940383
55.5811528770513
49.297434003209
46.1917070689018
51.4284514517742
49.6108119849108
47.1385458422516
49.508874283021
52.1155314918632
48.2726012466011
49.9256971331245
48.9306142418742
47.3934336768837
49.9814518645372
55.1973437123795
50.3690450976819
60.0831658796699
57.7480999105885
51.3088930447896
46.8833614170031
51.384200542483
54.2024677747876
51.9960285275926
57.8706201203551
47.4708001515574
43.0068200949166
47.3212925652294
50.9248787871274
52.5101646041588
54.9521249684591
51.7438119968191
50.9343168965591
47.8654929903456
50.1993145137651
46.2837198501859
53.5060852070406
49.1682428439505
51.7411319082541
57.1187663468644
55.7363074863121
53.1688506617442
52.1787862307641
51.6432579286855
48.2700700164381
47.1754192432276
49.5025887230928
50.5126670477523
51.977489928353
52.9164723710155
47.4513276723558
56.8210371223178
50.2422612880366
46.3409193630977
51.9180026541435
48.7700531125426
49.9539976876925
53.3471407695955
50.7235722789039
50.7635062587466
53.4142237182212
44.849557734664
55.2511005720557
55.2599360863402
50.8160155874946
48.3921474355949
48.6472783467799
47.7971464108144
57.9794767219027
45.0236598510585
54.1576922166992
52.3072873067761
62.7331954438886
48.4894595180193
53.0922716897909
54.0128286308779
62.1899119270221
51.5863037177273
52.3242517951677
59.5461445431207
50.6882419065071
59.5544187273614
50.2678883052327
47.8183273375951
51.9324624171015
50.006251201394
54.2728718816038
47.3007540100709
48.6907049268395
49.6792808694884
44.3596123072228
56.3892835755561
52.7968649978654
46.8395591870782
45.018121943378
48.3164685221769
57.9317898447689
48.9314610267525
54.7697284793755
49.9255287654026
46.7246812723963
45.6404297431292
51.3464601443209
48.3101051393529
55.8930486363814
47.8694578519267
49.4599086150518
57.0315386297156
47.5830856042541
48.4154670616229
50.2981788860673
60.447779491824
54.5485580218079
45.4791049823195
49.1981277032256
49.1984421981292
51.722684221506
54.8534802710214
49.7515718174932
50.8829941849382
44.7311499218052
48.0903544690168
47.8136315112167
51.815759303979
53.3511151119332
47.3875665321618
52.5357617430402
51.8410913103826
54.2063693409449
47.6747721622827
50.8162400995485
47.4360778774088
47.8525850122895
57.1751697215604
49.3234203928532
46.948887808552
58.7543046637976
56.5135166126187
48.138761893721
49.2699274639035
47.6889748597987
52.8822374811039
45.0950357871871
50.0126094881695
48.4523098645508
46.4884420361411
51.152977122554
50.7763995051961
54.5223853826826
48.4438276305822
50.8403961275042
56.0475324090191
56.9391414476507
48.8258484850021
51.7963033639101
55.9645432868437
51.608410480171
43.9968931120904
47.3726783412805
49.0728034690423
47.1760002494455
51.0882166293495
50.7078245156074
48.5389440803436
49.063426233864
50.453836143919
49.4988668215553
48.9664926897212
53.8853224313095
49.5663112214348
53.9934187326809
45.636816000839
48.4921965009635
54.1854676153037
51.5293424365694
54.2855160176738
48.3894835683603
53.0497056520069
52.2725405251117
47.7867154575355
51.2722257396927
52.0061540755982
52.2956519317215
53.1419900264927
45.7308333056111
52.7836040254508
44.6160675255527
51.1755763024669
47.3517940296048
71.1537932595217
52.3564217570736
53.2150503697555
52.5675032660261
53.0093132024874
50.0665129102052
50.4164803007942
52.0908845975583
48.5124233656081
50.5998216754291
50.8333088038434
46.2469908454563
53.3865943330953
49.352168143021
44.8920216362178
49.4488407375357
48.3004711501133
51.7586342596724
49.1374223166277
54.5381975793417
49.2429945222788
47.9007368382273
58.7169970296509
53.1985957322502
54.5370363921519
54.0255992625702
45.5828576161378
47.5716174900948
51.6746951016286
57.6243966258351
49.4156735898294
53.8404325514485
48.9294991172597
45.5025663278059
45.7348807284507
58.4340507141445
47.0236780549467
48.6690966925969
45.8058501731652
49.7438087556418
43.0609232558015
52.3883191704612
58.0314375667207
46.5546199134599
57.8136359079473
53.7047623475611
47.9707407132954
43.6692257543587
51.8179027800784
59.5250488858608
48.6575868246274
51.9643359382141
51.3041838007005
48.0049716621506
49.2370246917544
50.8172816847455
46.8531520900573
49.6061580501401
53.3293647934681
44.5182171522656
45.1855020322038
49.109841882023
54.6073635306893
48.6432622641422
54.4461856053899
48.1910702756068
55.3181714359415
48.0348218854423
48.2299816594292
46.0050815427409
51.7136118458728
46.4297525565508
45.4958169830654
51.8320603278751
62.1153679142983
44.3673566544269
46.1297715234341
50.6267487816285
53.5313603102441
49.5923704783111
62.3317116764629
56.3182118187036
45.9392425026489
50.6906690359858
53.2803962403258
49.5072857253583
49.6677755858599
58.807867100539
53.9428260692675
49.6715210935248
48.4790639844307
49.4433981845305
50.7985447449997
50.768765665076
51.011952637697
53.9834508371238
44.7757632327516
47.2674775797803
43.0426172051326
45.2765294860941
54.3858386068996
58.0695296280709
51.2986400077701
48.3900467359212
48.1567187426506
49.3723657544885
55.2722126979676
52.6538177187869
53.0980462291419
47.9279188793163
54.8598963135639
54.2078029094724
49.6942531263136
48.8478331442571
59.0276292617623
48.6793792948935
47.312067512808
52.9968662969261
58.646779202033
48.620150805378
52.9438013741592
49.4713579060985
46.4448427308808
50.1785561821741
52.3355924981737
53.2385564726244
55.1656683345778
53.6921581266399
56.5668199204681
53.9010663354147
48.6622169994241
44.896362198738
45.9366323582076
53.7117378758704
48.997525725276
48.6678069162246
52.8710453575486
45.5317155683994
48.1536571817951
45.780366964929
49.4514878099095
51.8689735877836
46.3731614619888
48.0967581187721
50.0682807029591
46.5014894785417
47.4718587072287
56.7019275299474
47.6543314825615
50.5499944318401
44.0593269181897
48.8267867067112
46.8171930193106
49.632607908227
52.7009782406288
60.12785272009
53.728844320938
51.0534310449239
45.9259393880543
46.9830291039905
53.3220875643217
47.6629835973886
45.0513669656603
53.1846119527056
45.9580949619163
52.8266648727027
50.0763840233466
45.7505240030791
52.2240640093472
48.9813479297726
46.6151509765776
49.8929396834969
52.2418650653346
44.5906109138151
53.4775370528207
53.8174871621115
51.694614821487
51.8982812413454
44.3598824805507
50.9864212076854
51.4247415805347
50.9114204047196
46.9824104058414
57.1678691811978
55.9584781959461
47.2612799919904
46.4751645006506
60.4351909784697
52.0995443288825
48.3716782922975
50.3696456181993
47.9985695888302
50.5911871924754
52.0647586015374
49.8339115067659
47.9816231543831
51.2778242228051
53.0041205543817
47.7706521170307
55.6427765199179
45.5009511294211
56.2905938571902
44.1460479721202
50.0820691159045
55.0221566169404
52.7052481085089
54.9136758503434
50.2837473518789
49.7503200866447
53.8507344832854
55.3642407831664
45.8706885829839
48.5731200175877
46.8576919132784
53.2225192059704
54.0359258033145
50.4610988076703
48.7137307174625
53.6013907983654
51.5705591293689
49.6952231165235
59.9582569640618
56.687975641748
52.313020905847
51.1118602882324
52.5578713862002
51.4152411678737
54.7570752080686
51.4734404412865
51.8488869444498
55.975416119841
47.8254296172814
47.5276467988648
54.2364936200078
48.0771681602139
50.6169938074177
49.5366050007683
60.1497215163116
48.2845595370715
48.9914713695443
47.6070221982789
52.3944418934908
48.499988962881
46.1927548155233
51.8477690692914
49.442978157376
54.9279984445678
48.6620695513055
45.1582779331933
55.6202575924998
52.3876074894846
55.5260727963022
55.2865066028693
49.2748723602438
45.166602543449
54.9533749200763
51.2253241935977
56.1171371036508
53.4657435522162
59.6203019009601
53.1929370415517
45.1577676925325
57.7331180221568
51.0994301785143
47.6799332938783
47.6148691853592
47.5884534848103
47.1028183299422
49.6576801198115
46.6950543109639
45.2347037155844
48.4462711201136
47.6925747785192
44.5081660183943
53.2472917061893
55.0122651084726
50.3811284697014
62.7001094433014
50.9016950167786
49.1908536517857
52.3536994184437
54.1905301338006
52.0125984339507
50.4416951581042
56.6946309129576
52.1416806329372
53.8713836826203
60.9644941155468
49.4788574737624
45.1314917215027
52.2971853451972
56.8661475046971
51.8762170586275
57.3268877520949
55.2501580808533
50.8982596209979
45.9510974774891
51.3806002237339
59.6986446420318
55.1997862051328
54.7814909199544
60.2362169105936
52.4604712638642
52.2344129925564
49.7618134104504
46.2905083842557
58.1201082015122
47.0515231920821
53.7651555413692
44.4820248238288
53.6111765316071
45.8919815147641
46.6867051653812
53.6696008941945
48.1465825466935
55.4083093110642
51.3265076280997
52.4954611887475
56.4911588140419
46.0859103662761
50.2337200903158
49.2996854258492
56.2862414183622
54.997206756516
48.9504279195152
44.113661217451
51.0131375043734
50.1885851927463
53.4746441564108
46.3170457601984
46.0624416762177
51.1911904345109
55.4246352882285
49.7508183133713
56.6698576986013
49.4104103201906
54.6529980781814
45.3213715940923
57.1006468086627
53.8888079192695
46.7141266970461
48.4194604947909
49.2602310393291
46.7702087799133
50.6330737875985
44.8991004920441
53.7874878553165
46.6472018000604
47.2757443437432
53.4049024978556
45.6883353482341
56.4832554146339
52.2071553893231
48.5932654953996
52.1023171215919
49.2953971509625
46.7002762218537
45.3597675446813
45.371973028378
52.2996203041519
45.4537656666832
53.5827831780338
45.1962994554594
45.6311431788088
52.7616403683782
50.1420539739952
48.0097416700252
50.3567544239286
48.6817573887808
49.6877234233157
50.4311684038
48.9735066798447
51.6650884416034
55.2582063535947
50.8990314343443
49.7311609095909
50.3590235587093
44.8680742710951
54.3004274413974
45.9929606528545
48.7834667666263
46.3108176249443
45.4638576944485
56.1303987631566
53.0861303764944
50.8563969180072
66.3421566224221
46.9417606475504
50.0769861796048
52.6852285688232
59.3980725769911
48.6743622561705
53.2548318633893
49.7141373425955
50.3666620211534
49.3934720729287
56.8683154858194
50.444755198424
45.2176935796438
52.6580952547676
54.2866749040421
47.7534892910797
48.3531768779337
55.8366650985823
52.4175152762014
61.5703097144171
46.8064328196151
52.3806008418506
53.7425257250808
46.8271141024124
51.1156979939665
58.5512634881152
57.677073066836
48.1087328665099
51.9341737708052
56.9817402168239
49.6250643409559
53.8672573674797
48.8929333122289
46.3567452986698
62.8608481483069
46.9890910924296
47.859158789276
54.5466004669806
53.4352624332045
48.5395739786927
61.1987323741653
45.6813620262367
48.9122561649091
54.9804844987103
50.8160770710166
51.7341952780581
51.3347862234997
52.7968685079685
54.3057778441173
50.771189304702
44.9115220158965
55.3963589727642
53.8440664132048
48.555577771802
60.0796985629694
58.8069913615283
45.8664959028175
54.8486285695609
53.5682994419403
50.1953567043973
49.8029984103934
51.7255205790455
55.1816488478639
56.9871781660209
60.9249300526567
50.7853280285081
48.3601868443333
56.2778068751629
51.042263524202
55.9878569983724
53.7833171568771
49.3784106441192
53.0253545039753
48.3931332854055
52.2182695804367
43.8172518778952
55.0398295949495
45.7276764204701
52.4576539544594
52.4778177806731
47.4865840108706
45.657535191484
60.7714308212573
48.5456258897304
52.7370741196414
50.3201857267257
48.8419162578087
51.9597417663078
59.1103820102013
47.5489702156546
47.6567016554846
44.7685086729183
56.0993074208577
42.6304291674765
52.310301197136
55.4851630361035
50.1525786264784
49.3134424386746
53.9395044111339
55.3311102662686
51.5777293385424
47.1965104037759
51.8793221216235
47.0950214948775
48.6221275853328
52.5917505461435
46.9247611749669
49.3595931832167
50.1832947630085
68.4766210636451
48.3260860783472
49.4014339440544
48.9598456939752
55.6924206566723
43.3038954671913
45.9265088554445
53.6243986887017
48.9489242253059
49.0547673148466
56.3795352400947
47.1823845496233
46.0888017212043
47.9345550962349
69.6349617111565
51.8873580280877
48.5517250809867
51.4892865744329
50.9378943301979
46.8222680649285
51.3778815595283
48.1520379117419
56.4337995520774
54.6335944721682
47.0603706795291
47.0071216458783
45.8583803350215
55.8579100577889
48.9837554514223
46.87389341386
57.1869541027116
45.8268728347858
47.1117807809558
57.0161822821833
47.8406043846088
45.911190585796
49.5003618378682
52.3800870204856
52.8455544785523
52.7998002953242
53.7681363534181
54.7546185076806
53.9118665296644
51.8450556673648
52.8044449017343
46.3848001400293
53.0515020661084
46.4172733355294
42.760918926502
53.4655736264469
44.9294560132038
49.9905002414325
50.8349360449455
46.973485767452
48.967873939712
52.4652536779357
59.6804014375142
46.2081629659833
44.6586016311031
48.6726284288579
55.119303498901
48.0252553427814
55.8210610227786
51.0771046309134
52.598851079803
51.2029685971918
55.5241636319131
56.4026835238196
47.0380926421208
52.3036351686304
62.5510916093591
47.9168086596873
51.2324681815508
58.3837087523172
52.2816444986847
56.7359605813968
59.5224440548514
48.0317136443697
47.1227129196825
51.3263456603509
49.4607908194304
51.0420570099347
51.264073002937
50.0025744503622
52.1752027462445
57.582358914542
50.8583865381003
51.7489818101693
53.018913399509
52.1759877768196
47.5776176437548
50.8014740203879
47.2255818992239
53.2774884828722
49.236300792974
50.3663474543893
50.568721665683
54.3657004477697
49.927149519161
52.3688816611147
48.7381509530747
55.3018233990543
53.1577294767403
48.5184813882511
47.3541971630311
46.9928274183253
47.7242254538859
52.2812684524557
46.9143227228358
47.8730911729658
51.2457410712328
50.2089911877794
48.5685929430569
49.9475609968873
47.7455432855046
61.7946348704369
49.771428583558
52.6750771566636
46.8684262290482
52.0689254629707
57.6586983117446
52.5136851784555
54.2432113938385
46.4407507613589
50.495020819177
61.568483178183
53.9434925231756
47.9104996628641
53.3512059571311
56.8557487155674
47.1422208705031
54.82506663601
47.7556671140307
49.7759751096592
51.2838443396715
43.8798001953093
50.6631739807455
56.4523941817401
52.5987787081399
47.924405582737
57.5927588654569
50.1948140720299
47.9225360165242
57.0707307112115
49.6051213429092
51.9516742856144
47.0647200301716
52.3244281827407
52.9823391772845
49.5938911972548
55.1819366078607
49.545674709806
48.8739577864915
49.2101367350184
51.4724500847108
48.1275218761627
55.1763939448552
45.3272735927725
45.1320462544936
48.9037301189053
46.8186711217772
48.0888856837066
46.0557635928231
55.3377599359689
48.2374562709464
61.7159824547572
51.4865064037619
47.1456477963304
43.410509352572
51.0644954303531
47.4319406427254
62.3580309562734
48.1988558691248
52.3097708511586
46.6704214786007
48.5265228642971
55.5005595050729
49.8822049031447
59.0968556548713
50.9355870676272
51.790903932336
53.8339334812097
54.324099366468
48.0537499868171
58.8161008988311
54.1344225673972
47.9767518331206
55.5135297959064
47.8630981072035
54.4800581419326
45.8313596682167
50.8396967903106
50.8849358395501
45.1145528884444
58.6136032293128
46.320818613351
59.5193336791811
52.4220998730491
52.1538428246711
61.197024413757
56.9542691686547
46.2270528881691
54.3596585361416
50.6291045840987
50.4067805358285
54.7117183480384
55.2014734236719
48.8303226885538
53.6677265823718
50.1224095091643
50.6505346789283
49.4141011872747
57.8601800755596
46.7638620660644
56.6639951256439
48.0469159471511
44.1541361033094
48.4996425068348
44.8786215504132
51.0159528860457
46.602657957237
49.2457233175733
51.0063030914405
47.7965740154135
50.3917111366552
46.1949406650193
48.8339371682169
58.1741203738387
49.2943273177222
50.6799950151004
49.6431638929423
51.7015465978097
47.3720330070779
51.7789771206362
50.3731875872822
45.8883456976294
43.6939092176472
50.33327789492
51.6100873858009
45.9047980119537
60.3766642718412
50.3673658633501
58.7984488198701
48.1601367066004
50.9446799571665
58.6515672207199
47.8089561072965
49.3773757153768
48.528336423616
52.2369838205725
49.0467765617929
45.8505893079546
50.6744760443301
53.4143372654491
45.4603099765705
48.2548534219125
53.0458810166264
48.7411295952172
51.9019350442089
50.1354372548449
50.9914391246076
49.9542563811564
50.5033823305364
47.1616490632857
50.0262237985655
42.6892122901611
55.4973393690473
46.7553661285472
55.8274221865239
50.0664315441576
48.2832264792797
51.9211836853536
48.7247610850657
57.1333053061497
45.5704183344088
51.1958255494023
45.428604802001
51.7851415205563
47.8734106397195
62.2088822195914
50.9347176207203
51.6348821631833
55.8325731496946
46.4466921632501
53.283587795147
