0.577500890619929
0.610695159880199
0.675998633009105
0.333939066741905
0.284129207521455
1.49690536620954
0.681854370817886
0.399155634456072
0.7307636503297
1.05187221749321
0.561944135895141
0.74620023102698
0.959981629347512
0.513431579840509
0.564263108513621
1.08419383191915
0.336289877014081
0.782997062853354
0.562813007868365
0.722600316111294
1.14697601217978
0.465440894280016
0.797333430782114
0.653674833877955
0.388220540229284
0.283137921154075
0.407918762838839
0.818436552449803
0.278545974197617
1.00647919672369
0.441579310701404
0.787320400987892
0.534962324419551
0.500313252288882
1.0917264699607
1.06557911461744
1.69803510411466
0.708763909914377
0.4385313096171
0.682191809007156
0.94925304171773
0.610023544782073
1.22190223072895
0.753686706678498
0.565484512915654
0.749915419069359
0.787685409213712
0.989577306679526
0.546829937582061
0.568551159602358
0.560578235738862
1.03852248915583
0.399590807697175
0.745877092987379
0.559212424835872
0.401530185553457
0.789076052729181
0.838434843072122
1.33186429926065
0.346060865171467
0.467544743129435
0.573483790655715
0.483662879439744
0.803362985679659
0.603267858397947
0.626082189962834
0.706726532077236
1.16880294279078
0.679192287260224
1.03320562016219
0.4613428271463
0.645966094569664
0.49087964194195
0.53426397008574
0.354196886523921
0.270348580122459
0.670174221572992
0.477597541423058
0.368388487437675
0.423758603145228
0.595898324231354
0.245701841618742
0.641526777239664
0.372405248968478
0.607804599048638
0.645483910937306
0.552572160741702
0.442918152256482
0.495871247156687
0.813529340191719
0.297865213757277
0.544078186115154
0.80177993814935
0.633147145309334
0.482604877779461
0.781932055683764
0.532869398813569
0.532507936253749
0.47223947653182
0.520094534847483
0.701020193431717
1.19320997717647
0.563729843660772
0.932268282630836
0.832858363971664
0.663605695263319
0.907320140151254
0.450402554749603
0.682932596873896
0.627370997144155
0.378798508361255
0.562258761431062
0.555258296357967
1.31754019721848
0.452906520492532
0.817838690012615
0.632288392457265
0.606527202551129
1.56168022188754
1.2941168736456
0.627391132841909
0.985279564875163
0.509556079021504
0.592937724484548
0.703110975139155
0.829474343516169
0.602876701315608
1.0171489515162
0.845693076722461
0.552283764634431
0.831008364063297
1.02267482370383
0.494692291728899
0.669509730766349
1.36593829636941
0.447292784592953
0.67120008467464
0.294835118115976
0.309542456948319
0.384803804784215
0.292431991237722
0.427551352878886
0.929551110328699
0.446638031337298
0.776782723221036
0.653821040050823
0.645841737998242
0.454485400852087
0.486559634850775
0.797395614082985
0.300706814501828
0.483505081909429
0.576288714031645
0.663711257440572
0.737750288665419
0.58835747786553
0.541407181719622
0.474511007397797
0.847635978026673
0.610149118410904
0.191984837468052
0.902593407674132
0.467167061882638
0.630231643722779
1.02295632200908
0.558794435948085
1.68860607430782
0.727433980944706
0.365425426164283
0.657726777336977
1.04528501949349
0.760589103995536
0.800672336238267
0.757673051272708
0.528879313555188
0.453049892158688
0.45841858275208
0.475877183119038
0.686534671895017
0.6392656088524
0.692009719434475
0.617411494095677
0.617975866281477
1.12854661165017
0.465833790044441
0.706497165804671
0.524604154263378
0.674588176789613
1.49039560103607
0.594885683716452
0.637979680079893
0.735161387198968
2.47751933353877
0.637228569668563
0.401278135984882
0.577316936622291
0.61290175286035
0.886498145704831
0.632077199009931
1.18116621231922
1.19409821934685
0.62442555615703
0.535713928506536
0.813077259172266
1.02771929072626
0.764354709739393
0.731998410256348
0.388913400532746
0.705742908230761
0.37163033629666
0.557564230779939
0.428333305868757
0.716834142558404
1.89765325032568
1.20467875899328
1.51449215994288
0.759485747774415
0.703380434266787
0.809898713672327
0.477420353148651
1.03103302244513
1.02274017354124
1.08263311494679
1.40026002057772
2.2177155297345
1.18824962509279
0.862022265070811
1.61742872725247
0.723782627529866
0.662829564751456
0.844678408742027
0.827679750046894
0.629380444221579
0.823344611624946
1.02925080306403
0.82572953489347
2.0348969745413
0.62618299144068
0.316897970967278
0.726661730816264
0.443522260760832
0.949440369494517
0.744121626565935
0.560937218276711
0.65467590756994
0.803043430299112
0.810701451026106
0.651673197441246
0.471189716907995
0.579562000650071
0.493558035873962
0.540291249175288
1.38911200650751
1.38805172019366
0.359079086084882
0.401894857247731
0.93319926527717
0.892460466739881
0.892043143979057
0.956169356747764
1.16713404934323
0.480613719849397
0.740013196164297
0.628777783985017
0.372070955149592
0.710810060625309
0.547906339769488
0.905106648044607
0.385368786026041
0.275268180206381
0.847907444488368
0.446650656518141
0.500748797458656
0.585011123506265
0.715420723478771
0.590597654052386
0.478775666522774
0.227967475431917
0.354702415650298
0.605900319737823
0.603604385277033
0.450896554371459
1.03292292471822
0.592186061639731
0.210477971434873
0.572240045101373
0.479647133832901
1.20798452388326
1.97580415444104
0.934079363599108
1.17700551065984
0.82858068464056
0.460643825609775
0.584090833348689
0.623653067201129
1.10099383291972
0.569646072522601
0.897939196514732
0.577056652444855
0.512500521938185
1.05658724708172
0.41842900957489
0.3730496428954
0.587093431157069
0.902126914313739
1.88558789261346
0.699391943054922
0.531194858534264
0.419121141582061
0.329049135275497
0.512036503730064
0.788549272327553
0.423157041680729
0.761465730711987
0.620875555604682
0.658622994472004
1.22276859898877
0.940003450540379
0.814458518797412
1.76341800456875
0.567381806879568
0.602817425568983
0.659147135415934
0.4598336503913
0.400519402279914
0.366095266705235
0.719670723498663
0.650226151504262
0.860370594417354
0.556062210671657
1.05681434019869
1.82745421706431
0.550991290444235
0.604661112817911
0.90449750809056
0.790036161509572
0.333722018446506
0.236053683855033
1.44328084726205
0.82325869780178
0.652803851598064
0.424050628811608
0.449261213036326
0.6395760249072
0.495574609863748
0.715604117367539
0.285469622204323
0.887088038371097
0.87036236792032
0.653911220537256
0.636684349719515
0.895639375900637
0.254960872388394
1.47726531264651
0.566225610258106
0.738872562479701
0.40186021365296
0.536316221566389
0.45797718995792
0.843678813227401
1.1973889637245
0.638187787923322
0.507826678334205
0.799040476060912
1.5725370406984
0.867141415881962
1.19608797853441
1.33355147228805
1.24457096926147
0.605214193467427
0.475181545010499
1.34096609093411
0.736053486504116
1.18697373298399
0.696577270545659
0.540097056579704
0.836649076388297
0.595620832428873
0.983133840962207
0.758597164324849
0.389592651059034
0.651285009545527
0.409947085878931
0.720692630458482
0.534397415960379
0.59109127199278
0.520226638373432
1.2021330182617
1.3540552360546
0.296850065779898
0.381426905440445
0.581453685097228
0.971286097858987
1.4032283067718
1.38864846497922
0.93117187584754
1.69697992847893
0.291779433554946
0.564864392148889
0.271367308861554
0.589299424069733
0.64228661899055
0.521627429107381
0.672483916688414
0.532991754210626
0.838326932237425
0.285871750527722
0.49829037999526
0.427038725284865
0.811722699845373
0.48802828528046
1.1443293653031
1.79222139736602
0.655880932022706
0.802742699586586
0.952333262272436
0.521925549470685
0.501842297433422
2.76911603296657
1.23376552875686
0.395670121163835
0.535808514908857
1.27842024770237
3.07081952817529
1.79857686348469
2.04692365770056
0.481371085435219
0.803036102668852
0.478059479186713
0.347512205657903
0.706350276064932
0.674210405011512
0.915515252388686
0.639727433959209
1.11933378553015
0.607325668910352
0.584931020505589
0.291898474195529
0.890871518995118
0.717192055915524
0.405778911861559
0.539381968732349
1.29817549480815
0.893040225985198
0.442267815689324
0.404268610988578
0.83885970432544
0.595225573037786
0.473638520818469
0.375644512634559
1.73860324031559
2.2524722850089
2.05178488869262
0.813307881164179
0.428920621391029
0.409073705245465
0.360635238242628
0.567619141223022
0.927246741508441
0.494655909061602
0.437199014666153
1.08265710549955
0.396826500888793
0.551620262850014
0.571659821874955
1.51722633217711
0.804471260903995
0.515673064268483
0.438387375286948
0.465142638482724
0.685335113292293
0.578249921613468
0.27788848040641
0.555675761972346
0.737200663962513
0.416826602694972
0.458006283047369
1.00849813720468
0.515364807133212
0.732070031942242
1.16008761912312
0.347693580963907
1.02710776162656
0.794128486765758
0.73216555538808
0.54791920769684
1.07175581557002
0.461289040629926
0.803026693156175
0.589168212288461
0.639598671653673
1.15803265972619
1.50309681313064
2.01946368200877
2.83416353950827
1.99300727225811
1.16476072036992
0.721864560767314
0.550522180693754
0.498670802595156
0.425295793168856
0.631671229184107
0.486079557994925
0.34754813922395
0.627765296953155
0.718447116758639
1.12471362161041
1.17736336169079
0.530549362642526
0.793036093565764
0.816964080369344
0.894219249764704
0.676320178927042
0.611617339077726
0.404661181300796
0.610384761674574
0.750621460019185
0.55382101643994
0.536170411793773
0.617268749966469
0.618891199701528
0.910327310973196
0.438166956426622
0.459723730527156
1.05144188850273
0.930144382132967
1.1260745651104
1.25378214214287
0.508981812919878
0.705842488350068
0.437549656778923
0.559735645848951
0.935315089264224
1.36147147357017
0.451942991112143
0.65740615347391
0.98793035935679
0.673463298384689
0.554208762513436
0.427048051860856
0.702252771357572
0.834672495490067
0.519886352205817
1.6467928648496
0.762419904374046
0.54508924394232
0.507197294542128
0.825441504210838
0.462253633534235
1.97827998542676
2.35842346550792
0.549478752043139
0.634491622592403
0.555547638787588
0.591318414764953
0.43662328938514
0.902053765417994
0.504509899492348
0.9726287420061
0.608607342178824
1.37238299060174
0.792583141115282
0.494671225529923
0.774985052803488
0.647007236686445
0.91794471494053
0.434591513701659
0.62673524218258
0.663572542445211
0.677716699258633
0.589387949764364
0.527673551071493
0.576947350356672
0.375033267937404
0.90307141819798
0.901616258824797
0.768181976985975
0.503239799567828
0.776431642707134
0.684623135419969
0.653015273505618
0.984816912777921
1.65490568608184
0.433610408788997
0.320196979170564
0.289645211701869
0.488870630069594
0.687807740444676
0.697298707780351
0.878854744548599
0.785695884271807
0.398125529152525
0.793436635867554
0.509320351375168
1.58063984478728
1.34383395191095
0.317626891097292
0.794556775380331
0.732173617107332
0.645543502191988
0.825588148736259
0.55918484487384
0.635712472415199
0.662196407676875
1.21155125550813
0.63425660360891
0.733314978652863
0.987778396017676
0.759032314814121
0.807470013617638
1.12850399476506
0.965986380009463
0.853477528695792
0.45404822322951
1.29882041226919
0.243757401114674
0.486151726945418
0.635643501230031
0.75267103712838
0.811561528362511
0.581058955420032
0.351069949390985
0.725954344479698
0.451430332619897
0.693377731635245
0.873291246710085
1.16945918200122
0.44486637945689
0.546803170651635
2.02286652824184
0.665418264748904
0.449142128163722
1.17862603515248
1.09774145026215
0.57514618342643
1.14734707530528
0.971415739681827
0.668858875481455
0.615662146269722
0.561269665026023
0.678894563026942
0.635752381617534
0.843280377901649
0.410302501674098
1.1140012478684
0.644833487957227
0.859920595871065
0.973312328963616
1.08984863715128
1.04822182776363
0.727258117504444
0.369021430681977
0.781280355533985
0.80689561780699
1.04158690058766
0.871983798465585
0.542695326523066
0.532920087353634
0.783382863218064
0.661899314382549
0.607209455561459
0.555730866296772
1.03775508304032
1.13932626275317
0.677640263719391
0.515991177347046
0.976463830110611
0.390886649144019
0.931128125974959
0.478622484801243
0.45895764248834
0.556914530900811
0.944910186501965
0.692220558129568
0.54122016129291
1.11038780927596
0.564234281677772
0.302431037841738
0.588886500105776
0.628965140824376
0.782311035333882
0.800732130724203
0.527994277626291
0.618698351979584
0.486559690943102
0.886940912026338
1.57420021954255
0.481130424725898
2.36863059798398
0.920027512121424
1.11667785469139
0.842866262185996
0.904862381892387
1.02374183810602
0.972587366768746
0.461991845366256
1.21252853734204
0.383864408605606
0.302250374233377
0.592139978658328
0.60412314559284
0.399600069538926
0.539617226648421
0.585883834393032
1.03612082020462
0.420141772040569
0.622293485054808
0.686446573453983
0.578393245053877
0.706345645412192
0.536113500121428
0.936348431144485
0.740264030378064
1.22192082567041
0.8415122771992
0.693615409532804
1.53057883284461
0.681444884129076
0.718265771282985
0.617447932452586
0.546980604601176
0.487428664904474
0.52205443444828
1.01408780653438
1.03566646835017
0.524163992763391
0.511613162617603
1.2883543531475
0.531590941683819
0.862059368228253
0.680372612372126
0.687320361870295
0.506198817276141
0.416196172172172
0.411354900849754
0.865562700939254
0.77999727444415
0.510911384688957
0.439089130253237
0.539652238633771
1.09633751067389
1.28960520119916
1.43874702025854
0.622768897944332
0.786698901168687
0.548674910788899
0.464868059737847
0.473738501059024
0.721593308023307
1.10151994195336
0.338235857235468
1.33803178285048
0.95752797734966
1.9773644488773
0.902798903668484
0.583955569367242
0.926136447256142
0.722703242641479
0.806416643221365
0.603509480877085
0.346105374730025
0.917724413238136
0.687862976150185
0.666424729837312
1.08171088887179
0.627548388092752
0.60423659955928
0.609619174584297
0.377548540362516
0.696238003683492
0.665644496695718
0.50931475492376
0.817304243493017
0.397282266088753
0.877503398802077
0.744999657370263
0.714156257562448
0.349427988076741
0.839517334107516
1.16780718013007
0.861575355043981
0.342385701771904
0.739322845646689
0.514358838130033
0.505012949978401
1.53709557954915
0.815254079939908
0.898097515160506
0.21125970252849
0.530007082667814
0.476591235359809
1.1046029881778
0.886429402450143
0.500824007443168
0.337521139052421
0.360607067859152
1.46589169881035
0.810784812321369
0.813966016772176
0.789371719723785
0.486047313381117
0.728422147230131
1.15676790198824
0.876785026319194
0.453821276892442
0.71471276466298
0.396439630181367
0.338721431442916
1.7288204609642
0.865666271359489
0.874305487383561
2.03149493346345
1.59235752955454
1.31875390164335
0.696709832224259
0.66011596039977
1.15649975529861
0.945678159389084
0.67108601453756
0.659412785895564
0.746899304320435
0.632110749735053
0.475906889654322
0.406956469364742
0.597461402091936
0.685833160577454
0.779460448118612
0.455428365816843
0.693146334390302
0.286963109253421
0.598130030478016
0.401559569599992
0.52081256532341
1.66825206232013
0.847565355889301
0.604239227675382
0.850491374901297
0.653302107124979
0.415448528406729
0.429069227503108
0.647931383344154
0.50890515078611
0.600141582254019
1.33860978593697
0.620729068665811
0.609518526823876
1.08354425555737
0.406413137829699
0.397079056777219
0.64447101218319
0.319326159336509
1.15937261166701
0.489963492261108
0.283634367217842
0.474527315763346
0.868372026794194
1.0742574746381
0.848262874130578
1.46974946279675
1.89301133892325
0.785698011048881
0.426406584064929
0.92986340498184
0.55968409467705
0.69583726034793
0.525321290962037
1.19397196791652
0.750458487887643
1.22997490312873
1.11434805102438
0.574615742318445
0.472179864055135
0.566917349176142
0.555525321845635
0.446821084448529
0.549615892302642
0.808404307395921
0.666144809073147
1.85973163166441
0.969975578014786
0.869473788108453
0.448412018138085
0.6902029793999
2.17626566244842
0.570914983974777
0.701231990680482
0.932783775868433
0.499231734913281
0.770335894097612
0.431537549276505
0.737796858164805
0.754060327360183
0.655434502323014
0.815371776252046
0.712633323504407
0.675550657490224
0.247719197418282
0.785041283773295
0.532486945703014
0.484158869559337
0.68660157946217
0.934639105832065
1.42651824414433
1.5084940632871
0.48244267951417
1.44863274996472
0.478674682352493
0.824759344210947
1.11294970351428
0.476601758495316
1.00977580640796
0.467858858669748
0.955139848889021
0.706516883387364
1.28677384570183
1.10702138503613
0.501705774617152
0.471631496136898
0.633417070941198
1.29839968074452
0.534550459861344
0.693992590192852
0.385543323733931
0.843435152408811
0.935905086245625
1.1797562084023
0.471298558050088
0.610742744641792
0.93800560507091
0.610403205350786
1.02441598545492
1.28684159827379
1.57418290538471
1.10316845587283
1.79182794666961
0.481870975975627
0.39641270280591
0.834118968170452
2.87581992229836
2.50566114008365
0.724171878867114
0.844883186026738
0.498315612770195
0.358640693597548
1.33993982948982
0.729975599485283
0.557274455870711
0.638628626666028
0.537666263170323
0.891123488042382
0.56661709372621
0.985566671303739
0.701931172633375
0.89824351902253
0.486190277263933
1.04986254351991
0.814928654074616
0.532079785929823
0.733041849233263
0.436342352580269
0.489936548864011
0.39695873847946
0.771978704560101
0.859324738655376
1.12852571878263
0.617920864375847
0.625517549630224
0.670616275300002
0.618854317908031
0.969501461450833
1.13114305422346
1.34584541961546
0.50875785508561
0.70479632492389
0.681205013522308
0.779497501906242
0.862933480608404
0.61974732290628
0.49604367142398
0.299989625196715
0.862267892518576
0.354806353436647
0.465251623342578
1.23888857054967
1.14465794390492
0.361444433603533
0.725145546954881
1.81123754298501
0.68850750419972
1.37211947911648
0.863850673071475
1.22573240979441
0.761424392000583
0.686810329179936
0.333068494427698
0.46652230791027
1.31290514141949
1.02316626556316
0.548460876880483
0.665436887033564
1.6244874031935
1.29796251346655
0.551231796485943
0.445546147759958
0.651839958385617
0.458697544098343
1.07088030877049
0.480048593223485
0.597778308300973
1.07723101485176
0.615150053716462
0.681827951853569
0.60502283944246
0.623374963818579
1.18951354941258
0.932413799058724
0.632869258183105
0.486229121503632
0.608386036943723
0.874977691659437
0.497298649240079
0.317570081290938
0.40980241348453
2.00510175737493
0.600196998462572
0.90377641890841
0.276349643984244
1.80020525682567
0.911159486835875
0.432453570283534
0.382673559336917
0.678618037256354
0.6317830917645
0.897930989349165
0.549981490548015
0.425747703981715
0.285285053695506
0.343225042244444
0.530994046871205
0.34338678037108
0.793695648959153
0.674590972170105
0.603196992381378
0.423707971622717
0.5015624951791
0.642470045838089
0.664308367827796
0.464404170522536
0.597958501787313
0.971839738196533
0.846347699847305
1.15833384403572
0.439853201785663
0.513347921693829
0.479697667768667
0.610319095624393
1.13201701252674
0.679451166200071
0.66397698610559
2.05479667628919
0.702496811554287
0.533501967794972
0.407198523218142
0.460366550043621
0.482873340026285
0.480367402924711
1.0840572136103
0.979922875776718
0.733652356667845
0.738837978069208
0.445388018580951
0.313001645226465
0.420597760103252
0.610842813292701
0.248844582163665
0.415706147964852
0.881277664072052
0.564764971511063
0.685906883706612
0.573534172740169
0.261458494368992
0.748019777272657
0.588520157718969
0.536894436920198
0.645975359061393
0.70989470380789
0.385162833483308
0.355572595085022
0.541725434685629
0.585215223285718
0.992423158705117
0.570439209351729
1.60618725793084
0.879455694662878
0.744866884880404
0.855584796597057
0.86733238127481
0.494949784530839
0.712614770025905
0.815943242361378
0.63292855114414
0.732761541977156
0.839459891718514
0.538595205860036
0.38377435206497
0.658441586301979
0.863603459358357
1.0195957982626
0.658685783844992
0.713839420571671
0.992058565359818
0.421632930056508
0.78536092038684
0.458144042843889
0.734309837386412
0.820643346943034
0.192413704901502
0.450071222675662
0.636396048517967
0.810639410675319
1.36224541256516
1.52750197400862
0.843473188381453
0.646306761202326
0.360535554673255
0.92722107827278
0.601276718939261
0.740659176629275
0.673228241903232
0.553828059469686
0.522368928373592
1.16040001778063
0.400695850475457
0.841797128813974
0.792439325011261
0.471029665717525
2.47774183853095
0.470133476058468
0.380721558309953
0.614140299878868
0.553617962018019
0.819846379458584
0.958238118179642
0.910085036974714
0.593214275491378
0.681178450953544
0.575141170123353
0.796976664473936
0.57483382097615
0.656137009242467
0.668068189963213
1.43020270926791
0.807308634204332
0.81838938640928
0.569135407198677
0.558972790819333
1.429991633844
0.979521596546977
0.475402437146494
0.303926358763489
0.561215414176823
0.438268298996541
0.480150116506321
0.578271757646018
0.618331801948638
0.291746277122548
0.757235992494027
0.376027302452803
1.12090488721708
0.838741294006923
0.457373700981255
0.694470093202948
0.423205448162704
1.12145385710974
1.0613567478246
0.716027435309003
0.768704320186422
0.714635077646603
1.00350944948337
0.330298993539049
0.711824233089938
0.490396760344963
0.429065678892124
1.21848434207988
0.40947685754357
0.687482348320458
0.542898765586313
0.489621602304615
0.298789535640269
0.548383672816731
1.21470347130347
0.533799641359611
0.834857852080489
0.478255350901497
1.70847376921424
0.636612381950215
0.651782069584921
0.504312453564758
0.691219662588722
0.478549213591326
0.620568528936693
0.424427063498362
0.800156109429042
0.646120399345719
0.762358120274501
0.694235780650273
0.613516241628815
0.305488387673108
0.610959531202015
1.27781204486824
0.494807544937321
0.721398922621646
1.29065895741732
1.79438255366391
0.781526063039666
0.809167642371206
0.650242553599236
0.656905875106375
0.431633300746249
0.713877231393197
1.01784900645917
0.655819183082731
0.38885937077309
0.341190230397248
1.13780720582018
1.83870203880605
0.489260011133011
0.40262762497242
0.781783323569462
0.504092406424639
0.503751555388794
0.625151496139043
0.699949194164066
1.17690728138236
0.906394799670764
0.512387669864844
1.3381703796028
0.641280971287214
0.227786175616111
0.602858349387857
0.515444126242045
0.752182249430163
0.458714471880508
0.433148368139043
0.49977964176588
0.564599828880812
1.08289686233663
0.631286373575378
1.03950607086002
0.953001135018017
0.518166015913646
0.725761685634312
0.694094683151665
0.951096408863438
0.438499468149756
1.25677651525037
0.381854492710188
0.588566489673072
0.719173560805661
0.559968163093401
0.579568269297981
1.29940762867556
0.661358667153137
0.996379835872808
0.892674320941338
0.854951714601252
0.794030935571479
0.558178358799573
0.601924182972845
0.711198970290776
1.70488533805301
1.24821242252803
0.97663640946807
0.526426582538536
0.751146112618348
0.896609805728073
0.502245344554698
0.684242573140353
0.590860442479088
0.830792481255377
0.60363354339791
0.488482951430241
0.70966402768463
1.05956684560429
0.833357015612986
0.58685968343954
0.891420977405835
1.14184758144136
0.865390784478681
0.612702791220638
0.522001191800341
0.145586318440127
0.616041305990029
0.57351340822641
0.341230205517589
0.355446490091813
0.884032054950708
0.82677489552038
0.820869646850219
0.412055612747429
0.382842913387618
1.78062748795416
1.17511684663062
0.456899078569275
1.18263773740993
0.52523623926918
1.10790807971874
0.83150596537465
0.260799916134083
0.602299382174713
0.93983595858167
1.32749919468186
0.52110523122591
0.306633724245316
0.774405077711042
0.94927640909427
1.03614544636148
1.0349354531561
0.405156719692024
0.855703842412411
2.12977886745103
0.312115220953916
0.577338707391301
1.36701613117482
0.317413969510875
1.2944627048988
0.727658889289569
1.06747883516349
0.716457332713184
0.475650487583394
0.738134580859042
0.333876599804784
0.497901242503629
0.797966315085507
0.569038307430767
0.394266174594862
1.28429338137854
2.26133798934303
0.416317961312918
0.401715226388913
0.707447949889041
0.622915657298398
1.47213458837836
0.69545479419769
0.720769054076506
0.552777475497451
0.168182963220676
0.812772686452542
0.55758253700004
0.732973293794269
0.573582912683364
0.645739952597353
1.01247650937567
0.782695957882321
0.263835628063435
0.570026461670723
0.62039533610905
0.388559636769582
0.943256049755502
0.605246192697062
0.439281752100596
0.830600398224159
0.470621602330909
0.413103470305531
0.298538163178438
1.77527336442196
1.82947183005324
0.521692185728966
0.962420367193211
0.535558359129732
0.532468255829397
0.213470931430711
0.653870090884391
1.26905776489077
0.43753335136699
0.538100700538069
0.521666527176824
0.683877785328689
0.779425542141414
0.668562586743865
0.685682802757603
0.305936851355329
0.726875557669473
0.45113522693239
0.463967661711721
0.55587633054652
0.619754022694347
0.311496893492002
0.740172128051162
0.445601838863356
0.726064345485472
0.657406767932915
0.792023414596799
0.712612355715556
0.486541871276094
1.07972746716519
0.340349960009069
0.452428816892874
0.391945081667803
0.42262970456206
0.726041291879402
0.828668355289082
0.76224886903308
0.900493268181285
0.569829298048769
0.481542944939677
0.683325195232535
0.61061367871733
0.735941114683217
1.37464767925576
0.418606317865564
0.545034468691
0.576255229494856
0.611920986114713
0.412736141370639
0.852336258208325
0.524869993991387
0.401092586475707
1.4507301477916
0.879554373951845
1.35507047836657
0.841309942772362
0.574457920844542
0.972352262681871
0.896304010235275
0.387913914081311
0.95698339344444
0.449612413995046
0.881580288976261
0.618410401936991
0.438824670148446
0.476185264207457
0.507347818931795
0.390658334549084
0.542215327846661
0.738122805157173
0.882546334571585
0.42199366386935
0.498656431130293
0.531050495395995
0.416137435442429
0.441348632569359
1.09871930909173
0.773465073497047
0.775531317936286
0.203571541907492
0.819497484762409
1.90642456698802
1.17683869117236
1.05743807574322
1.8546542231403
0.474016187846947
1.26633724839756
1.03091933082043
0.54651246246907
1.5604861317615
0.571333944784562
1.22240871533121
0.644109035142053
0.799170210607082
1.20877925493357
0.565277361789333
0.557369325094399
0.972026169299086
0.353636497364057
0.538440249352962
0.962641847574346
0.619443302047893
1.0254433129109
1.42764819435745
0.740722653233042
0.694355283929732
0.475727361579995
0.603649687367704
0.690261666823331
0.52600118598394
0.697466373916122
2.6125574133939
1.5192513064604
0.956480059226945
0.453869208423655
2.38951101948133
1.02697409465206
0.532475093987322
1.17541504026903
0.883331920153456
1.05069505046324
0.759032868591652
0.70300664268746
1.00303863852413
0.704621379556228
0.342318264429051
0.214215712188032
0.475019462811257
0.366299559227591
0.56797358164313
0.68589946574949
0.807660466366422
0.961142213979959
0.350337534314297
0.711648104643975
0.607790063580987
0.623178305765659
0.364051600402786
0.683021468016863
0.756942682679156
0.47454643414429
0.510147312934
0.461393918817225
0.384219509163185
0.532724204041333
0.553614615795887
0.376499511528372
0.949393949942646
0.532207167488731
0.81127169013594
0.825063445920194
0.485845003738136
0.697692771778362
0.639723635337258
0.698374449973494
1.25932636475031
0.653846041429252
0.799852568791767
0.822912494164886
0.623780154985602
0.564633674116908
0.618005981500943
1.02661398501847
0.934018994968273
0.418144490051077
0.577235015760424
0.732514950128382
0.409312631168008
0.509948489176432
1.7319220164093
0.797922602941068
1.50027386861224
0.395780125746686
0.801220292544062
0.567572079378907
0.391058022417138
0.51316471703956
0.379821143141153
0.659553816982382
0.64678602706721
0.991312835086087
0.55321751559956
0.595229844592943
0.539023398359051
0.838112444185349
0.530825700112479
0.751817786042637
0.518243732693779
1.18689652038345
0.716812026779069
0.544692839481692
0.405677174327995
0.464199129473318
0.632580583195569
0.38764982787672
1.46658453903407
0.770647404152655
1.0507479068865
0.548486740928467
0.802694366147755
2.47501066558852
0.634051650480717
0.472429339195057
0.734542826084647
0.252333584069274
0.313779555051082
1.51272785804553
0.825713941268027
0.495290742606736
0.799241017800802
0.309721328027402
0.771232945418389
0.626077694503076
0.464886751723402
0.65587649865276
0.375110618566611
0.372546511963008
0.580631828595293
0.459309313228878
1.66041191069672
0.664529879617645
0.379076195655843
0.76758665540123
0.930427015080617
0.943090063253795
0.327719891519907
0.607220769147644
0.563864467210678
1.51209816984195
0.565226274874993
0.533288144011459
1.65755137500089
0.672166893228725
0.828523976533002
0.70347331978891
0.378491971150892
0.531677044240427
0.621144495900494
0.830322146510634
0.574417558358284
0.800026448627009
1.20592910645848
0.703490923846753
1.31274942386516
0.296008375407885
1.27916717334956
0.487923408460692
0.347828912769971
0.222691205694819
1.2297471327642
0.747750726488358
0.666336258718279
1.00127794405803
0.630458764740366
0.524459415851826
0.342511940831909
0.551829456069838
1.21481856107922
1.25455262025116
0.740025322069379
0.952074909739722
0.599500023555563
1.07523602696208
0.446782668014485
0.50123245088443
0.944160014251148
0.809752305702714
0.55942655254035
0.958430077097866
0.970909925295112
1.30309272649005
1.0458981769582
0.920024164000953
0.508246472546792
0.434768681712044
0.366014057412221
0.522375607442835
0.482793862048747
0.939199030747891
0.999216250566596
0.597466833686411
0.542342927498795
0.532159202603816
1.61555863980729
1.31942985372026
0.43129889098623
0.779131403203805
0.738444234611624
0.369624454188345
1.46057119106852
0.528196809252317
1.18482497082224
0.799718433887216
0.524407451960212
0.396011047697855
1.26214857851352
0.766138595112266
0.478027297677243
0.533079595331746
0.460097256720367
0.84799338702626
1.53710273627052
0.711212226917838
0.503087237820468
0.894468875732683
0.51742417706006
0.890239632447505
0.555712336951555
1.55866573934483
1.54541933229949
0.621837242964232
0.501701477536766
0.678843650288604
0.349983674875338
0.697374018724125
1.204457932981
0.33424970308198
0.522557136239507
0.742837806569073
0.907169201778485
0.62753371712502
0.794195908146729
0.528918659967858
0.454516883851266
0.735407191007434
0.59550539920016
1.01842231415937
0.558449670632663
0.636506791765177
0.301912157063773
0.629942514180732
0.951679526284651
0.70765190497908
1.14870235458321
0.883537877393011
0.542293204140866
0.646264945614517
1.05666434684219
0.85718600477703
1.22255472819656
0.417492772184551
0.989237307455488
0.813315814207908
0.306744686457054
0.719187789561798
1.18340058950272
0.296568382757475
0.717260474521894
0.459229023217732
0.349156773550477
1.01660811205955
0.750503267084715
0.709556320895465
0.423403796730993
0.35007671180112
0.476247826751971
1.37047583310624
0.456335514259746
0.564977472914718
0.550854118132251
0.698142597777128
0.474941106636001
1.03915715036228
1.08943283336034
0.51756808602726
2.19777272513583
0.826235694601892
1.03945552259845
0.506289233954195
0.424355618891301
0.946090696143119
0.569963135521563
1.95578715268105
1.29991087374671
0.608815038708166
1.00111720841044
1.94253456929823
0.463021963211693
0.39112510998622
0.79939759512551
0.590786292915244
1.05062276403865
0.664135905117204
0.885040463886854
0.960916189591342
1.35580579188935
1.41833769135469
1.7798674968052
3.07149822573549
0.907730827114569
0.44767775739262
0.51125940101222
0.666718587771619
0.718917467491508
0.850671131900917
0.806318268069434
0.868515906260557
1.37643562837743
1.09158569831262
0.608479780761309
0.372589900451373
1.64079559356156
1.24019418946981
0.578467777865787
1.15468663350739
0.639844973214919
0.496398252923992
0.448629692602553
0.42595990124089
0.59848163444578
0.887799012207888
0.40741309930102
0.275113418686733
0.753799745690708
1.74043576993805
0.779296821423704
1.49868221620097
0.425192193910012
0.900630715918466
0.860757327233395
2.12490971604689
0.746962669675129
1.23858916658778
1.19057646479844
0.619085774140285
0.353718621651208
0.869768621268334
0.531184167271904
0.495356598152465
2.14092311137593
0.888744200199912
0.555903539085103
1.50429811936083
1.21802283644791
0.888755713835502
0.41360102870357
0.832629170799463
0.223629864115456
0.284514627563523
0.709082919777636
0.665898618108
0.944123750124504
1.02641639866983
0.730891671929676
0.515091608715422
1.67664303656293
0.808160993155535
0.943325005386954
1.03482911116984
0.568589345705029
0.415686485225753
1.08602994596028
0.657603385165808
0.640478287975515
0.55032200426317
0.747250170363236
0.573373457420536
0.942466138046609
1.24234566970841
0.504701799620191
0.58408885146442
0.313299232025619
0.588768491975659
0.557343227061334
0.749347642942918
0.99656633286035
0.817962028324908
0.937213659752792
0.482212408428837
0.627748546334965
1.43600958184694
0.335321534962235
0.842066345586715
1.15607475379543
0.613061346058874
0.805688813703118
1.15075309425
0.291455647523896
0.78236057684858
1.03017347592573
1.17943104158336
0.638894662216957
0.430924133284168
1.38442340768514
1.34058111625323
1.19282203878985
0.816525977676766
0.488769126390686
0.88389975425249
0.619185767693562
0.462440481160257
0.274521545631937
1.2854118207727
0.608994725914886
0.512621884684657
0.658159734524239
0.801901668077122
1.18660265279011
0.490951381780446
0.863740948390685
1.27771157668928
1.51194306372897
1.33281663623839
1.99405184776535
1.03835458244112
0.903287587169758
0.353041992237435
0.433596307271075
0.859471630017985
0.988039788601792
0.609780698450799
1.62625411924172
0.660725273433269
0.941728512043951
0.759658623279626
1.19863501243013
0.514741019379768
1.81179985386869
0.975054099497618
0.556051962521822
0.721620325225668
0.566782094339003
0.330311485636938
0.569199620565959
0.887089421641166
0.92623834268477
0.655864015669767
0.482932730967129
0.860477877469426
0.586433895454292
0.371365551695767
0.817265637117098
0.407603237165196
1.53734523052221
0.749694862840902
0.686720324174948
1.12330096638246
0.812285423259967
0.500781241383829
0.334423632205553
0.999186568139329
0.806944294534733
0.885874356193111
0.608847391501525
0.63056248791599
0.562718156252432
1.16022316089517
0.443940268101131
0.740546425879098
0.611866529017347
0.871137565374078
1.18487460061363
1.04441916180536
1.28749589882727
0.375507659771041
0.64267316447671
0.738203483583705
0.942660169502579
0.608405271111827
0.876057851374169
0.748575440524267
0.736624996125128
0.692330478896646
0.927579691139334
1.54421301111003
0.746639135844768
0.397212702771315
1.1506493590828
0.680890351339253
1.96511445494862
0.854538473454473
0.820551266793464
0.334877638289649
1.847642360924
0.605478720067516
0.525283982117392
0.511786474954146
1.18808166434812
0.520346569981767
1.1569073980541
0.290181462152136
1.31875531301539
0.424172681344989
1.30123295590393
0.754852610587215
0.600652716550344
0.769500235784486
0.92204743653429
0.501723296341186
0.44636642251608
0.678368897945344
0.385805913838158
0.613315899380614
0.355469872715754
0.594391135795233
0.409066887208882
0.733925727796445
0.773280033965015
0.160427386417574
0.689458072479107
0.524462979591244
0.851779419600538
0.839256685046022
0.653858836885191
1.84092955800244
0.605398950867751
0.723247233563195
0.73663021038728
1.13021201298267
1.59492874196028
0.590881675795635
0.592175234147741
0.801108057269546
0.813007199097808
0.854750531046257
0.416361324082033
0.907241077369782
0.735923328704888
1.06835123950639
1.36978722604996
0.735102543123044
0.296579330252343
0.81376307311433
0.417317354273866
1.06234817248907
0.249183176210379
0.538129657952346
0.969608034435608
0.405290768588912
1.2640878433528
0.601011359271472
0.536176867852794
0.477010950644805
0.78895200951527
0.968899744898177
2.18680757843217
0.60991173658743
0.81698993085687
0.359319862542346
1.32310814354526
0.935943580993175
0.775014703683622
0.813720899276849
0.35807603802725
0.34265224887633
0.602111367929366
0.787065573291182
0.656544825790251
0.429187211085365
2.19501851839517
1.0386695738398
0.929477763471392
0.569993083408795
0.327561179796329
1.41123116423738
0.199921250719562
0.885983361182587
0.38985179374809
1.00131679575226
0.339335494679524
0.849134822987042
0.884148683809911
1.10366984201703
0.946087670405623
1.23945793299663
0.328231836417022
1.06825481169669
1.28459104266555
0.771330297054052
0.79259960481517
0.570637985500073
0.80820444672732
0.557642596393239
0.77370988103377
0.599260458424822
0.593639660555207
0.456702080579642
0.528176808269859
1.42525164769175
0.636212365067386
0.631567070509002
0.985519437343369
0.61846287805053
0.409273145078036
0.425219384350854
0.633287394410194
0.569263139162471
0.884152642048837
0.782273632944365
0.657948532215099
0.700275636903272
0.630858661579294
1.64517251549429
0.53029928485654
0.709324987792068
0.723881919244084
0.484290692079942
0.824089300903717
0.504846699684924
0.946333714714577
1.16791224853967
0.737209142694922
0.357865167047882
0.790536840170832
1.07614165949003
0.533364755765172
0.863387166846939
0.400195834681151
0.570153020593336
0.931306666371633
0.430121820005624
0.722157594144268
0.623835653723333
0.795080665103503
0.420093261815754
0.951769965017826
0.709938316216595
0.42250563167491
0.686182415467488
0.612195435170509
1.22635282171402
0.795336546464298
0.607648601239126
0.908362515287465
1.22906067427881
0.899470896039856
0.81635287005385
0.475035431406305
0.707984324517114
0.884621223007742
0.714824472115803
0.636697285830032
1.033381308657
0.625210041115826
0.582810608310668
0.843469661862405
0.563467187444837
0.630980928343045
0.388127972062616
0.504285848115522
0.760542914390227
0.402274909005148
0.8285767887009
0.719247712984752
0.674118545677413
0.833702613598486
0.625242464269022
0.897241650857133
0.516417767153781
0.624537633964661
0.348002492126961
0.7442147034058
0.963522798913186
0.742616645491411
0.439933982096153
0.434908993638759
0.306970452673523
0.686104528059453
0.55359650753409
1.01870270369292
0.815692703821495
0.424001263082951
0.59061681038662
0.784188271768735
0.320674752085031
0.861705080962933
0.275851232324506
0.33962342381069
0.406820687930184
0.450481152011036
1.43057690285436
0.545425206361388
1.3396151501475
0.795329638413903
0.480310869368262
0.574058604781997
0.70081627221573
0.678629229629342
1.75635043286549
1.24251779012742
0.713591809393895
0.526898292070947
0.407952031862953
0.634864821068025
0.414777537413984
1.48834936885562
1.00677825747744
0.818653628925233
0.311323469740721
0.461046313708677
1.24494429760542
0.737136357191461
0.536636076665523
0.998751709946637
1.04126485551683
0.583497536818233
0.377367657297789
0.787688710339583
0.885789562245961
0.710416892247863
0.403061934902579
0.420417036349439
0.443005762334007
0.625902542636857
1.22032420659292
0.445695157360862
1.38506230367759
1.18600332601897
1.20153839966984
0.602721036841818
0.51985949222959
0.918651540162405
0.57200049464485
0.655815158452645
1.02334155970503
1.0154508983824
0.851351011391208
0.408712206110951
0.446463617266237
0.874646404560909
0.844983146614785
0.440937935248078
0.427152864521033
0.770001945534657
1.22402784310985
1.01117219222438
1.02760311507626
0.599739220659331
0.340379852285466
1.33992621672374
0.395356543905733
0.673212815927965
0.488003371460342
0.412312521824064
0.672079582080077
1.12555000493591
0.970122132152654
0.993748510009254
0.289647073269234
0.561029871908353
0.684176758943221
0.728258454832087
0.944131298085244
0.380518927343904
0.570485714121794
1.58712701610485
0.716025267064633
1.0351200497594
1.0315074064447
0.788762386764834
1.18250728399536
1.41114346619972
2.54104127231213
1.17610872565486
0.513457096558958
0.785886334458772
1.01174559717724
0.669592668544616
0.67345111461164
0.737246201626736
0.853499128425976
0.760965774223818
0.450231835967553
0.812635571291997
0.493299908003395
1.33626945507502
0.249338845063741
0.464751031575199
0.515549545242322
0.221010575082227
0.560703038930398
0.504424731106706
0.773580678865855
0.321307811176125
0.734040737346203
0.970876015386598
0.681902681604496
0.32991263469979
0.769981673642969
0.537339628186994
0.665194812538776
0.756399359072087
0.56628353127858
0.365543226851702
0.541163790411541
0.683273001326671
0.750670602952095
0.931509651635721
0.695356394721394
0.861445482634756
0.790047662884667
1.01335914195232
0.617023145362875
0.736684089346972
0.918246798264607
0.983504392184095
0.628429643763667
0.602087340099414
0.276513800982045
0.603905298122263
0.75696577544722
1.15489534659023
0.779894014549621
0.890896187518162
0.559895701117817
0.534488519387137
0.814165932654349
0.332438872910641
0.6432063817762
0.327826535721785
0.982615176938578
0.641562748820771
1.59147698034785
0.847820545535262
0.794815003743525
0.70037370144682
0.389920004363554
0.318831285234402
0.364073691635001
0.231817617592972
0.731202077611775
0.919564343716682
0.526657819426067
0.700274696997395
1.45038008661288
0.40798189473135
0.529535269587244
0.566096846730882
0.62715365006423
0.643482512044238
0.785147884769182
0.733308373573237
1.15610914751808
0.717303101427279
0.68294916644779
0.579073951629134
0.767286571033427
0.601740366837066
1.08103026004064
1.56072143896553
0.492726134410898
1.22360028706368
0.424644120749045
0.396905725880872
0.688725554017299
0.707256968144015
0.935631663822225
0.462980309395926
0.50279481232188
0.305403716940779
1.13391304856749
0.667179756354114
0.603758788664813
1.28342822367101
0.856371289764965
0.426031955896833
0.776845486215363
0.943531664195753
0.870668793555918
1.23177147130834
0.9854574774064
0.553063680565471
0.808855632153181
0.629352338006111
0.766110590770592
0.775715435974148
0.759465809034849
1.48924458817908
0.730327289840384
0.991105401578923
0.617419244758421
0.451423773145818
0.269785640454855
0.919934655655205
0.685977931543551
0.46982951752771
0.473128844195201
0.878372669825771
1.10523736471949
0.589788828869895
1.80425640869657
1.0395895073464
0.487382637759585
0.54834509929178
0.980980273234873
0.511910113010432
0.904854175457457
0.399658296121095
0.754932910841601
0.487255178769979
1.28895107394018
0.542351085725054
1.15293530818441
0.550230457592055
0.441713952300598
0.366072490282682
0.737036331550443
0.770299254308862
0.701244247330621
1.32422878276786
0.891073978153739
1.48064335982707
0.724491145226597
0.861811990316767
0.833500829498297
0.615673165551062
0.39094391454453
0.687340466819268
0.67245029109349
0.557257838069461
0.610539300911445
0.639511715753133
1.04368157544451
1.11847477409343
0.844855934057987
0.668578428031684
0.583572339787086
0.600312868718663
0.746661276436146
0.297286185250805
0.747321584199642
0.712597258264814
0.668751421769599
0.838680063418325
0.558592007997195
0.931086363376326
1.14653855133611
0.58040599291641
0.530852754647288
0.85440637829067
0.279817382383701
0.601971458849863
1.57932432532077
1.34651206569766
1.04071239083435
1.27596908477803
0.4992743368346
0.462369570469619
1.31327429241171
1.05797196019702
0.515096428053973
0.591616810308299
0.760098602286873
0.846999558537209
0.532708648084378
0.577581061734535
0.991556004429974
0.557465544529781
1.20555199146875
0.411960485680399
0.915797238179867
0.494028555886066
0.637336764563114
0.663442395148877
0.983876357921738
0.514286093726597
0.468743641026391
1.20207850778559
0.320953804713226
0.669726001309498
0.259577775348316
1.26804681800585
0.64868291698684
1.09953690448418
0.494314598105267
0.572234029309156
0.634878752093162
0.65863817743325
0.452966962709908
0.54006033742435
0.693789188612847
0.84829693775959
0.414372157773541
1.01613171351973
0.523155349949815
0.481266353559934
0.845148860521349
0.496115821935789
0.837286790093983
0.974426724776894
0.518695851473029
0.404767825361688
0.838226097493814
0.587961246703685
0.798301820686773
0.800957919064837
0.29971300423246
0.527882325189068
0.843860423266049
0.944562328518676
0.42780215296695
0.613111939972446
0.838773544593357
1.13740507304311
1.27103187252386
0.969390724507251
1.18480625651454
0.719278651568935
0.373911296988265
0.539262305598824
0.798684675734155
0.690544800944024
1.0602340011786
0.619872060938686
1.28313924085099
0.559316908264884
0.653544076117288
0.986688083756855
0.966389889774624
0.91217422411531
0.764881942675344
0.873978442353642
0.886065027995097
1.27027084526469
0.735216703573206
0.891588960998306
0.547334091061548
0.415571875532885
0.416304750129049
0.713006316659496
0.603192336691067
1.04876078279236
0.318812020873594
0.647791743847111
0.629199797277479
1.11234494628569
0.416971530034741
0.542960349341605
0.378859930459774
0.470931483702986
0.69243925399544
0.755966300959639
0.499293444245048
0.260572366194232
0.690902453800601
0.576132830069349
1.44906338964049
0.763097378345937
0.569050379578907
1.12611817253627
0.74383148560206
0.474646648302662
0.458227185727621
0.661595438334168
0.697542190810466
1.59349472328577
0.421959512329979
0.490717234527547
0.950772093481806
0.627743652285624
0.88112961550003
0.396139932133437
0.549549201508437
0.511636653899789
0.789489894163453
0.587250931717285
0.597669892581381
0.658795096378692
0.870032792979751
1.12636045868625
1.03345211815434
0.557623562734015
0.819799928968914
0.967456984907437
1.17851666751218
0.577335788011356
0.804216059694209
0.417467506106758
1.48320474721055
0.917936429610403
0.353134055820856
0.579969585080862
1.27853367777606
0.676066158401609
0.584651192487234
0.612636424216634
0.662123051688418
0.515189084358581
0.448480834085031
0.548607840974162
0.950841650801421
0.490542013721813
0.577843535224143
0.854024714848599
0.619406134185736
0.628230102004287
0.612217628887813
0.789234600104134
0.498537879352029
0.520722232377091
0.590562677517428
0.503080794936525
1.474088269555
0.852827745281747
0.425716346715059
0.55782339442835
1.29054141072187
0.408991649355132
0.658307127033708
0.535634564582827
2.08341460787745
0.450466347851991
0.548628807224387
0.437668352736975
0.879183367022132
1.19834368300829
0.338312635842026
0.462518409433449
1.29942487941775
0.706290710440176
0.445874082736399
0.61819074730444
0.652427416511195
0.633587602119513
0.786098789351814
0.999483855311952
0.807131826959751
0.986835819780755
0.896353389271679
1.46785344640711
1.43435972154837
0.384071065543474
1.00490313560222
0.352918422276368
1.58185690008899
0.379356521156577
0.558245446120726
0.790810912799195
0.946097417504926
0.669609258788965
1.33465331241812
0.621422511334982
1.42394569833427
1.03690547808993
0.284580536990101
0.356888757306111
0.341285207351577
0.699175433579323
0.961663102852939
0.520833426448999
1.35121822497052
1.16695894290845
0.766821840846123
0.447031589195465
1.31134493862245
0.876850952194893
0.748295718406195
1.30702755933398
0.549257367709912
0.745991231036244
0.557399994501938
0.593286225434524
0.595516207690605
1.03837333076746
0.804759817283327
1.3656381332598
2.32543625620629
1.8731808939278
0.897581461520571
0.643258422905667
0.55897193527838
0.250846098004181
1.20196936146588
1.31827147653444
0.475455927785038
0.764359412366902
0.370568659406759
1.37786595594954
0.751107051543488
0.684187982040733
1.56088265205615
0.650790968268009
0.569725326186711
0.543714813984335
0.785089844414451
1.78650084591861
0.47926598942871
0.604214190370904
0.469427797796408
0.44774014585931
0.448106838967179
0.705499719841564
0.821825014697566
0.58709948372339
1.0886017892061
1.13905641665966
0.534602581639891
0.733090714307802
0.434842002481242
0.383645781214831
0.397497093941125
1.28426421205424
0.404103552595759
0.306767259601787
0.267732084455824
0.664524058363575
0.40671235914018
0.225516705953659
1.42793350220811
0.596846330370363
0.628889261010426
0.477194599116165
0.641684701777512
0.44812709899014
0.826429195030675
0.682199052433472
0.407143301936223
0.39826456064999
0.555249190246855
0.554654402711832
1.24447141627923
0.725992213836602
0.489218780772819
0.464864184312808
0.849092059641647
0.730729932848138
0.406229620572766
0.321425128987856
0.47114631809537
1.50801323053694
0.301648002372385
0.623246230676789
0.632338417870371
0.669540193930089
0.845983503971711
2.08215827199758
0.74676219472992
0.772108946892398
0.573110172894269
0.359337659484783
0.328416750070599
1.40686939137474
0.666734275755577
0.57262090303523
0.34209455767032
0.328661320856376
0.992904292756453
0.388693253277264
0.47740638854238
0.895661410792723
0.281227610762055
0.413315306817325
0.220195255919886
0.600955735933961
0.95652258689443
0.460711040304493
0.681962516854383
0.943114700850429
0.774620705495397
0.514995374993356
0.695763692517129
0.632126985788291
0.556102834920541
0.860985716924371
0.781652226809533
0.582458607405946
0.486578902753849
0.484424083091603
0.747158934629213
0.861409844311173
0.456812112718284
0.411341604233914
1.54724696175483
0.467532441894792
0.778909338201156
0.660657499616429
0.830815625238913
0.952058071821861
0.793093457275187
0.606695936350319
0.634717622723219
0.64552340530638
0.861463956094399
1.17611731747973
0.510927870655138
0.586553330390607
1.15875576439718
0.685733323947921
1.63889190148381
0.571410765525614
0.566573027304239
0.664851106848837
0.622516427500438
0.949703218615491
0.770944801788494
2.45092983069256
0.733481786195022
0.58848987215468
0.492281356605816
0.90123556552102
0.717400911906375
0.380185528579741
0.734870223698988
0.363356067590051
0.629155149147104
0.687933498306391
0.688800867130276
0.757235046178984
0.532418864221046
0.549681236873147
0.607434889399364
1.15311045183024
1.80394204404676
0.529960011359864
0.569665366131327
0.87782302234331
0.368918197246651
0.907803036754527
0.609883767773096
0.925615586399832
0.325581453808389
0.629192839823894
1.01142945235262
0.42911194817205
0.609108511202786
0.513113233631577
0.334588032591305
0.783602966562957
1.00326825800915
1.13558516349399
0.795624734406295
0.96999267888011
0.877385635031118
0.627492421990695
0.559985269415032
0.742708619827884
0.375306140035316
0.257831376470526
0.56185988811616
0.731325683381981
0.711876192253725
0.774624614142339
0.810481201290571
0.918463549819661
0.845819592723212
0.472718310917297
0.434621011528047
1.101926456096
0.351550867740034
0.491220059377732
0.682790353291831
1.04152895661833
1.09010809072422
0.430723921947249
0.353998288945603
0.991985553127009
0.899665825787234
0.335199101777527
0.605474734436539
0.773406772628711
0.526219162157791
0.807835061945393
0.421432813903856
0.990808961675027
0.761412927109248
0.696009979648291
0.225995158388445
0.43823988197856
0.538179029107685
0.758583656943516
0.517808206150859
1.2249596480358
1.13524727623809
0.70457900424017
0.476309388940427
0.675103174217931
0.693691919558403
0.809585863396168
0.58747260001176
0.383734772127655
1.38974763092976
0.303639005358569
0.419588192659967
0.493771068694616
0.36265784133312
0.355163515298626
0.96346652201914
0.393145215034178
1.61880557396194
0.767493863316965
0.592538919335738
1.14792577859678
0.616049372681886
1.01269341780325
1.61586514404655
1.45826665238551
1.12429429399843
0.843868679095311
0.906737280536185
0.445212233381788
0.310357072567551
0.662002187012626
0.264697053817379
0.266854160117151
1.19632363221982
0.962297022143281
0.654773262398981
0.525877008450127
0.6188281637233
0.314806956657185
0.573142155818793
0.501886586107584
1.35942417332723
1.59385278930781
1.38682751655048
0.379241799880205
0.706526821189804
1.02055553979776
0.846774616849202
0.884626890090834
0.344075666684003
0.630122103049039
0.497373457764137
0.517788235203415
1.09466728055414
0.845143972984878
0.446102709096157
0.498264803099964
0.594717291183378
0.696102399127806
0.476381264129
1.21428416394881
0.516523331515187
0.632491236573215
0.736943777214859
1.00671586431907
0.5715562276206
0.366613322723479
1.39227912761706
2.73839074684081
2.06857381453191
0.826767669097462
0.820403812606697
0.453770150159335
0.40897389224476
0.687538781085581
0.413736074750766
0.489123887777812
0.457155313614877
1.54100244119524
0.761567474013624
0.976135041883381
0.767387042271567
0.825707263701417
0.679887457496309
0.649075533905205
0.736793567918925
0.693960224241531
0.723964703252804
0.639657968304748
0.504704194645846
0.363722728911939
0.719089880341951
1.39221693580275
0.99035623467527
0.492881178952925
1.2773176443929
0.680642680248738
0.703166794367947
0.3815543120504
0.580064809127906
0.515612989165547
0.924218450018893
0.533778082581978
0.666003754212009
0.431921087529494
0.765712732989398
0.719250972925226
0.881893670194691
0.633979405122383
1.00122327439257
0.963453853188271
1.0192880089174
1.05663946709417
1.23283011275155
0.418659105968175
0.522886075827128
0.441779172153857
1.15699318322356
1.16326437318578
0.717185188936125
0.998571782301391
1.17009737368312
0.663757934149861
1.44371465315864
0.495338640964065
0.261169014863742
1.19860514215187
0.46146642661851
0.43332874596005
0.396881698550475
1.01025580749937
0.482742292395024
1.01495051612505
0.501088081033263
0.506986520348475
0.545985757469462
1.00239055031089
0.937344170874146
0.745907290148563
0.736539998715104
0.717915486780236
1.09652512226233
0.786757453398007
0.560108520690518
0.637873814204214
0.384514112731442
0.513161689483892
0.608424822884676
0.648360803320021
0.559333776739458
0.776682593347978
0.427015601886727
0.676369169313684
0.579811593264151
0.694018435410886
0.399173609620814
0.896698416365046
1.23710251612367
0.771976587061427
0.429475909602818
1.51739173422795
0.74815093298918
0.373160993547477
0.79522693237284
0.600818184178183
0.659234774782055
0.529029082582774
0.456864978500648
0.661478942571387
0.66513818681757
0.869065689047496
0.522035177674527
0.941381476079643
