0.354590791699353
0.709793803375144
0.575175978755913
0.384280462000388
1.28023351803057
1.9451210082846
0.81995792851931
0.278802525695014
0.305265257045318
0.969052115608307
0.486858502690566
0.409192959554087
0.834625939470987
0.471978523398651
0.621582979416839
0.641909263841417
0.869332359876852
0.638997285472226
0.517781441038236
0.609589135447946
1.29817086971883
0.928445375561466
0.748294287088445
0.960981467528123
0.347698050767155
1.13126219752763
0.548550542173332
0.514708376336908
0.738404363476275
1.20811527795561
0.520219616433378
0.887110323629153
0.550973502666658
0.522333871939967
0.856579600308971
0.662696542514207
0.74174826727448
0.41690248423639
0.478332147417105
0.713546917093995
0.495313375343482
1.15566341588336
0.577880212596497
0.59774567981982
0.511803878752679
0.582792524358618
0.995358893278189
0.601256891345859
0.760710669908948
1.25251709904319
0.5756968874785
0.407104718806258
0.965557595169311
0.431226632864493
0.449859134442719
0.473607578911335
0.873021845492136
0.693107276379404
0.790331452330743
0.820879357260371
0.624454956210084
0.669762264798075
0.773223212352828
1.01834247058171
0.773374588665336
0.544463440723393
0.447977986405637
0.576702609484523
0.500022296980499
1.05289600203917
0.917557584422762
0.353599171325828
0.463311366681617
0.433345858978813
1.35497481457675
0.341695028087045
0.899671722693832
0.424110071617355
0.897343504858162
0.393413550840601
0.516476416289061
0.894635000423109
0.33474621144632
0.34848035620722
0.815589073364722
0.366562335838321
0.278909020333781
0.545485790424833
0.786067664984018
1.23397247532234
0.826054505907751
0.389433644040501
0.802749651244077
0.657268239566421
0.714377074790808
0.841236512495974
0.710025644274535
0.767749329218233
0.605240490918094
0.223351263831851
0.831880670620493
0.587531220839188
0.684493605433165
0.630072858385458
0.76444903927315
0.881655532028036
0.709115904219206
0.507828294017456
0.430192736264115
0.274239534216246
0.670997162862565
0.581622991215294
0.390488553392023
0.65260586926403
0.954508660461762
0.538360455211314
0.831069032123947
1.9407697468124
1.13481543676221
0.471523265862272
0.860137231363479
0.796806311453785
0.186906211901902
0.790379846688211
1.20583748677349
0.561737715555477
1.0207375007396
0.631189422886406
0.535345629994044
0.703793700881234
0.677751427927119
0.88364758692859
0.74599635478408
1.68198848684548
1.34471122898631
0.729046428408551
0.459348403130164
0.733008121735842
0.797115177262906
0.606700823190604
2.5043398012483
0.375085305481848
1.03016072141022
0.366707575449403
0.79458392608588
0.563983120621277
0.606831944534168
0.630888665010367
0.519341996876331
0.813386388285186
0.970220087768136
0.327713198679352
0.61348225642707
0.58721440411391
0.773451328766684
0.935481786956562
0.838578021157399
0.673367261786453
0.591135924007913
1.31138194305645
0.62109830395191
0.791342507474441
0.705043096489639
1.14465012854921
0.313551846965341
0.610212249148259
1.08403231996084
0.845197663874151
1.0241092335449
0.725832409952115
0.458654786685093
0.64479333173007
0.456332399328379
0.327925262960404
0.868915353919357
0.35646230614045
0.513091071255759
0.56538612177417
0.625957156297846
0.719823016588203
0.635541710569891
0.554709586095805
0.632116203538364
0.52962130370333
1.2390871561993
0.918730940918853
2.93110190752337
0.309784351985607
0.539710042298648
1.12569916837549
0.656075876815807
0.523350849745577
0.436048155102037
0.342688969823348
1.00315464295386
0.870700652672474
0.252811568019435
0.429567484678056
0.742496207555899
0.532641266106302
0.658457066194409
0.509433846770906
0.633048437558095
0.227506633537238
0.869401214147525
0.841206219922051
1.24115919791345
0.729215763717967
2.36547021152994
2.09336296851206
0.818894949023088
1.41959845161595
0.808514787146552
0.957346994139008
0.59325165167117
1.69819106945894
0.640244602674169
0.358615787564589
0.874061035968513
0.375765242878303
0.968596085342763
1.2133273831864
0.323065913523731
0.313796800689815
0.537448576941462
0.96727778330328
0.760291105940606
1.23589358394653
0.805812823367009
0.849596609708093
0.932918989866229
0.550923898615959
0.573370083904669
0.41519716845289
0.519876309038712
0.6698921574679
0.76047409403149
1.20737907461486
0.956714453485414
0.865840896251408
0.943305854304406
0.913228638856686
1.0539724917005
1.01727608854352
0.3804761968919
0.47457434740287
0.863447010263322
1.13955925594202
1.24067099617231
0.958516808109407
0.49058868667444
0.397086606692806
1.23659283345633
0.634582225395902
0.493938506017398
0.551202789733554
0.624622622085496
0.753456560278192
0.510050348143183
0.886961082003428
0.445767652808517
0.741937174006777
0.821696346182141
0.800539264817047
0.39959704027573
0.77638221513871
0.91251962949786
0.672353608863864
0.501693898326007
0.33942471448543
0.659180712808248
0.727260528669877
1.2818677659884
1.10501838835273
0.574980921999745
1.09275989941893
0.540700322628476
0.589062677837214
0.813047848261863
0.766984431384429
0.868661990755655
0.760774086483526
0.77197049610216
0.433115633333006
0.575124321285752
0.423049050696359
0.416659481594577
0.709529381672244
0.45744603917468
0.501911774152868
0.767862694818347
0.685484410571129
0.620293910347455
0.726649371955309
0.449388331219246
0.376847993948262
0.679090757359111
0.741265608891415
1.22564331822367
0.62210340223444
0.42795863326764
0.36713373860899
0.899146166649046
0.63182049854984
0.465386243388546
0.531601797533683
0.377479117212991
0.311682017515163
0.565584405311216
0.63764109909143
0.647832136974229
0.330792137800403
0.747757871322489
0.650660015793451
0.557100883370027
0.515573383368699
0.538787826237815
0.250890233757569
0.500169632046078
1.0595632316405
0.377397993364297
0.787184658414135
0.595272147013189
0.505839883524655
0.898059550791801
0.69867228128438
0.553748879147807
0.668394496268826
1.13794586953808
1.04663050366555
0.340292703306316
0.564029830173519
0.434505305555848
1.3625086550332
0.729253779066013
0.749238154325847
0.686586307399174
0.589185864913254
0.410673744081515
0.646874647569427
0.417534887940729
0.632828448499409
0.399501361343923
1.25684302667696
0.509491578196224
1.51406104142106
0.936639262455204
0.477454733259292
0.734037051838804
0.45196507599462
0.782189899838582
0.430922368315276
0.211615657188851
0.852967787689841
0.719065975607037
0.719944891064903
0.915598107723346
0.680177244303295
0.646287923675093
0.803733497175565
0.604922539379564
1.99278776784984
0.357172598192355
0.615704524453012
0.862480536592035
0.37172434066363
0.968009998445848
0.776190175754803
1.0273068591307
0.500259986816673
0.862867079475969
1.002991768729
0.871008717063039
0.445332978550573
0.618508279538869
0.585288048066935
1.15930504383095
0.477261297332463
1.96749271252138
0.558788238236694
0.477233573010565
0.811907284914573
0.99631913703191
1.30199056427824
0.521946425415347
1.03107664250608
0.164889875722666
1.27251666436776
0.363196565706283
0.70980171216536
0.996211764121903
0.464054881729108
0.543472844216185
0.962032451353806
0.917226539396055
0.647630770116115
0.440457835576234
1.52442099942244
0.473864424451694
0.880323082816805
0.387561509125373
0.806354786567858
0.504980401729884
0.428025007260629
0.494644362194502
0.620495930219963
0.928069097483576
0.44447506527876
1.05353369271386
1.02957133372093
0.411788666245457
0.819742682886757
1.33596384984946
0.881190345866339
1.20396041777727
0.521347075072971
0.792916051288231
0.789815807708774
0.527073004433269
0.757165157294127
0.251117853441161
0.478844240848608
0.620792162854876
0.495854369219464
0.904150089773604
0.431666140375903
0.787051923162092
0.311820107533623
1.13138776822466
0.887118243706213
0.595542169390204
0.761230956219888
0.975787763534256
0.769768366371472
0.721312086385773
0.683115020546605
0.685705189378379
0.888326883423198
0.491710179054161
0.892373929566068
0.387415927976429
0.477464360684691
0.84957195810101
1.00496649690408
1.37360204229063
0.719723012875749
1.07278412137722
0.389071572205222
0.984629955950448
0.877874257139008
0.530059734534008
1.04875598205825
0.373794460064341
0.866944659384963
0.48473887914662
0.830903484324693
0.662229492200379
0.341607632266785
1.16502893916649
0.585509347124583
0.795108912220096
0.561283799906817
0.776679363037286
0.519850907374247
0.935282616567791
0.455314129444787
0.531638114541136
0.552640573704937
1.1860029178609
0.607154700326681
0.610905722305018
0.402314323340377
0.534697529717804
0.463360860146749
0.861271060954844
0.642009413685301
0.545965886210971
0.706949419472589
1.69125478063836
0.58389297061881
0.673259924201144
0.701102024337898
0.429439925981092
1.03618460595167
0.992612436787264
1.33855811058984
0.886642792110276
1.04460006291294
0.502589282043923
0.463343678868515
1.33925965042977
0.680049541144782
2.05527993721123
0.973051870813927
0.524765813589725
0.721237061214925
0.751536726805269
1.16029221839103
0.476264946429714
0.331940079430392
0.502292830743976
0.528265156628186
0.969326378356751
0.584468066420106
0.628901418656659
0.331553486068015
1.27760199354714
0.741192504853226
0.325438967850394
0.596987912386326
0.889945517221745
0.958317171126627
0.768536182446495
1.20760977540256
1.51597687697859
1.01152517905749
1.62407515652458
1.07631132281234
0.866095677911185
0.66715084083117
0.761901409979285
1.01572546065584
1.69916265597954
0.393040499185124
0.726780036177533
0.43409123716671
1.49489065582623
0.49648663729602
0.644279936946289
0.928956016308838
0.50903275017309
0.531202829293534
0.37513973370036
0.784964193256889
0.904167071289475
0.513294700980492
0.357930343455274
0.693368736993588
1.14052711640865
0.388212685567325
0.354487319609902
1.06707551332446
0.396165372091585
0.805629765606937
0.398853141693229
0.628953510366501
0.544685335357753
0.272068943119852
0.958725607950705
0.512627665398015
0.30621887361306
0.607208107619358
0.779188466871627
1.60634142905037
0.311839421898373
0.816655848086551
0.743346180429205
0.829669628159936
0.686049396405682
0.989299314084387
0.3608507655836
1.01309037091302
0.61345435828476
0.652507026363579
1.24355245881873
0.74858369547529
0.887952812947453
0.395740579949748
0.610368675369268
0.427043472128309
0.64360351775463
0.861016207047475
0.682797745798446
0.896452537079099
0.444170900667906
0.448894811896578
0.63437614313534
0.607127741452743
0.773988643712129
0.42815316879336
0.656765838994945
0.591534580189317
0.940083731021834
0.712847883230498
0.423847822619698
0.780746561137675
0.285913651106065
0.823561121242985
0.406653021965916
0.525473663387617
1.48537410469832
0.315436938876689
0.1732351310283
0.851275106402389
1.61028827418337
0.745834187690601
0.713955859289138
1.2732068942662
1.26903317533198
0.829734435147933
0.389214063909601
0.247641208521672
0.4651241876137
1.05932013397632
0.793863767484721
0.875827345827589
0.788531370810472
0.321305315802
0.935899286825258
0.605442698450903
1.04376119398684
0.505870253103178
0.656892388055202
0.764394953466084
0.913218153693494
0.352150837258443
0.942035799830303
0.389062970526367
0.486274608051717
0.387700356844331
1.27917400124853
0.913494831562606
1.49296823402789
1.6152208940536
2.67567228612562
0.838051294009302
0.354019668350436
1.57206833624197
0.390074722859569
0.378391000725042
0.326770917812318
0.915059425874773
0.863238027614859
0.331128269806324
0.425386124403065
0.681876609046388
0.669103720497938
0.603325371533497
0.854251030994836
2.02546953101961
2.06500182231252
1.6548896961595
1.06761258485164
0.772148485894638
0.246923661754199
0.715613873587457
0.523025172927061
0.897336189823949
0.486515297518535
0.680539295669918
1.28578982373936
0.678925320927041
1.55514214338956
1.051026896283
0.824453278276078
0.699523689905792
0.627259702279962
0.336108034525853
0.816195817112355
0.288660420530822
0.97004549229546
1.32320450279439
0.350486379880011
1.19623663232857
0.830830644905727
0.795883566121931
1.20066036672809
0.918701963793603
0.535535620640546
2.10633517242684
0.479143262584901
0.467694309100802
0.722986464460315
0.867707931738341
0.494272526376569
0.43860050583302
0.797994063725316
0.543453762113933
0.743284744173181
0.645579226730356
0.691705530952104
0.853323675677926
0.564384757236884
2.53338637144423
0.360667530745533
0.381154781440907
1.07166865010604
0.753078571482572
0.876360830539579
1.17022986656208
0.647881108558658
0.501811391758787
0.570130702455335
0.69341110401779
0.821359495865239
0.405733697187687
1.12091079905539
0.286014121918407
0.364946421377403
0.947212901523413
0.608134785195068
0.420218738907707
0.801240440582581
0.464290067318297
0.921697435291271
0.935261118681062
0.438003969924247
0.593402382945961
0.274815819669531
0.768462260560187
0.478264476945706
1.27034566367445
0.373146784107368
0.528529340314576
0.309182130671916
1.31029489062098
0.88203513912466
0.636286309080012
0.578889153268903
0.999849654443818
0.921418233201081
1.18783720057984
0.545765540358967
0.601833459740262
0.635056902655479
0.28283235517885
0.8179196254453
0.379767107679785
0.721039837887505
0.452100866890843
0.906507874309304
0.967562543722133
0.472925854916151
0.771502050984483
1.20033542501533
0.701948172225882
0.44730875890523
1.10219881848874
0.842015972404993
1.59384706407055
0.593575525753128
0.622562875517857
0.409074514224563
0.376923904774964
0.554617969003497
1.03244840129535
1.31781736994035
1.23218474341051
1.67758963790196
0.237942988905905
0.414857575780325
0.536201514963908
1.08989782229198
1.5012994484774
0.684587692147451
0.493781290996558
0.67490745031507
0.439026060745
1.08902693712179
0.400539665520773
0.492576893121058
0.811707300094432
0.967134719414557
0.586211436389091
0.40966145524533
0.60429699509535
0.555589398721822
0.486226328849822
0.766665040702566
0.456819510214406
0.360200993129476
0.481877129690366
0.569859637392969
0.92301847236741
0.533105609077651
1.68105856050093
0.625789283181899
0.655624895806557
0.595741906280922
0.552646353236819
0.532597970007919
0.401036194148502
0.733000957285513
0.845323309103951
0.586142513669592
0.460850528802708
0.882219079742297
0.482725448549233
0.478233585000053
0.530368980222227
0.261259762776012
0.349657674921493
1.17470838522648
1.13024691529493
0.920924716289232
1.27333536318859
1.27020558483612
0.930199778240442
0.479078825829317
0.450334553433768
0.40556889321034
0.360860990343727
0.473592037850845
0.716685003873497
0.756058251453004
0.994074594780116
0.689000487533298
0.502579960299451
1.12581926007721
0.70765285949103
0.861871234833721
1.49035330903463
1.02310869561451
1.31627652966933
0.523049316869192
0.489928047968791
0.413528699070319
0.514301901893323
0.39448768016655
0.466784776705568
0.654983567697965
0.357422007750276
0.905868814314583
0.471889055541589
1.97786844614563
0.595335271294797
0.546337472848809
0.706946716192912
0.311899665519899
0.660061535760693
0.562332706012362
0.565938558438897
0.615058388232132
0.842534019764792
0.366123956679908
0.640329349138631
1.12783618210599
0.62876005879454
0.505268134298371
1.25329898059493
1.0371271429224
0.561031424772111
0.514065025846647
0.235629172378808
0.507775698395095
0.24837312697085
1.14652559648619
0.602908272861405
1.46238702350613
0.853938875245608
0.324433880255683
0.685442592280874
0.342023564885937
0.523905587012174
0.923181636205212
0.550331929856971
0.631909379605753
0.425812550292496
0.872855009837054
1.14976598145562
0.801039375809303
0.647079258231562
0.679626114158345
0.342380518158794
0.582489235419845
1.04527369271752
0.796189041375806
0.424086411026048
1.62198667127122
0.501046017581877
1.01702455208392
0.568620843994027
0.97090747093037
0.591545474698993
0.59089864623451
1.15563764163835
0.677365847207213
1.45418885782515
1.71649532202724
0.382818362492848
0.852942413394629
0.433144233335303
0.63576789807806
0.695489324668502
0.469396082217919
0.725354056747807
0.337609385649386
0.343571010299809
0.432408165635859
0.725223784779866
0.919995872084324
0.5756216478915
0.648115889229136
0.572475013599261
1.01523244122822
1.20018953218753
0.657183436699206
1.06455008265874
0.969469549741152
1.14077575546582
0.639382028915056
0.380320278235127
0.505639837964674
0.380427579650392
0.506756880489514
0.323250049448835
0.451803379243011
1.64822224125385
0.730712093660403
0.662646322849046
0.643781286606293
0.679343746195056
0.651577465141868
0.554915268395193
0.391407413835486
0.285687699190437
0.715675685120024
0.721540964304992
0.874949627703164
0.758172646457752
0.542692216233462
0.649303163538576
0.524127720068122
0.661782803688219
0.983603790054318
0.229365927648256
1.15676938378382
0.869778226715924
0.566530560249762
1.56659740914409
0.942626398271847
1.17080856309401
0.71634496137411
0.364224957137001
0.564111387518622
0.380196962701231
1.28422700058288
1.05326990970189
1.69671850117923
0.280223640602161
1.14369757869527
0.848688768199874
1.20949646730037
0.739991222096934
0.71120195861199
0.860476483311947
1.67109826768332
0.923205011132367
0.594103818272498
0.890965222100627
1.28317294532656
0.662519269510559
0.450254296746463
0.690430758781277
0.405032461953037
0.533573233513242
0.29992654204731
0.407850346198168
1.10247466571821
0.428523157957071
1.25735151455527
1.84218834572597
0.696947927458225
0.694988483609684
0.457858231095038
0.952222432895
0.547722703714057
0.752520856208749
0.760175923697905
0.777437548879136
0.903421693640574
0.54338637213583
0.486287792818204
0.491176599787761
0.604727775120144
1.03005666901879
1.08868784251997
0.742352992013576
0.451922606981997
0.385418196782348
0.237694615023517
0.460380340207053
1.47349826916094
0.512523113113458
0.885646770184667
0.992506407923125
0.673515066593573
0.696341066699613
0.455225406453508
0.963466767761541
0.808162303242943
1.56149939851961
1.113415224876
0.747912956248014
0.748967074094998
0.766601437808921
0.884443768513327
0.432129009734347
0.60023601362043
1.63038318447888
0.572106632945781
0.607200905746754
0.979683167103666
1.00702385218259
0.572733390594644
0.728778307432443
0.509568736762154
1.03831701113003
0.297646104389316
0.3338778856648
0.770281046574832
0.605640098070693
0.858076177472447
0.560380115147034
1.54297302140928
0.583450578268703
0.490176544560214
0.703329782720115
1.13576706044875
1.25808677479153
0.207126341406937
0.811233692618892
0.830498213471659
0.90055233398069
0.337428186615983
1.66758097034999
0.512952253581057
0.660497187560458
0.514128795142257
0.93986549666185
0.458830720804415
0.830421961754168
0.456823543625513
0.938466393627792
1.33644701564991
0.781803329091003
0.579490087792735
1.1903523371593
0.499918984621746
0.448481779023182
0.589918737451611
0.546298073502551
1.15079888771993
0.504811119656947
0.674290518900063
0.49544228876229
0.513060366990739
0.929875390031978
0.413971999984204
0.670984746265385
0.589196017309292
0.295807256049881
0.785375972928666
1.43527565803429
0.448620918595729
0.554276680841891
0.278881854965155
0.945573189817089
0.438781789817452
0.759152104834217
0.640647058048989
0.479454489056985
0.475352583921108
0.514363893373856
0.789523017005267
1.97684769078588
3.86529114646879
1.53796969969845
0.233973041550568
1.51776395460596
0.98850425151315
0.496418347687042
1.1392081105297
0.697014806325371
0.696610579030544
0.48074728048204
1.33157996491229
0.330316775304596
0.742240777043286
0.822912334900985
1.08813714808841
0.720598695303315
0.819051707966976
0.594501678896773
1.02184835025242
1.57911891751356
0.729608526960124
0.941048561076243
1.45151649294778
1.43262480573611
0.6321257386992
1.47292557140679
1.5966675356345
0.832768388369931
0.373140689203746
0.533823969604898
0.420532015632124
0.708490651834496
0.571321082731457
0.63140849792567
0.425254633478479
1.36740696517513
0.583073397097498
0.866432670039003
1.01510702064329
1.20172717802798
1.6193715497861
0.554833525196531
0.7913251168463
0.401511172710968
0.56054461579291
0.508866245643397
1.01609102047231
0.466969262829504
0.403386167532323
1.53433201735731
1.11996624571866
0.618631082124277
1.18142573635225
1.32523117779005
0.459936028450843
0.314702953570405
0.642798076319386
1.78455703517908
1.44283101746753
0.408435450837757
0.56677313431543
0.479533620824218
0.939849656449325
0.848755803022705
0.751649840269768
0.449639343257182
0.741691503848326
0.695979461276133
1.16836437192965
0.786501123850798
1.40827533827732
0.943955204647461
0.603839645579921
0.3740094543825
0.721842761556618
0.807544158771105
0.800220835927661
0.756302750306982
0.720552493895664
0.459297700909573
1.20052581155649
0.74596010786334
0.750575426367342
0.278858702036002
0.394152580056226
0.527636988779503
0.500994190922931
0.419629057394608
1.08871367924019
0.5474828212111
0.755550831312616
0.704283127893055
0.368135899378908
0.360962941026948
0.586200537708083
0.8300845062396
0.803736750761944
0.73190808840558
0.191103567964717
0.948861054346995
0.504099237517777
0.399319944067159
1.0329156694623
0.518561212745493
1.48483581262754
0.52867304044127
0.50081234694238
0.787502265211353
1.29345252428259
0.770274048407884
0.822892757909863
1.13428293623933
0.818513571284589
0.648634050418919
0.358668619029167
0.626986230430145
0.674574263582564
0.440224901510985
1.33673837054744
0.558168099061203
0.835424885661797
0.564745028791579
0.493300393174501
1.08108052543481
0.672944307757099
0.549418271006258
0.690863563100852
1.15816432408026
1.33932833158558
1.02038935915435
1.14242791809497
1.35845256982067
0.951925672050359
0.51710880124799
0.695511426957953
0.573405771461891
1.05774928420643
0.465704198864324
1.25650368485141
1.05743859144605
0.418091940388748
0.285140460322077
1.40255025752816
0.760975152655673
1.25395399877471
0.38024331909378
0.748076692767134
1.18393230703377
0.337828472887001
1.80284236973356
0.753722652803069
0.527863114526623
0.495963138377795
0.915041255490514
0.866098559932896
0.649329770300418
0.684833553565747
0.593197530082485
0.534404637166033
0.457222545085677
1.33841875778629
0.866056128215152
0.509286072388097
0.397422013311154
0.697395242356206
0.936156030612115
0.889135794485118
0.737392541089277
0.506118918171142
0.84756843537576
0.717873893510284
0.974478872140318
0.77937533170569
0.570258001349477
0.832492375777525
1.10241205929036
0.780210370551945
0.562507810444373
0.478580299570679
0.872499910211807
0.36669933048648
0.86036737083279
0.593064005163645
0.934454770344377
0.607246860771282
0.640137346599041
1.05367817638046
0.604672340819603
0.236732900455282
0.351830236947695
0.578957635355856
0.834979079973335
0.614620445734636
0.665054928879226
0.621533360339342
0.663522205809285
0.823311402168985
0.513751125552397
0.62630999207228
2.35244521266608
0.536499181479352
0.963183524508419
0.649022408627874
0.858348120839845
0.350622225946097
0.276666211529125
1.72707736626908
2.16294878689948
1.0076057179797
0.336416712268132
1.40880926031827
0.659882381860634
0.827427407326293
1.07598089541942
0.703443658361007
0.487083504625758
0.642782568836196
0.820239336445927
0.810761630344979
0.795083413601843
0.769487739942462
0.58701368899111
0.615012633869958
0.529680598182903
0.644681016370956
0.482030306686129
0.80184273138129
1.04075107403652
1.07549034788851
0.951998170078504
0.909620391211584
0.726196729550831
1.92865317276978
1.22588917996288
0.950401065679237
0.483214229908693
0.624395432464126
0.875048272863291
1.25465909508159
0.369632798808246
0.53750145758901
1.15127851729614
0.386495633017806
0.333243390247472
1.18516363472307
0.922679708611916
1.10944909782774
0.824564988533699
0.587562178409963
0.309780596807525
2.0311145818566
0.470424205914016
0.521108546628756
1.13427008937701
0.359950529132497
0.521426822323555
0.566856023896052
0.376011804921311
0.520373611153825
0.481912272012223
0.840108640724096
0.909684115853325
0.378275519450667
0.462330520558161
1.2584986991338
1.19532751038999
1.15882439731173
1.16460475592162
0.611129600195417
0.423705937936777
1.08636113854706
1.38279420486108
1.06262257881115
1.0216989675015
0.807817710265166
0.528081177555785
0.724839352280068
0.663062967255755
0.429891278993966
0.389232760812805
0.921325353137227
0.479223980181359
0.593760942175478
0.494403398284477
1.3208694560666
0.642935290083449
1.0850077970052
0.383183040120808
0.39071953540934
0.706306194049116
1.58608264125362
0.431552560543449
1.05339103235671
0.454727605771903
0.294327588543357
0.817865396763962
0.270734972520703
1.6917210797388
0.640675471332004
0.234759923445226
1.06332684354533
0.855964540938567
0.490834862778667
0.678384668053162
0.556435535417922
0.927855609936729
0.767336407336709
0.426114507016666
0.771391624208278
0.747617842340283
1.68920414224988
0.533953220071582
1.02794509434689
1.05126759705018
0.778737882778391
0.752813293954228
0.517592284094676
0.613135045419768
0.423692146398431
1.13514654145693
0.946120520934688
0.923645942425754
0.463092679642766
0.511644389111967
0.743154523378751
0.689878982343066
0.569256835217865
0.509998387746627
0.528441977294818
0.643491074402812
0.438011671306565
0.73711339389147
0.570963329681809
0.779305362085463
0.862336342531255
0.830839100287104
0.703092576938998
0.592627830444643
0.8612702392529
0.912094017161505
0.517115289040151
0.559242097871136
0.909266776704162
0.390090485033786
0.895531986229121
0.664990127028285
0.663540145930387
0.488198586050317
1.18832926410911
0.698439486084288
0.683649627979242
0.620704411918104
1.70881581025966
1.8750757890042
0.744741032707098
0.905569720568361
0.564510270509511
0.79369664205228
0.769182303646094
0.829634624936224
0.737737076877124
0.892064923433793
0.904830581192413
0.514286078479991
1.14622621370282
0.960497132139588
0.728680690798969
0.40896626816254
0.960800625441554
0.673238516099321
0.661939945577364
0.508523717354331
0.650064270035942
0.451445162342592
0.463965246142562
0.513521540637702
0.602426502916725
1.23638148072094
0.406673234659358
0.583253362213636
0.30167280659405
0.687810571457888
0.299652158120011
0.805575965703212
0.361271097569098
0.834321483441649
0.636090240894426
0.742282327791142
0.354028771177796
0.800907091766171
0.487112744107909
0.560811631619109
0.41552683354999
0.615521736127938
0.668297543626067
1.36524197978282
0.856811287908371
0.480545611468133
0.351327831184762
0.872932749803885
1.02648217335833
0.431039725109644
0.368252365559617
0.927905506795947
1.10287920144946
0.473844255792016
0.684275895738222
0.436393871407577
1.08732036768972
0.562594366452664
1.14779508797955
0.352725187252315
1.04531232384186
0.652906704539731
0.52973351896347
0.821045064584918
0.524198037335372
1.19865700758008
0.52869992774732
1.78392875962188
2.6039654912268
1.24203992771194
0.554944134076804
0.828256231608386
0.831070754419698
0.477706564243607
0.355724866493573
0.68710805941698
0.866089734731237
0.762891069506762
1.27084537800615
0.491936308566041
0.566251373717414
1.44180566929122
1.01431001137215
1.42810285110741
0.303331670511872
0.974185886432435
0.802198289829371
0.410738689828769
0.408650697567605
1.82813444004539
4.16024364701474
2.03528322145724
1.78196010956872
1.96408048753811
0.671229157134629
2.20956282385374
0.335372972333624
1.79760757005869
1.29769621852802
0.881520329985215
0.574858537289861
0.569267308899265
0.357480445804084
0.588683319753488
0.592185469192824
0.394933393640378
0.874003809530387
1.22396803768336
0.579835543986883
1.04147692038157
0.299304571147655
1.0048083399816
0.93525722174266
0.516713205981629
1.19859576223988
0.837724808991175
1.154914447664
0.748065269157369
0.956501768999869
0.443101293077857
0.449571210761038
0.248979513629279
0.511037746150594
0.364701229535179
0.628511802159053
0.937586003284591
0.830853730990728
0.584075026614162
0.704996205105719
2.60571501359392
0.64616847127468
0.813548532632787
0.53299870079391
1.54244096810209
0.664005173594328
0.419544030543471
1.08233669967159
0.408134214700379
0.46970937321222
0.683373444511372
1.06458596499239
0.338031776600189
0.65655313230365
0.925282514920856
0.537963761869827
0.435926938161011
0.436790399218012
0.392689585673703
0.83702065753056
0.444887420161954
1.02658811752977
0.93477487283151
0.340422752826522
0.649848603139361
0.664784922295
0.570101694771732
0.738605189541571
1.31881074872994
0.451819183645082
0.983251383835247
0.40048830694517
0.722378990022457
0.939541556049858
0.453180964265198
0.511752679741728
1.25701574243047
0.656362125466188
0.626630067997811
0.703621577759291
0.566548269762019
0.758735446097669
0.833529083981575
0.411266250281905
1.12183236710697
0.570218563891882
0.627374271522017
0.925831978370726
0.719613036675011
0.879251328493415
0.431793578001709
0.3434037261517
1.40371020019192
0.458326060076179
0.489075575097803
0.465692467358742
1.01822857673517
1.12788796888949
0.629538174173534
0.422465437640068
0.855459085131989
0.914284154186324
1.85392003869734
0.492706283083879
0.876006288137755
0.582690619044775
0.850345189239576
0.910287101128262
0.507714428531227
0.759488209306291
1.56986522802369
0.29561517766575
0.446030809052644
1.4413374207731
0.531115639237574
0.465935132498037
0.819742150665142
1.79189845562159
0.499676093702738
0.642664908091332
1.59273246786946
0.539478030816438
0.443002672855667
0.623877831112227
0.892311836062771
0.532262472639441
1.00988072347317
0.751442127063049
0.60408208303147
0.509643452207178
0.38425905649356
0.823481948044627
0.739780823813177
1.08895546211923
0.565161581312339
0.38695610157828
0.257151807548856
1.22844915803301
0.332302448910691
1.01018255373365
0.357728702580108
1.20105296505192
0.607101573029039
0.652655913897051
0.557191666768631
0.797710976652082
0.553433374137024
0.432178854670031
1.25980905210884
0.632847463926572
1.05329594405619
0.662353743921433
0.553550974962682
1.21296204652545
1.10585539596753
0.607639173959096
0.993484309086787
1.70428894817386
0.525327426522962
0.241823940022254
0.580753163321324
0.90225131753381
1.33078215811723
2.05742813926011
1.1086092281338
0.405639179770662
0.527280714984782
1.22274042925699
0.528643870691477
0.734054763506055
0.791743915881169
0.620902245094211
1.16871544936788
0.405941400479446
0.292742497515432
0.384054656669381
0.380930408964077
0.921230374943483
0.858827146498553
0.830025536322606
0.506536561580224
0.214352928580887
0.309631978231254
0.608272947394287
0.293411313183586
0.779387920310914
0.902520672920022
0.858124781212703
0.489439368825657
1.35263179816212
0.484911366464922
0.566720426355967
1.09425736571532
0.457439647153448
0.647319152150719
0.849521216673977
0.87573680713407
1.01640576581963
0.356799043100162
0.558636590529881
0.322446492399005
2.30628628291991
0.755562408800039
0.593152070276818
1.6330931734608
0.520296998886511
0.673886541002297
0.697646222742689
0.813940972800458
0.64072211286037
0.462886368159107
0.653289392591071
0.742158415939574
0.602988297438886
0.400323634411859
0.718634628458431
0.58814075281647
0.767364079696822
0.465764129071675
1.28729135994724
0.977730455795616
0.539643205569065
0.795868227678986
0.59483811704605
0.610082658348241
1.54387972902984
0.68141331587074
1.12250752561401
0.584179594643187
0.769348348115434
0.553123517111179
0.913544402131112
0.920904415466906
0.209469462130561
0.844785161132865
0.583369967887231
0.685848129957654
0.458574389567021
0.505394996833184
0.471436215510925
1.46394517886613
0.540504725723448
0.44761271136269
0.230450974549
0.8316564949468
0.724112328375663
0.632716639298797
0.552907500386906
0.331584500034964
1.02313656470312
0.953826152565289
0.609436478042292
1.98194384120092
0.706942828567894
0.555123773024256
1.20542529753992
0.423987356616786
0.827176771631367
0.961614106211355
0.588002979900924
0.454866259498546
0.850469039202957
0.587528604219128
0.83112058592401
1.34421735464559
0.658665810584897
0.883014678698414
0.579700705155287
0.239995306750091
0.565060840150089
0.442583463769588
1.8070571891084
0.336768364574821
0.360307335603753
0.343406373994373
1.13629019648478
0.773903247095792
1.00295190238695
0.373137904764814
1.01370274285439
0.654288261581677
0.583368895841215
0.704568327654091
0.79580651451251
0.674601211350211
0.521161857454042
0.975627055031559
0.496365095538332
0.516602321128701
0.686830464636744
0.733022443640385
0.472565058822668
2.33028767373086
0.556025677328457
0.994722213152323
0.76170414747889
0.311786229253646
0.55827670849034
0.462139477955503
0.606103002310483
1.47427203317012
0.488712228393472
0.638397333948509
0.762091325098068
1.00819777063992
0.383719886561801
0.588590395109701
1.15388009196126
1.63904318435593
1.50790627387728
1.10694737691447
0.849039905912369
0.177104810314445
0.767282835477028
1.9808036496016
0.529316562096325
0.80694254517081
0.421790014923834
0.827231058137809
1.06291887721067
0.368539055112191
0.666995978282269
0.836441177709217
1.15371060928405
0.844035650312321
1.48427212737655
0.530178942465854
0.753871526683308
0.336167253756761
0.573869340352634
0.761786643162281
0.981751103294694
0.574326970410487
0.501811813763696
1.05235694988182
0.693160652608793
0.758131467619998
0.912590390844825
0.61833736110946
0.502065173164829
0.575281029901874
0.422655559839659
0.779838748331514
0.90071575932195
0.622573924486815
0.651346576395138
1.29330923407821
0.48711680122623
0.701047380517378
1.65735316297986
0.488599936254029
0.253460731450623
0.352118024302777
0.368514078956679
0.767846733713127
0.499422791059798
0.999772286532888
0.541864099624001
0.450741737117082
0.50300174586043
0.479033755224702
0.303752584673185
0.677283846711483
0.999690146523945
1.26978516176231
1.04879233421945
0.806451223897559
0.572271579655588
0.649368201568317
0.802391419135973
0.881149529392258
0.747298402780494
0.420600479575546
0.811521452674279
0.229399043955667
0.664978629772857
1.14983981256553
0.341298328042645
1.01412923438662
0.866227446103856
1.10503318267528
0.379054202975817
0.540914683502567
0.683907338538704
0.900743398751855
0.911743911871336
0.688188378472282
0.621412682414819
1.29720944554247
0.550834934894516
0.802581083417926
1.2448509002714
0.884336344711901
0.799767539222305
0.516428427358799
1.74709622059608
0.625866691593342
0.598986537808345
0.564696118707492
0.936007353419033
0.924186121557477
0.540293369429507
1.09284003658954
0.654034821954398
0.561501159404472
0.793312909309278
0.634445470236885
1.16095381766851
0.620519352169819
0.473438090902302
0.902229734058952
0.603151443358631
0.952459815481085
0.784553158654171
0.482711768262283
0.840327623601281
0.623042469938025
0.684082736407411
1.66052305140149
0.404326162255036
0.694532954319885
1.00398240696805
2.01166115652975
1.01398110489775
0.583855119842706
0.275986990093608
0.97431210231137
0.317845448647254
1.23993534405538
0.82823607603092
0.672284904769947
0.542059801820751
0.482193548524067
0.520590920024302
0.585124351988268
1.33883665418895
0.617948030588335
1.10801977356383
0.68433772618475
0.879297092431575
1.20550514028243
0.457581397694919
0.907336461592253
1.31423446238603
0.719485458169745
0.476006265207167
1.04795706097278
0.711837867493971
1.21449325745041
0.446341163525529
0.634043120995558
0.652066747005084
0.650706161999136
0.666269996581216
0.478694341784833
0.875502620519064
1.68315692918202
0.810652519972664
0.608284888177521
0.456405294760158
0.546287796848454
1.05545136897987
0.730627606709485
0.468843985030215
0.41356092335305
0.455662050713365
1.6126088010372
0.670110756021603
0.773508104710264
0.398727482709008
0.708147032805354
0.859368287619023
0.947984133491044
1.68226395971907
1.84764152958989
0.554780550483224
2.37412240563635
1.38506929766617
0.470279407981964
0.545825551390022
1.64642082676013
0.619637076444214
1.08410157570572
0.647955583311152
0.862584607154548
0.857251835869921
1.22461835512574
0.404725694530312
0.271747960738981
0.62667094561945
0.499138710365702
0.712045525301273
0.661179497422261
0.665840877885765
0.406813970072562
0.699661548524639
0.601330221822314
0.63313218486074
0.350147670224406
0.988602467282758
0.510359974444154
0.552682244115255
0.977496186319357
0.598104953469681
1.08585704032492
0.409511404751408
0.433443703225831
0.901880475143094
0.595267848492126
0.500504109725011
0.845126842001925
0.357158409202352
0.954075820794302
0.966934984459994
0.484216668502274
0.636917697252231
0.768038036131121
1.16364791720168
0.952032738875573
0.7822236272676
0.742323487472337
0.963123748738298
0.456371588027444
0.681989321474368
1.10307612028729
0.450907909233693
0.869128503408124
1.54649460681884
0.818363012920877
0.768379388615445
0.227034208957171
0.624310778628623
0.391400122727337
0.7838923363354
0.464225315556775
0.452516189100857
0.68500606685138
0.473275200261561
0.522424141800313
0.677531647410376
0.685992804579253
0.6132238345634
1.0791717693507
0.630746538087697
0.907216020649577
1.55738200408633
1.1300373427327
0.834195150872892
0.562575642661618
0.619387321061548
0.63701793109955
0.993443568089122
0.828962577306328
1.15918746953673
1.54930807420357
0.515105250450326
1.2753242774415
0.541296476811613
0.500260565562741
0.27453601831832
0.454294354949929
0.706431496602256
0.410295978671973
0.316736155939298
0.28156114802695
0.482186506345065
0.33162186283572
1.09569144737428
0.722711167410047
0.505733628146807
1.05760269349443
0.738539874823717
0.940057104836013
0.811076004771982
0.701692449886195
0.453608366453147
0.64498087891996
0.985504210388898
0.96307715698943
0.744383554804037
0.876233161993228
1.09197416589017
0.414249433970458
0.410803120380691
1.02851563134947
0.763402863326936
0.800148263433672
0.484362440142348
0.405349821981546
0.705216123376595
0.376861650499765
0.465655067280046
0.821395127106407
0.546177409778147
0.608258389560189
1.07682110873105
0.456649040530522
0.965425707366915
0.36248692248721
0.639137073886992
0.70997923288008
0.564779205132563
0.370710939139174
0.848769970884359
0.655459301785054
0.74094196622925
1.12713416696788
0.647414857739919
1.07699108719657
0.53094935234676
1.65904926752384
0.619196036677607
0.622911944950339
0.520702893841697
0.387204135073421
0.419947048588321
1.25561904123926
0.376784151491347
0.584996738642778
1.45126174079159
0.28933037509397
0.646271839919147
0.528816412132042
0.894365092870195
1.05323847494015
1.02337172256512
0.831813878154201
0.806558384723433
0.437153684028276
1.71391605210481
0.774010345082175
0.752355590059941
0.609924121411383
0.367111064034898
0.536190463106083
0.622412770382893
0.936589921696243
0.774680901052779
0.765473750475113
0.689170121629225
0.929278785919874
0.712876236398669
1.07307862357476
0.794565858374272
0.438874786589035
0.613231443003772
0.733617087398253
0.880445926250049
1.19280269976334
0.504051161760912
0.579301620888954
1.29632990415019
0.631739897913631
0.574504506677172
0.449011537333297
0.620065582312696
0.589477627824411
0.993806391621207
0.55112466482459
1.6951139639838
0.496401337524689
1.09324561906913
0.408625735160887
0.682291608954406
0.38090191008104
0.523676038918198
1.03726420900934
0.293953749712266
1.06061760591625
0.735635543481198
0.584755043194717
0.682271797956463
0.472611671393905
0.482675790980577
0.581359092601653
0.451011872898594
0.753939040471677
0.497501890600667
0.703887107664469
0.554340459990529
1.16731291780915
0.541954048091693
0.702383172839036
1.09634038039025
1.27267876347426
0.468311177467752
0.830392374863562
0.500753820031015
0.742619122492704
0.34812332725896
0.627347272745889
0.956568655076199
1.16355366801816
0.64807622543627
0.436947131686413
0.719632236423736
0.773559007958945
0.295669608190455
0.532643975254046
0.664258890437088
1.04912620999066
1.50048884702553
0.951912178248178
1.29346526090358
0.781679560192652
0.561030551987904
0.68313077353055
0.537178982931259
0.443974509605658
0.28292730286884
0.587165766410376
0.484253825704519
1.29565599324932
0.428892514874359
0.529171800937525
0.490325740556062
1.0259943628558
0.946209748973531
0.609453985518859
0.780155198012338
0.535574761096734
0.390250065581857
0.487813633492945
0.876310186132716
0.558037608787832
0.696793782776053
0.417675636920576
1.20123376163191
0.861710832973824
2.29760362263645
1.90358108798938
0.410296845203887
1.21953806537135
1.26791144482063
0.961949786021446
0.431355073085852
0.787200200156434
0.503555283161719
1.09206365408617
0.457970353232752
0.656433421660823
0.456052243441081
1.45112213008563
0.790513008451236
1.20539732373825
0.957757032726451
1.44974440268989
0.526118736222145
0.486445212704562
0.470713979368094
1.76036136454191
0.541996602392422
0.787776882169814
0.434357706544548
0.71576288415606
0.60696882297472
1.06214636527939
0.656169853558482
0.871482743751673
0.573487087585764
0.926099942033863
1.37661256954157
0.542256950579843
0.468045378095501
0.879606945157782
1.00789513483384
0.608925169300595
0.503883250213292
0.671955007536239
1.2776762707455
1.68186490932479
0.471559160209118
0.541503318755852
0.290946079453276
0.572626298206854
3.41580246116685
0.599300703928124
0.145018596434341
0.951131203049754
0.332054636906796
1.10413643115878
0.561669972460491
0.880939422809812
0.352632279623324
0.324414510273292
0.539104901925489
0.955160540346299
1.15657133564969
1.35095536577892
0.61697432371607
0.910098333704922
0.895114788418668
0.563068591326046
0.627520275795129
0.497983675559714
0.787944458637894
0.724752308384081
1.38907596618521
0.496389044437144
0.859029874250299
0.502172243130985
0.412533874339183
0.515558258106085
1.21956071686332
0.395755527001061
0.400360151979796
0.965049061014679
0.531750676993782
0.973106844315974
0.811320716351119
0.381504530972566
0.380693780697979
0.569387550952237
0.98983241672353
0.843365393337359
1.24031251675172
0.786271788630056
1.02087634021713
0.538393614874038
2.04889958560568
0.510764889516861
0.393380439737963
0.471394029269647
0.506860196443091
0.95012386880303
0.667306772662987
1.00696964130435
0.280109133645097
1.2195440708921
0.57714505414627
0.921834808529146
1.18512209068346
0.420424422938687
0.793608165311061
0.60211885136083
0.766373115440797
1.78246979342886
0.374401235141395
0.748662656423644
1.2727521820707
0.944981926674246
0.562126285479231
0.7628922486999
0.53151436831539
0.476638190215661
0.429016841759341
0.560199166207958
0.589594643517732
0.795737087779283
0.661742856821072
0.589345012919139
1.44550724193639
0.648539549531721
0.229703416530949
1.01750409559265
0.567131711433526
1.75290183860989
0.292199513699673
0.484289636390164
0.791060442718547
1.1162963654287
1.32958474479029
2.10602594137369
0.958517485402409
0.696474358722116
0.310331461261529
0.753278158691902
0.406341821661966
0.657649503515675
0.554313238455589
1.00291003626708
0.81775127990816
1.18155453305877
0.423400645222499
0.632122281072407
0.992711158348076
1.34338679064155
0.938235942817279
0.52859915650392
0.401095634749581
0.761259270810172
0.867332607613421
0.659410447013931
0.785583530385955
0.733145940012269
1.2281485998157
1.22499196661087
0.467649289172303
0.597378132285164
0.560890460963051
0.367099844274973
0.69354252499926
1.36645945771521
0.548697397788067
1.01056560800357
0.509981477829834
1.07418082121389
0.679903414981114
0.427279484086942
0.882308085122824
0.304913853872943
0.519807529589097
0.684579924260097
1.42946849474881
0.850849098456842
0.583896557397344
0.287045547606161
0.309680152599483
0.508783107092156
0.284705020072716
1.02604814191105
0.536742914087308
0.465901098898805
0.538961278163024
0.965926524392708
0.529506674982852
0.308397244057447
0.699279296321484
0.362459429666539
1.9906048155357
0.679710632849234
0.4956077835571
1.17837567761529
1.11835568684458
0.573507795485264
0.604450207276425
0.747835777664057
1.29844971390789
0.881127706156938
0.466083083757762
0.797104375312081
0.591119497622691
0.280463747966523
0.537015807116505
0.507093576437032
0.621579081957311
0.752632664087543
1.08905059031554
0.407623010710121
0.736120266165622
1.76572046738916
0.987292116180992
0.528462249179373
0.429678788568802
0.999192433751269
0.52924001685911
0.570491052330557
0.224035571360137
0.633490704716196
0.564382651715431
0.628165752279712
0.913019851463836
0.625740150545085
0.395395156564066
0.7752628608238
1.04841917882821
0.716398297235543
1.56132819592493
1.92400478521177
0.666914783977195
0.536767176331501
0.954907630751106
0.505196864838852
0.358883601409481
0.640523248037527
0.989606490583836
0.597964096615178
1.16526953614698
0.460170081169999
1.52758992293607
0.586498683848244
0.905453397006076
1.0461005551044
0.420899085549618
0.667718788943543
0.412176646741066
0.997480665359681
1.30115109261807
0.427716654707023
0.50812674305897
0.598394271927155
0.527310524745555
0.345157185792024
0.509005350175979
1.4919553844685
0.396553890163191
0.754218410946827
1.36877479872491
0.901519330165482
0.504321567136836
0.676870503457565
0.307655944314223
2.14271569787526
0.700720641696686
0.856169425339109
0.930171965826702
0.80337993232711
0.456599136505471
0.829978244634529
0.630008824701257
0.500349349777732
1.04547038463075
0.926225124393544
0.650399277343938
1.55385507921975
0.577914609343404
0.458888314239846
0.474634424905688
0.747151606260819
0.617860706377997
0.848558785749385
0.565681472623468
0.476234839828047
0.415000989801553
0.201699112236548
0.53049470481187
0.886296467647033
0.587060650120649
1.08248759184058
1.23389321691201
0.830205533254075
0.531898216406284
1.64418609386018
0.588368293440905
0.651036335169277
0.607693004543438
0.576890232250326
0.439637771743451
0.477554830511596
1.59176642835282
0.493489948395699
0.749598703009532
2.68142365094014
1.59586292890033
0.596211204228959
0.693995568231318
0.505044423055342
0.681293475559772
0.406420730074924
2.83094384559344
0.372461593832689
0.667485119533253
0.729008194145133
0.298636622435289
0.636616779028808
0.548658592608863
0.858793158691486
0.648271092529104
0.758129952286116
1.36770193227109
0.764163988775646
1.30456470949694
0.433104153003048
0.843541753013248
1.05604726843508
0.969083601156187
0.887765586357115
0.389096743035807
0.663214353200519
0.542076437854933
0.837844187285851
0.779796123229858
1.87628144362014
0.91835251154638
1.46215086327365
2.56804599378821
0.983567031491059
0.594695785947448
0.703347762504259
0.726986785518816
0.339168802094221
0.783482200357409
0.716782064091499
0.540663078177414
0.653929917335698
1.14151180867651
0.679987343933765
0.535467498322402
0.678319538883745
0.297134262163339
0.507605279568307
1.23668440892835
0.501282534784679
0.986212316295145
0.694380277680222
0.586660219916875
0.61858391778893
0.522452548888045
0.932264571206282
0.863017571548049
0.561407787694393
0.546862379193969
0.438205162202333
0.523846959415225
1.71355817952827
0.412405265708875
0.545296274415303
0.747032844224396
0.441719332874438
0.780086773665742
0.752339825087094
0.821733223153344
0.827032878106098
0.901310390799076
0.743912200648187
0.732417878176133
2.09204232193776
0.919183089373552
0.560225583119967
0.744559250058192
0.30142850633717
0.344662696857212
0.851794843191135
1.10116814455443
0.580335987041475
0.465559962050921
0.392835689039738
0.717800701061358
0.845886567909338
0.7297792859956
0.472805335685195
1.64350035524071
0.868555846017884
1.25090107296609
0.337663243930436
0.358398939384117
0.376942746247386
0.476065045190024
0.716219224502424
0.419686594061115
0.685101373035191
0.966860037658235
0.726864751226218
0.426648286650438
0.526598928447405
0.385480446734165
0.46042136214645
0.487912938034397
1.07004444223626
0.599428939183656
0.619887955740545
0.657129568465686
0.77283389460178
0.623400367885805
0.825395529251661
0.780147682838037
1.04504624163446
0.528022950494645
1.07627144320532
0.686569878797475
0.597524547378111
0.44000925796743
0.833766369218018
0.565004856564979
0.707206961211736
0.464955203514112
1.27180547627297
1.39153179328263
0.4809398162084
1.72650415562577
0.969848833086182
0.575959752382695
0.892057370997789
0.708184666654775
0.595987078246958
1.47322272529936
0.465754064632414
0.612421531571408
0.629953342035421
0.721349099033721
0.755165260592905
0.631298384382797
1.03287661109549
0.634048749566145
0.586886978651923
0.459355640168161
0.417673632563855
0.787787592373433
0.523092269528437
1.32838733752055
0.600680764532485
0.80929962055317
1.22438181971375
0.727441668910428
0.557751795739757
0.363911189608016
0.474070956136395
1.04234364064437
0.734288224623745
1.33741180548208
0.553169357798521
0.528427312803745
1.40417200485917
0.925805317319442
0.899397576660683
0.549674702748638
0.571753316866602
1.84948176619492
1.0668578518932
1.16385439365397
1.29139026881855
0.43363544339712
0.81464017916462
0.688358053050224
0.486198142063207
0.595172684820382
0.68269168686156
0.583699745631972
0.648912292400508
0.892709933467616
0.771044091140152
0.856657908201305
0.683265438334749
0.366472173793215
0.578642293910338
0.51316871531356
0.663780874657248
0.464893791306024
0.292603561935813
0.406826187352268
0.457376637870125
1.04391377388573
0.653397817706549
0.723094685348783
0.916894271262237
0.976049318943295
0.731920350482913
0.637691823709007
0.824980145644045
0.718970895452663
2.49327904837469
1.44359070960849
0.595956637249766
0.738263828208939
0.765074164865483
0.441894765663596
0.553776120733815
0.84141962885636
0.334580957591662
0.43840930578343
0.396367326506703
1.28820558583261
1.66167185010724
0.705462601230363
0.901864648693601
0.481482488353832
0.402076201687561
0.597016053651828
0.619858140282483
0.830552348488391
1.27247171588091
2.26680049857987
0.596298816388832
0.563706133783354
0.33724906001525
0.36639756526005
0.712007339197817
0.656860467871317
0.801663915621082
0.690393591478711
0.309734073920895
0.668230498913764
0.671850994355452
0.578560758657136
0.500089422853215
0.389011769597505
0.506303655029124
0.533953222104342
0.357268151631687
0.490509671953615
0.443379952265823
0.760096352902405
0.563211202051102
0.484249528208827
0.214202855491075
0.424541174478911
0.764582924442502
0.601774954596592
1.70723220285369
0.703022539866975
0.333346856316535
0.615647411171951
0.449742174456806
0.87589821128051
0.378467242557592
1.33706831449894
0.565463226613149
1.12359636282903
0.623540514678139
0.670027793699248
1.07718744949002
0.407130902357376
0.400635837401281
0.856715664599914
0.500534436692971
0.806620072984585
0.715623124277618
0.486753473125078
0.526807395989362
0.699353315765777
0.438862678287326
0.5555676585286
0.431086439539949
0.887616543360746
1.18268772007529
0.420632398108917
0.920167071076776
0.946423895422612
1.34087934486387
0.541566183299309
0.672050537442612
0.185217490473749
0.409526169232676
0.755386577555362
2.68928152500895
0.811908155133626
1.39466574874964
0.375397786294119
0.658944151552218
1.5018832973854
0.398610992777865
0.557969566065169
0.77564061239028
0.35773992680569
0.565724710737638
0.604112098884649
0.648839138011346
0.536541334095086
0.982534518497182
0.369743038345175
0.212222839348766
1.02617498784227
0.728601058510029
0.669370915108334
0.706152297779395
0.938965632255589
0.906315060679661
0.688770279857333
1.10499963871796
0.422395713811333
0.358337145783567
1.29186828447618
0.671587006051059
1.25931534788614
0.33942027410202
0.89966297048933
0.449897491705873
0.717444998464963
0.64960043623206
1.1122090982174
1.15140882363655
1.19303040363459
0.521779549849992
0.431807355757203
0.74529473208585
1.42340310596927
0.54391522645691
0.736093852230499
1.38189183237696
1.13600371892541
0.616854169021254
0.572611398170034
0.710234998443756
0.535396934146333
0.541893755551683
0.951586011243425
0.789245795069041
0.785366697954578
0.496441252143446
0.476445806105426
1.02386197287947
0.576229299969554
0.822750869734171
0.477813571917031
0.633002560193216
0.549064546542968
0.505424326963521
1.10908029378612
0.5687892063227
0.786022981689604
0.906908557859365
0.713230423352799
0.387496183733476
0.366021932880762
0.505154822567718
0.583225995336651
0.372881426604934
1.31458191056256
0.599827908283489
0.56916358584569
1.14674658112136
0.431553203722558
0.520252633687948
0.433195910146719
1.07799326787792
1.02043436413178
0.667654970956093
1.09414915948214
0.734909424164711
0.989786665201604
0.569578820774908
0.835148682822209
0.48135317403936
0.642862816620305
0.470785748549431
0.761561771149336
0.724423227972106
0.91871469982745
1.6166112857206
0.364451802315486
0.816629224004317
0.339994488422416
1.16303259985913
0.687900212889655
1.09263826926095
0.65753452346612
0.365990961823899
1.17468885596867
0.706696176195618
0.561410951921335
0.842740421034416
0.693658518930981
1.0763413366328
0.384951583010616
0.951823516687134
0.635474312794587
0.661831412646823
1.0318720152527
0.490005270291132
0.387979071523128
0.432200974238563
0.681024929934588
0.762512324525761
0.649011028079438
1.06093748575134
0.420060317047067
0.499647276358079
0.955436214896659
0.805516155564702
0.599562103080634
1.16028771700243
1.00742137985126
0.375359913551022
0.79580876640838
0.479042725824131
0.829358883520162
0.486915620751509
0.567329068722954
0.309700017803054
0.615727650771301
0.726884791851277
0.2740273745955
0.626047024989914
0.445090716152448
2.01392375280473
0.568596274848944
0.622785033944339
0.727652176158318
0.659299263162131
0.682283724035273
0.855482950742131
0.706807959680152
0.393619563608822
0.550691304536288
0.712131597936054
0.301824480062311
0.858755736022481
0.641014041044965
0.743927457391261
1.03870760888415
0.774506741449615
0.495911788425418
0.872474286115762
0.762482016184749
0.909726097228405
0.284217019641779
0.38982743397074
0.398878552980538
0.795135074309213
0.774193889002982
0.485178390326015
0.52086937782646
0.574312725237472
0.4575481383228
0.222411322927358
0.485143230234131
0.717135803807184
0.752794025993675
0.400843475937747
0.924310294436436
0.304982390067938
1.0026140763199
0.68264728192038
