47.9586713957494
50.0555070616099
51.6525578698793
55.1110829317208
51.755941870065
53.7009496648559
50.1921307195723
44.8522103379865
51.4191336443357
50.9854324947086
51.3804464386202
57.448746569335
50.9362207761171
50.9427263682766
48.2043412410856
65.030131500806
44.8191948156093
51.6964828822474
52.4878760356074
45.4769503552301
48.7471429080602
65.3742928090092
47.860802508937
48.1881383077525
52.3288526482435
50.4802403729643
51.9041429652829
51.374178808526
49.8290570585066
51.0346195335509
53.5889346822854
42.4919555097188
46.6347676759086
51.5144590909184
47.9316144810122
48.4162376047376
45.9748965281784
47.1898799098476
51.0966829225118
48.6823014821097
49.8973616768829
49.3297844765281
51.1752774822023
55.9954452799141
50.9830624560522
50.3410430249663
49.0893815493421
46.4695137413668
51.2718533468178
49.0629680875719
49.5043042554866
53.9754897079159
46.1336502298778
47.4109170467769
53.2144091362092
49.3341130059813
56.4193943377503
48.7626496847697
49.412895417817
51.3706814056028
48.9344672625463
47.8086273166921
47.8117430058337
50.2397270307915
49.5850484532799
51.2719069508748
51.4629225366807
55.2350375838467
54.6024949830727
51.3596542848755
49.7816737805635
46.9252564860215
53.4534468924894
49.0321589044371
46.4937134833068
46.3341267243317
47.1630712651886
47.2580035752998
54.6426251223667
49.6591704747535
51.2972086956339
52.9566812931165
51.1626922866265
47.9895737215569
56.2695740488968
51.8762331541932
54.2188429971655
47.030302571119
48.1218926674501
49.6044606576303
48.4569435716801
50.7815733944355
55.1366083347564
50.8657691259175
49.9601350678577
46.4157970916694
48.2134312213796
50.686716335333
47.0117502880776
47.0289943386008
52.2968345354038
53.9176267941562
49.487041138396
47.020003782053
50.8172017273098
51.2191227820612
55.8683724887529
53.4854239661416
49.6475084560589
46.9586125097259
52.0858899507625
53.4130617768281
53.6498812588151
58.4495892420565
46.2695013706687
48.8935709075924
49.8730969913831
49.3637729109262
47.7452551144058
45.2746178140487
51.283429594996
55.8915484074216
49.6639587648319
53.0215615364426
50.4985783942949
59.3952686161544
57.8175050991393
52.9393481290728
50.6371088430934
49.6717098730214
53.0907826399668
53.640483418836
51.5687782674665
52.638574196484
53.43240195113
51.1682368882425
50.7677828217288
52.8052388507349
53.485306556716
48.850449102924
56.026185354436
49.0622071178839
46.4520191335411
50.0423908145153
50.2317986999954
47.8033356391316
50.2702326286687
48.1147952637874
51.9577739672248
54.6446959614505
48.1213856672339
51.7669523104717
52.6430777356166
47.9415192486388
50.1629354382812
50.4045086914545
47.4563597363916
48.3197901829092
54.9426554636933
49.4186131017222
51.7835997274843
45.3724934000005
54.508728158938
55.855974793667
53.264862332625
54.1849960321286
53.152956387085
49.9182315510183
57.5550487806721
51.226289349089
50.955107831524
57.6979729668554
52.5696877737931
59.7156751688958
54.471960743274
45.5364035850692
50.1761943563486
55.9808645915985
48.236468948665
54.7792971397848
50.0314954133201
52.6177104692475
49.6845665301703
46.1742564728235
55.3579580026886
48.4475827797705
48.5504516262993
54.5116619314197
48.0921894666543
50.728759807908
46.1317007633993
54.2960103113738
48.0796970520586
53.8284621489612
52.4679760156783
50.9406278601455
48.7847675914103
47.5689318586889
56.1087947577363
48.3639186386505
53.5843222244231
44.3813984173542
57.3107415268321
44.5197156585996
54.2680654115247
51.3023416508106
47.2590287918618
52.7896055780047
49.6480059453621
46.1714095890454
49.7001375870651
50.1714888416682
52.7221236372354
47.4397743019278
45.2385539265165
48.8908312254731
49.4050782094383
54.3620394506165
54.6762113297459
52.7122036320759
50.9620963594417
46.7644501922206
50.954890189001
53.8194833061259
48.2915330227502
47.8173587297581
54.6606467357238
57.7877615946143
47.5990496924503
54.5715475021823
46.1723146322921
57.5987852701602
47.0941901825267
50.7387797590325
50.8686640040076
47.5437389595186
52.0964491085125
48.3598892409167
47.8884771282301
44.9851441269731
52.8055193448537
47.9340672325729
48.9472944530342
49.7547656665258
59.4225007197998
46.3035298096275
49.1075556980329
63.4539181352925
51.6175286916895
53.2765256569528
51.0960237812349
49.6199994300071
45.2881839870254
49.74563884762
55.1551888824685
52.730158997164
57.0518311495352
50.7348504013094
46.3000752261718
48.3342753601069
51.6207685449385
46.5597948427654
48.4507780754532
56.1530175219522
55.5397465180397
44.1071144686616
48.4901008539482
49.1372090560748
49.0746052169949
50.3758839223106
56.9993213302325
45.8780188535757
46.868064716367
53.9804366933369
51.8107438812464
52.9273515348451
51.352997203169
47.9636199629532
48.6646554906111
49.324022577852
49.2630145129131
49.1952858500927
44.9189539218856
53.510855213669
50.5799206635324
55.892355590055
52.3779184160329
45.552164396577
51.5934834988009
49.4808029058046
53.9837619534442
50.7155968099508
47.4704136734507
46.7247837485394
46.5423646713279
44.7953962357582
48.2479499912796
48.1140307559988
61.6236842158635
46.0491843902008
51.4424479900748
46.6523511350596
53.7580883244496
44.2723588402825
51.3988532285653
58.7345101390428
58.3555783586882
49.3244513727708
49.4545670157114
51.2532220598816
61.0531956942679
62.5969689996645
56.472568565523
51.5267592781283
52.1584276590459
53.6357650638561
53.2440795787059
51.5090784762718
45.8904246720762
45.512709494243
54.9857720238795
52.3164826753268
54.5145193881858
54.375910126941
47.3858538443621
46.8244208709157
47.5539022689998
53.5837374080092
59.0103600823635
47.4642448444605
60.362494382211
47.8365255273594
51.8434822814171
47.5547648520669
48.4665065635289
57.3831951225334
51.2395186287561
48.1292087293887
52.4540667598112
45.2472930783112
47.4466256768578
56.4931225718095
58.6590674399435
46.9129726400509
57.8632741554888
49.9119419769963
55.4621688745117
54.5833130955277
56.64892146003
52.5087245035122
50.1943699932695
53.7412870032582
46.9002943638992
53.9269155273928
51.9030680731687
53.3229981666298
53.8666838654732
50.0473382813718
52.1096236408411
48.4853896577511
51.0285463196588
45.066509467727
48.1475692553405
55.5292430108315
51.5244438455484
46.8357656393535
45.091641713003
42.1431034384842
53.0641909054652
54.4613173502438
57.8320730711978
52.5824104422905
58.1525540294947
52.8050653359144
57.7938552112044
54.8452381430164
53.3666936180766
55.4715617062785
55.257065186663
53.713239673594
51.0193482678122
51.179049051735
46.768487141252
52.4208981077088
58.3021196203324
55.1090514008111
49.1667735168293
57.2918443766175
47.7519446807345
55.4284033484846
57.2567556474101
47.3452762102435
50.1723510655433
47.8429588936345
52.9231655936932
48.5388292131953
47.5650719940943
46.3193814912547
55.7710392900209
55.4339946697983
46.3832652853842
53.123602968474
47.4527203371042
43.7645284844051
50.9150081995567
49.6127758110159
50.4118659110553
53.0894649030953
45.2721593262801
48.553592337373
43.1218905285398
45.5298624852958
52.314866026912
48.4567335422474
47.914314069861
50.4007137960856
53.8244131958018
48.5269359514477
46.641732646445
47.7828966070729
56.267714852398
47.5289908549359
50.5828684125198
48.1608723668129
46.7816189357358
49.1840124849667
52.8984400235169
52.037858344531
53.8976526809755
56.9915047488387
53.1461201584169
51.6333980918359
47.3123758484688
46.3339171024793
47.9891808637795
45.9321983936397
50.8196477777518
55.0550263822193
54.1482472211298
46.5453892727592
50.3316073802893
53.3569294946827
56.236685946579
50.4126217403255
46.6440950357946
49.6356147975392
56.0817314700707
48.8172682446232
53.0694924821187
49.3593010933844
52.5555867472182
56.4759441885049
52.6143057062443
53.6716507442895
57.6495006164843
52.7505446767824
49.1694310794665
58.695282910903
48.667600840075
50.4443486098254
52.8164222818167
50.9742989556146
46.5666153480175
54.4107224993749
55.9313666733236
56.8011755713547
53.937196788176
57.1727262030615
47.0826026025503
49.4344863304555
53.5385499121924
52.1122798082489
49.0676231075172
49.5408373538356
49.6819191674847
51.2469383534691
51.4618950336667
45.1508714407465
52.1797328698884
52.6567954102581
48.2452660017222
52.4704805951585
53.7015596129199
52.0044384489402
46.3537569522482
45.9375085687422
45.8962614631542
52.868795476826
45.3038973010354
54.5011725852064
47.5417224406295
53.5124033892557
50.5858993940012
53.3217166234134
44.9758691799305
60.8374359500259
53.2930620324977
47.763829031396
52.608494886527
55.3382082684589
48.1224781942923
45.3772277022118
46.4298467291845
45.3452370299744
50.2919808736137
53.1101946754375
52.7256731598625
50.7440255172819
52.9541815717364
49.5159298511671
51.45123331426
51.3988789522477
45.9003581857298
54.7833499231288
48.8258790556723
45.5170500294348
56.230525747418
55.2927716729243
49.6708202086041
54.0209044417596
52.9722167244785
51.1393090614955
49.3145043479386
51.9920262378412
57.5082218816452
53.5718294080634
48.5538428581613
47.0380580839077
54.8878371778745
51.5139360181744
46.5191593934863
51.1284638715812
55.7969935623263
46.8243206557561
50.6392731499037
49.9631693335562
48.4893764528688
52.9086187564594
49.6081618547395
49.1507059717828
49.1074178694746
52.7901763664947
54.2777181830449
57.4344605530742
44.5974778475371
52.9477349012774
54.4170447780674
54.2267043431763
50.5685053341773
48.2776017366791
50.9919762141974
52.2182401931876
51.0829717944897
51.3951948453047
48.5364963424093
59.1354412739504
51.5583267986732
57.3498816235709
55.761807452417
56.0186978719382
47.8067016031302
47.0124837695293
55.345219034398
48.6740986787524
49.2909426888137
50.8905633469764
45.1817054860431
51.4759417200156
54.8869680268497
53.6282044353275
58.8145922727641
56.7082587083751
52.1677521546828
47.5066414247489
45.875371211664
49.9612330448854
51.8507909175854
48.8430013128803
50.6968400460322
47.6270327474133
54.5846452489595
46.7855672323373
61.3349786778522
53.6747882668432
49.5044749436279
46.6931915542493
50.4818688086945
52.1229629917204
55.7408987231369
48.2276791132565
43.9958682712545
46.2696836801839
51.7915008174379
46.3142916671486
47.7577069660412
56.0054359988641
51.6569899367924
53.7161338646992
58.9364433267935
58.0668087511567
51.0298225670366
49.4257191969054
48.8840345349596
53.6868745161368
45.66241879292
48.6219760646279
54.68055439236
47.9007256898582
55.7099159919134
51.1381350049949
48.7594994200387
52.1299188405563
47.4843427617801
48.9044562069008
47.6923415604449
55.618092668836
58.7614985439027
51.2602015119273
55.7944200496186
56.5958139639542
51.0416725790939
54.3012626870305
45.7944869231835
45.5179377849281
51.456071972245
46.9438181284802
52.8598662616696
43.5081897728498
54.5787378216227
55.2540082099512
50.8477048056726
51.3635443557829
55.7801807930034
48.2860026545211
48.7461482171702
48.4092653271052
47.577518632458
52.1190759015184
48.879120040937
44.1946010957457
52.720348408476
51.4840123434698
48.3986546494097
52.5852509003129
54.7602977443346
55.3915811747219
54.0457293992715
51.6596216511581
46.4443677102567
47.2487744865853
50.5990738122398
56.4271362071583
54.3418010513195
48.2178375224056
49.0752810514565
50.8913717953595
49.0170374413118
46.1364443083737
50.0823323065067
50.2679097185907
48.2930670034251
46.4192181400043
52.8214576755967
53.0170010805421
52.0475951217879
53.4528504373142
49.5545550719391
54.5358020440432
48.2705830677032
48.8906553753581
47.5588659783584
60.0281574250316
46.2349690307195
46.5707970498117
52.2668141261461
50.4036745472996
45.1743133356011
52.5846301662865
52.4222290413561
49.097287525698
54.0586928520407
57.8763584189804
52.023609770949
48.521684592298
52.8072916377276
51.9331913306038
52.5429220508251
47.8739394004021
46.573327226728
48.3677863728763
47.3726383943292
46.2810406898543
51.4665380998519
60.8296794427413
58.5353899646093
50.4193579448973
48.6979327189926
49.2224672259703
51.3476083884487
50.1119382904738
49.2030056560923
57.3067050071172
50.3620220178188
60.9958435839907
49.7079816356514
59.9891614434423
51.935665410029
46.2564350446135
45.6221892712595
46.1647385515116
47.9211393936527
47.580988289692
48.5689879331134
57.1516270658371
55.1368615299581
54.3970331388073
49.385190875595
54.6613318898349
47.2116705065093
50.0177822904172
48.9642898252022
46.0946867183709
58.9707305359494
51.4877432918421
45.9454604068266
44.5361183652738
53.9004370579968
47.8225731961301
52.1288303866511
54.7054229669222
46.6862706235229
45.3052809092374
50.7262982128907
52.658750512288
50.6809286432065
45.5628645623858
55.1018742314549
54.406345822251
47.1759731477495
47.2588518399256
46.2199450510949
51.2756031202442
51.4175621253289
54.9430470592923
47.4863600815772
46.2080598353128
46.4778944848898
52.2242683932369
48.9101896893568
47.942216472942
54.6005555598398
56.4390051692824
53.0762763803012
46.873586585855
50.5982206438003
50.1980141528911
48.2172409565246
49.062139776915
55.9539483507707
50.1462304295006
55.4277193920451
51.7717323637787
50.8319376734784
46.4436633769701
55.2948069283986
55.9266086941133
51.3755931947875
54.0042220502182
50.662944799817
50.6007935498592
43.6751574459716
60.6353994540167
46.7733165936092
53.8900411604825
47.7920577443154
51.6756559104989
53.0858495413481
51.4515304861496
50.2513677312407
51.324895007628
45.7287499691021
51.1766531033911
52.3919579885916
51.3475309811925
46.843398207873
49.3464992187097
63.1183032258159
52.8858708099758
44.4554971636138
52.7821343710087
48.3974705573661
50.3765364396385
45.0441349693535
51.0491591493368
53.8469569848991
45.9162833915278
47.6055921023205
44.3457145966008
45.859366373324
51.1985209166032
47.2957115979373
53.1013684112469
51.4833267442199
50.0440325690112
43.7942681397955
49.4350792355436
50.3772029225882
50.5953308452472
51.0856788084332
43.644607765092
52.7859521995264
50.9031941460493
51.4148373055489
46.6122745717033
49.7586552728242
52.5435960355155
48.8353368078041
46.5940257275216
46.1217872074364
51.6462091809495
47.5936922577964
46.6168526982416
54.8506323133618
53.4145776216377
48.2561788340214
53.6796927129821
51.4710453283516
50.4849934331691
49.3852591569162
53.8512580773439
55.6813237106675
51.6790469422396
51.9646431719593
47.562186773949
52.6592593226859
58.4397949929659
49.2586091309338
45.4851662043268
63.9249450579921
47.374921069517
55.0051771584435
49.537078527223
48.649173911406
53.6666551388686
56.5856043364885
52.8836142970902
43.1616244973721
49.5000303544503
49.7022908528972
47.8471885364072
45.9236825704963
52.4883499814352
46.7755198833095
44.7477645962502
58.1536833177909
52.9338992841887
48.6602718161704
50.9522705376617
49.7744367117342
54.6192858935577
58.0919474554166
48.5932094893016
48.235800299443
45.9247285585525
53.6340068268664
46.5728584960901
45.5798321481141
45.3659350280535
44.1373529347719
53.2553843263168
49.3859521631029
46.1943577029131
46.3546954523912
56.0148970171013
52.9326546275874
51.4392803274161
56.4167391840921
50.0295400550788
47.5505646221962
47.6864530746282
49.3698031228135
52.2492455039645
47.521868252698
53.939664459344
50.6508821534901
48.7942914299331
47.4222317577443
49.9246123859296
50.2600855911052
55.9786997708174
55.0312390380796
45.6004294617942
51.1121964358364
42.0773804648766
51.2447216812586
53.0955461194266
56.1795726288835
49.7656156174118
51.725922283842
49.6418630824836
48.9801514116135
43.8040596012924
48.6487159705057
52.3957955895494
54.4759988596146
46.8300441511337
44.8317542168299
49.1549091993228
45.4750837340337
50.3780801725658
47.5708610734938
47.7007366686519
61.4712147486345
52.0842681934581
45.5935742967996
53.7741829792563
48.3413637106637
52.4760902889916
47.2175406060008
50.6294913906759
51.5335229697849
50.2541556337864
49.7044316211885
52.0960755447199
49.7116322130054
49.965295370805
49.7215129896972
48.5560148681229
47.0973207105373
44.8146671911481
49.8249921105472
48.4454527600268
51.3442413785391
50.5180590271758
52.2504356895401
47.8262436309901
46.836058028006
55.057180157989
49.2192707547149
48.3237824123337
49.6403549219285
46.7898848307677
46.3846721453111
49.9675405496523
52.2905640020035
46.3132672216398
45.309995831723
48.2440085396063
55.9690398074276
47.9711287085768
55.2833889274379
47.8620855318291
49.8571243283112
53.933272939894
55.902659808799
50.704106747013
52.525171795609
52.3395019782033
50.7410550600516
46.9890385742746
50.2648993207046
61.3712340749119
46.8104152408095
47.381683089644
53.2355798750421
49.7697966514725
50.7490952875849
52.7794121670991
52.101427860943
56.0703468477904
53.9470167407171
53.3170068705318
51.6039570406653
52.6160155691615
50.1336533165905
44.3903818463591
49.8507368248359
49.6989540449991
44.8595807748581
52.3019927616689
62.513543917487
51.5119317804434
51.8515471125077
53.0387553201218
44.8551765886225
47.7098427918522
50.8080644498274
51.3161179738205
46.9241421155701
51.7683906827407
45.7444752719782
60.613576230567
46.9429735098973
52.546733965777
48.2837017272393
54.6840115179019
49.5081744040811
56.6736219783766
51.6444491971749
54.7241729333911
47.0472361044128
48.1603985926359
46.7552882180489
48.0705792161728
51.2267145915828
51.0796732729151
47.1549983607031
53.2533596932095
58.5918402184165
50.0180832072987
46.0113428664073
50.1140418151732
52.9522782652638
47.7326569900727
54.9722753282233
49.1726307008295
50.315396346631
46.0283076558271
46.3257363484133
58.690778064092
47.6619525321554
57.0471345592431
48.7120448463793
52.7427255197955
49.7839489232898
47.8179748509466
53.648896844799
49.0912117817057
46.9488870722121
52.5549932878179
50.4123179805141
62.2359136344738
47.8105276954278
49.1157532919989
55.5300433458312
47.0529724391694
51.5977920378529
44.5901372330758
47.9293836810401
53.0740455205454
47.9597436182521
48.991448654787
53.9507976035554
54.5755376517318
54.9858998196604
58.472736734868
48.2360988161222
44.0658485526087
54.352517232841
51.811761621013
49.3203240222292
50.6731703180684
55.8551591823474
51.5668571906701
50.52669744098
52.0748892974906
50.6695367395742
50.4244875678173
47.9565622691814
52.9517859247594
47.7439027299416
49.704214828984
54.9653404392187
48.1821186325628
49.8879437053965
50.3335989603093
52.5640602106286
53.2674004876713
48.7132273759705
50.7216764055215
62.1380319565078
51.2435262616261
48.4233476605905
53.1889000656379
45.6343912777473
46.7670514154538
49.5678748655084
46.184426382462
55.9649248684883
45.6308499302442
47.4462207121406
48.575654722759
52.3418668634213
50.9478061474414
52.418095244916
45.9556664382816
48.0708854454096
50.4752761383126
52.0732432986623
54.0787260569616
52.5982101947897
43.7997239782567
43.0803338348047
54.795985499377
52.6375633394629
48.4097127588242
49.4798907884835
44.8935358152716
54.1705943367539
53.7070053612002
50.3964407509432
50.0771221719142
51.0188446743006
47.7624687312514
46.6925339347955
43.8572673367893
47.8795835022726
57.7864917784227
48.9572125647281
50.4162842409849
57.1328444835254
51.0743904846487
55.6637818710653
53.6666859840844
49.6347709108957
58.6293959885809
55.1487039328271
48.5366662086018
51.7414939064066
47.0041542524798
48.0007491279292
50.1556080653868
48.6026951817682
53.3490683102577
48.0123870679326
55.5432065594765
52.0258701159395
47.6607568296911
55.7894002321196
50.8745135111591
54.3218400990418
47.4249541855878
55.7178257528343
54.5013755286064
56.8624623744702
56.4059209780742
48.4563088308059
47.6122303504704
45.8992637728357
49.6039816013592
47.8309793632786
52.9067378419578
52.7282718039897
47.639126990529
47.0218600926945
50.3308287708221
55.0966871650945
56.2193077635613
59.8094829668155
44.7082414133364
45.7913273030555
48.499851892846
48.7830231646435
49.5777760818568
47.2772249731963
54.4766889244651
49.9521568219841
46.0789410490224
53.9367500068103
52.9672316802814
51.271117926994
53.6666395187084
52.6371602817417
51.5190620081818
46.7550312345218
53.3885515522014
52.5138940309852
53.6599688770863
55.0966556529888
49.0014649149898
46.9993167862786
47.5479590983892
57.1202971011682
53.2555592794877
46.3960784524914
47.8750992400237
54.0182084398006
46.5941973366105
56.0740435810752
70.6650473924439
51.0406185763719
49.2331932277382
53.1817220117982
57.0678221591731
46.5566562102107
59.519041078476
49.4005712043103
50.4227900288116
51.5037485915172
50.2339506960162
44.2811921544999
49.8589402159991
45.9047745497622
55.4129959198288
51.4487475590222
50.3564792744769
49.2012062619324
46.568188138079
58.9207157833785
49.400249708114
49.2334406009684
49.4215012725862
52.9970522664858
49.5745521366356
51.0935746566871
54.4414481409102
51.9182417531941
53.6972828483336
49.3606544844828
54.9182839352418
47.4973764601644
49.2184587391592
49.8444867819384
55.8599856134513
52.9912313722677
48.1462299722837
51.5366630257703
48.81349865752
52.3158773421143
50.0545459294057
52.4446959103088
46.7354682924266
56.5560321329392
54.1895316786079
60.8689411707061
51.6860878311596
52.9761918547526
54.1874437534634
51.2189105552293
45.583526755868
51.7834998270917
47.5049727704446
53.8229652961803
44.1058627077742
46.3396929159015
47.9732957268341
48.3660250118983
49.5598399189066
47.9338449322618
49.5445510153099
48.2831114073751
65.6848601744088
45.17060294178
43.9312290247985
52.1443638413535
53.9981778143436
51.2259446838533
51.9668105239547
48.782281107007
47.8213791858314
50.881340555491
50.2775741750151
48.422549933715
52.1292815118184
53.1550537983141
54.4444119371888
54.0749650721267
47.993402422437
55.7456066437686
51.7058510848337
48.3847061090318
49.9152325270548
49.3612174850875
47.7260596681191
49.1795632371747
53.4273022161515
46.6905464757736
46.1201997439423
50.5325599225783
50.9244986407356
49.6203586874333
53.8767720437374
47.9419225733442
46.7148528095632
46.6858365498038
45.123003522213
54.3684212398947
47.8259099209053
44.2216071444189
55.5563691821794
48.9783939171274
50.5010118311672
49.9062192829475
50.3549240585902
54.0226146462884
53.1324817789954
50.9776918829843
54.0609632804458
46.4932783789065
52.5335491559453
47.84059856235
48.8964568924562
45.4946533429032
54.996171615133
54.6886583141639
52.4862056693986
52.4024928738816
50.6478841465734
56.0340529705545
50.8711977101354
52.3231158283934
48.0082747577431
48.4693586452409
50.1854190651456
47.0313503312641
46.3955280088282
53.8806493474907
48.0123497311674
49.6211208949513
54.0871371068674
56.1635564086295
49.497653068323
59.1224696214458
57.2420748649455
55.2599798335818
51.8654797357675
50.4212766118983
52.7022864918031
45.9944027465048
48.0351933015215
50.7514408541459
48.6594120756504
50.7924064373342
48.9006814669373
51.5563748994262
52.7628870946656
50.2670128340475
49.1299719032477
46.0675438778033
56.3746343079459
53.5590197757315
49.1672231953207
50.1263625998793
55.0692348777369
46.233179207253
50.0344267920709
45.5620499544115
51.9479376259202
49.999900031396
50.6843880839452
59.2977926023003
52.8669251601451
48.9843979971585
50.9215063384866
51.3488322311203
51.3268434214702
50.7540077524702
50.1027477433212
45.5131276979974
45.0122878275878
47.7306844288944
52.8227190303229
51.6571207466511
55.039037119898
45.9194062959051
49.8086333961984
52.2874173475292
44.5004944167589
49.3937146605767
46.9809618255056
49.0578600817668
43.2489204394308
48.7712203050207
45.1475367631032
51.6205710129098
50.2947635494948
49.5582664153388
52.5988875654387
53.9009990226843
46.7866222039062
51.6090203950577
54.3684468310656
57.2897410675698
51.1798738790532
51.5381181767422
51.7741054883529
50.9081206188354
51.9932998638912
56.0422193633446
47.1668478346955
51.0382236382041
46.7668912285242
45.7031269214089
57.3813663524126
51.9473203242234
46.3476949139781
57.581197945519
48.1557301582216
48.0707721806142
50.1188020083461
52.6280830557553
44.6148078836806
50.0071756533482
53.0287149386038
47.5676785492504
46.0453653119008
51.098170917061
49.7235512256953
51.0425355303494
49.399593065862
51.596261193037
51.8171179495793
54.0405562149908
49.6554884081522
56.3928155442957
57.5273481074446
53.2455757087359
48.6001770992086
51.5478096790008
47.3654031859872
43.2347111607227
55.3224099644932
60.5352395311833
48.3204556180979
49.8968731050758
47.0366137308558
51.8388006686117
49.9414261377878
52.2765787914799
49.4507754284241
46.4115661284957
51.516794883456
51.8589047592902
44.7406473031832
48.3250736967802
53.919235712491
48.9625054440987
49.9770621274438
53.1200621941349
52.7625349424922
51.0836956465485
49.1251378259578
50.448875082206
47.1071306413168
53.4255570199241
54.3914821127996
53.6298956788241
52.8924826884947
49.9410057623553
57.2489681424984
49.999208771852
56.1796415251145
47.2996999222779
51.5787910125423
52.3276070174414
56.6649537172935
56.7800745989747
49.6273298462501
50.9418915678961
60.4029832368573
46.6052071091902
49.0032066562576
51.8525157376347
52.0559529189785
45.0601197389236
51.4960668169325
45.2538573949523
50.6838096881931
52.788382423067
49.6558006835824
47.7226770060096
48.1162789394229
49.1923905642555
46.6812207874527
51.5369155474284
46.9972010927824
50.2043459373118
55.0975863414591
50.450188275127
52.1802279453265
47.6658320716168
47.9679400209081
48.7890195384909
51.8209719673956
54.8296965223452
53.3045673355556
63.3743265413807
52.9250551368924
53.0485658206581
50.944616149231
50.159698881647
52.3515312488739
46.1302784741806
52.83749142527
50.2961617126463
49.5729834934451
48.4340052139011
55.3532594723979
47.7488431511707
59.4606391489428
49.6616484116179
54.3149840303784
55.6997624552247
49.5509600532914
51.0266036803962
52.9796629645644
49.4470420241998
54.2778549271188
52.8572735846266
48.8919735510568
46.873073789806
54.2608369653728
47.9873201901213
46.7793988258226
47.548196779842
52.0037167573258
50.0295057523145
45.3698217035894
45.3240477492372
49.3005153775105
42.1238719151766
48.5152347744768
49.2694926474966
48.3398132090517
49.1088350267323
44.1096740672629
53.6172702148264
47.117316459612
50.9858421769358
59.6080766327058
47.5639697340651
50.9213924381367
50.1727200804289
50.7813308847166
50.2398412060916
54.6452118921785
46.2322829109461
46.7075452486295
55.4308994669035
56.2275216326668
47.9181537751858
51.2510597346448
48.0912474839304
48.6150067419883
52.6660092609763
44.1221365465039
49.0595780362475
53.4960745543051
53.359643027104
51.9719269478358
53.4107474411385
53.1015122132982
53.8487368725397
51.5720534136963
53.4289161986241
52.4507058477949
48.5700863367538
49.6276624872333
50.3483632129286
53.4084186595069
52.9483307623819
48.0719622157672
59.2435466357631
43.3382889618298
48.5222480746412
57.4792187466115
51.3296553943468
45.8959939352075
48.4442377683865
53.076769640962
60.8868485769791
52.1524112303872
52.0620019787663
48.3125058278315
47.7751354249866
47.7281671352801
54.0286339376512
52.8195639673513
57.8000372431427
54.3811592924057
48.0435909589035
54.3496792816097
50.2283248526075
56.2259782907111
57.1799602587224
56.8047003423767
53.5272741833859
47.831160520087
48.681490977884
49.7335025806149
47.6005332488829
55.0773771265556
48.7444436284669
47.2812312804578
52.3717640266163
45.9317337705184
49.0841521526772
52.9407462629624
46.6311912305389
51.7761108448194
51.1713137102994
50.8148285095167
53.0747377920487
54.8231546676797
49.3026136627279
51.5951395949973
53.6744270592998
47.8918286430477
47.1985415589074
52.796156900208
60.3141943596746
47.9505157744127
47.3832924607667
46.0424402784196
50.6941913761677
49.3157586606016
52.8467497809327
47.806292542557
52.7703588544122
48.6610157305721
58.5312466961548
54.0416670255416
51.7930046371667
46.7666394581637
59.9928602730722
47.8526528623402
54.9212854536574
50.8969917490219
46.0430969375436
46.1700560105845
46.2149507181918
53.007575488173
44.4591706065952
56.2825249427073
51.5605844277809
45.1872480320189
60.2824864988489
50.4604186021077
45.5769208576255
64.1567241474197
48.9897493951712
48.3008597026225
48.7471490138413
42.6878682555181
49.78633752867
49.1988039626162
55.0877269038782
50.2616103615764
43.5109216865351
49.6263695959354
50.6954224820069
51.5814471496146
47.544942989658
46.9941322134631
44.5558322486961
50.6858568739763
48.8762845706267
53.8885039477288
50.6905002747668
48.32680397062
57.5658978643662
49.9607937117098
49.3524971055662
54.4147387667775
49.1227928563858
46.5358545633749
56.8649830374262
49.0838530551886
50.7688090884885
50.6930892328926
49.5044065440528
49.8228474060281
50.1801542314946
50.2633053356017
52.4808373100673
52.279470208407
51.328192589134
45.7395694440219
58.3288279722134
57.7936044015452
54.8204075818833
53.9660386509177
51.5664868608192
53.6992422127394
44.4043100283662
48.8835838791789
49.0527866448622
47.6262817224633
59.6166777359274
49.7324806446223
65.3295973250777
50.4643820679859
52.8112907356106
50.9235272715903
45.8787022140495
54.0596600458514
51.7488393469628
46.4655848095349
47.9674926688606
46.6357550039925
50.4383251904019
48.4866181428842
50.4745113696156
44.747840348006
53.6705772992506
54.0516244700969
54.6283326778759
51.2659491192742
49.6852596199224
46.7523201398907
53.0438951078528
55.7187838511246
53.2417817695415
52.7296599645357
51.8584453141433
48.4120979614244
52.4144776174139
46.1181822918467
52.7515798181813
47.3379562960933
50.5690575681935
49.6421072850338
54.9286461177614
47.8609495611753
46.7572254907893
52.5474754620244
56.845906426575
52.2737496999465
52.5070864005878
50.7031263433889
60.1729665848559
48.8165962545306
53.5858578404265
51.5344043933356
52.6266005738906
52.7897001064702
51.0675138047711
46.7290968787235
52.454327646829
48.3768619048918
53.0404959828226
47.5551801831843
59.8437210227071
49.0717873324045
47.5655604634857
49.9984257029694
48.0321372691567
52.8953233561934
49.2181031220737
48.9702446309395
50.93653557815
43.208713834173
54.9859253959591
57.5585234164714
56.7037418212781
53.0134059384842
52.341431747215
52.7016338959975
46.4482164801207
53.3993762646486
45.1181154391336
59.9532151786775
52.979913647863
52.7338868502393
56.6279890700744
51.7014606119131
56.2702148249995
49.6789767519539
56.5588089343494
46.2720095610639
52.0870528215547
47.8520508154526
49.2058887623395
46.4350164593413
47.8709269650323
51.463917097922
51.4104015117345
67.5211952624816
47.0824654881036
52.8981545662175
48.6004013937124
47.8332084657464
51.6940242465353
56.1295334187205
47.7676210817403
51.6222344597732
57.2544820277269
50.3713075657933
58.4690462588932
48.5757895418748
54.6091935775134
52.6586474397587
52.1288491393634
54.5910220782477
50.9984665378246
54.1753347662505
46.5236652241605
53.201021562014
52.7109725756402
45.5406091016305
51.4045979331154
54.8936274098868
56.9759782061464
46.4003222052149
49.2811682465825
49.1391937780109
48.9805851898366
51.2652253063081
56.3993917031768
48.5296990961227
47.6381348077484
45.4877521382724
52.9977844652003
48.3347261751369
51.293393680657
51.0136836545698
52.1108149696816
47.7363142832543
51.7910631575379
50.5843129392332
60.4123679769688
47.2446371867743
48.022305067795
46.7626783674501
54.4886217107719
52.1109649561908
48.4153860616761
49.0631617767795
46.2340229889987
46.4673159396866
47.2539225589225
47.3269059269141
43.9674653831973
56.7875401410682
51.2848473645197
47.8315191362402
51.9746185522062
53.2426343453412
50.2399308346087
49.2542228063247
49.935967034948
43.9779388827588
52.1874839223485
46.217584913331
48.9405644253609
58.6986363119198
55.97827121073
47.0919442057941
51.7615357142514
52.4889256445876
59.9888046264349
52.9535367453914
56.0880998281167
48.7998471979341
48.2078849852023
46.4875538105033
56.3697189393473
45.7227952352138
47.9998209661501
50.1494667555708
48.231754565926
53.6001420242076
47.8273878282143
51.2581097442439
52.4351681612529
47.6757510922079
48.1455590255878
56.2977226542263
46.9090982635564
56.2543393756716
54.3789608426958
49.4538789532837
49.971358644455
48.3985040921796
53.7277104312228
55.2064470328404
47.7630499481657
56.2708281010097
49.9136332056451
49.7875064237351
45.7157946609232
48.6235922907727
51.0899827670342
50.6062982289917
56.3102672296677
49.3663129436498
52.432512764503
51.2476035577121
56.3949018812658
53.2479352716297
49.5800560720897
48.7735458083968
52.9458886903155
51.9544563745814
52.8373901759039
48.881083078183
54.1981460502735
46.3976911691352
48.1069468315033
56.1852201574485
48.4616999980269
51.8993000349358
50.2868391231622
49.5716119514421
50.5545963146983
52.8558492156766
52.1194128055869
50.1726965504941
55.0685810946635
55.8995646323643
47.6785841938078
46.486528886769
55.1048390634289
52.8542470808838
50.5962007649265
49.2466756076065
47.4581784061279
47.5729410222171
44.4263062883509
45.1623621547422
50.7850897845027
47.9693391278527
51.6772952293717
51.9811149982244
60.2822495274991
53.4931954201453
51.7450918402714
53.6519111462123
54.7631114699623
46.1651780301477
52.3049524258976
49.8165168473808
49.5904984157739
53.1356214394477
45.6165808173667
52.4355326454276
49.579268563166
52.9675029415635
57.67758237053
48.6672567206991
48.5621217177612
48.1651127864667
50.311896561736
45.9021983731839
63.3586817560018
58.8592883277779
48.5187186326912
55.4258635338167
53.0539390094075
53.785706921222
46.5088129191072
54.5718582711967
57.6174300484066
46.7171435314439
52.4390379967974
59.3168025678226
45.4995405441604
63.4188645571232
43.6501006253547
54.2257900513319
53.3307677481058
46.4778888057787
54.8551580874407
52.8044482399812
59.1926774392352
50.1142602462483
49.4280286699187
50.4409032987199
48.5954033548842
51.2226491525885
46.6431051925271
49.9002105497567
48.892675735025
54.6238613689233
46.2273224742499
49.3889486674469
51.8699203035218
48.8300060143484
55.5913305817198
49.7448515595827
57.9126303719518
51.8399293070219
52.3203196186786
52.5009380054076
55.4756771428445
50.5938554740928
52.2989215724695
54.0677490566604
47.2455053747562
46.8980376787495
54.4015172501356
51.3570875583467
50.3701919692951
47.2058438070347
49.9939014077248
49.9064782282787
48.2255190751058
49.0975774777527
60.372099912929
46.2366814792995
54.5638216579991
54.452734804918
53.9246061719608
52.2180171984571
45.3190427678348
48.6938590442073
54.802223602472
45.6166838099699
54.9410330029557
46.8201279226822
52.5395673075924
51.504890078724
48.1362432925552
51.1752715021869
54.326425063159
43.2868635903841
51.3659143820061
45.3447177018634
56.3456771801289
50.6942937788262
45.5114415054661
51.0368493530166
56.5934240773009
51.2258801155615
48.178704783185
53.1627109505768
53.3357654049129
43.8046488731624
51.0392202636495
59.331818843557
54.7851435564628
49.8985172224506
48.0614660535926
52.2143987968709
51.3246163893473
55.6407079602575
46.0579032799015
49.9362139534411
52.6148267380274
45.9174646378204
55.2234873730251
51.1472534043626
46.5860274392884
47.0391061097757
49.0072658241586
42.5072305092186
47.9542603211505
53.8525865274928
54.5857025930079
47.0794351593466
54.1455516232641
46.2166187403098
53.620381550046
47.9240335279715
51.6146559348081
50.427108689613
55.0889059577637
60.4426777335903
52.665257316102
44.5745749173485
49.5433679623056
50.4365333694555
53.0877237772914
48.1330979702805
45.1580769235945
56.098315716893
50.9458782650556
52.7392742049862
48.542633557834
46.6197460634166
58.2371363246744
48.7677861323411
47.3634963627445
49.5864547907708
50.0112060766014
58.0397297385392
53.2443524271206
46.7003726776496
58.2479716560755
52.3915233353096
55.4872813287124
52.8132866013104
49.4631094106752
49.6559271314954
50.4552943022871
58.7917673054435
57.3111611680278
49.1260210164717
53.0413153345804
51.8605181637293
51.4039016781581
51.7717936931619
52.2797533866442
52.8584931584651
51.4482554870985
54.9152543607662
56.0378157652244
50.4667754953992
52.1904473166175
51.2057639619312
53.0211602930172
54.8052489552857
51.0386191558846
47.0154082291487
50.6634723081182
47.7081873579574
50.3192271267535
51.9054189625633
54.5426347284052
50.5352768932003
48.6397919631475
53.2306087937683
53.7908580704012
47.0431136326411
53.1136220993169
50.9402006485762
49.5197295219735
46.9117246647903
46.9872039860183
60.7387146057199
48.2339544983089
42.5077189211326
54.3869367963312
50.3574855774243
44.8224892650646
48.1277918685469
47.3547772939658
48.892331758991
53.3830682430654
54.5627800555094
49.3889071592699
54.2293203376738
51.593536697322
54.1129000089834
57.2415177563357
51.1467271059193
49.656122262224
46.827894403001
48.0184102806781
50.684809160661
56.2112730019389
54.0051523860299
50.6867560571997
52.3075004797832
51.441852334301
49.7505031757016
45.622417126364
56.0717290488632
57.9321320707374
52.0202965187969
45.4376871753183
44.2927331396646
45.8217743465581
46.8649287407259
46.1376731500226
52.9582034005813
54.0758242315682
48.2527030243435
45.9197104569044
51.0518614807869
49.4767543662284
56.5647547304689
52.5766938482466
48.3545835373828
53.2959234031883
49.8069747541962
54.4808245035626
52.5662288632782
54.1561014694683
54.3887287114699
46.7182267666565
53.6345348858001
53.924139190094
50.5146367831313
50.9783644501986
48.5570340841184
52.2354935172812
54.4651312535473
53.2926130481841
50.1059252125041
51.2505488397535
62.9714385332901
54.8752687774223
51.7090482935211
58.4754567497748
49.2537024768691
53.7375407095357
56.0811511026011
51.0600469392849
53.0894087894414
56.3932005663581
54.9746988156106
60.5903778926229
53.3759861465995
52.5918635253145
47.4276972624583
49.0569333584868
51.0971837035918
45.2231652551027
51.230582190885
50.0931763433864
48.9739640092877
48.5775861998551
50.4061655475132
46.3047275953206
55.9774929849829
51.2633449927929
57.527722811356
49.2451110638139
49.6837001982622
45.7054843967018
50.4869738997332
48.8790702027128
52.5276334000456
49.9960660968344
50.177671178381
46.7880000649122
53.1536893323304
46.1372443719626
45.7856563261159
50.0695214784312
51.0440869956499
49.9811166428341
48.813375750987
53.9503833665756
55.6202729983605
62.1925789761548
56.551294185536
56.7717860105139
58.7145205558589
62.4284472176577
51.8361407102263
57.9390981669161
55.1768606671941
52.954620029546
50.0912605369533
48.7322006046479
46.8358403904574
46.1492600901911
52.8578899410559
49.8415067384802
48.7436166992257
52.3190379385531
45.7273226616842
44.707324173497
51.2794429635303
65.8877752020989
50.2031699480523
51.0051986864287
56.9234797284132
56.2152656458159
49.4347034531765
48.3773591458831
54.2392467450394
52.6501671683249
56.2799108337542
54.9790520877205
51.9357689919093
54.1507342299348
56.2862564437478
47.3530262200119
45.7176960435411
50.110357490322
51.2487055523288
55.1422368674627
47.453215614522
45.8797042094978
54.5690458607484
49.1664053366619
46.915888370187
51.5144515878264
53.2141193551435
51.3881337954922
47.3241638414564
52.9552588292764
52.5844232716147
53.9315521742448
48.6200628326904
47.8766146976275
58.3597169877114
47.4229014239444
45.8178652273905
55.8865343993868
51.5305392404856
51.5222689911808
49.0971227765964
53.2773852882347
49.1687888364202
51.7062773366819
55.2109733262466
54.7067896815359
48.5768691451391
43.9363018525773
45.753010155426
47.7799884497021
48.7485673235222
56.1552907314169
48.7129558560494
44.9007977296634
51.4850644513232
56.5936422769187
48.9272741190273
57.276107124491
56.4903714718503
49.7899187459857
52.6818915310991
48.7962302383438
46.8338565816817
49.7050324913096
54.8881607268619
50.5253290106801
47.4884942577939
51.8601665500773
52.0148743328213
51.3110834426282
52.8974789363333
51.2853744957712
48.2641859452391
43.0125008744443
48.0910372675955
47.2475119937165
61.5507391761365
53.2756998796255
46.9979889501152
52.201101537009
51.4724734152081
50.0365050491979
57.7520459597883
54.259054972314
58.8181520875122
46.5602609790726
44.9988943438066
49.2016340620902
50.4254505572546
49.1182771595969
48.8504884732034
51.3031177929783
50.1539817302976
43.5969369532432
56.2356496421657
46.5233715199818
61.2846345340696
50.3272251741596
51.9813658507104
49.4486128602202
55.6607958296728
51.3786263497087
52.0495866126194
49.7532939696632
57.6687174868293
49.9266694629616
49.7214589051481
57.3105336753622
47.8405795336918
50.0336107368886
50.7718347657558
52.3609029157928
48.8612197040523
48.7994603350693
50.7671679328393
47.6526138390032
53.0558229315208
53.7958084907735
50.4897232138887
47.9649550005524
45.3851494493076
53.605311531438
48.7505768130478
55.6220979015863
52.0819322383639
45.7505549674257
47.3202234713816
52.970051242962
47.1442171900054
44.8932469909938
54.7808952510573
52.0776636487012
46.6261355718483
45.7430390662392
49.9454138101656
48.1235205423388
48.6074743239431
45.8132501101632
50.8751731798256
51.8546851955246
44.8545380007626
47.1674107050815
50.2564957715781
46.4858501796981
44.5788362547641
54.3256499419403
49.6592032351768
47.8934241459439
50.8389626429903
44.2083433299032
55.1801270774248
54.0905782680586
54.3845678678413
47.3657491362795
52.5829760746632
47.3961401572419
53.4793563631016
45.2994848362755
45.9003644807769
49.575518126554
52.2511168279305
51.8727454259095
51.9079311758721
57.2762708933907
52.708166228644
50.9313549467468
51.564458270954
52.956168152281
61.8915836519828
49.1726869711375
48.8690817818093
49.4635743305944
46.8442246808796
51.7115340240864
45.4700681785832
54.1460312438806
53.6731861619357
47.6820142890628
57.3105929025521
54.1927781088122
51.5002672183987
51.0834390645976
52.9386118530804
47.0326628151901
58.8023291332845
49.1299235628829
52.5542220449865
48.9013636269408
54.0222919319113
51.67631070917
54.5304492107592
52.4239455562151
48.9117515684241
53.9776490802407
51.3374557475035
53.3779268212149
47.7991259376575
56.8997126480923
49.4098049255219
63.0099458781875
46.9550445666698
47.8707093886171
42.9519785246492
52.3253759764091
61.7720193725389
50.2118947459406
49.9887902138384
47.8004106808241
49.5698990230104
48.7729248681421
49.116660435315
55.8992522188374
47.574762938276
54.3387597159566
47.1224088395059
49.6011629302017
52.2685618178622
53.3854112767172
48.4049914337014
50.8945104659913
53.3841547354328
51.4684483769887
49.2432483275619
54.1955978475305
50.0567475874231
56.7021586577579
50.047578441028
47.3957750111609
55.7316571934721
50.5959341888097
49.810274201189
47.2287881366072
47.9033683666149
58.7772514013628
47.5221760353563
46.4082728112858
47.7880569968317
46.7272311268979
47.25273911914
51.6671537306343
56.0520958034065
59.3931791078066
49.141477893256
51.5891886067059
42.9131412143607
48.0895024243355
48.1209642409252
53.6630787399268
49.2459409833849
49.8140115004191
49.5869996415293
51.5132817801978
51.9704192097122
50.0772831954511
48.0390679602448
50.017465175946
54.3995418217289
48.7487027001678
52.7363937726853
52.6097617247961
57.1270417167075
49.2738979010221
57.1307835476835
46.29004037561
49.9383426167409
51.9361592312167
52.5723710450891
50.7056540792422
47.201910527063
51.8967033320419
52.3536297221254
45.4524256742876
46.989521533182
53.6347256543458
57.5859978065134
49.8964232692643
50.6934326482553
52.4120294304509
47.4274865364821
51.8665623227421
52.7909046999602
52.7984394867906
53.7791183100761
51.8517028962663
48.0367195176739
50.3535932736501
54.3713370728289
51.9096524210611
47.9947431979791
52.2199071286303
49.1619035213748
49.8789686163126
45.1011971572048
53.0081289080273
46.8295322096626
54.2500726453663
46.5408007442556
48.1774635930191
48.6333066633446
55.1725721773777
47.1918968073194
52.8643692202128
51.3774142666903
48.8356938005018
45.8223265885198
49.9536321411866
57.6002117374454
50.3567249850036
52.0008739225235
51.0935573904908
52.6734441615961
50.0037681098937
54.7810475587195
46.5977105293175
51.0792859955156
49.6029366767936
51.0726340530842
52.7555445108943
56.1240276643649
49.6680987185581
62.0262125387989
43.6727961059756
53.8636983264633
48.446820220305
58.2858913340235
52.7350014811021
67.9067647342926
54.2858650104276
58.0649525327356
48.042718918375
44.3404056917325
62.6799369335637
43.0224742932243
54.1528420928051
52.490161842289
47.9718572691326
54.6426335303677
50.4218140666671
48.5672413135495
53.6269090206977
52.5258470375204
47.006899465998
49.4108380073833
49.0151674012043
48.8338961880004
50.2530410668857
48.0534662859809
56.2805248273978
53.4958531702844
52.6104434202448
49.0508683881003
51.25894687765
53.4705038263031
47.4886122599668
47.4997087651143
50.0177655702077
51.4832184967067
57.4513344790932
48.3106945386217
54.0009478319929
48.0224781729227
54.632811865177
57.306751631284
52.8649419093733
45.0369612181141
55.6329050964757
49.857525969957
49.6093494083126
42.6860671706238
47.3079595048617
53.6883022144429
48.2500809622062
60.6239022937417
50.1484188106635
55.877667830239
50.9638753857662
47.7960895101894
50.8424621982282
53.8173210857857
60.6337625360097
45.4625691141017
45.4674390957143
52.3009075530704
52.9083234788916
49.995289181641
52.6556662273963
55.9032679377545
50.7421192551977
46.8286035174545
44.4973129450816
52.8106408156518
51.2892148590509
47.3709758500569
49.2756713068735
52.4502588291368
49.9992994574428
44.8683132875409
53.2790327327311
56.3882092877651
45.4010749966449
48.1922376920186
48.830654071889
46.1968684654295
53.8697772923214
50.1978339615825
55.9420325151188
46.9244438673686
47.3590202413954
57.1071058857482
44.7724350360165
53.4935642583242
51.6128379186677
53.1304959109014
52.492894752316
52.1063266678005
45.5244041947249
47.8554786770464
49.5276507369636
53.4814380274973
45.3838695440795
55.6979061989948
46.6435029033802
55.9611775517333
51.2085384656356
51.7583664688382
55.6383176588792
46.7387303445942
45.0634021499855
49.8847735831937
53.1508283965673
53.1797998049183
52.4125186678493
51.7899516139561
45.6062275854308
49.7116552804971
51.5570442705141
43.7748406053129
53.1528201919822
48.7325731786312
54.4275351652499
43.8739713368373
45.586406861972
49.7988530346482
55.1761050954014
55.1119376781624
45.9932998158751
52.7129413684536
59.2992410875855
52.1813860307707
47.3051813636184
47.0721957522182
49.1679331238532
47.1862597972361
53.2905179674494
56.2902138139714
47.1285097678904
52.1061285651631
45.1854847255234
46.9949700799224
49.5886805132034
55.3988948820761
48.5318510548874
46.295507333113
58.4871249458293
52.6680306485457
56.7954841794973
47.7418967918784
50.5964647690275
44.0427924811228
54.5615621734719
50.2264088269331
45.6135849941793
55.0660826259975
45.5546341998649
48.0083289800756
54.3998918600328
47.8360925081981
55.763441666269
47.4856468180972
51.4710277793697
46.9519740622753
48.9230577082953
52.9764811472759
54.391775348267
44.6690513463439
51.6714831208118
63.3177177577337
49.5484190856283
46.0291853619138
49.7814821629463
48.4069558683158
56.8602295087226
54.3681178036107
49.4467490589195
56.6482266421254
52.2587387853858
46.9153045215351
50.0741063671282
52.6357544810797
52.5467120980575
52.5400231710748
51.5041402505954
48.1504504793933
48.1809404063367
60.6109124577322
52.267748089993
43.679615420118
45.8066422711496
50.9496289261121
54.5382413616187
55.2865567988887
55.5495929642247
52.9335324295839
54.8084945310858
54.1512894132265
53.97060376107
50.4593854742465
55.5653423650334
54.4325945890322
49.8034260091401
52.3374716840869
54.593257670652
57.478935264168
46.9880924437686
44.9907398951712
47.7952544030493
53.2574766089622
46.2221046829646
51.5805306262869
54.6556779141115
54.6623159072678
57.3408298439496
44.4374945120777
50.822403290438
51.0618034744815
47.1820580120812
54.7215373438082
56.2281674113684
48.0787316715598
49.5975712511918
53.7887076937759
50.4673984663941
49.2108013473338
61.636336573165
49.6367614636514
50.0635750114945
50.3389222281913
52.0937106284336
52.6097087984041
57.2336331394897
53.5147019021918
46.0632182006127
54.0909457796097
49.4503080078432
50.0264479974445
49.7792793823127
42.5289731626888
48.6915720428013
55.7425255274455
48.0635224767798
49.4847439886364
57.8198371680355
49.2845372383995
43.7732193536048
46.6192262308992
57.5393751916657
51.7707091892708
50.3103311717692
49.1098786402612
60.9654843063462
50.6258438211394
53.054697892295
54.4767508755554
53.5707780766198
56.1241152901398
50.8717829138447
52.9534625083098
45.0109483707001
49.6873141911599
58.7305759404046
49.8586910735995
50.0657045154
53.8848984332741
46.8508215125212
51.222450908428
46.033172120463
52.7964603819163
43.4956550228853
53.430697291274
47.7132542052244
45.0776129139969
54.6805328948717
54.9778365761813
55.0384932799594
48.0826897569603
50.3514987481939
54.3120048995074
48.2266024092964
53.7300580363198
47.8535557279531
49.0880726168976
51.6117639343944
45.1820915990167
52.0662457831556
50.6768871728488
55.1029968426022
49.5683141788812
59.5712854235046
50.1776600408773
47.1313492092997
45.6316988322164
47.1692383664527
44.5747644223953
52.9640137519544
44.8631660210018
56.4357580058318
48.4354124786844
44.9906598566895
50.3338112768093
51.7644135758272
45.9658757811504
52.0579133977977
55.2124405746538
53.4966146469226
49.3257261518423
53.8302683386958
48.4512582428819
51.8917151831453
47.4995561916377
55.6709695338803
54.8721330671334
58.8747910841092
44.486570489498
48.0980980004802
41.9817194921706
45.4127102537338
49.2074761694075
54.4918238870867
52.8521101077495
50.7393306918926
52.5211516493831
51.7574153848715
51.1073550146123
46.7699345287894
47.1197073859658
62.5011053305581
49.044810438421
48.4756599669539
49.0898587437366
50.7175947755045
51.0172952393145
59.5427514254505
47.7622843960824
50.4785310534182
49.4603813992593
49.1656065550848
56.0248998032737
46.7877674862021
48.5425807472246
47.9586738953218
51.8196046467303
55.7143612745568
51.9328261712246
51.7917667716084
55.7930048794754
52.0319861399596
48.4912609531334
53.7271169936857
54.5520909808251
57.6207628710845
48.2572250405245
47.9843437184096
52.8383521303911
46.1563982754907
50.3645177064551
49.4295252659454
49.2456996957594
50.0747663581898
50.1060138422636
51.0828458931594
53.010357216362
52.3363575221738
51.1418372107585
54.9474614966366
53.5115291129085
55.7213330505517
55.3556971092717
44.6536082164511
50.4935257090821
50.7947280562868
50.654864497588
50.7398177840306
48.0158245232413
56.3197138471005
50.6311100426235
50.7754337582105
54.6790778183103
51.933663147194
50.3074759796315
56.9892615147245
50.6302626198272
53.2094111319054
52.242660344759
46.6200858134398
57.1800069734259
51.7367174842436
57.3122300897121
48.3642566161041
48.6157950502287
51.9921337584817
52.945459827758
48.5730544719064
48.6954756505016
45.0541498510429
44.8209470643484
46.0220312905559
46.2527762347891
50.4285414416608
48.7804421758977
56.526275376278
50.9081054390251
46.8785290500862
50.0553642997089
52.3854132310449
47.1968215014702
51.8506073487262
55.4294342830651
46.4278855774959
49.4018691154047
52.9117157306683
48.1612883456961
47.4057351361155
48.8071064681418
56.5789181516114
50.4360778749271
61.0146390766193
52.075114189954
51.8158058171745
45.8438369801023
54.9085208817995
53.9623514858073
57.5547305483558
48.6018423860079
57.6913552547847
51.6583904351836
47.1429884653961
51.9928367819799
46.7210991294262
52.8120766959129
53.71917128564
44.7076740782679
49.4268140543112
52.6773690883098
46.0845834294123
55.5128426726161
52.783943679031
50.5739597729131
53.024685777383
50.4310523942744
45.1776388562818
48.0169576336555
45.4299305162036
51.6915557542072
53.635590543271
52.1230054068523
