52.2050245827078
47.2550633833754
55.5973020816813
50.2704957720439
53.4162824575973
54.3302343183984
47.6245336836084
56.3626478403158
46.5862055168139
50.7544112287441
52.5063010331001
55.0498809833834
57.1302319926837
54.7799853100295
53.1701504895664
49.7209973830844
48.9753029096141
46.4867573208348
50.6400582978086
52.8111524057826
48.5041460801536
50.95563461452
46.5826390500473
50.0685146687925
53.1570947185017
45.6467697777497
53.1106203303869
53.8871139116323
59.7495444961016
51.9992316206484
56.2305177078994
61.0674038037425
49.0620154206304
48.958218027635
47.8654533549022
49.4750921515813
48.6738071374605
61.416147496885
46.9809725043093
53.2742795870462
48.8287458268338
53.9631655768083
57.6521975414487
47.5248082179714
44.77699583335
50.6497913353556
48.9369480155935
59.0340906690508
45.9276571764716
44.2609715707571
42.5405624121899
47.9752142623463
51.5836710993911
50.5415761160421
56.5025715996581
61.2102152787452
44.2967525527815
50.559856302924
66.536386936055
52.2235766961447
46.4013975346372
48.1710908993011
47.7811440644737
49.4572575321545
53.5339314485067
49.7401425454172
49.3903529054927
47.5005788884723
42.164343706169
46.6644878571867
48.7510316784699
52.8781355020414
48.5506772719804
50.8197616489187
52.0024406558671
55.2384364613321
48.7417681808295
53.6129160763407
47.5475107751535
55.3005864948918
55.6724471855683
50.3816671690355
56.4854172635526
48.0033517711405
51.5956076220987
47.3573175709083
47.9657949103988
48.6352942995497
52.113371661671
48.7377313345506
59.1725658243313
47.0695906878756
50.2737548011148
53.2177186502921
48.6778966288847
49.2659229250906
48.7490089503125
53.2715823984777
45.2097420597277
54.8749583791715
50.5505828609264
53.5401478382304
59.6220411080575
50.6842165612694
51.8103408750741
50.6125376551874
48.8788635431704
57.1764436074741
49.1282177689337
47.9028638650583
47.0272289065446
50.0889139736591
54.328041804713
50.128241397671
47.7933043895462
49.3498742292238
54.9764327826664
43.0478677042845
50.3572181358399
44.7487803161046
49.9426664358681
48.1246368503199
52.2784318692016
47.8981039128829
48.2476332814441
46.6794027846034
50.264457505691
50.1547222523124
51.7386056308676
52.9511749278537
48.1595203341545
50.4292907588674
49.4158219048131
54.1725521599073
45.4584809959185
50.238546398985
59.6367158996365
45.8727569402055
45.8579943973769
52.4557922945448
52.1994539830424
50.0089372683301
48.2135644540059
47.2530693318691
56.8377602088203
49.8161621764024
51.8354608105795
48.447129201802
47.6234658591861
49.7056199234135
47.7992500280341
59.2392804433487
50.0875707115193
43.5150352488231
48.3952132574698
56.151056461174
46.6800487442347
48.4194608076442
63.1222630112477
51.0666430614429
57.1706496793544
47.7038761328766
56.5848455920555
44.9531033570103
55.4828009843482
51.7067998466604
49.8521520834051
57.2379637419222
46.0209428626315
52.8804541335405
51.4385830226015
50.9214895541026
49.7023627470662
49.5185364220156
47.6063723434275
50.2099415443293
49.6142978280031
56.2859330582743
58.7286856247419
47.9851478149824
50.252974703364
48.3339488700016
54.7529570089359
47.9760077252613
49.4155583242972
51.0152054632039
53.012196837531
46.0640196088158
51.6885351458461
51.3304355146227
55.3068304415155
57.5384136633306
54.6286379399127
52.1812627376765
47.6696287046461
52.5331071192081
48.345188888042
46.5095684410556
51.1435626727015
48.7673571991266
44.7617082325606
46.445815791731
46.7645824450879
60.1960617258942
54.6928998900775
61.1256073111583
49.5696255153845
51.5163561299287
51.0149233952165
63.1703478911725
48.5769961753801
53.0716949304437
45.8563317834773
50.2335151074688
52.0550834265252
50.0362302150904
51.8154160035389
48.6751990648306
47.4458133573946
48.4223546757985
51.4024780963153
47.6715991207522
50.3374863095309
53.2053343213257
52.7321581403318
44.2838081127274
50.7168376424976
51.2175098244477
46.0235189954054
49.3826700518788
48.3195599326354
50.6533018914161
51.9657728622416
51.1518055937035
52.8190051661749
45.9487620173958
55.0430558664843
47.9764499230107
45.6977120232298
49.8990265702179
53.4483273558952
53.9595196512833
52.4629638946582
45.8238593983222
64.1939874624117
47.2587474549158
48.6733000241856
49.046452212228
42.1891588415453
45.8216952663952
54.6939873150687
48.8237182959554
49.3662095785002
50.4389576339468
45.8581382225481
48.1475266065177
46.1621146035818
59.6796012412703
48.6567725282951
48.5895811940221
52.6594552495984
53.5063809216329
51.0359984334549
57.0723736194111
51.4450571821744
45.474087910822
50.9704262559748
50.8289912530934
47.1862329609267
53.7873513930898
52.9169169022548
55.6025027729891
49.5095850055918
49.5568144586712
46.9684239325306
49.5640524095533
52.0999249956121
54.9909141813736
53.6717427844247
47.9321302343225
47.9662236582333
47.6389504581785
52.8793964204445
49.9581236238742
47.3483094995007
51.5916292552264
57.4986367986002
53.7456884132834
44.4959017316334
49.5618459715568
46.6364072870562
55.8654819444523
57.1466545309514
49.843257842674
47.952969906232
50.9930705936493
50.9494371280763
51.8941187406433
50.2728293084491
52.6439113431453
52.2257824992408
44.7748660851777
48.7221670294258
46.8263849984849
52.5087156068239
58.1878589008448
51.4126471033777
53.7032347020564
48.1678711233687
54.4581875610394
50.4568368715767
49.5748137979358
46.5954661929875
49.482501553869
51.7415995329337
52.5586596778688
56.9105179135319
48.1368071493202
48.2733775041163
48.6564606161373
50.7815798683384
49.2412663376143
56.8133700599666
62.2976610159263
53.7773469635754
52.2697526349222
52.7364691452757
51.8287315853489
48.6356609322598
54.3939645319873
50.5090404919413
49.1163940799941
53.0471945463825
45.5056386867948
50.6662343669034
51.9369832244339
56.3945469572673
52.2073853678655
50.7165697831256
46.4962622574043
50.6942919551242
53.3186832438107
61.3611337456976
48.8777520452925
48.3009102491799
53.8490102797169
49.371636604184
50.4988141588071
51.9591033957842
51.6306984686466
52.9113717787035
50.3092974944127
47.0583451432365
49.5202495445182
46.9876956013697
51.8237355691922
53.9420910204218
47.2147527310545
57.7823431630596
58.6763597090939
52.5667103641142
57.8981945326223
46.3819734055048
59.8328924450906
49.7514819657538
44.9239730371807
47.5157191915225
51.0977549715083
46.3082171532083
50.3885673216239
56.4468403422631
49.7076261782956
47.9456824781149
57.9171087830502
47.7933918760785
51.5831028688458
56.390700930143
43.8973189367222
54.4208974226604
52.0671730147178
50.1559476293298
50.2632883993022
47.1184438021591
46.3175355817279
54.1455626044588
48.5222180435589
43.410595358749
53.5626599133765
50.6078408112119
49.4361088582591
52.4169410184545
50.8907199795006
43.7353645057245
49.2196679300155
44.9522111234076
44.5396839073619
57.1451651996085
52.7157500736383
48.6524537849499
53.3752991056083
46.7627822289394
53.1418140418001
49.2992692564831
48.058413348336
51.5664964473226
52.5944555228592
56.6336786472333
48.3345250257338
49.6493123298475
48.2200999283561
44.6406657417974
45.767056647076
49.9801825774882
47.5151004523924
45.4716933769478
45.9188175409961
58.0233883635164
55.4910304504559
55.9523482786373
48.8858552928371
53.7894142993076
49.1488356178091
47.8787431219262
46.4164897697457
50.6194418074649
58.6868138875126
48.8036695457737
50.6200535228689
58.8860495566832
51.2769144556132
53.6037692174897
50.1441983085163
57.6790798852021
54.9388176079255
48.8885472227964
50.7797984740501
51.6713080475689
48.6627396632241
53.5750998263091
53.7197509942902
46.9693612370415
47.4336775406847
55.27457127733
50.1831329629865
47.7672829266486
45.1406999129099
49.1325953374918
47.9743613521688
48.0687787959064
55.194378479272
55.2307924153006
51.5335229885658
46.556032051916
55.8311497834565
47.4822604989533
46.752979972986
53.8279374165263
52.8788717735016
45.4381985394319
53.2636858775598
51.6086110158554
50.0568518089462
43.8269574020137
51.4627660338951
50.5456315798586
56.9324790157491
48.2968563549072
56.4964770601662
51.9016530077129
44.5297162699278
42.0043731391642
52.1278310516906
61.9735900243204
48.7427406949791
50.1384172657298
51.8212137725374
48.5982623317796
59.3377532278487
55.6908373449078
48.760081191201
52.812672140642
52.6989362962793
54.4927539039426
59.0255246981499
61.8638732440927
64.5387646334818
47.7358539514043
56.3190890303643
47.3650366571704
50.6269093921482
47.4949970115889
48.7762521705137
54.2125991334872
49.3902436527983
52.5952113704518
45.1338396941558
52.6813124172026
45.6021585536627
54.5691914901664
45.9084698454649
64.5270657909309
51.0585813752704
47.534826379741
52.5543227581424
57.0645795239001
53.8193784115278
53.9443783095824
50.8214040747619
50.8335145213823
52.111861812546
46.5187187997253
58.9310011864491
62.4567335112283
51.7915389782519
52.1502245605445
48.3275353026477
54.181273427362
49.5081456981646
58.7512764945509
53.9768201649967
51.353891940832
50.8558847109613
55.8816947188659
52.2322972514325
51.0390052209956
48.7204140797676
54.8325325840039
59.9649741289913
53.9963185370592
49.2584345219406
55.5352452807457
54.1845688836726
52.1397990751305
48.9097244586514
48.9364733600817
47.7533607684911
51.0391641862924
48.080245956793
48.5775521111529
51.2354072249605
54.2166540169978
49.7766260110219
52.6954598917536
44.2288760131278
56.5978091289886
59.9509033008879
57.9395373784789
50.1889824327945
45.4288963080706
55.9565998308137
49.6402137675876
50.5649435971316
49.607499072671
46.5964916626056
58.6048181754142
56.0702363823987
51.9837913909932
47.3518456627589
47.5473006113113
57.5705888803975
53.3365697671933
48.7192780166731
45.3325166891209
54.0119801796296
53.0969751257679
49.9518662704763
50.0472893748083
58.0623748075838
45.7285669100838
59.4486976196352
47.6621601844208
56.3411786080397
56.6904501297091
46.7486924458785
48.6817165006264
46.6687299120557
47.973549178003
49.3916037881542
49.0377979505516
55.5876121891997
55.9674785798706
56.4099928842257
45.0540002753771
56.5507947062554
57.140659040433
60.1156211749594
49.2780794279712
55.5039628818683
48.3755640456267
50.9684498470357
52.5320261311609
52.6764375177236
55.4299785227627
46.8677045950393
56.7953489387001
49.6102814111811
49.991694150031
50.2231376906665
46.7183403933174
46.2311809003334
48.6584638374757
53.3843732433723
56.6450690420677
47.0737380638036
51.4613557702064
45.0036055262958
47.3927560867613
55.7642666533461
50.1619761474753
57.6258611483077
47.8353394898297
56.2720645261824
50.4463761132379
49.151356593909
49.5072719710052
46.7436833396163
56.1440113892251
59.130197974711
46.5874155976538
51.083067941857
49.0601952915759
47.973217424423
50.5402685720583
50.9222068447538
49.22705327191
52.9085024603029
47.9657088004386
58.4556957379125
52.7775163673066
54.5853894847542
53.5471857232913
56.3516947240094
50.2334413848414
49.6254128702931
49.5486641288633
45.1336313862279
53.6152671279213
45.6959734985117
63.1594812143298
53.8572769979637
60.819073883884
47.4076387417133
52.055250548338
56.4515075935283
62.1029833616393
52.5351801934123
52.3344936947713
44.748148390974
49.6263157487686
48.6032927781082
47.8991913436793
44.5056917182781
58.1998430123265
54.4272971537008
43.7678402771106
58.8622889238474
52.6670986303052
53.1356279703906
49.210084445776
49.2465970773182
54.5224828682815
55.8999039766584
51.0792032206019
50.8138130707443
48.1341163861831
52.7786434597177
50.2367667530788
59.5216137354399
53.2225190217737
53.4363181665242
51.1505128393784
54.4869244942215
53.505895999781
45.0818865385282
55.1937607999792
47.5717650172364
54.5825053113975
47.4126175000336
47.2821576861652
47.5653604946562
48.640476193452
50.0936700399335
57.9239595324225
47.1250806431148
51.7372962945994
47.3723202950855
49.6752246792617
55.1996803681252
53.0515542692554
50.9067004505211
51.9912563475292
46.6638507587548
53.7011857430556
48.4433378728875
55.8486222753583
56.0506134598687
49.6239707484509
60.1304939803345
50.1372238416274
56.0794223002404
46.2788079873901
53.4365680061911
57.0491240196295
54.7749659534441
53.2745088933493
46.206645124157
48.4089293886469
47.331614267467
49.2937577978127
50.130506846039
55.2773011435705
49.7974385504434
52.9054568534641
48.7489091785091
50.268976303548
45.4353063457108
52.6200971273487
50.8974763189781
56.4931492043061
46.2119230312281
51.0320618295056
49.6183837320097
50.0557616086048
47.7782954203597
50.1490764544401
50.4592611399926
54.8763677369641
57.9009983100565
53.8684827842943
50.2031214528173
46.7822863861927
57.9759784437647
57.4384037261024
50.1403285372533
45.9952971557968
55.551990719863
47.2716261052099
46.7377136766998
51.5783476635151
50.4777848425314
52.145902646
53.1475228417178
65.5570004165345
55.1109209780813
48.1950313866638
45.2860504067078
48.4685297325075
60.2896300560571
47.1097480941202
54.0603854904777
50.3384152218093
50.1999905759444
51.5055119736432
49.6511883240531
51.1276041620209
52.2428716382169
52.1760673040651
54.3004372955068
56.0469353313953
66.4134857537251
46.2634766298568
57.8188186630766
51.856963266701
57.2240394445458
50.0763525490676
55.4811869626276
52.6500243156668
52.0262619206397
54.8616791382927
51.4726359369388
45.1356184279544
50.2839763228005
59.1028960203181
44.664644982724
48.508841230112
53.3475048575013
53.8743057437551
49.1208040038456
49.2265592171262
45.9655976088298
55.7669024288765
49.9142083728881
44.5128526144331
48.8328104461009
47.0479255602293
51.522881588871
49.4979541687084
54.9541980678244
48.9917200402773
54.625422689666
48.2822148530646
47.184735932381
52.4022836222073
46.9593079434146
55.2950013337345
48.780074497555
54.3439425536086
49.1018613848018
49.5466624974309
55.7060980468082
48.5923250753179
53.722278618139
47.8820016979429
47.5400306974732
46.0729156612261
53.2007600818262
54.1756085709319
59.2015863576067
56.0523431857545
51.304515226306
47.7786692662051
52.6833366429308
51.0747374850951
53.531464635761
43.858060432362
46.9905034696996
51.2813943748511
52.2468392745153
50.3509108768677
62.1261077047926
48.439574615529
60.1523360265623
58.5959065545181
46.610097417369
56.9039000802392
53.7231551979282
61.8163575798644
49.6968238445706
47.6951253885168
53.8784024050444
52.8938888205933
46.8653312202461
47.9166025451669
50.5753687917578
48.9612369623129
52.4628558508796
47.7009720636708
56.455615199643
49.8424990664351
44.7477720358488
56.0752495820507
54.2792971207986
53.4654486187039
60.1197989777354
55.846171945329
51.3683229227445
53.1513679600366
50.5003269803399
44.9557012975193
49.3366852952944
51.2108371589726
48.4882027886349
48.9884331175762
47.1440494403642
51.9940424416716
47.7427536354507
56.109878731759
50.5560462731203
53.0536816064102
61.3299790510375
53.7393776336479
46.4059358918549
48.5796699815008
50.4061029290309
74.3185487859163
46.4303801324564
52.45023612396
55.9052802353037
43.5823453802031
48.9498219803611
52.143153737685
54.5330832610607
47.8136137326238
56.6030018193203
47.3575875041716
57.1640280483908
45.2503112877215
53.1784345748285
50.6672027613941
47.9962086953997
51.1966073432831
51.7995638977829
49.7098330076831
47.491274738674
52.6800450483432
51.3619326835204
53.4556441042304
45.5964796550093
53.3614458424378
46.7989165016629
68.4788004552931
49.2413379359502
50.2160170489676
49.4450393353556
57.2476287464307
59.5249780911853
52.8608707939937
62.6479758573744
53.9563841201257
48.1814799644994
51.7901054429121
49.7754571974506
50.0222953415145
49.9851001663751
52.5197734789438
61.3001910430408
52.5757718944583
50.8164209683667
52.1290211666248
49.6995999672012
55.392027421738
46.4293819535577
48.4331732902702
53.4454046908792
54.8976822410854
50.3311294357231
49.4093267381052
50.490256294036
58.4242549439978
48.8687505490713
57.1253672794942
54.3221119486683
45.0652622666064
46.7463812958259
49.7770065106488
51.4507630546075
50.5441328602713
45.471906371928
54.402058503295
49.2363229900624
50.4029940357884
46.6453124101435
49.6871168192445
47.9203170039927
50.0199108373474
56.3003432971589
53.27804227281
49.4222762837708
48.220589815531
45.881559602007
53.2621070344035
56.5604053607551
59.4418688113994
49.4812601014439
54.0997196708501
50.5678375521218
48.8610410884556
56.7287162041228
52.5567054239232
59.1248725104877
45.0941899580138
54.7942943390433
50.3296458973927
66.1781091113647
49.3351033525551
50.2071224205433
51.1600965018116
46.7706476138912
49.8789240524377
47.75966499735
45.666407777347
53.3175065621634
45.0877550970982
53.5492203906347
49.5228573030846
49.0484796293533
50.815721890522
48.4878273374464
48.2284090123502
54.9178013466049
51.6665793821286
49.5809938906945
51.7409137310596
52.637235662773
52.8637042126457
46.9777131119551
47.6008770759531
58.6760587214686
49.5020186425167
47.9775707986659
56.1010226859156
52.0352575528674
52.6339237797367
44.4791479359346
53.7126597049771
53.4699393319965
43.7680560559183
51.551138696691
47.2206931009423
44.9329162361095
52.2925503713776
48.3445036953115
46.8351885151524
53.3571905562835
45.7043593758132
55.6642027244797
46.4687534953933
47.0739641730924
51.3733011917381
52.3680206008626
55.0260567565364
55.2522382360935
51.7649448511055
44.9900507284421
55.7066386552571
50.1867786760423
52.8656612807592
53.9186669055349
48.2596210450057
54.6586216068986
71.4635686352296
50.5326787447735
57.1523957850458
54.4717922910696
46.8958033339507
45.1209946498721
49.2475982533828
63.7039727925404
55.1226885302293
47.9915107050093
44.2796590236503
47.7127993296772
46.5508175529704
47.450694410044
50.606055876604
55.2302607806994
51.7723565820405
53.8038209110893
44.7602156662246
48.6935283076198
53.235817084622
64.2440038997998
49.4519236407194
52.8385926876859
47.630284694018
57.2467641255656
51.1833404262716
49.8719037262099
48.3542985732488
46.5144828430231
49.3025548299332
53.8512913312608
52.3533980218244
49.8262357126433
58.0347825269209
51.6368936651862
48.3253188133218
50.5012499125146
53.5838038572548
46.978119998779
58.1229569453661
60.5475271471542
58.5031057987164
51.7182253985375
64.492894811985
47.2438081088137
43.6895565598275
58.7779485134412
52.3311653164795
61.2445347514129
45.8469374688151
49.5035382060841
49.3941260238176
49.2966948400648
47.7977868115984
54.6414988317573
54.0379554258308
51.8632183072067
46.3282246487581
47.1884850906855
49.8521668982308
46.3242775776737
47.6913303071848
50.4936621597813
52.3554204485525
52.9917796432447
47.7385163230087
57.5522350414146
47.6944232626819
48.6504966399259
48.5227180269228
52.8488582148325
49.3739740839203
52.1952622488589
49.9952844134178
52.3198781110534
60.615616842337
51.4510236638475
55.8369805147409
50.3685356355402
55.7169709955042
41.9516349383304
49.2222929409468
55.2476861294371
48.2439670750687
45.9955404796017
61.837646738307
51.0237123206368
48.4887943895034
50.6709232907614
65.0417683008855
49.9757268523406
48.5612036080403
50.1477453741257
54.0711016613405
50.4304965151649
52.5475565084299
46.6137997707935
56.0868743580896
50.7268004779434
51.1574579642879
49.6675590377806
46.9265987345705
53.6364974846144
52.8091528953803
54.0120354813644
47.685190230194
56.3790931497555
53.3625904786311
53.0438918401696
54.4495177459353
48.9009732969454
44.4890140151734
48.914328720992
49.9623872027637
52.0142239837421
53.0426735332442
49.8278000642225
46.8306304741818
62.8950837454612
47.9295894743314
48.1979996693356
57.087816550526
45.7230514313327
49.2336151293582
49.5054413966037
54.613579183434
49.396894490797
48.5711886736753
51.9759240040691
47.4956762222694
47.936691863138
53.1056585077317
50.5349296660702
48.0430316647102
52.1616522573487
46.3808739973229
49.8304327132836
52.5628271661457
47.291492959445
51.3817722911907
47.7443085632848
45.5682188378752
50.3512604795628
48.7667950746293
48.9411294052339
52.5072966132877
47.9974776125737
47.9029607952153
48.5852484865761
57.0564649424615
55.5076272204421
54.8611353939557
59.3851297557093
46.2752041876531
51.2677942075988
54.2332421446746
51.2967753583629
51.1068108968449
52.7390762780621
47.1508851523457
48.5716269576077
46.4804144860671
57.1353407166015
53.5830004112389
53.267607400925
49.0380134391357
52.1903219572467
54.0027651482071
50.6797457001582
47.2437110771738
50.7708123458865
51.2969264755726
50.2393135444153
47.0340612348485
52.5347599862042
55.0971206065256
60.1590807763638
55.7913494273434
48.6698919803334
47.0467203445286
55.7420003375524
63.1174214556659
47.9071558296316
56.647828012829
52.1801820917874
65.5000204736591
47.8468724787165
43.8861723761989
66.6524989727361
51.9837274496113
57.2381008414536
43.8426886486824
56.2568429520985
60.8969725148682
63.7792210830523
49.6073217880769
60.5700876738447
47.511182083184
60.1275115677458
48.6504364537976
49.2988709120837
56.6562605116951
49.7647726980523
51.0264066325412
50.1427434185071
47.3446225319592
53.0127596230395
54.4641471328997
51.4763544140324
47.8788990988353
46.501142382943
49.1177565203527
51.952220036621
46.413038043957
48.2673525783868
47.5792134490895
47.1580477606075
54.5930766878536
47.8628012501716
44.4776592331121
54.2969876626015
55.4416859344845
56.1729569809895
45.7121757375062
48.6318461135578
50.0030140009947
55.8831879974409
53.9811638395362
47.4801105985166
52.9157509776871
50.1260567625385
46.2693670310736
47.1565077557447
47.4022009063893
49.6749847878698
48.0811007288653
60.9172357997701
48.7334902551569
53.9433746920054
58.3311257355735
48.2532768824158
49.713167817284
46.6314384245125
50.608255467522
47.2043699101307
49.5319617125597
60.520389451651
44.4308459381014
64.4763041305622
46.3484984608997
46.3348703773193
51.7722120508669
52.4983257824361
47.9548883282126
50.5645372298934
49.9566026660792
49.0518844936319
52.072959726024
49.1923961063662
52.4235442799438
54.5066644274287
47.6391325136642
55.865814011778
56.2900046541536
47.1825998527581
48.0680775849851
45.5831334849806
52.985437266503
52.444328955726
46.8280764182557
52.6107473159877
47.0803197458665
46.6338819691591
63.7860106711353
53.5708616809753
56.7704005231513
51.2476129603213
51.0293116356836
48.4002628537832
53.7892693737919
48.065699202416
49.5761077216149
54.3073147099637
47.5418307635113
55.5505253879919
60.8932515474787
50.4499957169318
45.8710055828535
51.1528447853427
51.747663120919
48.6981464476549
53.9775469887041
49.8317035160118
48.3970359686816
43.4625887928694
61.6975473414657
49.0922074625089
54.2802082478722
51.4402368232353
46.5758813123856
49.4935066410946
48.8656083269191
42.940749908716
46.8012860680111
49.4244820850533
61.2097726643225
49.589477705446
53.5567853731144
50.0933685871098
51.325458936929
50.6473973192586
48.9491508965836
45.948800836147
46.6936331189902
49.5798381922005
47.1171052592512
51.9371217089201
54.5090700063716
52.6947723682053
47.6009582415719
52.949343283001
47.1957874306947
57.7064970802269
47.7232186757506
47.5951249995282
53.6253828436439
60.144103896746
49.6076405221084
49.7213760957371
45.5075674077453
45.3423053323837
55.0117814067125
45.3355803051247
48.4811484304757
52.7051557819101
44.7538957438462
48.581641869083
47.4611882522238
54.7488135090912
48.4600387862746
50.3422107338723
53.4271355602033
52.8072241762323
46.4307582221407
53.4494961039784
51.0694169543079
56.0892169412118
48.764219193649
54.2206295932946
48.2200007726689
49.3571453299773
55.578156074697
54.0611609853911
52.1404748707223
47.8857208610349
50.3429438168908
50.3261407704246
50.1090639083992
55.6123091260633
48.9039896118369
50.8339555263955
47.3279971872121
54.5411991901628
46.4917567428609
56.4303564980727
50.8745586649266
48.6068222058411
50.3231025478448
51.3098809524286
52.5990834549099
50.8120963757784
55.5131245061986
54.6333062271425
48.9151673189096
53.0067413913907
46.5067190000071
48.1478683603762
42.8047762218864
47.0976813347314
50.4794328876121
51.6788094187778
46.3672936994795
45.3141184545335
49.9053689451953
58.9545716487919
50.1149379843832
48.7126621335825
50.1953417232181
59.9037267420677
53.1103781262548
54.6036921331941
44.1858113788095
56.4259141784754
53.8402987442565
48.9185547944687
47.8550503961499
54.4635133576303
47.4765255552493
49.4459461250311
48.7307537690515
51.9839240604488
56.0012171684193
54.0634639424275
49.2554768831247
47.6877256358359
52.7894031764105
49.771468597604
46.6701059820577
49.1379025172968
43.5172173025612
46.3730001938882
49.7276770246136
50.6077330752304
53.6368990363729
53.0337740771672
47.2763673554376
49.3153233118091
44.3778531746799
53.847875425928
50.5129628593422
50.7146821979831
65.3983369029462
51.6536142343506
52.7361147939694
44.5526963859876
47.7943453533438
48.9648114849593
48.2454360903887
51.6978587096396
50.0446466132138
48.2692515091577
56.7340025974094
52.1102773600151
51.2386972624489
45.2334830087121
54.1155673370065
47.5362656857481
60.2694899778742
54.4451510064702
45.401647240702
65.1885740465678
51.4510544275791
48.5441744044823
52.453440081458
47.2722574010399
52.8512846009374
58.7864287131003
57.2191418521753
62.7995052245107
64.4860231375048
50.9258002240477
47.5609443996555
50.9632125539615
46.710413229561
45.4214441953955
50.345122149933
53.7921382232283
56.706462399943
52.8083687733718
57.3060925325093
47.7097073820564
52.5459380012561
51.4244511141679
53.8886792814485
47.6136200917643
51.9550503764688
52.3301119430844
53.5194144600459
56.0676898770517
54.8780740202982
50.8808515406503
63.879636706423
53.2548625323572
54.5509626570462
60.9312557582076
51.0820326001451
48.1319999350054
49.7250671292814
50.9819004619327
53.3105985247413
52.2472630575873
51.0764658795285
51.6801634406767
58.2817313559294
52.6161060543116
53.8469352754347
47.895986516673
46.1105280869216
48.8667024566349
47.1031726925049
51.1997961490715
53.6025732467605
55.1135987190761
49.3435841761845
47.0922371443914
56.8275715362189
50.8073353861468
50.187208722653
60.1942098678125
45.9946572242256
47.160100193509
47.9358797135335
50.3822531955468
50.3790165221863
56.1239900266554
53.6162158563699
47.6176444025591
49.9418828747601
51.6068095365213
50.8317004712374
46.4472725484584
50.076671978369
50.0115330484967
51.14157955115
50.1263958316291
52.0740283352413
55.4218078896851
51.5912582121786
47.802142828846
47.3451233781376
54.8006879517056
57.0767337902051
51.4415554265823
50.5054280084649
51.8430602212498
49.1424880775155
53.0476182674627
52.0389606538135
54.6697002042343
61.9868973504069
51.4054819751219
44.0748925165237
48.7207957151852
56.9606315727462
45.8099012073972
46.2414549758723
48.8370975109495
57.0726878595869
50.5338818133973
49.4671949694392
56.0541015495611
51.5709296265524
52.9135477205877
55.4533716036558
45.4109698246999
49.5434790158148
53.0270843851621
49.4070747203834
53.3495881944714
50.0845573106733
44.3362559863313
50.0253086611019
56.1619220921653
46.0688346879568
46.6132545121036
51.332491670699
51.5404307829759
44.6318343568729
47.0876648449258
47.5916630333655
48.5122520460637
59.8410434136199
49.1070569523767
52.6526459101425
49.6279658469128
50.4943872374094
53.8184076164402
54.5059239568105
42.5278629124138
48.4169808810382
52.1769977845765
51.9432336199595
50.5309573374008
54.8311971438182
51.9936788459662
63.7145106025261
48.1652991681541
52.2726728655336
46.4431260532137
56.6840188022562
44.4188935126176
46.4163235336945
59.7558222656559
55.6762000367626
54.7442643854043
52.509779127952
51.945647638422
54.5096886446936
50.3255284620433
63.3698051059025
45.8426332880122
58.4818654685429
54.693329316449
47.6889938103687
56.3345178837883
58.1069504030639
49.239579223874
49.2936249398625
48.7614491316581
48.489081446041
52.5969363636965
56.5335783388879
56.5112792523176
54.9707688869932
50.1240871858243
48.2940049612781
54.6740782034148
44.8259491954279
52.8198742255076
48.7870253310021
44.5737330744207
50.9995784684579
49.7962679308545
69.9374855529903
56.1559668875031
59.1706100572569
47.8510867274498
45.0323561071422
48.6124350486721
52.8277816397514
53.9820915678209
43.2816510362232
47.5450453670504
54.1721461219036
44.282606933586
52.3932630454003
52.669322728396
49.2192331626353
50.406543311469
54.9434130843733
47.6742883746776
51.7490747193625
53.9710837636888
49.8677519475884
49.9707229468444
49.3903590717016
51.4045642289977
54.6322373014778
46.5665076171859
53.6264758242183
50.6686451435349
42.3062555615781
49.8318441630462
47.6812863804522
61.8702601380105
52.2271769593584
62.1982619650046
53.7072740735295
50.4679920832757
45.4377806516765
44.0333049173275
53.0277963947831
45.842609687877
53.2450462445597
48.9923301191677
50.6276208311615
51.409070041031
52.0407657283669
49.9637028630791
50.0091188951073
53.1987377444232
52.4723744396338
51.4672044588678
52.6354907959592
47.2342440075402
53.1706624742683
51.6346004466898
51.8823182949325
47.3742294534646
54.370547838022
54.3844809775767
50.1337631957786
56.6693843748481
47.2980956523918
52.5817669774997
45.0455132333619
54.0226106020734
48.6618194960975
49.7773311412752
49.0414981009654
48.6811286051968
51.0878379338588
49.0711056089698
50.4021386731665
50.775661100451
58.1234859404858
47.2286634752096
55.7321936013057
54.5951428141229
51.9845659936992
46.0238957447359
47.8408731509141
48.8308443071706
44.7275821447026
53.5852889439665
49.9426169873055
56.6372585792209
48.6240997521502
42.532357351114
46.1035489598567
44.2803159560753
51.8321970281465
56.2479182906604
53.1762643416859
56.7796118545087
50.3900265062913
50.763549736323
50.8346430051576
44.8328912505975
48.4879513929731
54.0785440920717
49.6166868358334
54.3820892304223
52.6386866006316
48.2011743260012
44.0761174322
51.4307662257289
50.4579860355941
54.6129906030169
53.1122487449607
47.0184043110953
50.9865204274634
59.4690975833409
50.0396815887728
45.7910688177152
48.7234602866275
57.7881055841964
47.154656451803
49.3681944499978
52.2707798503732
60.6816767639712
53.1838311322076
51.2633115677696
51.6638279609033
52.0134718645331
50.666648227396
49.6500532797698
49.6604073267329
51.7136799073783
53.0980750302693
52.9929234334938
47.8477737858198
53.8854837054947
46.5769473580497
48.103238520215
54.5596759842457
52.5358075932049
49.3954109913625
52.2835457539083
43.9504862721616
62.2451614490267
51.6591042346162
50.2427434927614
57.2477638686503
47.2106869281404
53.8272634041364
45.7598466174882
47.7023674962846
52.6473298023316
51.1333002191958
49.4464546854002
53.6929434686539
47.7728766806457
46.2063455001585
48.791460208907
53.2600651373304
48.9897441780148
53.611452153296
53.5759378455756
53.1096726109302
50.0230330552521
50.4152082580195
48.0344925205998
48.8474777950516
53.929215016247
51.6339663078121
53.1508318688298
59.0553970787538
45.5486851758065
54.6397142857343
46.7830393771604
54.6529992046905
46.8053009177176
48.6699650516576
52.6728788437475
50.4054113145067
50.3703322441137
47.4109175498329
44.1772745898025
52.5657131944312
51.8908990376881
46.414447436527
56.5884465733204
55.1180278766139
48.8950165359267
49.4893182195139
54.2375374606849
44.7958229509244
50.9981463223094
48.9727441991366
54.4552330355879
48.9235667723092
45.9837948159477
49.5539346240558
51.1403019262915
46.7822146505042
51.4839179707463
56.5347576611303
60.2135506295326
49.8556361356166
50.4812867298428
57.7336462544713
51.8263843993225
49.1851833741876
56.5944935033239
46.9129326667489
45.7371088504833
48.9506244964519
46.7742035665904
51.9279500125003
48.2191385333219
50.5892378379194
44.0015584993472
46.0577069574607
65.5033969820063
47.2874535412958
49.8549096374267
49.9703318233641
55.8312365740934
53.8048436636362
44.745926157729
45.0597523968608
52.5884251302178
51.3285559313495
45.034636490817
57.4546970552467
48.8706365993266
55.2115572814569
46.0995829546632
51.9534424512874
54.8387146074924
55.1917464820757
50.1940218925475
51.2708991215101
56.5293605159886
57.6325293053584
50.8301808075603
55.3320987127936
47.3603952336793
47.1610783096145
46.9571811953344
57.7181665557638
50.4156808408385
48.2504590066333
57.6525428857763
46.6501386530367
60.4479623233856
52.8912699018942
50.1347418291698
50.6491422990524
49.5788514023768
50.286995042019
52.0771438451219
50.3620225279509
48.8674819435328
57.6575728305934
53.3306701948895
49.1572807691347
48.3869924851837
57.159331220668
55.0668896524008
44.3004300893167
48.114121672935
54.929423943736
49.2293632162201
49.9673610718033
64.1229962470359
48.1272649732104
50.783453366078
50.5725668346808
52.648396212723
57.4181682181411
52.7828453255965
58.1153041010307
48.8185119576003
45.3499940555012
48.3164570219941
51.8639913097921
55.9487865604052
58.0757522553844
60.5675152036474
48.2483957219005
51.7125560038361
54.0176054971469
57.0290398593679
47.7738966943427
52.3068856244544
54.1607510716258
49.2399517853997
67.0472781266272
52.8822435026058
53.4802849493704
48.5802385959407
49.182182276616
44.5819949560385
46.7223733450033
55.046746319847
47.4349828176627
46.5960366199616
50.9352822049893
54.5248741489284
48.6656074945189
50.5660013417309
45.1835797618056
54.1479898000543
51.6152289175759
57.7791729381464
53.3255988261269
53.4230229832
50.8511493637133
49.5975264751971
49.2492403660501
46.8006064738911
45.6971157569521
49.5832952222688
50.8163603654152
61.6365709571833
51.8921835803285
55.7620342968389
55.1344772846456
43.4763750516269
60.5422812783387
54.322311466413
53.2613287658874
48.2744514772493
47.0256849601758
49.6729799687672
53.4381767755962
54.9752101123856
50.28679326835
54.2932799847374
51.0087262380399
47.22594255485
46.1623543020185
51.0363078911104
51.7441391788664
44.677342847947
54.3061056926861
50.9758673499334
48.2688426475357
56.6541295035379
58.1951462888226
50.396512620888
47.6102109500764
54.6765575217583
52.6990133526126
57.631984606597
53.9278359503594
51.1177660411259
44.1629405019122
45.4977519214695
48.2304463204505
54.7505607720916
49.6946073297658
54.1151452744248
53.7331650766131
48.4187293440158
45.7238943498539
48.1907710687857
49.7701890199083
50.1458349694097
50.0074119028413
48.3800116025372
50.7085127669789
50.5211441897196
54.4335900152307
47.5270116103606
50.9042488364228
53.5667537445705
48.4483399874824
48.7851130022275
50.9390291674709
55.9137271312833
47.3941586101576
47.4966707848816
53.4327736252159
50.7707275809735
51.0830104664165
46.7463772121896
53.1818060522679
49.602023463666
51.4361796412475
50.4906467396795
48.7200990073121
52.0302729737399
52.5771709308762
57.4234490836178
47.3771313784903
51.2195070842336
48.2792303393956
48.3045399493684
44.9253946102985
46.4810411524218
51.935420479008
51.9035876508184
45.7717536540435
49.6816254458567
47.8364916903984
52.7198054458764
50.0752642439824
51.9018382785007
51.7729724340212
67.9863522249615
49.3140779228296
45.1932405354119
57.7541804243817
53.3595841395321
47.8333337444013
58.43543745832
59.5990536123443
49.9824411320301
56.4848400749722
44.8186747454922
51.2810033125132
49.6283203177728
48.5119361380174
49.8117989400084
49.3192006427281
48.8122366932718
48.1006202739807
48.4320757666627
52.3513669136016
49.0614899939574
51.3185226067158
46.7674663575703
58.2423854207475
49.0889760111619
54.0482763175338
46.7773819659963
48.4151433594047
46.3662642710811
57.7824505288032
57.2570820061044
52.1102094265974
48.2480805849363
49.1615638102205
50.000797922465
46.7927965572677
44.731864922017
47.1227289044551
54.19841291212
47.1312873152558
69.379135805965
48.8982819311283
44.8310276496053
54.0278593992129
51.2313481937518
47.584152916
51.5942134329912
44.9744400750022
50.1965483912481
50.4145123298932
52.3427754448941
51.3864433554399
58.5461305747279
45.793698453328
49.1848893381101
58.4867001759452
59.7555998761723
44.7827663066885
55.4574828087186
49.7286477199911
47.7901095351134
48.268965081246
49.450327457444
52.1343527418579
51.6543481480297
51.5668484261373
55.9729104815337
52.9255948294472
48.0306413992214
46.4289060401356
51.4001609942899
43.308525321195
51.3092555542792
48.9464106145571
51.3399931957222
47.5248894241281
48.1150727803934
44.2430024300736
50.3622736986876
45.8003432245132
49.5781904231667
54.9897282457203
50.1013904712316
47.4602527464549
56.3782568725657
47.976725644562
48.8833707426992
62.0539668990303
46.8840356990656
57.8534702897335
48.2702575477252
53.2915508723496
54.0203966348521
52.9134679821395
52.8755859197388
48.8039735847305
47.2334295539414
58.7111504925008
49.5027165611164
50.5204250836655
50.0075592703259
52.2921571651117
46.5813952272464
46.445262424492
45.7677687904514
53.7427502665499
48.4746208676512
46.7089295218093
50.5474058240669
48.0187805911061
46.367776718457
47.5393817517555
55.2995480999762
49.6063888282066
59.8082938713585
45.0610573944938
45.0415841970091
53.3284886818923
57.7392001639953
46.0566129151752
51.3835843130812
56.1757653475215
47.4089684932185
52.204971391873
47.0219746168221
45.2368043023126
46.7724804002517
57.3684114625786
45.200417725018
58.4875159332234
48.8801441884549
59.9221763561671
50.2592315032736
48.0289376194973
49.7479608859586
45.5837980595636
47.7129587211825
52.9243305388597
47.9597644795108
45.2447639733309
52.1619990393806
46.3190522076374
48.4971199864079
51.6159817516531
52.4531078548733
47.3941813373261
55.7204979326921
51.5178434019357
55.4188895142
50.06407083077
44.6334050841652
45.9845307807907
48.9779148645883
52.7325408968237
55.4950225761779
45.0911784455236
48.6515097223707
53.0753298900656
52.7529492355005
46.6253001171491
49.7595545075381
57.8749037948114
47.6533403036218
45.1252008397606
49.1571603903871
50.7739470895974
48.5133296596429
43.8969770857588
56.9923489063913
51.2120465607334
49.1648136401549
47.2572024257539
52.8743022760459
47.6888073164327
48.1163404609555
45.6646922937699
52.5507158616349
51.8295387709512
56.2962847711021
56.6928179726642
50.3448402669727
52.4784285941934
48.2588896628367
72.6682582075985
50.0019683142466
56.9186939353696
47.8026733655796
47.7582179799209
55.8028431911225
54.904620793
51.8316989071781
52.0496880018412
50.0788633364238
49.2385473116868
51.3022798936558
49.0331561359773
51.8043404363455
48.846731614107
62.6411031928428
51.1182865287363
55.1153928537148
54.6979906890133
55.1006654684417
55.2181403232891
51.8025589167739
57.1750309260619
57.7785993302441
55.615823926274
52.5548357650718
51.0809999930577
51.7595696516529
49.4605870297724
58.0588628930538
47.8235315634505
47.7587011525886
50.7495003557808
59.8987476419901
53.8383705784352
59.6738792998789
52.5674343088672
46.2435267156269
48.7297947134766
51.806070586828
53.9502386393949
53.6287886454739
52.8154015610437
45.9488062034305
53.5063823286737
46.7531039896302
48.3736448239465
49.502431532529
46.5800619548058
46.7199415145307
50.8299712697323
48.0980932334779
53.0869559764324
50.5455107805837
53.6043964077345
44.6682823572973
49.1249473371087
66.4991473276575
52.1768616410474
48.0917121552148
48.5860934512986
50.4838157818593
47.1553536703046
49.86443837661
56.4362387702355
50.0532609672352
51.212527591966
52.8537470654817
48.07898367352
46.0892252835632
51.831452232107
49.6193673270915
46.3305157460275
55.3289745670291
53.1252532560747
48.1156991892032
48.3030459873772
49.4941196980749
51.4571253618021
48.6593118401159
63.2589311149711
48.9062960258759
47.9724183214545
48.43354224693
49.6507636866463
57.4121458632421
54.658712663612
49.5270935226648
51.6471738619125
52.9466665142428
47.796982952099
50.6804708144481
52.734017908035
45.8397704452511
56.9815114627253
46.4808150554818
49.6020904603187
57.4215735372734
54.0472284619489
50.2741357964215
48.0554823190751
46.0808463065019
52.8241886856388
53.1054889217545
46.6279348216802
48.9468939941653
62.8724176559696
46.1053092766466
45.3932235874968
46.6285698699313
50.7304380676341
46.5544169134448
49.6486809129504
49.3095311417134
47.5839355347819
46.0224610913719
49.4403243444839
48.6332615133675
51.4403490612422
49.7577759241751
48.1498015750621
43.5013182669899
45.4416042785753
51.5964650000577
48.5669481676555
51.2501287003319
50.9555755008282
50.3103057739419
54.5409493373276
57.0032373052293
53.085258600475
46.6977585682392
45.6541595340169
50.5437290011971
50.5822619226716
57.8448891423632
49.5104803150727
49.6986871359844
46.974759508481
46.8158611669255
53.3322062147232
56.836303342561
48.0031827042247
53.4631561919826
50.9515426218286
49.9050326293171
54.4624728951807
55.8307751728034
46.4361185382759
49.3496184038802
67.3996750375019
53.6145935432808
48.840974290263
49.7813700089831
49.6498199808844
50.377794059211
52.1290803394766
49.3203397094295
48.4000781224575
50.4684630223792
54.8091094016042
48.071312785991
46.8752574802842
47.0452286619614
50.3517237486009
51.6177409365968
50.2643144712141
53.6181323801385
51.098706690988
52.2789419262531
52.6636492066362
48.3293373192973
48.7241557550354
46.7318828391491
60.1981304569132
46.3004058664126
51.2355028260276
50.3372407226735
45.2132957962331
49.4463955653773
49.1894449351627
49.4056506430534
47.4105606503331
54.6044532256785
47.1582260635238
50.3557862659201
53.1689990915419
52.4570458781493
48.5737841518432
51.9422011820132
44.7783856071331
54.6946522570267
46.9907069990239
52.6090036666177
51.6243818527563
44.0786859982675
49.8936294992915
48.1492772008016
54.4102789083533
51.5364193077439
57.404508451588
48.6237936341646
49.4784054986262
51.0401955839071
56.5809365870725
49.614345893431
44.5859387027358
49.3340678430166
53.2359038798624
44.2457639449303
51.845908259888
48.4916990409252
55.8160988032121
54.1221267658098
49.2054324533346
57.4093587878647
52.1348207979173
47.9940984481028
50.6304650660457
59.1675925350981
50.4607710576581
48.6535335695597
49.8034604971905
53.2576053654979
48.0736133834929
53.2585455260414
47.9179457923329
52.4684224844296
58.1614268589852
50.662936120662
46.0486138289457
48.0453801972749
49.2754912764851
52.8239625187883
51.7515040829508
45.6519427680934
49.4280317731365
44.8994149002636
51.7768854330658
48.5820603278915
52.1064055197124
49.0068131722299
47.7466494463199
52.0588719352215
46.2700403386667
53.1765236468158
52.5269192610635
54.5034598939218
52.6470879573157
47.7825301968556
52.8616005733323
50.613187971552
59.5207916998311
48.1594583322554
47.0192343870699
58.3098883822851
52.1583047998939
53.831364439511
45.57927691818
46.6338325617465
50.8353992513136
55.0262313418982
50.5527832240973
47.0656605105546
48.4623222048259
47.5758991849861
50.6004131190602
45.811389556415
45.0195860744653
47.4938000741293
49.1322046235763
51.7293048939426
50.1581985980858
52.1853961617486
46.6076238947286
45.8535625284751
47.5005584236245
47.8945309726786
50.4071919152406
54.1342394194712
53.6614449692106
49.0884721488878
57.1513280473439
46.8901039173899
56.2246867563161
49.4559065914237
46.8262762792138
52.3927989496692
48.6387300718531
47.9850783070859
45.840561886552
45.7949129966889
53.908515986011
48.862348643228
54.6647377845222
49.8837264394049
53.3254942863769
45.485805826236
52.6593568057328
52.0174829513972
52.8736591752984
49.0409183656696
46.7816312202197
51.436711153716
54.4926697739231
50.0251718741746
53.8794786393704
46.5559743682673
46.2451726238501
56.0570682941544
49.4196907207585
55.4814691910537
51.3627971063032
48.9742880583605
51.8613939843748
54.2974361532378
50.3056628561073
51.8657934097864
46.3575026085024
49.5526523836288
47.4884789557995
53.0206078886588
53.9548259435622
54.6013413439924
55.7643778804192
48.2764106701182
50.8925512109294
51.5411512890498
51.8112434386934
51.6162801412895
51.1845978157145
49.3962654806172
52.4951935033935
51.7860874694982
45.1169421470743
47.9277365573578
49.9311181946267
44.4828407334462
49.131180464599
51.8568716037312
47.5827464585594
53.7633292226595
49.3873995872155
50.7773189055656
48.7484567484313
48.7796333496558
45.5466289184128
55.7039050510376
53.4713498288028
49.0277959448907
47.105092445407
50.4533123265112
55.9764165640741
47.5070673986894
46.4319490899181
50.9959351851062
49.7233885047839
52.9903732019384
54.5338354749178
49.5010657017909
55.2973281844809
46.7481660223758
44.4012591102726
49.1257569429018
51.0804910013468
58.101162056014
54.1066981607184
57.3368151535566
51.1430857555794
51.0111626743936
55.8598449312627
49.2615912363901
46.9817481333066
51.7176446787114
52.7185465518387
49.1241876739233
52.6059147873363
50.9135639537843
59.8612506814617
47.542179769559
50.3163914734625
52.3569320552074
57.9380069267075
58.5994464181284
65.0716086075592
48.544294016628
51.0693848914287
49.459291014289
48.8281672530694
45.0033897461483
49.9948111951501
58.9274084219311
55.9619734322601
49.925683044082
46.7811348752538
44.1428472974962
58.6838429346247
47.5500612268893
58.2783627286628
50.9305705421461
48.3727937342039
52.9490152576818
49.723972927214
59.3076460395007
51.2735666473231
52.8457923636212
57.4363144462082
46.5259785976128
48.4778582290861
49.3850324416172
56.8335927055358
46.9143940981313
49.265449588691
60.0929371247009
62.8699190623367
48.4072815852968
46.9475318193937
44.8224460748475
59.2696323128279
54.0653991305489
49.7367961599362
50.5931945766785
49.4661226566298
47.0159166043208
57.2293576264607
51.4189766649726
51.0193952714044
55.5504500370338
47.4560536535712
48.4949949282002
51.6945991229902
54.3591852946637
44.0380649715153
48.9574010817822
48.9109640649332
50.3423138304096
48.8116939555884
51.0767903909518
46.7442855284801
53.2491921164859
54.33453839864
54.2292955835334
52.5313510448853
50.5110549732416
53.8773960627469
54.28795643362
53.1301610362532
49.344178275928
48.6792393688673
50.3495465732068
54.6869362488007
44.8887680664616
47.8002464803072
54.5274118915781
48.7263578770788
54.3017927373709
49.1407796951612
54.7988367070235
54.1624986614504
46.8375537382343
50.7025828483858
51.9990259423531
45.0636362510909
46.2494109048118
51.0282051634662
48.9485915504305
53.0061096656167
52.3905113607217
50.3537005242916
52.9963436622232
50.3908636266017
52.6850160118991
51.5713156084339
50.2836571333883
55.9622397942076
48.4297070033363
58.6920834159476
49.6226606487452
55.4176685832789
53.8820460305898
47.8672003489885
57.4423239769744
54.3114730623738
59.4997841460201
52.2522433165089
49.6288650976181
50.3898654513825
44.2295574697079
51.1274725361727
56.05928099297
58.645923490881
43.6862712447615
60.9451291503524
47.7161617384517
49.3561259291128
48.1742410195819
48.3931811492506
46.7879760223518
48.2937178850297
55.314956763316
48.9805274183485
51.2655867358103
48.7769154692018
45.1630219707162
49.9774529759252
48.6139038659207
55.0262097696463
51.1079617528766
52.4607436144546
52.4631841534767
48.4423682406322
46.8474463489052
50.192522935939
45.7969959136765
50.2376316902473
52.7802647839679
56.9223053590899
48.7291508736976
52.6242624988701
47.8360507940533
49.7113722152558
50.1583823208645
44.8856930413365
44.557518105776
50.3061049284245
44.2994316654853
55.4648678564773
48.0993208087841
53.4643081142958
43.9972141406693
49.2070694904894
50.9908609641082
56.1406485020204
47.999821533574
62.8976766746041
45.9313446187145
47.0366535065009
52.4005471214576
47.7948297225167
53.5108268211053
50.0712876551405
51.7092559314366
53.1667012603511
65.846373598793
43.2671946614964
56.3239284438097
53.4672770416634
55.5070121540603
50.6019782167797
52.4187138451808
61.8936904784644
55.8645944085295
50.2684794024263
47.5136098204055
43.6951734070954
50.0928363566884
46.9912050716811
53.595535598141
50.042940433792
49.5100841136802
51.3647968168081
55.5172245940016
51.331969417045
61.1572992920378
46.6479989624552
57.9498682441649
57.7173461446142
57.6919548114124
56.8021314958763
53.6189574489487
54.9837717506805
58.651719328303
50.4741891822821
47.3600152514081
55.2551891545253
53.9120133792345
62.7935075006318
50.237378235952
48.078595394865
54.4192461535485
44.7722195860582
53.4308018089601
45.9459036243462
49.432283281215
46.5323542338716
50.5122442895869
49.1713778726531
59.8177725564763
57.2511833162276
47.2283978701492
48.9612314473339
54.3243639246856
55.2409042492566
44.6960574904202
49.7718121172597
58.1050336933464
56.8607588710013
53.5836828678102
52.6068192115317
48.2080285842298
42.7548790352666
59.9880067392429
53.554183837027
49.909164332419
47.7842065728895
47.187719876316
48.8530638884005
52.9570270851634
50.9567259611289
53.7596738147974
49.7015377256164
54.6864373575839
49.4434006883677
50.6994529524775
46.1614299689352
49.6351949118132
50.1753034439862
54.0744541012086
46.0383238369337
44.3726953493085
52.0749668735426
47.0715600574708
51.8762940394604
50.613924140773
45.786785717407
57.5221264293529
51.8955338190288
52.5083861897857
59.2749049555612
46.9145642497542
56.5787441859746
49.3509304653039
46.0931778443499
44.2582865181643
47.7638766035179
50.1877071321619
52.5239349257646
51.7522555926277
50.4136754273627
51.3654151430218
49.0140427592368
56.9128660518167
50.539865713296
46.6370392010939
58.7395071123631
48.1028301819789
50.8409672063196
56.7328997856156
45.7833583661887
54.5441027110097
53.1442690718207
65.1556514201564
51.0005295445652
53.9833738238116
47.1142383643637
49.786863200895
57.5090031203438
50.8278637096668
55.085235975079
50.3952602689279
47.0522183564644
47.3908211328074
51.1764483527127
47.974042425782
43.1172319265508
53.1392632829895
51.9395047062304
50.2928401888533
48.7508429087142
49.0823772118331
55.1012532940584
45.9089807862
54.4434501707723
58.1987434777024
50.2904961294602
49.6841504866348
47.1496489153482
58.5976356338858
53.4434232985104
53.0702570844814
46.6046575167838
52.3667701078279
46.0620075327633
47.3783359847707
45.6702763373286
53.2885122327444
55.9460998464628
48.8056377305492
59.687651089005
53.4374917751778
52.0115069107261
53.6210866547814
52.2017512168447
46.2576953444668
58.0922682815013
51.9115238051153
49.6152644324558
47.3312440959786
48.92635087566
51.8806338856093
52.9007038593433
51.6161129917717
48.1918278303714
47.37526572076
48.2431328219793
46.0255423659331
53.7825013914022
54.8791651554625
54.6070836592927
56.5813332552648
44.7105145461807
59.4840643519137
51.2955423010537
50.5661825675156
47.1806539461659
48.2118912962819
47.6669886980853
48.0801605114649
47.2823549916423
47.7913130528019
53.6170519483912
50.5020571935408
50.0848057611492
47.7097159806371
50.1737274049253
57.370127832715
47.1889881016997
47.1000891339319
44.1024678789058
48.4376267041006
59.4166411941142
59.796032604146
60.862582643097
49.7896018319444
49.2927179325803
50.3216111155002
51.7472643773805
54.0011012702952
47.2776539222557
51.9251744498047
47.8649389694908
54.3599009101765
47.3671697899989
54.3468096757429
64.4583126320834
51.0546171545154
55.2035621210675
58.1828242724718
54.5179549392905
48.128282740815
50.6825216283022
44.7613637401799
51.1445961972562
50.9801622480651
49.3647575646361
54.0699003822609
54.9549130948233
51.7073434764036
48.8032182179856
57.0163952756316
50.9071661887395
52.9963506276607
48.8514451859078
50.056130060366
51.5736634838484
63.9663901971367
51.1594933815059
61.906181817282
64.0047387413855
47.6488408442076
49.5517523742876
51.0211432358205
52.3245773076797
56.2437306776249
48.25400347159
58.2622758526551
45.9612823938761
53.4261520938514
49.813057764761
50.8629476504522
49.1579459258544
52.7860916969485
51.4862503534442
57.8501209245534
51.5039500176287
48.9713586060564
51.2781045954928
52.7429178085094
53.2250925134578
56.7197158390806
53.6247141483091
55.3294496689511
53.8687568766866
56.5137902300352
