74.7352862899929
52.6302186480391
57.832502990256
57.701149025071
58.9758390851376
49.548556741263
53.2940316958372
52.0082278905712
48.4426172860106
58.3768827875847
49.8261727430174
55.9210435156985
49.9715544128967
49.4901812659994
50.7633815624297
47.24121205567
56.4938988997568
51.3679781195698
45.7204126477048
49.1105805480807
52.9067795591047
55.2101577728277
50.9576643652492
46.3223739041216
54.5506669375842
53.19130659463
44.0468821004114
53.4049760339588
54.13998069318
51.1372137776214
48.9801994055879
50.1033204413912
46.6387041384952
58.9742141239428
57.525130534616
54.3779679682346
46.0785698245264
48.9991385381598
55.7489673045257
48.6975832551047
48.8154106194587
55.9906653870752
49.3384756685728
47.1292633404556
57.6270888158138
61.1668333468935
46.1992067703393
56.0287831393892
46.8088217606304
49.7581138156294
55.4711784012672
50.2921715216303
45.5232795181447
45.3798041070659
51.9844123700643
52.0001390865807
51.5694630010141
52.088128804547
46.006387925725
46.4062621074972
55.3842023151421
50.4772933154877
55.7920722664248
52.7076060030793
56.2162762854885
49.5885716490672
46.9769822061906
46.5740540162579
49.879923195895
47.8033674355644
53.9242978753111
56.576493545405
53.4943537540149
50.695444332186
47.5337171982488
51.4787912027292
52.5713450280604
47.8442728125126
48.556378977237
46.6715648156005
50.9130379553224
51.1147782855406
59.3803021074849
50.8980526994563
50.8957536850251
49.7852496101403
49.0179074179474
51.8756028806648
52.2164340239769
46.6106813409117
51.0020996190543
48.4075457030094
44.3229744786878
55.4658144484279
50.6498788050557
54.0391727614632
53.8611343827634
51.3047195593195
53.8456043443072
48.6826778459674
49.8629103437906
51.6336270454874
46.8395322846216
47.3816462654936
46.8797736312876
50.0508665518898
50.1902846077174
48.3397837349668
52.866946195303
44.7879793932257
46.6046621671564
48.3095044492544
49.3747635587066
53.9290671378935
46.3958418261552
45.941404948042
47.1237386002842
57.8996159020932
49.7989950820105
54.5899980558594
46.558067556557
57.6590272285012
49.2525985603344
64.3777788685053
46.9751813787084
56.8606666318216
55.6661770686069
43.6021115384957
44.1935443740068
53.0215411923383
53.8195504814936
48.0244473229835
57.976296684543
52.8275575625522
49.9287338527371
45.6612688782808
45.8216603870419
57.1072008948756
44.7681206246006
55.6629935585713
48.5223525181609
45.5449425664781
45.3785667554559
46.8842902098132
50.5326804106888
57.3064170073497
48.4638295251587
42.2483137196729
51.9939803460369
50.1180541238728
48.0091819579791
49.8749914214339
47.2647785545445
49.7993118336232
51.7446523739977
47.5045586114559
44.4430372192231
50.0790540134191
46.0945124340348
46.2090234069421
49.6869655195403
45.515179681591
50.7000844643319
54.1866848032631
51.1094231353514
60.2867669795332
55.4830638548801
50.169403021486
48.1379683664163
49.84136836979
52.6829837816561
52.467464208072
49.881843682482
48.6587398201349
42.9482844910482
57.0725326663394
47.6623291271299
51.7296809325842
50.6120631892204
57.4703167666867
49.461984472645
50.1302447010387
47.5848373770636
57.8992646089635
52.1342853256033
49.3809600562912
50.3479092556176
48.6496349751977
56.9643342477709
62.5695033058922
46.6469972393661
53.8832379654962
57.7398856248069
48.0857851481402
46.4393129740289
50.385514302562
51.3055922584379
51.3552968360252
54.0870454424895
61.1687736829304
46.4880455736974
53.8360564925828
53.5079926742796
50.0057164102366
51.5967754447584
47.2969122819229
50.1418428593686
54.443520504768
47.9087785059954
53.2420418534346
53.7050753123554
48.9524790942513
50.1118229735524
47.7154202048559
54.6754960092503
49.9383267062665
51.0445088333074
55.4366637574281
47.1314981882987
48.9151818477751
51.3387700578217
50.0898731822068
54.3075294789233
57.6354453012425
47.5448988104284
49.5948227350462
61.3748254567111
46.5865452828004
50.2163747664113
49.26233431318
45.9657673661473
56.9831914382882
53.820249604418
52.8688812874762
45.6613537093675
59.4360860896737
58.8256477811126
55.0030873635234
49.5052125251067
49.0012378512301
49.5310760853032
56.933309213017
47.1025659354711
52.6061807414196
54.9387101616509
50.2924220623441
48.1833546487115
46.1091097952633
43.1579866064098
51.1429876427601
54.4791930821326
51.8906906844383
50.2956545723745
54.3914765127407
51.1617929263408
50.37081433315
47.1765113985189
49.0306121926277
52.3163461560257
50.1435646980029
42.9615640290251
46.0608262422652
46.6526504163748
51.9868456726611
51.2223988554552
64.6934090407459
50.4024999747
48.9041668204036
48.600993103439
49.6821063405734
59.5471079566707
45.6827275895346
50.1234012127657
52.8731253630712
57.4799923357404
55.4845287182413
44.9471683195192
48.2108287905031
48.5945597675374
46.0264795243148
51.8390654666488
53.4215316944429
46.0501357981083
50.0174838129619
53.7168535196589
48.7140300388127
49.0717271157591
60.1644448973963
46.9277145496065
56.2999927146931
50.6179667071326
58.7937128661962
54.501150425356
51.8204280787443
51.9195415446584
47.9679637901514
50.7682031721219
52.0491506027576
47.8504993854024
50.6627364828568
46.5286815716322
52.5942865363321
48.9531132207478
48.4865826675717
48.5553216147226
47.7637421796475
47.4054799237363
47.3670100719176
49.5379748150732
46.8319543342249
59.7839218585437
51.8226145263805
59.4873877028058
49.6064748556989
56.9614196801293
50.4935738060077
47.1112140066288
48.71814911639
45.6181701867415
58.712937853074
54.0745048998163
47.1078731968402
47.9441834237494
53.2974744053467
52.4468915770545
47.3235782418692
49.1330172314166
51.6127820164906
52.5216215777745
55.5915136217993
48.4568139625004
50.0196755860577
56.6450858609342
50.0759656584795
47.7348325690029
50.2347706607546
57.4965225778396
52.1658495868327
51.1200617030885
52.3832074817499
52.6587954752674
51.7153761679784
50.2724364472527
46.1034375218734
47.0909772786199
44.8306257654163
52.8802295195754
48.3798393002168
47.4485206341142
55.9355952268323
50.0595521733753
45.4054249117279
51.0856356296432
50.8701596454936
53.9976981260703
48.2351109457646
47.5773756842148
52.2026861266004
53.1193660313008
47.742792988968
47.0147192056807
62.7344401141912
48.07942882433
46.2891543386958
51.5060289365725
50.0799863238733
50.9951107589511
53.1903088273996
54.3116989015745
53.0282058029907
49.2053807217447
61.528685593144
47.6692226773066
49.1239010841919
48.3533708907965
50.539885340927
54.0116627881989
52.1187198739776
51.9219841989816
48.0114237141993
45.5092787022512
54.7179165971724
52.4298668867474
48.7099376982667
47.3573322741615
55.1050992661373
51.821543821831
45.5132182140238
47.9329983968728
55.601369689604
61.9409525411199
50.5159992421461
46.8226825026594
44.9138436123162
45.4068742409531
52.6290757943936
51.7114346877964
49.1893509795921
55.9208338157304
62.9076971413857
50.2563040870342
46.767690467224
51.7850765067832
54.8900343082294
58.2563449026058
48.9544867846423
54.3339075973479
47.6653517513976
55.2217337399617
49.0578476178027
56.8402061474035
52.4876243839155
52.7532478605911
51.9430690582146
49.6986569842323
45.7221229426285
56.0972004535767
50.739578495825
52.1033262667941
43.8747652520512
52.3566142823004
55.36245318696
46.7675357417328
51.4377870186049
52.4732612075617
47.6863356756128
55.1586831173619
51.011275866541
55.2052795376267
52.1978273144516
52.1190304636798
53.5704311027903
53.6432149732535
51.4841971848811
56.0971865357016
54.316812847046
49.4385580206524
50.9411263852376
53.8989054320972
46.3053326743982
49.8381615571724
48.1289869486072
48.862265533694
47.8077856629824
51.3429991577842
50.9131842107007
51.7050411013487
53.7191381231419
51.2008274656765
49.6472772982563
52.4466749560473
48.8430122312838
51.1780143563776
50.6518276914495
49.9135392289407
49.7356021372598
46.8322802574273
53.1940301928813
49.564070116695
49.744902366999
48.5102193511043
49.1829127961325
54.1126495769269
47.6742547170922
45.9740522756023
50.3501324648385
53.6516689241589
54.5653408897906
47.5804839939035
48.3113358334287
59.1557247630439
48.9533476037548
49.9077465996118
45.980713146469
50.2723569611513
46.4866179587423
60.2152384239835
63.9386296983302
55.9424668862312
53.9854913210498
51.5114921248327
47.7484295797402
47.8886586882354
48.2836062335758
54.387332458547
49.69448206792
51.0297015750245
49.8797714866477
47.7533924402032
47.7256966832378
49.5329758201611
55.4116559358614
51.6081580651148
52.5078682257072
47.1389307766469
54.1577689361619
66.9813272318552
47.3270317538837
48.3931960771985
50.6216109774133
50.1698943992702
49.0438228059557
49.8122521514411
45.8438204610474
48.3266921960334
50.3172507005931
50.7334286465028
49.6460197669504
45.7176453602775
59.7233806285908
46.7313948287455
49.8895524515136
49.5731459884992
52.5004055961403
47.408183800837
48.5894847316733
47.681453470442
47.1661101753107
57.2505213945335
56.5166156275835
52.7878242675387
52.891688368811
51.8358109730774
47.9396441267385
45.2087907222372
51.3974204744522
46.0554952748727
51.741883123429
53.1137215916181
51.5650856062458
47.8621562514247
45.9725973921879
48.4143733149448
49.8936737082807
47.5183665496929
43.9888855864041
51.8492276008717
50.3010168208054
49.9985380996804
48.3161260875858
49.9265789919729
44.7434833582402
61.5012007041173
51.5327379705519
55.0525501359579
49.805061233098
49.785176521702
51.2590366509857
53.3334391156281
52.810924605418
53.7122121284229
53.7734119038159
50.993232985844
49.3599265462748
54.1417276649764
47.4153485598743
43.667207740232
53.4304236401933
64.4091623359377
53.3686054814524
48.4725015768612
52.2460320617852
46.5714039886754
48.1535533536733
46.2513072295308
50.4004061672845
46.4776560597868
56.9235822593259
56.0036984341085
54.4534042590604
45.8563526518481
52.6553808369092
49.8523198544953
48.7967988805391
57.0299708807837
47.8317234828474
53.5025789921193
52.4606332314693
46.7884798594399
44.8157688489896
54.1662262591184
50.3493200063932
50.237277844888
47.7108356739115
48.674923100299
49.8452728996534
53.5305130746011
51.664042146674
46.7793825614719
46.8769144918172
53.6537474662172
47.9961110442397
52.4110823503091
47.7603618773539
46.7441264037902
57.114500539946
45.9877917301288
57.872008071078
49.6508851620794
49.6144795302638
45.6924181153171
51.5644949645181
51.6301941091797
50.3609688083244
56.188737396773
47.8008242951618
52.5754214139791
49.3755177816265
50.5300021039885
52.7249424296718
51.5275365016644
48.9228638012576
52.5254661256759
49.1940959097848
48.2068424464038
51.8294682758833
58.8650136942171
51.8294411438827
48.5360438305808
48.2080964123132
55.0586613565274
47.7264012566473
54.7423732941436
58.2524669044136
57.1149755893041
51.6421674820233
54.2248767846157
48.7782436647519
50.2124880041778
50.2673796715711
47.6497148401895
49.1042851043145
45.9339174519703
56.4636217997507
51.0605520286742
44.8652177514183
47.4254070695322
51.2261848042335
50.6398059464565
53.4961854434921
51.8066543043918
46.5742630127288
54.2501541389198
49.3170926010459
51.4086653480522
47.0659891387464
45.421343712397
50.5458580246313
50.9909283423717
54.968166372873
47.8270446668367
54.5782526473116
48.8296446436608
48.3026940907987
47.6578666056571
47.3822640943348
50.5771242532067
60.0888286004148
53.1689705549228
49.3918396319402
51.3598074437679
49.6174626873339
56.5087679435445
46.1232389387912
49.5102393498591
48.689084352314
50.0093356372227
51.6667838169178
54.9279327442629
50.1285317326873
53.9536020235266
47.9456602289728
50.7261109052011
49.6412948594868
50.1153887990245
48.9157203898344
57.0904550621783
49.7792768976816
48.7231528888819
46.7366377706204
49.6633184164517
61.0217491168669
59.4540858780632
51.86338148369
51.3830078577793
45.9928201646803
58.1133579610996
52.5337219669579
47.7798566969922
50.9211162493892
47.7454391791078
46.6748387621875
48.9779041447766
53.0645074680984
52.6631224507033
52.489938114021
53.1465186678095
60.6904271956589
50.7426102101759
55.3565605333206
49.4105041675073
54.2395296330199
45.024629643593
50.8333796122759
47.2970325338963
46.0101674876911
55.6033748042839
50.1589240999824
45.0573698090543
45.3674926377054
51.6052546983436
54.5554885036681
67.8222934837795
46.7402626071516
51.25180157147
51.7397816598974
50.6018882365679
52.0557557780768
51.1382410540474
53.6486444399407
47.8549805809479
47.2679397636627
49.1194081569973
59.6571526223321
54.4060049528399
56.4192675559566
52.5924636551736
50.1780713294767
49.0134584076296
51.516829483021
48.620041938476
47.6019545112323
43.9503352895526
50.4845759245596
54.534877134953
51.0059983855961
56.341323054645
50.4494516328243
52.7240483643745
54.0243799638757
58.355986962363
63.5672024735929
47.2681136263843
58.4649574208637
43.6226921041931
52.9715170105501
49.6900024694192
48.7216280746407
49.8618123211823
48.4450478417058
47.2606520679173
55.8820872209841
52.4523552138906
57.1303368729934
49.6430051322777
56.3626101112127
53.4074329267281
54.2230093623464
56.3864818615006
53.5844974307287
46.3300686104036
52.15758861103
49.349380692616
49.4243600258214
47.3472489714275
54.8896046742314
48.9209127182792
45.7286096843243
49.5260465799033
54.4141933387704
53.3149451453672
53.0742379998527
50.0912981452343
64.8917687093256
49.5452066253227
48.2728140406959
49.0161476603445
58.2696623094513
44.8942356941964
48.826464654514
52.5288682793689
48.2215823888139
47.751546410037
51.4414430797579
48.3037589162626
53.8282277092887
49.5375241661137
48.1276226243863
54.5600962303778
50.9012428470747
53.6889570765715
52.9835283137789
58.2609212258289
54.2479929239205
53.1888935605546
49.3994249855233
59.2004445557384
55.2160830825943
59.5488608645641
46.2692798659731
55.4086296186166
51.4009860763914
60.9822998951365
52.5594540093038
50.827854771724
56.5486779818995
46.724422400775
55.7622013004365
50.6122575648209
47.9198782873533
45.6229951382356
47.1189486497553
48.6898789825356
44.4172745671747
49.7446205300872
51.6140300290908
48.8126931058033
51.9612325215968
57.0116812547819
52.9991254919659
55.3881037452032
55.8574196522755
49.8435864463033
53.4108628344528
56.9792260955398
51.1310349559029
52.3657235943827
48.4948128729377
47.6654067602099
49.3266290035976
51.4675083600027
50.4517200628813
43.8044504258586
54.79163454379
53.0217102608153
46.0541162923215
48.9595949389704
54.2305258431017
51.27528705373
55.1055727890814
53.5097158902659
46.8148528737122
47.3651498765791
50.2597788628381
64.4589737117705
54.2116523781686
55.1649110877636
48.913187768412
54.8456352954373
62.8412355444279
53.2450950484593
46.419045227321
49.9003834990776
49.4321979587975
53.3604504096575
47.4437838189863
49.7381409524046
49.6509505763373
49.7526559674772
46.8618941420818
61.542933022781
43.0896960884934
44.9390343197405
48.3512801181557
54.8117563437261
49.8651857186027
50.4218159004311
51.8715881100084
46.4959932069245
44.819976520548
49.3270902859819
49.9438766510096
48.8306861981305
54.3323830462783
56.7219528439515
53.1347721234107
50.6133076176145
44.2397212699427
45.7614660512056
47.1803029900427
46.3795203363703
49.3183044695658
53.4303028011197
51.4475657523014
54.9997739808001
46.877326278374
46.4374734614377
45.8119424090676
49.6983136120428
48.0870680326229
49.6461668998629
53.9484475266568
48.5426543152705
53.9972168235736
52.8850674651347
46.0585472060677
59.3644280749619
49.1581367195627
48.369734172668
46.2003561311645
53.2838217679144
57.4353712564877
45.6351968195698
60.3682970885563
48.2179153951478
49.9686326022155
44.8617527059181
47.4480345507027
55.940038494635
54.2222710311915
54.7188772226956
52.3401705118474
59.7876257642187
55.8833445807008
50.708218763189
50.1031255774474
46.2211547022385
50.8337471024002
51.1878272464105
46.18789714764
61.8848395894029
49.5186708340045
48.233311070414
49.3258781789343
55.3763066891811
55.3525486601665
51.4243244882519
67.8798216427726
48.1722266586775
51.7276165289983
52.5596223239733
47.9645965523051
46.7698527212313
49.6683047714814
50.1497139565302
45.1395019274339
54.2506206543026
55.6889300891081
48.5145009337409
49.581805800421
62.0845291440674
49.5722976366181
56.7508761668382
48.5363762894875
56.3313083525852
46.7373889042383
56.1677493522851
50.6063813361326
46.2542684940443
55.5691985152183
56.8738221236397
49.3149481822572
49.489707065678
59.2579783540634
50.089146944209
61.3364574158783
46.7728644787727
50.642228767244
45.8320204813637
49.5259670622727
49.6283054466171
44.7924780601485
50.9059373071137
47.0506632120856
55.59476671892
50.8615484950658
48.7599233502148
56.9338980758161
46.6554901050628
57.2787489701229
44.9639202466012
45.8706762790658
50.8844085514877
53.8409175319499
45.3451969973593
55.0411207018843
55.2691269748603
47.2499043328986
46.3617050668873
54.4414289621875
51.3022905034486
54.8205694396438
53.3878260141309
52.6868962600375
49.9577682089808
55.4958846715029
51.8859113478896
48.2828485193197
47.3768367555548
45.4631554471847
51.2279201519146
47.3105590933653
49.8533617504957
48.9005762605322
46.2733979991675
49.2101190942924
49.8415384373413
47.1062950771187
46.1435916703006
47.4692694926394
48.5936236407329
57.2915782590728
45.844988173469
58.1120538119772
47.3474624167161
50.1230363034972
56.5790545560364
53.3648406521419
45.8096901385003
48.474075186664
51.1576658985009
47.5181065724363
48.3493464122066
49.4813234225525
50.4783934668904
58.7173282399591
60.9210439837083
48.9264928733732
55.7138704408401
48.4541221198649
52.5559246065557
48.9119073338024
51.9341187516679
48.1402026163888
57.1567905580674
51.7956211414659
44.8455423408214
56.6922284459183
53.175432765187
53.7038938360534
63.877180902269
51.1268568647254
45.0772588795746
50.107038263797
45.162780422449
51.9171643785622
52.7023873576913
51.3896661111468
45.4788022533615
48.4752303761917
51.0501419886664
48.8887712487193
46.6619650369847
56.0559485230071
54.5195181776025
55.4764201442615
53.2372013662093
48.005229816396
47.4363865035415
50.9418367133595
57.4567900177868
49.4809470312184
52.0981189828196
51.9054753309179
50.6820888888762
62.7540285309832
51.6503027089134
52.4451532758035
58.8672391809288
47.7622180153062
57.9370478320305
46.0629270932907
53.3724372118649
51.4859058109525
47.525131084679
57.0938741211069
46.6595434867087
53.3893912557217
58.7684208541708
50.8778018179117
48.8325249844825
57.8813737844834
49.1951452961956
53.5223136491574
44.9957000335363
47.8346082723423
46.1454618179155
44.7843511489387
48.9035038429205
51.4865167070656
49.1485815365775
48.8623262862611
43.8880796276012
53.8402202670476
52.9649345901068
50.6020701355978
45.0474720611386
55.3051247954505
48.6363632249371
47.7353079486198
46.245329113657
50.9556464304684
53.7464354007212
52.621208800829
51.2876824597536
46.2744047457916
56.5969265169519
50.753830504615
45.9942710055361
51.0414587586218
57.8797058996693
48.4829664556827
46.4911340557668
48.4561886315356
52.1062504871543
49.0101314706278
47.8604090219631
47.8501539627679
44.6233640820848
56.0609719407783
49.7098787556601
49.0921728142017
51.0315589858203
60.4415140445346
57.3821659884342
50.5042894278325
48.7991112587558
50.4833090272848
52.0038404636058
50.8688464158614
55.9711170531483
53.4612752740769
51.4651336382905
58.979486099208
56.0195242614788
52.5594377023219
51.4010239571734
43.9021856559489
47.3058769937923
55.018108762288
50.2275606877887
50.7625958602991
50.6340301089696
54.9154672987345
52.8721246782238
56.8356548504569
51.0480791385991
51.069859537061
50.1346579823399
46.187414611511
50.6459487768993
48.182466027459
47.8428522818177
50.3874439811527
58.3700335710581
50.9544216873319
56.7625009055788
51.5598381967912
56.4997160445267
53.601847559594
62.0235708173115
53.4037822308518
46.7644227582511
47.7151316327718
54.3297486837378
54.8255411299403
45.6396468226575
44.8571981599383
50.6631981213915
51.8750901777755
54.6495914124593
54.6016760881895
61.3143667622917
52.3289502157099
58.718715221744
49.9152217142371
49.4748917980876
55.4796838338948
51.5602465678017
51.4127928866871
55.7697004637784
49.3911464719502
46.4193706662649
55.9145164459791
46.6165168988411
49.8789227319093
48.6419173751516
56.28396047384
60.0939250978752
49.8576318103982
50.5135123749895
54.4259822036353
47.6694900220415
52.5771566878397
54.2671580009597
59.2220119114325
45.556860571892
55.0363610678809
53.3858793057661
49.2422784678461
45.8434183286589
46.8393287396311
44.6333061202848
55.5286980963482
54.2243608915032
59.7758339526472
52.499853468859
60.5889419433178
57.8888674342846
48.9285532779112
50.5570315747207
49.3503448797199
48.7415123383782
46.6192492973684
46.9433189611186
47.8108464701842
51.8153119838399
45.3190572542014
52.3709973767057
51.6702706855004
45.4387609076038
51.3178973135974
47.2161444169473
48.5388208182084
54.0682084829729
44.6804293360779
50.3830742418865
47.6215073852193
49.0089987486672
52.8484087378273
54.3877197144836
47.5732551539965
55.0589558848382
50.9954963581442
62.046328909367
44.7115663801117
42.1785594013899
52.1199928085127
49.6442359748159
50.089043047893
51.0935655463016
48.5508159593013
48.5734269300354
49.9906411129984
52.5885989892148
49.7889088028803
49.3179725556209
48.5036925279979
54.9412844831114
44.9542470047872
54.2907355113661
65.0075698732754
57.8274621942913
51.9813959142769
55.650795124249
45.0782856662044
54.1123168103548
52.0672760938724
51.6108702524222
46.5473933613966
46.7045977705754
54.3459585873751
67.5360140587542
49.1895018822695
50.5927334910551
57.7934059366623
54.0194775477689
48.1144019877597
50.3365644413358
50.4260609447186
46.8511407209127
55.1724132263257
44.0406404695638
50.9905131248446
46.6526262114523
58.2114006108474
51.0559151876581
51.5066916646886
48.7044902302277
51.4926012033242
55.2002584952005
45.082481421293
46.1918250397113
49.4029631518321
54.4656791758567
49.5197333630528
46.9960284404747
57.5662425698576
47.6999021488283
47.3131909993613
49.2650663299028
53.5444487739998
56.729814263939
59.3263122318402
45.8698175431127
49.8059457249287
56.852731061946
50.8870342810849
53.8456721992252
47.8784858178555
52.9235238516877
49.0938772476337
64.0583411492162
56.8358697532042
51.6098287754609
53.17845646019
49.9893315357325
47.8866589668046
52.249087577609
54.0153177883358
50.9567090445521
48.3869467471805
48.6202729480005
46.8613868427286
46.9675358087102
48.9366438025
44.5133493894474
55.5406576442663
46.8383837997407
54.0366443336965
46.4830349568539
69.8101553139656
47.0004061735622
51.8202616684457
48.6953016730933
56.2365972901084
47.1213845649095
52.1968797101297
49.0838964683049
47.8963169836103
48.5215690339249
60.2656464019246
52.5800458362245
49.9074619781285
56.4986690366926
44.810626648088
52.058293152157
49.79947714832
46.5039611301812
59.1681835020486
48.6074203173342
46.7400686423565
48.6934400675368
50.7516378319622
57.080431179135
48.9016559753766
50.1813967674502
48.3838181001554
55.2113209471495
52.3147441297528
47.9674357686949
51.2055805218359
52.0147209509008
53.474037268614
60.5393857747299
46.5923572293833
51.4874288341958
55.2073086585365
51.0919480767973
45.6699214944612
44.3458931126993
50.4225306055398
48.2425252017972
53.4842688203047
53.0208822811293
49.8216838359229
48.1999617582961
51.9845644870179
47.4027882070693
54.2604019980222
52.4668949122476
54.4471620876503
48.7249038400719
45.5378694179562
53.682967334307
47.1822212413353
45.8207319725815
54.8763954497093
46.6363145875262
49.1256043379012
52.1762651790278
55.405872621034
55.946941278497
54.2763128010092
44.4335342256142
48.1131525658946
50.1125320816395
49.3947292042572
50.106787311247
56.4959582483004
47.6727508986782
59.5727917468426
54.5609265960464
52.1924644418628
49.5965568383055
50.9404972849637
54.4828176800987
46.0532077699921
45.7494940021535
47.864166745919
54.2496147927009
53.7525369973084
58.5494176097904
49.4166563791625
57.961582520145
44.8356720318052
43.7147330482501
49.3801304562236
45.4843696288189
48.1858652065988
52.2681306271421
57.8129945300558
46.4442559651234
56.6304543949704
52.0869806268068
61.9063210903635
53.0070765008351
48.7984119054653
62.4751034111813
65.4883337013693
51.9213976087359
51.9916281525094
52.078216412567
58.851382987103
45.506429881486
47.8211408126187
52.6055199886353
50.3700036122898
52.9644085077169
53.932605916342
50.4125300947171
48.0606785201648
52.6883031331615
41.8489170636659
54.5748484237523
47.7884272728974
56.7277693772775
49.3771798880086
46.3055226915201
46.6447758375218
48.7886336307586
45.9723228828716
46.5139686015183
51.2233206472644
49.7086909709236
48.899062428733
57.869944975262
50.3577961523359
43.9698236120115
45.6699079686286
47.4413705934889
51.617609737266
51.0305495548092
49.4393779651743
54.3164271671479
55.2065553539319
51.1511508484184
53.6818739203909
51.2757004832052
66.0919058921477
51.7219288113696
55.7367122712565
54.3178149848214
51.9073462947869
43.4363407864446
49.467759651061
56.562317231181
61.4204485637845
53.3234682419966
55.448533847562
50.7487058182144
55.7744873889906
51.4535428055429
46.853759618908
52.3233681335998
43.896346884785
60.166389528945
54.8176851996544
55.2394927559419
51.8378352222312
48.6224890422953
57.103714134759
48.0666034519071
57.0995855048857
53.4935742381912
53.0020716718108
47.1982948542851
51.4269103827014
45.7648281729817
50.8408624264658
50.8959234617233
53.4479865813459
47.744226752764
48.5098144791912
44.80864755913
55.3368875970391
47.9410250837284
48.5811791017945
44.5008631007631
52.0117955295537
51.3038771288241
53.9452894751346
52.7721388955044
55.8917515335735
47.7101771979461
52.6266821528813
52.575304917364
57.0126107477022
50.2381181214631
61.571001677886
54.3278441066832
57.6856000574282
58.2714402529441
49.6501889580756
48.1474507667804
54.8559863716023
50.5989081158342
49.9860673371605
48.6393417845941
49.6254555085106
53.5113674621177
57.6205489927382
47.8749506204678
46.1024236875695
44.612459808179
48.8448604879146
49.3620262171227
50.3067131346937
63.4524826311447
44.8558785201177
48.0430659789213
45.4687353597116
58.0648231873548
49.6754142964307
56.7523720359022
52.8938537316872
45.4686246292298
45.9596748133993
46.6149854141499
46.9574722497211
45.2726903766825
50.7334571608741
44.3800171811002
50.0167151567524
48.8011950981966
47.5674039262006
47.971311360857
52.4931333977837
52.2163863835963
46.0956864476211
48.9110090014244
53.9712185331306
56.9197163878764
50.8694677751018
49.5594198089934
51.2882752205856
50.3789135856042
49.5287122752413
49.0300814432677
46.2613858318876
55.719120277545
47.1620620776602
47.628390820838
54.0355377366835
53.4579364544384
56.9506989808336
52.8576938474052
54.6017069611511
50.1349360269092
50.4841892257794
46.2911701034432
60.5145675446003
47.5920916690221
48.1501509773537
53.26825058161
50.3526549952096
49.3208494922853
47.1442857858268
52.7292589780919
59.7001389217455
55.2234197037952
44.3111704715806
51.759612441163
47.2826710315207
49.104099168187
51.9796328751443
49.8890338061268
59.0563265885569
47.5714287977404
45.7380708378337
46.4903998046796
55.8666993286874
48.9146793627776
51.6608791936977
54.2242848602781
50.4128705640337
49.107128854893
52.5770177198081
49.6685554438858
58.4120651360484
52.7678487472165
51.1373660442774
61.1825107600197
52.5673527900025
53.5884051974664
53.6212346014795
49.4712629521682
53.2267661419257
49.4223075510606
49.2647837604741
46.7789912881133
57.4767952202792
47.7079492540352
54.5886901166728
48.350750256985
49.3463394160347
60.3476257255228
51.4148142927658
57.2972173817248
56.9629427872476
51.6404335100009
51.5658767703398
45.1342603588141
51.6562421379885
49.0508062270036
52.3925472298188
53.217059611314
51.2304235878469
52.5935088478192
55.3089238456779
51.154459342495
55.1921032971234
48.8335721319153
50.476094465264
51.7248505528018
56.0912203561465
54.4772595121661
46.5827054705313
50.8767250991033
57.2730619768232
54.700650562479
53.1224817485523
58.1769447317904
60.3129445800216
47.3858779966953
51.4072739400976
48.6816447005646
45.1427699854281
51.0041666965236
49.6083937431999
49.899887486038
47.5219882955913
45.916232955154
47.2530401930202
49.569887363149
48.8952796738341
45.4464284697083
48.5781414353867
55.7697133899175
51.8248223623251
50.2731254764575
50.097223054842
48.8779363846212
48.7695281194178
48.9206005778707
52.7721296740421
50.1122419464577
47.652946630491
45.2828862410262
54.3935819109407
49.7639954433806
51.3620768907321
47.1613149491292
51.9503951945617
52.1214339800135
49.7561898644043
53.5542353793821
52.4886404845272
46.9159946861602
49.0454809719898
46.9709655636068
49.4369368074212
45.0021478149516
48.3259910704979
54.8677334123913
49.0849036893837
52.4340679490266
55.8785926927598
56.5540802322886
57.015933349212
50.2175441559443
55.5312118835952
51.5247203969743
53.6451500952075
59.8597168669154
45.8025547616009
55.8700478772094
52.8956724517162
47.6413130412784
52.8341589851134
61.5302545796585
47.1612833349499
51.4236220943451
47.7804529427037
47.1856159473236
47.4058238016365
47.6119946948043
48.7490954936105
48.5734901261917
53.059328641752
57.1281662842642
54.2455175829738
45.788500212888
54.3813770110401
52.712915524947
54.0894049932782
52.0086973158194
45.4081692268868
48.4351115187019
46.7490041422065
47.0248818116824
49.0351664726397
48.1679424116457
48.7804314321859
52.0075522137214
48.5904054266551
49.7774292150253
49.2391956668481
50.4151723729743
49.4736076967953
55.638598737433
50.1309018500421
54.2476505881082
59.4631623373117
49.8606051286923
53.8561787474764
56.0839829840291
50.152408101472
45.3705464459456
53.6943741270981
54.4170758803288
49.4219366246411
56.5750613955586
47.1030146335902
54.6753405926023
48.8564710268766
51.4181183754945
48.5953363780884
47.4194986201511
55.6895639419029
46.5104945543907
66.7383995926089
54.6382579351038
61.322551613553
49.4486357200752
45.4800126915226
46.9857203373886
51.1379730798576
54.6997932790786
61.4137929023593
50.3172549503185
55.1272195483844
50.8663832889602
56.2247021960473
47.3860131937523
48.4899568805638
51.3074426602599
49.5133312250312
47.2051172323684
55.3203119711234
57.0466463733807
52.3565525190405
49.0800728443392
50.7332849342532
47.6964578205847
48.4792753483572
51.381932072133
49.4235904474981
48.5698871542363
55.4693249771635
49.4924822126911
53.2859047276212
51.6495251114217
49.7104346610065
47.1470347429064
48.3886795281113
65.0729681862551
45.7004980062818
50.413030015176
49.7748488699903
47.2721285969817
52.8365929226464
48.2512942541137
53.1166843787428
50.0032952160602
51.2522906665358
46.7353982422495
56.4416771931415
49.1074574986632
52.686555604498
55.6756254291034
57.253759259831
52.6047139137072
47.2914659346955
50.533571584224
50.8468096194775
49.4390268793388
47.1325208619234
49.5737011238925
56.8726330263037
53.036065942524
53.4783425049444
46.2394690259749
48.6488718038182
49.7896673375971
48.2299879986872
46.2425318579151
48.7399641252313
50.0776334801292
48.857990175837
52.9952380423004
64.0602299049591
54.6200678234885
51.0874409409944
44.5629266400283
59.5381635785511
53.2421925104822
56.4045333478972
49.3948002406269
52.6373290945075
49.8971773710847
52.8832538794998
48.8587098995325
50.7349383504119
52.1449002725807
49.8269892999915
57.0206496764319
49.9733030907397
63.3908225187643
46.3149598345213
53.0775409865795
52.650207668053
47.8328568141722
46.6715602641759
49.5616835491334
54.3248232168463
57.845060162073
48.7873315223322
49.0761743085466
42.247607562361
50.5233257559431
52.2722046888944
52.764438761549
47.9005769128698
49.5700374334061
53.7222761617016
44.7455447132207
47.6188079977697
49.2359104767472
49.5907037282449
47.6344170517007
53.5669721439045
52.0718480742463
45.3598452886645
48.3625095287511
51.522622863762
56.0683214820792
62.6352473093618
49.4376787035812
51.8878975254829
44.8233145259959
57.7969703792359
51.7555495368746
46.9040235443683
63.3168831007033
59.3169559845082
47.9354298967261
58.341100788103
53.2148365901906
63.9128748431094
51.5929139611009
53.0069519573902
46.0358921184288
49.6092882821205
54.1614898123979
49.0512416771087
56.9335767037994
51.260198139347
48.3350898524509
47.7340985533633
48.0810406183811
56.7754740012105
53.0159977329567
50.698577731013
51.778616234552
53.3904324821072
51.3163400059153
52.5675598019279
53.5267812217567
52.4256063472196
51.7001224613421
50.8437736549799
49.3238974712315
48.127468745804
52.545179471506
46.5567489580184
52.1169885107065
51.9634962383066
54.5151492343156
44.5174751709787
50.666072321043
60.09585576427
55.1805371027646
53.6386205935925
47.5902228245041
44.3749582235632
58.3968462106287
48.2722113630298
48.0992501611721
53.5608444498585
54.3950762129279
57.6040921200284
54.1294157034272
46.5929884899187
51.2963269162107
49.9226752923689
49.4512086638087
49.8302350816117
53.0216985577997
47.0293705574594
54.4616079318041
52.1510676952794
48.7366752726341
56.6108303122362
64.2873262170251
68.7204487818499
65.2375913433526
52.693413152564
51.7050170809346
51.8692489378798
47.9583507562882
54.0654332264469
50.493846406886
47.321204787206
50.8408406645797
51.3556630465735
48.7455753487584
66.2575581227416
45.1162832044782
47.5261022196703
50.0930363924654
49.3073010786984
49.6879060444326
54.6521722451507
50.3765166756913
52.7792339460866
46.8120879156882
47.1358681796855
56.7760168357758
49.7813936767647
46.5435845946214
55.0632328172421
52.3451585209545
45.8326150887241
52.7020524279577
53.4799897487416
47.9900529114038
48.2572496305863
51.5380578657773
57.4409818247433
46.3796625563126
54.2893113857693
55.093568204386
50.5352529809795
49.7003827247445
48.9218639057949
53.1975865649416
51.6325192289619
50.5911978726246
48.4642725529955
50.9086329161772
51.8573400144235
50.3460033437237
58.2322022526625
44.9843867580048
53.0554463028726
64.2991062234127
47.3488851539322
52.9717584705026
58.9866972706104
55.0758682028524
59.3085437793877
49.4031426198616
46.534806550133
52.3021812076521
50.9684538668799
54.2103022128397
55.3716057736954
47.1636761360151
53.3662920090328
47.5461237939927
49.7096446535441
48.512011505168
62.5045343932358
49.6803173305119
46.7295132512779
55.6523752947587
49.7905415020711
49.598380357606
49.7292599647819
50.0307863352881
54.65158486022
53.9620547660198
52.6278949633471
59.7758608565895
57.0753043057883
47.877878985678
49.636571729233
47.3780441532041
44.511153047209
49.6207924128216
50.1636060040598
51.4740018714246
52.4083018559324
59.3926687936024
48.2350300370249
53.8796764439061
49.9631311912055
63.710354830455
49.2345255758883
57.9577245625426
51.6831869022337
50.1244165914582
50.5401841733431
56.8877005440964
55.3437604115987
50.455591526122
45.7018807214344
46.8127186669896
50.9212652869264
59.0903496408354
44.957401190724
47.1517469087055
45.2174554503539
53.82779300732
51.3192285677668
44.2297159974608
61.611923022932
52.3436338214531
49.3651332478099
58.6075527010824
53.0684145792095
53.8262106476885
49.3040009296663
45.6302911508858
45.541305360668
46.7894652720838
46.4825548953631
51.34252743994
59.1604217118813
45.506799693654
52.4241933235583
49.8101057945933
49.6807737600024
49.4107770845239
54.3750895115268
47.9248791436442
50.7304658182749
46.5779395980158
48.6888652650855
47.566933719992
55.0629562013028
49.7118309577481
53.2341062684684
47.200670374703
50.1992275043619
50.8247230372703
55.954605896138
48.9953266823355
72.3756533578526
50.8729517404652
51.8661681991192
52.6262609961558
49.1827338952533
51.1493293901253
49.2086076261666
47.5340782389972
49.8944412975819
53.2545160621451
54.6107560519807
44.6753392835936
49.6755612638917
47.1756747376043
56.701629595792
48.3900527909937
49.5509459595494
55.0077911166292
44.307767125578
48.7500601522309
53.4691806192597
51.7095234815089
51.6142919170606
56.4715026705636
45.4703845649803
56.2758532008925
52.5534450037135
55.9314534061554
58.0555725275098
47.4549362092788
50.3521472720053
54.7995404594205
55.1456349893405
55.5590569861657
53.4774975230349
51.3613734033396
45.9169814397244
48.4782657610793
44.9224383348426
57.7191187288494
53.4730509089736
54.3683273381403
52.0574262974493
49.0112900609588
67.7604988085733
49.7097401724461
47.7657440407979
49.0391800645193
54.1930255772416
43.2852402281924
53.276672047042
52.2609631583133
50.8026949565831
50.7839096452312
47.9602587736833
56.1043607404325
49.0728132733571
54.3927307998412
58.568517889956
57.9303717831833
54.4144598120601
49.8605519689088
50.5954316750294
51.6434702576211
53.4004454855545
45.5562935625852
50.3890076279642
51.6472397524077
48.6911291162861
50.1724044673287
47.3420913053137
49.5381149300078
52.0309257184106
54.8240157333702
48.6603668225077
50.4195114930516
52.469274816883
48.93946802169
46.1502288063918
56.9519625594056
53.8948068492307
47.5206785037949
51.8050080110726
52.1917555340169
50.0482282237523
51.536638102778
55.564890352163
50.062178903834
54.8754220827164
45.9659302079154
46.6627722291532
44.4808790926544
52.0194645634559
50.6846955329984
60.8296210641483
53.1147936026461
50.6263306496989
52.8343447730789
56.777207135664
51.4995166927202
57.1434884295101
51.6330018011212
55.4667423665253
56.587481103245
47.9771451688357
45.6526365394734
50.2703215965327
53.7950967419581
53.3023040957938
49.4320035343841
45.1605527679719
53.44179825463
58.9768208520117
47.3086922089657
45.0717725636258
50.7713767637588
52.4126284094236
62.9543632748986
46.4563067992558
60.7363367928768
51.1048061173045
54.2334774756989
47.1904045224488
47.7061356206092
50.5097180878521
55.8914030320458
51.5863437023623
60.1496533547879
51.6744918408719
50.8413689486518
51.2384565428677
42.6540683711919
51.2999556346278
51.5127865513392
46.3511840471171
47.3369390636337
44.935897711082
55.3957078398014
51.3812284214686
51.8822130178457
48.8870552782252
67.5339873520943
46.9640168992197
45.7118152421265
47.708793656409
50.8547936504742
47.6009011977375
46.5475374930498
48.846103863354
57.8513583315001
51.4913487850198
50.5755979371379
46.3983030000685
44.8792514034317
52.6869300593234
56.5976389637241
44.1166047434374
50.2612568034535
46.6976667937617
50.2342421602936
60.8952896229725
47.1412759200929
49.8849062194085
50.3073397832483
47.3973651580719
46.8806387275511
52.2303082626768
44.8365484524997
50.9549936342288
52.0000022166438
54.676110524697
52.1440855908341
51.8264258045061
47.9546622906989
51.9883838220636
46.5049358588791
54.5695496690652
45.6297590924739
54.3786076653234
46.724388239849
52.3743497402297
49.8356501856444
52.2275124792326
46.7842810910992
56.2358903299833
48.9756493223678
50.3998615115375
48.6020068810658
49.3782875107228
48.1402692984335
47.141916654815
44.9165381547171
47.0904131958327
50.6875608705425
60.6062004343165
54.6093171036149
56.4406428983801
47.7438232649967
52.0860817443869
49.1808911188119
50.5430479464425
53.0537875016989
50.9393736989895
49.3150291595386
52.585883793516
47.7677641657382
53.5946393225525
56.0477230546676
46.4941649547063
50.061165853633
54.5892751427707
50.1895911754273
49.6726876059151
48.2597026183448
54.7256359582612
52.686952952659
44.822182982786
53.6778211158994
48.6586242687055
48.5183128505629
47.2108967369913
56.2772534875433
53.4123544265695
60.2146813532215
59.0804217642471
52.2387345037266
56.9251237398319
53.6806334549656
48.6678126296269
50.9964923142092
56.6195270050028
52.4646844433558
49.4925107630763
51.3674024232752
47.4592574833711
52.0702724184698
47.3219415340284
48.8596377731459
47.174271052415
48.0387116500019
49.8184686457281
55.5207910973068
51.4007859758307
54.2040512355494
51.4710791970275
44.2246885054165
46.5414106182629
58.3495977627376
47.2641687435601
53.0005586349618
48.5204551494511
46.5862083399796
58.2187457780904
47.370207857071
51.6582398785367
45.7321575752562
49.5659018708757
47.1215499759996
49.564048058311
48.3495340070111
51.256775552089
46.9090306851202
55.4507718680864
47.8630434802084
49.9345885902216
61.6139494367689
51.3373332961581
50.9694397302466
61.8214407752316
46.6128093446429
50.2487837359909
49.037819205493
53.0560739456875
44.448075894932
50.1634437596451
56.0671052578679
49.0448681631285
55.6368300243405
49.825334598936
44.861449070725
57.6223026633436
53.3502064368302
63.5171936552645
52.0377038187715
48.0369356834741
53.0775357696345
51.6063994849143
48.6924779292151
50.6623735137018
49.2188595154884
49.885422789521
44.8931979873169
50.1190255571111
54.5002727561612
49.9287692507194
50.7128124343653
52.5143122924899
49.5200268288147
50.5155179158976
52.9272797568727
50.6468076305762
50.6619812921458
48.9203698856588
50.776605613192
43.1653372964724
59.6515355849455
47.5825317590217
52.0883743761439
52.8562680225147
52.2255344495417
51.7884762951957
53.2194295817321
45.6034323272968
44.9068493479514
49.1201800400229
45.7485475799812
60.0980199669791
49.1973940579125
50.1873220528785
56.5983357198382
58.533598861201
53.6718225208658
56.6716217626576
50.5789850138242
48.3453266905775
52.4683756748131
50.5874519813315
47.9653674143682
50.7635630763708
46.5804812426676
47.9495696549177
47.6025756496811
48.6331628585386
55.1995716677336
52.4382335351439
53.8494381524998
57.7473677932515
55.3861627627875
50.7149456649438
50.9060159421069
50.2481116828699
51.2432274647905
48.3160731260611
47.1840496618375
52.3818731202255
46.0077116626343
51.6275230409605
57.7039989828402
50.7882186854136
57.9655069377887
58.2951325184202
57.1659543306603
53.1983448236808
56.6162202982375
62.7566543712491
45.1132209067734
47.5652769479941
52.7232353349308
44.5179928216824
56.2502217593991
50.8179188754518
46.1655732151162
49.3349689108691
52.5646480115011
53.3895609278873
50.7305875953517
49.4135770424552
48.8937043502695
46.8093198423296
48.7458497737973
47.4703953807949
47.8687913720298
45.906858545547
59.2413002273663
54.3353244009892
55.1059283596695
49.9166284017201
47.4747450557391
52.1746497082112
50.7078025463614
50.9771121200824
54.7546937410796
51.5004492934273
55.078112651881
49.5848403028063
50.3880819891915
48.1735902805974
46.7778702813471
49.5449719602912
46.3542597495048
54.8664129095247
51.2940574322685
50.6719177435089
55.4866984742836
52.4102912439455
46.7929392007607
48.1268036275932
52.7852621719539
58.3122152060646
48.0104741444636
51.8949588294681
44.4179712323814
53.8164288271478
56.0054098194727
47.7398644667169
53.8043771714972
57.477600255296
44.6452720730069
52.4152935245287
47.1052621781516
44.3283940481482
49.0769411349129
49.4838919269915
52.6720786825527
47.1491919159772
52.886180221862
56.2488574666039
49.7202597644825
48.0494678910979
50.3637435356825
49.7826046725257
58.022442789709
47.7313362581852
44.8274446569634
50.9370561222076
55.0973352354455
53.6902201454985
57.2164294002548
52.7925954513374
51.7166918440726
54.2469181673471
51.4493675814223
51.9919678835635
52.3250759945355
53.2582182570781
48.0372822647603
48.3907618184663
61.8831922429508
52.7837220283648
51.798312958375
52.1398659534062
53.0143496396288
53.1000438936517
48.6630764278029
52.2317047120319
52.7874134249302
59.568493884921
51.7600123138167
49.3866319386397
57.6020642740213
48.7464242627845
53.286417122664
48.281786459135
46.3568690681009
59.5064028927384
45.1433220227468
55.7184961487252
45.7374044308558
52.0341783457574
50.2823838137823
48.9406646966235
48.7090224244572
50.192354392466
59.3413362850939
50.2858763337619
47.5624675884844
47.1385086702797
50.5591500105584
49.8529554079137
53.8546742419411
53.2909016042385
43.8228984808206
49.9451561011022
55.7425204179119
51.6150376745244
51.3483189755445
43.0813565297646
48.2777391351801
56.9907844209629
48.7006302179698
50.6603883074841
50.6942877666214
51.7763001400349
48.3062482902269
52.0866950688749
49.2777679488716
50.0080116632357
56.7434440158525
50.4908135319643
56.3565168212585
50.8727443609617
48.9846566518043
45.8030233638978
53.1213013469077
53.7672637376249
48.9177838050107
50.055482619844
50.2121824362338
56.3467463040707
46.8536627274554
48.1287214049813
48.9241436903231
50.7285003253555
52.582138529604
50.1654928776762
48.0554040855015
50.8542824867689
44.631786300635
54.8388927376525
52.7378731317574
50.7179385429251
51.4564045663789
47.0324820670397
63.2936708418845
49.3765359201271
56.7776059759857
45.9611724475251
46.4063400508524
44.7598992162187
51.9589076467545
46.548602930789
51.1576621565284
52.9570972330596
55.8230175570618
58.8397015022248
48.419070892705
63.3249244256829
53.9924828960184
54.9222199710243
52.018650899959
45.9805009737049
51.4316162496856
52.4835981207194
50.4976026613662
49.92059392402
53.8989512888189
46.282795616756
54.2751294462934
51.740156470288
49.7552807177999
50.6228614980921
52.460647533575
54.8918725243904
48.998765844286
52.311480812579
51.4522998852366
47.5922091673481
48.2199473068124
54.5636333475812
51.359487916836
50.1078402840879
53.9958898482088
59.5371228799767
47.8266882909115
55.2000247516001
52.7497584560743
57.5539264943117
49.3647683580683
57.0482546185469
51.4598895034737
50.3842861459979
62.2998913699153
48.7302871423477
47.122233530694
56.9526506339788
49.1250247084364
53.825201007752
49.4576697685273
43.9724529334216
46.5310527233409
47.202445800738
50.1072946119273
49.8311119651317
60.8627164936883
49.9832024406518
53.3206307186203
49.502580385626
44.9494645816016
45.7642259647893
55.1457333827578
48.8159508555745
50.6891215496265
49.5655009780355
48.9520236526724
51.763567858149
53.1245242434983
47.6164688353323
46.8553490217096
47.5831988285132
54.4271333887956
50.23140257038
55.07256592822
50.3374029702109
52.3634508713294
59.8120486691839
47.1235195918351
58.5598858242829
59.0481313982792
51.258772063483
50.8238602180458
49.0590539217491
48.6605023627269
44.967862098747
55.2109519450608
48.1681742306238
44.8401664785068
52.1617276363579
48.6506788481886
52.7127360631394
53.8189302781576
49.8432803916271
45.6107390078068
51.4248306511537
44.366548357934
54.5235017817003
44.4562193830177
47.795874073153
44.0391938036883
48.7593313750633
47.7982140680149
47.8925501506223
48.185555034412
44.3804558556631
51.5061244744474
48.2527447267379
47.357255344755
48.5149437997784
54.0403248332263
53.8656424441416
53.5729631072769
49.6178174731199
57.7704366531441
51.4263610719103
55.0606834940508
53.2235483485393
50.7273789461944
49.711787056437
47.1599309927585
46.0721351543185
60.8752744824221
50.7565568111127
46.8432780700768
49.5312125267284
44.8687155057979
51.4298020585916
54.6272986977521
56.0791855177464
53.1353388079023
51.405956358673
64.3181849148559
55.9080516991882
48.5815505598084
53.1689772342794
51.3282284399723
55.5528311043906
53.9303224507212
53.1020046345989
45.7697825831189
45.993870260942
54.853436645724
47.343276575094
52.0600206119937
50.2950983170167
48.3637910764706
52.8600846487803
47.9830240626365
48.6950496194106
55.3056855436502
48.9796737467078
48.5235366016822
55.0373989805499
52.14898240599
51.8048203034184
54.3521745150089
57.2170860356603
55.0239927918182
47.5496671876906
49.0245179736472
50.841688067699
48.1875630590641
54.6061667550251
56.5208255734994
50.8249088121136
43.9503558509981
54.9345649022136
52.8487338619066
49.5218338544279
53.9709854651507
45.6680995587858
54.7655277436474
50.581935305806
48.8467723002567
56.8576852593544
52.9890238013778
50.2121561240812
52.8678195823466
52.2699300239139
53.798069021582
47.3981665918687
51.6756805369806
57.1585024517843
50.0152552805526
49.9590295885909
47.893508416948
52.3179389652594
59.2767941585019
50.4956003223945
50.7905678090916
49.3952041562861
44.8360785098624
45.4485359306783
53.5186278475284
52.8415300428359
50.1443378432744
50.1911233018585
50.4821113153369
46.3479063612742
49.6765954260502
49.1239365678551
49.3068095599046
53.0474985811162
51.012375881458
47.3783621638383
48.3490453058598
54.3209687584753
48.9965345744473
54.3515161385802
50.2374115494126
49.6479498252827
51.7196312101766
49.7993766238439
51.8502501443743
50.7042592772746
45.0918109814985
51.9116448200639
50.0988134925132
53.0957596546211
55.5086914039716
46.1669424033211
48.1428543730637
57.0706510652668
53.9002578784598
50.191263837528
46.3191373455445
47.4385394105083
48.5644506522575
54.1689427474138
53.0363229355849
58.3281438519878
51.670216143099
47.3442192637476
46.3123135394113
47.0105067522529
49.3959298591876
56.6305325508664
47.1305408167362
45.5225041588919
49.418263482731
48.2500670225407
53.1543222796509
48.2670684191866
52.0067856896326
49.7761583320667
48.2204963206407
55.6078494404193
52.9737641812119
48.9448617591786
50.5872641386165
48.9383086596697
59.4526053717785
46.8173172820387
51.2245607138257
55.9837835819457
45.8159099359382
51.7918776010166
46.0270212810648
50.7332931337161
46.6187009019437
54.6632227555618
47.5987836759394
48.6694145950097
50.8652890764726
53.7411199624215
52.3914214935977
59.8596190229221
50.0054040380262
50.9732733231969
47.6829821723876
45.8859274635412
51.5919074083245
49.9887522453802
46.8064914416095
52.2904538492581
45.8817724363797
45.7162056254305
47.9719912627677
47.960173110616
50.2054827130249
64.6102954683403
52.3965412619077
49.1146611703915
47.6155575465362
47.5668000541615
50.7334632955369
53.7601239597406
52.6256623694761
44.499117742792
56.4570640388836
54.00063837842
44.8308533936527
45.9500005383983
54.9839570802725
50.2777395153918
44.7375732655732
46.2354764245041
50.3665581632812
56.7240461551951
47.5935898786448
48.5054487316644
48.9800871776065
50.5368481085058
47.2138511344194
49.9220301171161
49.6997551032543
47.9504010522781
53.9636776174419
49.7718133289644
46.7609996231965
47.2900845093132
50.2380514485932
51.8828613588912
63.1288266699114
50.8020903581168
49.4901707233632
45.4292343144757
54.5552612120546
50.6268342788615
50.6806281870477
52.3521273773411
46.1924886192449
60.6009807872776
58.2668222521676
49.2392372657439
53.7913722255312
47.7392457031805
44.7755173614448
53.4222054194244
48.017516695695
51.7458027367477
59.3060887544489
48.4851834038532
51.060306187174
62.2472465122033
48.1432647743339
51.3192171670085
59.1914117614578
58.0402841929449
53.8647512096995
51.5027334972744
50.4475863734569
53.370913976399
50.0277368536079
48.3727699734295
49.697342068182
47.983494730922
68.1762381994631
57.4377555436851
47.1229295297165
48.0381832461716
46.9061954804381
50.406283869745
51.8231578875264
44.9813932604153
49.7381935051416
46.0427045395557
59.374566751455
53.1376754116357
51.5280838216859
48.738695449832
53.6533605401851
57.449967026004
51.3196974603561
50.5101232662861
51.0765607161966
50.3966490064857
48.9648981624906
49.4506571170913
51.6807103712923
49.0485990620814
49.8811623656496
50.4518183807685
48.0528948716965
52.364460008564
48.8725567247098
45.2484940968077
54.6922884170225
45.747933629359
50.8188145739094
51.7086761227156
52.6436034322657
54.5241885692295
61.0762442383637
59.1358243408992
49.5584549534592
49.1624317775082
48.4324720840685
53.6968351354091
54.5592790229868
57.8649516043192
44.4088095424871
49.89914315671
52.4166285009865
45.9866106175891
60.6160443028912
50.6813163367139
56.2157913296328
53.9050354503927
47.3770224075657
51.4557685363645
53.6323023640592
46.8636572942618
48.1770683931096
54.0525681971506
53.8886107863848
49.9883004355687
43.8140093265967
48.3977702075676
58.0019055436335
54.7192123314728
49.7369667260261
57.0866894274409
