50.3563051655333
53.8293215276531
47.7315381373646
54.7646441692503
54.99143413828
57.9421494699792
46.1048065122236
46.702541177499
56.4949429975592
47.7694267332618
65.2676260869939
55.7538978107956
46.3790745523351
47.5381695613647
51.1706758612837
48.7996936849492
53.0464776902948
53.5052342211248
64.3576144170384
46.0380148770672
48.0900721388759
54.7000066696711
51.6357232348127
46.040562145887
53.6684575060715
52.7376611208567
54.7447501120689
52.1517098756316
49.1944737769373
58.3917845784395
52.4765099166495
51.7519465201927
51.9502305191201
51.8064693661076
56.8067309592935
47.2109014321829
53.783610375715
44.3629422797457
50.8028081283036
51.5189368119533
49.6801023901678
52.7379406218198
50.1328951374001
54.6090763753673
48.6247823316424
54.3383864967884
57.3786484130993
52.4602878493942
48.4162492168779
45.7978095784546
53.9982692932424
49.7164096337669
53.580345788282
56.4151737306741
46.0378166066163
50.7043848878143
49.3325762415019
53.2820293222073
46.4892699268126
52.4571180287461
49.994525002564
49.0576285366022
58.4728741126485
50.4268712719692
58.431529026581
53.5750325175406
53.4026214364226
59.882686706479
46.0334832473229
46.2515925310597
47.8662493618758
47.2676903606476
52.7960189613891
48.7098764804616
48.0132105072632
50.2158658837824
53.1021279878981
58.1690416681113
49.2880167203205
51.6253461430733
48.3247616727821
50.4270258400276
53.5983073891194
47.210866233617
49.7895221484311
54.2963085335676
44.8348243837465
46.5035824049039
62.855005718011
52.0976467450414
56.1059005288414
52.2105907775196
50.5177854057108
50.5947843211996
60.1045067632945
48.9276556488222
51.601162846701
46.3548296406606
47.1152102675295
46.126241796798
48.4074325902199
51.6314831396239
47.038796524777
53.0821782206847
48.9859974928472
55.9770744527041
58.7945057542798
53.9478562846116
52.4442275312778
47.2817363673276
57.4493367916783
58.5012122489512
48.1803789611364
50.4111213439549
54.1098911641813
60.3712459297718
52.0307863343838
52.2415102590341
54.7385021856427
62.429245262059
54.6133598107672
54.3473434305594
50.4815584738958
47.2954634765381
51.1725672506232
52.8776072461356
52.232474860606
49.0718966500337
57.6656085058411
51.5242502089722
44.5832261906761
54.0155980479367
56.1030805260544
51.9946648498833
51.9073677427348
45.6756692407564
52.9750746550989
52.0729554588068
59.2833145920477
46.8262607783863
53.9212935925534
56.8458585486843
52.4835246770233
53.7854428374696
45.8260388818358
49.4250040729925
49.4166269567902
52.1158895892211
49.5903726624554
51.5048375754603
47.2704697123579
56.3607068743995
47.3818901071626
50.2886752646165
51.2927358096594
51.8050365107731
46.5806323487749
54.8736852444505
60.7635763452038
47.6048411793562
57.1315395989029
54.3490863591073
52.3882368774641
46.1712355146731
51.7238636031496
51.2542140547467
50.4004542599676
55.7991055174032
44.9633956993327
51.7602923400646
51.5597352347723
52.4810621005912
54.5443001192027
47.9536637138118
47.843242165266
48.222123706369
47.1878294921976
56.5647194003732
50.547051730536
46.266160012039
59.1825444551525
49.87393207516
54.9464441980064
48.2138631842723
60.0477087913303
55.729323674796
51.1403645781538
52.6219911247724
46.7277081885454
52.6104636372772
52.7828653331044
50.8793109097174
55.5115502424019
46.0243246192581
51.9298799652657
52.9747906399978
47.107436792727
49.7985775260499
49.8670869399742
49.8879864042437
52.0983848695255
47.3352187518149
44.7875982351973
56.1861971788631
51.3760875891299
52.2274393832947
49.1155956765171
55.2017683903471
60.1255192943214
52.4509524806482
47.7274850689186
42.519604384605
52.932118522227
67.1370181395751
48.3605653226202
54.2133605780615
50.4587610252095
55.3962365627122
48.8105866023721
53.4121403864013
47.9734217412573
49.8097498767343
51.5136281236931
53.4653543723734
46.9628070060302
56.9005305187633
55.7399465837371
53.2485232258654
54.7479130261746
56.2885041806439
45.1681730316245
63.3394262321918
49.6054620920807
51.4538452357828
57.1147792578111
53.3650986465777
55.0106072167679
53.857268537669
50.4877496741986
56.2986824712168
52.3871162899229
47.6262779801975
60.3194351888761
62.540876076713
53.4698860191603
45.2806246086798
55.6974448109111
49.1330134799687
54.7683802529187
48.4250317879436
60.6582478978574
48.6265334251359
57.3017333313906
46.7505999799397
45.5144936805983
48.1937420726111
48.5473632429502
49.4001871305248
49.6567277745959
48.1626251537378
60.3473460704943
62.8552575361382
56.2353406263423
55.4305655616321
47.4453269568634
46.4210079149695
49.4829409780443
49.0299990999077
50.0380103412411
50.1586780351694
55.1343598586903
44.8612895350147
49.0330851126051
58.8339920877297
52.651111130634
50.5898062081703
45.0572858950566
56.000939152136
52.1419040776761
45.9760494521323
52.536585599245
49.6461337189355
50.344396052423
58.3414195827146
49.5281151343289
52.9640769352976
49.7089737081243
44.2996824132114
52.0613065926641
51.9372967784512
60.449836069751
53.3115720663666
48.278400846756
52.6365671420347
53.406783144238
46.1725939761188
52.1882011388397
49.3060067105052
59.6508964742158
50.4464231394954
50.0656779734233
52.3419252396356
55.5632913130079
51.3010494214066
43.3188355043064
53.6657015407609
54.9179487718215
50.1465348396855
54.5208599933909
52.9437624135002
50.3555200314908
47.7844878725466
50.3194163524336
48.1645698823115
50.6082587154955
49.0557538185369
48.1143898942249
52.4317602245424
50.9141406490319
55.5952312490271
54.5098245536644
47.6964949093552
49.1502287038385
48.9610271754247
49.8966768704452
55.1986860838443
45.4250785676798
46.9104516752296
46.0315418433825
50.3491874348184
49.1961219275818
45.7523275861495
52.7278671481257
56.4019679358944
43.0054518821215
45.1882910568429
51.8419535294003
49.0369438919422
46.8706523559926
51.9386596555616
49.829086484776
52.9177124935086
56.609463146214
51.4588932344541
49.1109988944209
55.3523479811224
49.8769364263732
46.993981056617
51.1925717290438
57.9803140081478
54.6331948711179
45.6184654436747
50.4482915278274
47.3832341410997
49.5491459619612
54.3474880230154
57.096937882223
56.3027189698167
65.1678392493537
49.5876271874086
54.0581877907697
52.7666649564046
47.5133623222331
52.4074579943751
43.274677283077
53.7735550218515
49.728450664056
55.3068727786168
52.5126652949862
55.8087910074978
60.2532214641251
52.7790067497845
57.1695661684397
51.9974375283066
46.9744286470498
50.2793413529594
51.7531363034445
51.2109313866171
53.0995082919916
49.6572259559699
50.0050694032312
47.6523646055126
54.9939844997116
57.4880414235421
52.1073313972371
46.5358766663799
54.1132416874587
47.714235731118
49.1601192418001
45.4945197653943
58.4583353486565
51.297213702501
47.0086619361301
53.3395363535984
45.3628751605898
52.6541273270659
49.3063151311143
51.2656106369671
45.0098658896794
51.3587128459239
52.3151002494377
47.7521055351366
47.2547714437197
52.2861046612047
49.1797721200446
59.6269381164662
53.3849353012196
49.1662298940126
54.5701020378503
54.1799193775863
52.9945799928843
53.0807962649747
51.8492288187011
46.4345928751266
46.2224164562477
44.6556694625614
43.2253882821796
49.745454476061
57.5675556542547
47.1997217665053
50.5460154620613
54.054071391758
51.3856960843124
46.7653164048227
57.5595099081839
53.947901338344
54.9843388770762
64.9171743794786
54.1565824128141
49.0725198414788
49.7577444593547
49.8717635314672
46.0786487758645
49.0130206252995
48.3965493874745
49.2735850899722
52.1909092053591
62.8252491969901
52.7165055010217
45.3695784154337
50.3583701072502
46.263350291868
54.0697412524808
62.4358634611433
54.4001346352557
57.2883483964508
48.4950993772256
48.5995485605896
55.4196109742076
49.9443219810621
53.068912724624
55.0684229073123
49.141270717359
51.3601190293119
61.9702292557268
52.9125282296275
60.2893222740879
58.8353266408043
61.1643006835278
53.572065535857
58.5279807599047
53.2660063044611
59.9962792598258
48.0586116263133
55.4887470217966
49.8365788900239
47.3503877063273
49.3540915914513
52.2089894672672
57.6494917492664
49.2961044526387
51.5907785707834
56.3481855358783
50.9297817238395
49.7036492472667
58.9014152309428
43.9140836072109
53.0460283917741
49.6137272263701
49.7279832175508
48.5611789517271
54.8555368726117
45.6783356304051
56.7200940609712
43.8278522106576
55.197224540429
52.0890692059151
63.7949598770593
59.426958607993
49.6709607549193
58.4801386608544
51.0816014609286
47.7401120946085
49.9996174921521
47.6784958899416
57.58729963436
51.013320714312
51.9410831981377
52.0378257356429
51.0937227534054
52.0623954890106
48.8887430121247
47.0265311285668
54.4597326029063
53.3438129192788
54.1297420325444
47.6882742850063
50.2184007972818
58.5195523091668
54.7167488500885
51.287864204666
54.5185656846438
56.5057188770328
51.1983438330348
54.6441760382381
55.4322587801886
49.5567883811057
50.9231237604945
56.0881011364596
56.9906573149101
53.1919327509382
50.3661335581744
47.8217691498866
47.2186931541389
52.6908645407494
53.7269751515524
58.1860991966046
52.1537829812827
51.6259055012338
48.4967422146624
47.0485522075447
54.4098269351816
49.2698572161675
56.339548620789
57.5175789039843
48.1596719019094
52.0647541854836
52.1731209967737
51.4502062530999
49.5657992322365
49.0429160317039
48.5144347145416
51.4603868020803
49.915599936053
54.2865985699317
51.3945603326107
45.8535689374565
48.7712377739094
55.2038205728517
50.5394398566239
60.1339707027898
51.9304912349063
56.2106425108581
59.9663534765681
51.3372504105998
50.4237338899795
53.6037366982973
57.0803712027052
58.6203080920794
49.8019873658553
55.198330914408
56.2626447291758
46.8443198581937
53.1582680176995
47.0777676722797
52.4742474866722
53.3777114403033
49.4186307855186
48.5793155213918
50.9372350473945
50.5208089195401
50.4175821187344
46.2882058402603
57.5132766644516
51.0284276585064
51.1437925860487
51.2024904210143
51.2064169830725
53.501106537671
50.1997361377076
49.9851207372616
54.1635100741432
52.7979307758521
46.9876097034172
50.3862919917947
57.1294131078139
60.1903331704579
48.4037161019152
52.7089731533536
50.2476480081897
51.5980925122045
54.3484969822607
49.5246541287622
55.8108045991177
55.7945229915618
45.7766472342022
51.4339180833885
53.0006079326466
51.5080227741171
49.0885368119738
49.6955389566374
54.8049053188702
45.8098308771709
46.520815427167
59.8238073032937
50.2006592321193
52.1115495923222
53.0515945497404
49.6621858125948
57.3162622667916
45.5968730216541
54.6988282497796
60.8806849660763
57.4063998983018
58.4114238317027
49.2704633233139
50.0951629150378
50.4768875358553
50.8888083582147
54.7971491455788
54.6013483493924
52.1551950862451
56.9105231512514
51.575983294177
57.3964415199853
53.9596559899575
50.7120506985573
54.2837588170191
47.808808225033
56.4961291938703
46.0757106168816
49.6149586506291
60.4054759052122
48.6934024499965
56.4914584502
50.3859864395801
46.4571639587764
50.6005779624315
48.1226960146741
51.2573256633889
45.9686947455904
48.9703773215433
50.1009443135375
52.1889711265438
53.6373199343332
57.5697745279221
55.2991629069748
53.8466353499317
48.1882773832103
52.1126972928445
47.9669546302077
48.9329924809536
58.26037062831
48.7608667033323
49.8526635142678
49.8081498048283
55.0877710467166
50.7081158862059
53.7589036452717
49.6789397051161
55.5374868846845
47.404799708351
52.9835862910751
60.3525763932072
47.3374362299139
50.7916852823737
49.5870494006285
48.4005078947839
48.1972850873682
55.8257481636174
50.9061021583142
47.6221386962765
46.3818925360791
47.7362867755507
46.0731513072264
52.7545653001119
58.7087037945207
49.8476819846806
46.9488901568216
58.0830190361867
57.8401775906325
47.2521336847887
44.2319737204715
46.6387802202475
47.0389277638113
61.1287490047865
47.7636764617965
46.0300615220211
59.2558353636088
49.7846757305548
50.3744046366953
54.1690515694866
53.0603261441222
56.9317767935717
48.0417361212901
45.3244783752314
50.0465012995714
48.3876045243386
48.1912713744507
45.6740903126187
58.4947043462925
61.799626859076
56.0820311147333
49.7207229904632
52.8226339645556
66.4386798808693
46.6220025967007
49.1999226695604
45.7623992513259
44.528595562808
48.8446276664247
47.9378609868079
55.9603639621053
50.883324090458
51.5037567249784
58.7989306169353
64.3996240893888
47.7235490427425
55.2541100358626
49.3397836939775
55.6479041759486
49.9331677293401
53.4955981215685
51.1383087300613
45.1399737581983
48.6018470118974
52.3181205894105
60.8425013327702
50.9171259047287
53.6868320946753
55.8161421903834
52.1141746268673
52.5327415188511
49.5861637083879
60.9703354208365
57.6232024930914
52.050100295048
57.5255372199344
46.3229818170983
48.3506426360034
61.315424373414
54.8179233115371
49.0402084584945
52.2325517638526
52.170674357038
48.0541702551809
49.3174648360648
49.7649052444879
65.0530122532839
57.2573476870228
56.9251489079672
48.9746948502798
52.7097406721454
49.7038367112152
55.5931525116074
56.1274882191393
51.1276381062798
50.9598446896244
54.7018528406792
53.1787880772295
48.6941386593394
45.6238860777284
47.2302214390737
53.889831797897
50.8446403571483
53.8588148032773
49.5617393904777
49.7344891168096
49.9139316246271
53.1500280431557
53.2339381116246
49.2847397017172
53.3681715126119
56.2735630102134
55.5535176447423
47.5955664670652
43.6796960109432
47.1979544915886
53.6701079952362
47.5641519157331
50.5036064804401
48.3816198517212
52.9375105226231
52.8408539233839
47.8347196105036
50.9256813941378
55.3952321552209
48.7929774563205
49.457743929111
60.59743312803
59.331397027684
51.6182415840807
52.0860789213783
58.2623495728451
55.2866182597396
46.4438279256994
50.0338296274347
55.2824871879998
47.671553864122
52.9240563709382
52.0353400820228
55.4969384012964
48.8589390126898
62.7541965027413
50.0457167506334
51.8250833038025
54.1662672103279
58.5220305054873
56.3062646113285
51.5228128651782
58.1239426438095
51.1036372174821
46.4619333318332
46.9771854657385
49.588867452718
47.6028567569261
53.8141519236109
57.6992496916846
52.1306463098822
45.4439166700852
50.9641710124362
48.9359983769158
57.4463096030628
44.6257055764469
51.1155394131555
55.6470022029696
59.7804957211883
57.8890713675065
64.6432606177555
49.190750684818
54.5039910190759
50.4327746705361
51.9704001798756
49.933883199877
48.8380291346417
51.0018627521921
53.9240621216976
49.7506816840919
50.3774392424169
54.8661183703203
46.5891166256468
53.9672473699821
52.6407713593966
52.0573448122336
56.870801620484
53.638311055857
49.4660764647575
46.341441590671
49.8358600684338
46.011016411635
50.7864254462201
54.0178153160429
49.70244639656
60.7213408756148
47.4637717666676
52.8178613162428
53.35665947699
51.599733823453
53.4985417365319
57.4175939015831
50.0937866694981
48.0712127569121
59.6438041558108
46.8971851337353
49.6895048592864
56.1286340478143
51.4815964764064
52.5482560192882
57.6362196949045
50.3092742148733
54.0781515235744
47.0099563109408
47.774514181056
51.4131173000405
54.5417714303385
50.0980293619178
56.0579923920218
53.0707831754099
46.4725425818786
59.5813561620758
44.5588466551072
47.683690867901
51.0054138154698
48.9206680996651
49.7601517835793
50.4222703224917
51.9592585033786
53.0612671184413
54.3405068499126
62.3059209224606
46.2493487157648
58.2274714467521
49.9307653045938
46.7651690890888
48.1185568613914
47.9517856892489
51.3233066026044
58.1338767384121
49.8733542341501
47.54145040207
53.6002877153469
53.374261318848
50.6837977314195
54.5443892690004
48.8605911535667
57.3275899973828
49.3960054131828
49.2773127139359
63.0894435075382
53.974982530134
52.6629538720291
56.9095036522147
50.9159752576558
48.2406562630691
52.5958709865654
50.0028527779021
54.2961913980066
51.174127943593
57.121151962902
59.5433900699094
52.0977573958607
49.5079322712601
50.1025815609653
52.086697944962
50.6699316438461
53.2785886647293
44.1886165453106
62.1439872801433
45.3531654662074
55.1482588489035
46.3868230835899
52.2617034778823
48.3043477023624
58.7603462241834
53.2856813491886
45.6771491819414
52.0121479385875
47.0064964568361
57.1131627917391
49.553496605901
50.2332199192396
56.0530486979969
56.3661326851166
49.1638800528172
45.4426949893269
47.9977006886324
54.3028958190474
51.6727517064991
54.1775983112812
56.3206300427677
45.7167914091165
48.3534373978604
56.7642608770982
52.9699898073697
51.779879748937
51.6519680768897
57.8090859690366
45.8331901331402
54.4922809536002
45.3727532535601
47.5897074567107
57.8133552489361
52.7567736370655
54.4599358298525
53.0373846321215
50.7962247318678
64.450570249642
49.5504957249936
57.0637953632968
58.4409454968086
48.7054122142659
53.6574886815048
50.5118288796776
51.0407115097018
50.5458403808554
51.122573480247
48.7554889972019
51.1580672484448
52.0094557886444
64.3803063984091
54.0391581327753
44.0544791786541
54.8074044325482
54.9316739863637
51.3175816156008
52.8114800233319
55.8132912589508
53.691801753073
50.4902944227691
53.162452069864
47.3307330834773
50.6782072385792
54.971789263041
49.7268927796533
56.9966842226474
52.4340117505166
58.085664326731
50.1122888884832
51.5490289489488
52.5023694612081
57.2575445634419
46.883461364121
53.1304793397115
47.7883270037611
51.6064753292236
59.9488242719598
48.3409685035372
51.358388448288
50.7031684095762
44.3520673605281
55.173452455377
55.8335312181871
58.3304252169395
55.2015692955912
48.3470726013507
50.2220223483231
49.9494691412285
55.8198822355982
45.6090398146243
56.5586368705109
62.9297788367319
48.5952139906449
50.1093216315972
57.5369822852043
54.4423662376721
46.8443314956603
51.4579116849767
55.2375658903722
61.3455061659665
47.8600256165337
53.8285511476392
50.7904378294031
53.0219270574416
49.0066202402547
50.0804007108741
49.1555102074738
48.8221523834026
59.3151707911537
50.0298490556637
49.5332925317416
61.3293544286683
56.0404707297531
54.8139543037047
52.7034766363073
57.6083640133547
52.5707448221082
50.0405208224055
55.2684904340058
54.1772263507058
53.2300750127876
49.3485000809652
49.0858005714232
52.700715230906
56.3431560067004
46.1207861807736
47.3676211937235
50.0519531993181
53.243366035255
55.9657897729494
51.1711945517155
55.9311246339723
49.2381819247156
59.0363200574549
54.5316596554977
52.84445084313
49.0591393601853
48.2528579903267
50.0337991145532
47.7896005039685
48.104119382503
48.5714469998721
46.1309127686419
48.1103725593852
55.1950885982729
51.504537161253
50.6998856612927
52.6004589599748
50.7619988805538
51.0206584087391
58.4443540495408
53.5744394455562
55.3525608615905
52.6943175612757
49.8263150182166
55.1957370488666
50.523738471339
54.6083043312832
54.5622984344317
52.6074782443811
49.4804184898019
57.5496603015154
46.9245559655431
46.5129341336279
60.2646683437071
54.3328396454463
58.738517264776
54.5600495903021
59.1852209167017
47.2290812342995
51.3222120679948
52.7546394324671
53.6601294708383
54.5971725762423
50.9575629191607
52.9456559814286
57.5259359369027
59.4637448703314
51.2716997619976
50.7507170437134
53.5239867012378
48.9074105874784
57.0050475490373
48.2392994751416
51.6701764066841
51.5121642333616
57.4009281278291
55.5592536575646
55.9042797124605
46.4874618437501
46.7250148068153
51.7285470409169
55.1415390666602
54.928042715719
49.3923529710048
48.555013488231
57.613709065891
53.9207560785383
57.6965533461102
54.5240346887
51.5423025535477
50.3180975011408
56.0620303465737
49.3726977486813
49.2790670925842
51.5414562154473
50.7210886618211
53.0123267181389
53.5556163956514
47.434641901135
49.9149021310738
49.9960114059827
58.7699814890576
48.7760305330407
49.5049457500349
45.2081694300762
54.696134875045
47.0073178884046
48.2842619870293
46.6822065953898
47.7236026780879
50.1161771821179
52.2574802337581
51.0364613332635
46.7790082507304
54.4919135087915
50.0239250084049
45.6358154957462
55.7645436234093
59.5774895191983
50.8901080943519
51.6329234319522
53.4477513257853
49.4353894999292
49.4464962320563
44.7574304443006
56.5521858858319
45.708623984573
49.4830912866346
49.4260267590475
45.6555980878197
45.4506599300772
49.2519637565393
53.8814249378267
54.1863118797334
48.9457357325919
63.2519749655329
51.3288160729855
45.0411171821245
53.520919932177
61.7317947619254
46.1152607687173
46.9947059080005
51.3172550091238
48.3215608611272
55.549710556975
58.0197700075508
49.8563521421471
46.2103066950756
52.8054105530793
51.8269520831635
58.1229292919114
45.7672048467454
52.3474956900066
51.175414468369
50.2450406854129
48.4570722643943
55.0193499426216
52.4677319541805
48.7880996499635
46.9024978846331
50.2502281938594
50.7300998153778
46.1216282769063
50.1381146376077
55.2037075426626
50.5986585750807
54.8453200386462
51.2694912905295
60.1852064083382
59.0422403320062
52.8880455318324
55.3382164063823
50.9977358696087
53.4300607750701
52.0602701318831
52.8939594280449
53.7590280881542
45.134136177518
49.2219766844199
48.7704912236763
47.3139541294353
47.4216723479183
51.6304662084413
57.2069133464433
53.1981630506997
50.5099960876383
63.2793331103803
55.1073792913632
61.1491121808982
50.9175606568483
53.5190383592083
48.9068162799729
54.926547414028
60.5376330152379
48.0224713342929
49.4572236699761
57.5158230573516
48.6177977001943
52.7975798584058
48.5072119236546
56.1714379219814
55.4389451669606
48.8652100810015
49.0680992448475
52.6199338859585
50.887086559569
63.6013275986527
43.8653248471119
52.3902715850737
50.383517073463
48.7576023957342
47.3978195908392
47.2892354753116
47.3286898702812
47.6603629181912
50.9638576167209
50.4070566187183
50.0559160456283
56.3456543944387
66.8298126042381
49.5453719229432
53.3852871019181
49.2863709601786
49.3005999128331
59.3116158398022
60.6039732245823
57.3400001222969
49.8381054461159
52.300999272969
47.949483356027
55.3157396573881
50.6781981549073
52.2600571623859
61.837200829479
53.1113452485375
47.2007765213198
68.5406804281861
56.1097256823428
52.0536906732648
50.5222972438707
47.5380243037777
50.1435152343406
48.3337569949305
57.6577893405739
48.57161637961
55.8068919339366
55.7213422524766
50.3033796928224
51.7284079657008
51.0714014754193
53.2959031859681
50.64314094801
50.3766803902676
53.1949791507381
59.9168364352781
47.1373985083544
47.6485809076763
61.5607528574503
55.7929824131683
49.9565233388749
56.7744641853432
52.4629143652861
55.3544674589059
47.9025619068376
48.2521729611493
52.6410834913039
55.3276143863648
44.2985995481648
51.2362685282512
44.6589678476594
52.7328421993097
55.9852092848235
49.8065361718312
47.6762658099165
48.2619153830898
48.4823669386137
56.2443912033633
66.9773633344128
53.6426561516597
45.4971962965085
53.2791184228006
50.51950146213
44.5258608166909
61.8109050546084
49.8174008607348
57.6242416916514
50.2503186961171
45.3512434846139
49.0703502703154
60.546088497228
51.8665308473266
50.6041274518716
54.3799544876556
53.3917344704217
52.5194876824972
54.8890324929456
50.9736011445361
63.1839024060187
50.6010083741999
45.9947855765718
61.9910724541615
52.397859177115
50.7472150508948
46.3044468343664
56.8740930593001
50.1558125825745
57.9934713265105
57.0682744146003
48.8704194918236
56.2026935840916
50.4835477981084
49.030518287904
47.649247387586
51.5466893153171
47.4971619031924
46.65323090047
52.0601060797152
43.9897798401717
51.7422043471131
58.2162941945472
54.1289275728007
50.8012066383354
45.1033682733201
44.6400056205821
49.3618654627819
54.2609759247669
57.4651854824037
52.8467351146918
55.630576276864
55.6722816270705
47.3819883578175
57.8203073897094
50.8098575988154
50.4818499446588
51.0731637581196
45.5587852273285
49.7950031355065
61.3705076762408
64.8485856981182
50.5342373518846
47.8453687363804
47.8853955719663
46.6237223645723
47.7635353711135
54.7323342482814
54.8742772049809
51.9500337565306
51.6177832172745
57.4235075389138
46.2614811666696
53.6808132922135
57.1629553840475
50.7108244000192
51.1424945626004
49.1903647815486
48.0659404472263
49.2877209571375
49.1207618948439
48.8094892532569
46.3455477977009
49.3064459719217
53.0417803862854
48.2944889685355
47.8635249440797
57.4005289461202
44.9928707988833
47.0530962153382
54.376722061562
53.2585565889498
59.658726279998
56.5632957221742
46.5311790824552
45.3622808205651
57.6225859484697
49.4906771669548
59.3026199862064
60.5734912283861
55.228719297714
59.1598312941411
45.8399064299444
48.6162076835683
52.1148311129866
48.25164556262
60.1744580321432
52.7083987217118
55.2478219649648
65.7714978446154
50.6331242535513
51.607634609249
54.3680481006978
50.3173469908478
51.6690950253462
48.6626697463177
52.4043174337053
47.0109392285101
53.4581577482431
46.36635531963
56.0490673465968
50.5789167195925
55.1501968886721
52.9332346141842
49.4865555579116
51.3420930079426
52.1721743402679
64.3669932998946
47.9035698399612
55.0299681975811
51.1651465482276
57.1892440651794
47.549854664064
50.1511083566811
50.0185662311025
52.2789839161092
53.8908530115249
50.5499073687573
50.9284171588237
52.5908015351504
52.2249150025124
54.6240854231161
49.7445413924139
47.979292934961
50.4959161674014
49.0353497551357
47.6309669682182
53.0218387044272
53.4078177235175
60.4603911782627
45.2695339904775
54.7933406797284
53.8107346552304
54.8420223084613
52.9253150471458
43.3697028917967
49.4806260713811
51.1778193712279
51.5556259265242
49.8575396364014
50.3298582725168
54.2336135724635
55.6962456565036
56.8582185825622
47.7441636231144
51.4146302964999
47.6037728831075
50.2218090709627
55.3613642328326
52.1305286301209
51.8228501579783
47.3938058635479
49.2796803141642
46.9218886319904
51.3860854293497
48.9317145442402
52.7429761987721
53.1414588024321
48.1242942141835
50.8083696585746
48.9988835383274
59.5496158774729
48.7227332586583
49.9059807552431
52.4333668393098
58.0672126341517
47.808776518641
50.2501572545159
54.5998420369323
62.3703314924569
58.0137527028177
48.4130357333783
51.3599816413325
46.8377002948607
50.572418828555
51.9625788952769
47.1501638210945
55.1119213188137
45.5627901535002
45.9391282435398
50.766032952163
51.0502937780916
52.3889564348327
48.5863730921271
46.2931877824541
50.2685962862923
56.6436346506639
53.0026718293138
48.3200643675324
65.5562657612162
52.2429766815208
52.4874988681309
53.132435813445
54.7042989192072
52.8222980907143
52.9357581127978
49.9109455345157
57.8375932466993
47.9761920573203
49.977144420061
50.4904096424346
49.7922940650231
52.4286459457957
57.9474717389659
49.4941385007456
49.6894906010454
49.2985485185923
56.7831844923105
66.3328028908697
48.8904794969722
50.0570956404972
49.9171860841182
50.3881128499141
49.5382741747489
50.6692913397669
48.0519007835958
48.3607813054329
55.4217223797948
54.9816771959041
50.9974232118873
50.7283891877678
53.3676791352869
53.486554434645
46.861099477715
50.2410266143353
48.3410878268905
55.5531255240405
50.2402544561794
53.7286086172504
48.0649834301356
57.8375841291949
53.5830061868555
53.0449648826578
55.2843054063784
50.7522943957638
45.1459512639958
58.4742132416456
48.753771112962
56.5620795542397
52.5211420066674
44.4596260630154
55.3471519179145
54.8691878698611
50.7503655772644
55.8954697024254
45.4802966086786
49.0780982827913
50.4675878247749
63.33413183525
46.3741120453713
49.4637636774366
62.4233926319955
50.2453158540865
48.0863797952859
51.6889328883267
51.948829797165
58.9425310016404
51.5630869701616
56.6391060475951
46.852712963782
54.7061647810472
50.8538164290851
52.0776511235038
54.9952687881158
48.0716155433568
53.5527223323967
64.9226032526385
48.4687848325446
52.8385057880236
55.0149088499101
55.8522579937294
54.2561188672512
53.1881369261432
46.0916463938009
54.977188378961
51.7106822681211
59.7793124203474
46.7537254656649
51.200950146955
50.6443282141785
54.9125854414022
49.9108518304449
52.3217727399287
56.5100837471517
49.3260262003241
51.3591080207312
57.7621127011233
47.315536070763
49.3609380774914
59.2993605269306
56.9205304234454
48.3202302722657
54.4965943525249
49.8020161031104
53.1948161285833
49.5046980650784
56.7706888709065
47.1762004097433
57.1108934509877
48.4603303280898
48.3909408759638
57.9034196344796
53.7801399422467
46.7367520943923
53.3101795864347
57.2652923496962
50.1661033524547
51.823465273939
49.1450490344365
62.6316895763894
48.3152769508015
61.4544678684257
44.863131956958
60.823699775965
49.8211799120804
45.3169600851911
53.5369079800409
59.7131964134162
43.3746041209285
53.0691956953943
43.2650323851434
60.4973414758227
52.1600460044241
51.1956657574052
57.1304720934836
56.1151078326414
57.024123477149
44.6602125264208
50.3509353038845
50.8365769512605
53.129019797871
49.0291461658587
50.346442946533
53.0818925020081
52.63539186271
52.980913605123
44.6244019906818
43.7648576519589
57.3288857735494
47.8351502666012
60.6083843187026
45.1976254189289
50.119884840034
51.3888694151608
59.7344906207204
53.0890188564127
47.6838337310894
46.0348901305644
47.5004036004777
48.612581467655
47.7787199335913
53.0310569187731
58.6545984328781
48.1517006467033
48.5830708318915
48.8878264401474
54.7927442382832
51.0273904902823
54.3527709083584
48.8300938402299
57.7677659471736
59.6515453247163
51.3076047875212
57.675001737057
47.730217616394
53.0357211925162
51.4094058019705
48.4214100495367
45.6721410526424
45.4798158240234
60.1324434233567
43.6987073549784
56.3493284316219
51.4285420109357
50.8756179413601
51.7557405112368
57.1307390188041
49.7115056787669
64.7026115496834
47.4098573226109
50.5411178081104
51.1622319807935
58.5433236399122
51.8076458115134
56.3856358823814
44.7984558392551
47.7505610729003
52.7139696242498
47.6064099175702
52.7412068582345
49.6396906356087
51.9298699320535
52.6230627503855
50.9655481966223
45.4655106738798
61.8467940471789
54.4223563184911
51.0116265043726
64.3729506320618
51.8399726221224
44.5212335095085
47.2656931547631
63.7957143637931
51.7836113872729
48.3369121068227
47.8411057746863
69.1452524439714
57.5011217647433
53.1739808228735
57.7877407331736
51.0036900753897
47.5496168511608
50.3995284847355
48.761753372016
52.7855771499745
48.4331847180114
49.7362620429612
53.9126803317414
59.1633996105178
63.6504870527377
52.1779173470596
54.0402421227543
49.5912725428007
52.0870917773141
49.5327564977248
47.011821036056
59.2128217542937
50.5085954688784
46.6900292346571
49.4887044227342
52.488339100658
53.1700952746278
46.8614829691092
51.2286742036654
52.1371770236183
47.0308448703054
52.1486983425784
47.6106656163741
53.867176608567
50.1099719637796
47.4801320463154
53.6255127398397
50.2862086694076
46.880742501677
46.4008949574971
51.6704720280026
53.3253989753263
58.9201761680676
54.2896506514125
54.6837538246554
57.6850429133571
56.3868641787869
46.6507887481029
46.0894733026997
53.9830807752399
48.6564494163095
52.5449040553989
52.8648040509005
51.2227411583693
49.4973529314493
62.9734923334173
49.0363530173344
46.7675702467694
47.9111033694419
45.2831355885475
44.814147552508
49.7362568593965
51.8206657911416
45.0637684358192
48.2417227231813
47.5723091808696
51.8585588708113
48.7823892634563
50.8902261250352
52.1198622514975
50.4646274923626
48.4250698696051
60.1424147788119
66.3025166743667
52.1611061355193
51.046003030742
46.005827245621
48.2927644149061
43.4182393587899
50.8974329573332
54.6800728067991
53.2170913772699
45.9807926443002
50.342917774473
52.8566891382684
56.088233938604
50.1450622452729
46.9880777272262
46.9786209643913
43.0323831335306
71.272776103859
56.0531705944216
54.8098589354175
48.6656856059823
45.0927398848658
62.2579235492302
57.3660809159044
54.7976959251077
55.6481640529884
53.9738736756998
50.7535166827794
48.1961988626744
63.1455056275019
55.1139785187435
48.6525890555491
57.2110880133299
55.1180766783263
61.0556115625157
52.2495479943161
52.327593397136
51.307473857787
57.2107807901649
54.7012310511969
51.7877305224626
47.8948602169234
49.1512464441616
55.9875354079215
42.9399610473434
47.4259176618295
58.0061953856204
52.8016871710639
48.3673135842838
50.0675681292383
55.9565428280445
49.9152113507785
46.1067396129391
44.8503689017167
50.4585497057281
63.4996071874311
45.8089139812857
49.4818065692619
49.1841994401029
53.4722620848344
48.7308541095835
49.7913331789369
48.6645014360397
55.6650586694634
52.6635245860787
51.357240631557
61.3689425090711
52.4657714059673
52.1139186346071
45.6264837889652
56.3789829302591
49.9581062784084
52.693185569594
51.3618213913726
52.0483789804607
50.9640977167521
46.6728044441252
51.7069221126129
46.4313184492647
57.3239975266201
53.5703307222995
49.0477856529437
51.3975524379354
53.786445423573
55.4476858879123
55.3721587333642
46.6022097212139
52.8006531036587
50.2279353573384
54.5290668051297
56.4781824981959
53.8000089484518
51.2315792902332
54.00451048363
51.3922970412921
47.2240571171926
48.0968329742564
58.5839018179734
62.9185057876402
48.6490651683896
48.823456103315
54.2883624309588
47.0834675061938
50.535890294126
64.9562828691327
56.3147155737059
44.1154961109412
53.1624667358642
53.8106152051519
56.2794314501647
51.1025028977461
60.808214457477
53.0008176595003
48.5427043406823
60.7135500413104
54.1299307324297
50.8268785795001
50.345172014903
50.1385148973785
69.0616258251048
49.4982690294376
50.85012895611
50.4689859503355
44.2082234551135
51.4218665634952
52.9002473990796
52.2700672495876
67.3354681661124
49.5440580218646
45.726075037771
49.62988364182
54.6519216255153
46.7412242065317
49.5299837919291
52.0970755841079
48.2897222869867
56.8893644365378
47.0663491311442
52.1766955658702
56.9376144000952
50.1053831440357
51.7476253484638
58.6512515012284
49.3317735449494
50.1206185118186
51.7406351406568
45.9467571908935
46.5142377657007
52.5328888691885
51.3686682092887
52.5291573883142
50.2600783710302
45.1678972033042
52.2845756407829
44.6978589001774
49.3385362944797
54.5170559403945
62.7808405839718
46.6849737717206
53.7845053352324
59.7659204472899
57.0238798843154
59.2797228307978
49.1658726709828
47.7148927028424
54.6221029230829
53.5415998238834
58.0690533436518
52.2493678216923
51.7195474734259
56.8753851587973
59.1623724126369
56.1226652055992
49.4055129138908
51.746415286708
53.1843360315072
44.6041556628245
49.8975620788291
59.3817847127208
50.192283412087
53.0486309464428
59.0768424415076
48.4248649665928
47.6742369074589
53.0693249080345
56.2263210435803
47.6348428516586
54.1638361041197
67.3279654414654
52.9147579026348
47.8563303793802
49.4995021867355
53.605389842377
51.5312511391187
47.2651610291247
54.7142055924403
52.1528743226703
66.8587773794439
62.0873265829495
50.2774607915441
43.7349945957622
51.2536932666462
55.6486864924969
52.4368590847773
51.0753829859992
55.1659823131761
53.1615913094402
47.0601505488914
45.4316303661257
51.3162836797967
52.0313498559927
58.0224744309214
49.8126642032871
46.6692585527519
54.9367409946273
56.8346722601473
48.5630469594029
47.8155644778991
55.5678866964239
62.1929614089085
50.3368818912094
50.9944402128471
49.2043045749015
50.7216764000982
49.9732839758969
45.1312944648917
46.8966638366978
49.9230047817158
50.4068217078216
47.3470364000836
55.2716794679614
46.8245647811509
43.6560996682319
53.5904262661231
45.6732316982598
46.1418336007519
50.9518450248699
52.3558753120043
51.3740279920304
50.6757603789167
47.1745519630738
58.8971168998312
51.9320092168074
55.871156436161
51.0072349131335
49.6717435801098
45.428091002557
49.3766850878713
49.4826249860544
47.5813978112257
51.8471775393575
54.3833796475012
49.2850994261515
49.2523937913835
54.6833970013824
48.5387427370283
47.8011801529857
46.8055302906132
62.4503581326057
54.640792781974
45.5725008789351
50.7136794813268
63.2491698330922
49.8228258399161
48.4631942549358
53.8102641966922
50.7821074836682
53.1019062744128
52.6658493936003
46.1877681145548
49.1298136591757
51.5177274784188
50.8668550678375
64.0579649077019
53.082869940459
53.6990842320196
54.2016687049839
47.9790771273373
49.0950362152995
46.5208253253602
50.4852260313023
51.6727377658769
48.9142219312528
49.5432767454
47.4974002856226
45.6878963105124
48.0930893465947
46.1092768426029
46.653229966961
46.8875434023081
54.7240075161831
50.0817698170372
50.5303368887052
47.2599761213548
53.4508479283879
61.8879992417352
51.7034263931299
46.9714397817838
56.0377117047341
56.1248836924173
57.4793925572018
66.8216033990122
49.1688083301927
52.8727787274506
49.004913535233
47.3038832070231
50.4421553307113
44.6179846028693
44.9777086078316
47.0581498989841
56.0437824217182
52.1756108542199
56.8594524532098
49.253015627193
50.3025959031422
47.9120381275406
52.7010232371873
53.5715491464117
62.1312585807793
62.8606658655311
60.6887716046895
51.1188490605671
49.1893330691545
47.1698279313922
46.7756702884183
55.5358623953282
58.2697901120378
50.8720194404996
64.721903676612
61.4901315924749
52.4264711967052
55.9495715610499
48.7891960891197
48.3886403267949
46.833408757007
49.3904045087448
47.0201727538176
48.8793982767474
47.3628288730348
57.5957644701159
44.6972424356112
55.9118709979495
47.3736357713002
53.2346588114047
57.3819121389857
48.8992911588937
54.5058114623474
51.5972100902943
51.2240276461073
52.3545535617601
48.6643554982176
52.4510100777476
62.1475764588993
58.9144554350878
52.308000201595
57.0229833006498
49.6695700168319
50.3118188128284
53.4797015352518
48.9082171205065
50.2401331208654
51.4440049794086
46.2668479917262
50.2979752406564
59.3905492797754
47.661950567306
54.3183377617412
50.8701310886532
47.0264277420938
49.9267984992585
50.1002278577855
51.3379608015467
52.69180030987
56.4842223546181
54.6253309121462
53.2365154967552
47.3785558704602
48.6778279713761
51.0826946412592
57.5718443100876
48.1771024834718
53.297030404999
48.3648037474774
46.6887236145524
49.6241272566105
47.8963946239374
48.379693992376
50.0133257806941
50.0494964155694
59.2742686464171
60.0820928416235
47.0237286403926
54.3153267265133
49.2443885496945
50.6944646927589
48.5583767087369
45.4374625018055
51.9118164828256
53.4889464251225
52.2524621547855
49.8909214868367
60.0351289559101
60.5454337882143
48.8304211388345
56.0973706380941
55.7134501425131
49.3356719361791
50.8360774591799
54.9638321772988
52.0566416011098
54.8791538289793
53.9040093269115
50.3497653367898
47.9253991760167
53.8692130363626
55.2622508165452
49.1422639310856
55.3556833736506
51.8239630343374
57.237080475953
51.6946089504134
48.4121071006483
48.501444267748
55.9921180484128
43.4790816464116
46.7297345451521
51.9218465631649
57.2811362293862
50.9669619113738
54.0681516855275
52.3682949826329
54.9855640083077
50.2288909486209
53.0767212258776
58.8357172549662
52.1258490711838
54.9164389864736
47.8884726471291
47.6013139072108
59.4582526076567
45.6246367723973
50.3081242538639
61.531088549802
53.1641781142974
60.2741056061718
49.259118093749
42.8219711862728
54.0524054120996
49.7409482366678
50.0389632470438
49.0537246196826
46.5346779859631
47.0175484430464
51.0759915807495
60.1160984389125
49.0892638270983
52.8688027158398
56.016735293387
47.1400970322947
54.1612127167274
47.5445512666868
50.7780044465685
53.9571578286404
49.6384272811352
50.776156706704
49.7289658595791
51.6580320077528
57.3744798929511
44.4985574031187
46.5954006665642
48.358804079434
50.8695968474817
49.7484669938713
46.662787736208
51.3494228675222
52.9766985502648
47.9691440120074
58.5863079656993
46.6048987020255
50.3196489089486
53.9752409563182
49.5778649888221
49.0619617574562
52.6933059093065
54.3518120004627
53.2748159254745
49.4212291063702
49.6378425630723
48.9388129655682
49.7357668565535
57.4535342614667
56.3607842457136
52.9290828131098
60.013149892559
50.4715213872444
54.5441039941596
59.4597041361835
52.0218855112885
53.3806969487649
49.6988418889501
48.6130337160529
49.0667017405697
52.1626750437274
49.8497111611754
47.2387999003205
50.2821444072039
51.3579208656742
49.8509957655623
51.1528351483723
57.7213302411089
59.2357572533533
58.7544286632518
48.405288637873
48.5890061858769
52.0077050794885
57.3242353446594
50.5762847424614
53.8484521815281
50.3039331299354
48.4948972184677
56.9872345890238
45.2002359581617
54.4211933185775
49.9668793587721
57.2900804238596
51.2695661155001
47.7677075594074
49.1314964085661
47.4854287616835
48.1398703037079
51.602405416996
49.1663748253028
52.7293202637959
51.2872445762157
53.9011906392869
47.2142487667301
52.2710742201921
48.2566172894662
44.6094336144277
62.5676446095159
48.9520243750545
55.5988702182885
52.9453459767098
47.6957425739272
54.6238460432591
54.9170340725772
56.2319024311872
48.147272192415
50.5239962921527
54.8076589191389
63.5754936600445
44.6523112703109
47.3094492678595
49.3171310230224
45.2649480021817
47.956037987552
48.2380883583042
53.7427963041036
49.4061351978902
58.985456698555
49.316785247134
47.524018205912
50.7807806187436
50.2940509186022
45.9355300266982
53.3835588364384
51.0119261572874
55.988355373952
54.0142900242944
62.020164845382
51.8446539113345
51.3874801996586
51.2657488390721
63.1243388682646
64.8665649662892
46.9521684958501
55.6167035193198
58.1911287407799
59.6425068166305
47.9841394126424
47.728060771722
52.0231488515996
57.0061905435098
56.9874981592978
65.9459584369544
57.3629875225418
53.9325847575259
48.5300922466135
47.5439609940965
55.6473133504277
55.0982052949007
49.0905800264172
52.2909736384356
49.5112984067223
50.9220388945779
55.6015680011245
53.5243496671489
51.3432581822287
48.467240930997
53.0935120731712
51.7693795115944
49.4338822383886
59.8964412720943
50.5587711562894
47.369562868205
48.8083068966187
54.1856411879871
50.7027403985914
47.265546376924
44.6212896391336
56.195123972051
48.7939107395948
52.2002452662249
49.9738874520072
57.0157268315577
60.8493820013531
61.5756155715979
46.0959620751593
57.4781996527811
57.0431233791592
48.1928018297927
55.846244497419
46.2107503718506
54.6889688995312
51.2881014924004
51.3921845332369
51.5459910613488
54.8701313870595
56.8016076216781
48.0024661995142
52.7382227931136
48.8595477898612
47.3780327196459
55.7537336576662
53.8293089428784
49.6343858563387
48.5623288059946
58.9218649542661
52.3073035071259
50.6112996161132
50.2828011378091
46.805938496083
49.5770102545582
51.0833950529558
49.1393179238129
55.0645224474846
45.4956299096319
53.5850960886198
47.2937891862203
65.2785277695813
45.1590384700034
50.579296284553
49.2427818797585
49.2826567268434
58.3601134632524
57.1505125198054
52.988836335262
53.0856174651085
51.4502749234523
48.1029308844136
52.1379165514857
54.4313748415373
55.9277167568487
54.5582943071038
49.3433627893035
56.2753572622077
48.2605997336437
54.2102483607333
52.3689000701207
51.0281936271763
50.7296324086495
67.0585546918676
53.5863242638733
49.2244884854661
53.2975166666404
49.1054514262275
52.4868160757303
48.6900371312697
51.0846649017998
48.2795405141673
49.9871503687712
51.6505129391432
49.4617289870816
61.0669847122086
47.8455073998234
52.6805526176047
47.1062790595931
54.5199484273049
57.2962474572076
51.8830099293204
44.3320104268064
49.444415225345
45.130670812072
51.6732012853436
62.050995596287
54.2684855387964
57.1365526731865
49.1476845113807
51.0683093571309
61.2503345869845
53.0125470190799
48.8839333506128
50.9279219484653
56.7092364159391
49.679544319307
52.569919798157
50.0259983565104
51.0297767954845
46.4825847140945
49.6927560353457
48.1503056236597
50.0472524379642
47.6573005165582
54.0548460143127
50.3407499349862
50.1976344854199
54.6051169228057
55.7750055533457
59.3843444016836
58.4137262209231
46.1675551832617
58.8679505660548
49.6782465119663
46.6876314363434
50.2464230783849
54.7191703701246
54.14255204047
48.5224240802656
46.6961487506905
50.0344729989762
46.3877535702831
70.1554228626093
50.6525189044245
47.7292270994298
54.502823046512
53.2155752072808
50.1008876657324
54.0987757860028
47.8930142849094
50.069372778315
58.3057218795928
53.8657003989178
51.3378994382963
52.8329251901029
57.1162485249918
50.818440058204
53.8649979694432
55.8933366707058
58.656068698088
43.7770012680251
51.4715024372585
54.0038921999866
56.2222004691534
52.3656758595264
49.0515079402227
51.0784950178944
59.671405202042
51.8720497310499
49.6736837010453
50.1704754546956
55.575292879685
61.0685937460418
50.6489310326185
41.502550178582
51.2846203300712
45.6521204033815
53.7289594512071
50.8269947683666
62.933869430676
54.9795498878292
44.7758492194606
56.1450070361396
49.1278185423709
50.6897112902426
53.7304633727904
58.8297565740559
46.7856517994263
45.3165736490185
59.5995423770049
52.3890066248688
47.7405465403426
52.7924817306683
55.814268909495
53.9259856398548
42.834937537913
58.0736900318226
51.3661330852641
45.8642736203136
54.8347656458834
49.8823031147256
49.0122971833896
54.9078097541005
51.1013107783989
46.6023692351969
54.3009476550552
52.9179515328871
55.9075805826357
48.9531673729359
55.6249114768652
54.9973799529656
46.8193140711579
48.8223967224701
44.0371570966042
49.2123647116496
52.4949231791972
43.5475769083747
52.1600205744817
60.8907505888019
51.3296106658242
57.191093015163
61.2028936668687
52.34649477732
45.804296157343
48.0391270901702
53.6402505660916
57.1835475161606
67.9235550639769
58.1636325020093
62.3712485614814
50.6265171478251
50.5247993490365
50.9676697653883
52.2934118381085
51.234626482657
53.9972979783051
47.9372177316557
45.4176563134632
50.4239112372084
65.2258764203625
54.9500845419323
59.047788745082
53.6557814985206
49.173616931363
59.2473309137373
55.4977050937183
51.6777912145928
53.4741073238429
45.5932856405068
45.2732985200032
52.8078297777399
48.0732015164541
49.8974985858719
48.587014755336
52.6877599701879
49.2711540338906
49.2086648494418
53.7521960497322
50.4899373137904
52.5725949528807
52.7212786728402
55.9844878642901
52.7750398899371
48.2850779988489
50.460837459907
55.7777235229877
51.4206504161363
59.5768925516462
52.2211843113672
54.8622614173279
50.7877135155935
50.072774610762
47.495677958819
50.5788729473886
55.5710800745949
44.0335396841802
52.8754988433685
55.3187445635846
46.987562189028
49.9175827556758
52.1281219479689
50.976936181887
62.5453673061804
55.3514553931722
48.1177169276903
55.1204887099443
48.6179555662959
50.104519725585
51.0115395435013
54.2021824300676
49.5314666333249
50.6880093817844
55.3005875631772
50.9328829270947
48.9648729820336
54.5078657475356
47.0032430080297
45.9793842248395
49.4417149197453
52.2224960385622
55.027953250208
49.4738069932131
53.7742134928058
60.1233922180948
51.8235163299843
50.5718722848994
49.2009014260528
55.3841203227289
46.4127330010599
46.9649161502828
52.7423310331495
51.192264027099
57.6106262027645
55.0574577202258
56.0204124073052
51.3962559004277
47.6325903718107
53.3934820650475
51.6962887670791
53.4989027893109
51.0691588879521
51.6390400497811
50.2010652931929
53.2938599006584
56.2720891130951
51.0031978137704
60.198312613199
60.5575122131931
48.17121046106
48.4187179435166
47.6278577481922
52.0953118754173
48.421611295473
55.7411037248764
47.4955671865857
54.4979093186955
53.3873294749479
49.5178680325614
46.9389598520038
51.0059686747486
54.3888892926213
47.8415619116043
61.7793582962579
45.08083068872
56.4418229701764
50.8141307040112
55.3781742965539
61.4329364978408
49.2352603730277
55.669307331226
52.5777745734104
53.0701038295983
48.3893327922575
50.0190790378431
48.847497124527
48.0997188778923
64.1877672775318
45.8253621150482
57.7473065231703
51.4415726412605
48.4190535770855
52.1239048308319
49.1343390681759
46.7782607044919
46.9458453926968
47.8485908363323
55.0201141058536
49.3154759096053
50.2867681511479
55.0883628629634
49.5067047305487
53.5567615354773
47.8831238583994
49.4550741262379
54.9789021746995
49.6119524328362
54.5377374558794
48.5160051775668
43.2803473712453
51.7145894537335
51.7137987988463
60.6449945665135
48.0646662429499
51.0792133682734
59.4964288926173
54.2954195154699
56.1641445706761
53.8451543823416
51.1771305953077
48.6179138997986
54.2022037998046
48.5465891363262
45.0523014079974
54.5410706281013
48.4722542472371
51.5665217389865
53.3685472989452
49.6620863514956
57.664957760739
57.3244356904972
51.9449626364097
50.5576820192119
49.7339794128153
58.6284542197965
45.801975312025
55.0869199324542
48.9555863013624
48.4881149884955
48.8247818834478
61.6945181411844
49.0474651353218
48.458816805138
42.7905162143305
57.0984445940214
60.4624448682433
53.5939757704804
48.4002300450893
52.1807784157312
47.5304331870495
55.1449471405895
52.5384096013431
67.9432773301755
50.8074708663607
45.1927864134278
58.1658154720137
65.6931885149794
59.9185150379237
60.4429885152204
46.7991425017436
51.5882265636182
53.5018219243932
48.7870553321097
52.2105587185033
59.0037923564306
52.0557241832439
47.903623072083
48.0886013795861
51.2611880341717
55.7812389190278
57.1690786647483
49.1687588307605
58.6526471720278
65.698471069214
55.3980459254943
43.5379280803776
49.8265304706339
56.7853140377965
52.17512361668
56.1973791927974
59.4675363713866
43.5037872932277
51.7378470406832
50.6298611242481
55.2929679812495
49.2734373838089
46.9507169710839
48.1611908240326
57.7705602148839
58.6670315397347
57.7523823953099
53.8333278789041
49.963621416838
57.1217674614292
57.1580619057104
63.4048610803484
51.4055348922487
49.8798275401562
49.7319532242167
48.3235189845249
50.2778379319024
50.1930617549345
53.83491680014
54.6831563454176
47.6401067700734
48.1915788947219
47.6162228423139
51.1728264589141
52.420682803517
61.4015760017368
58.1211031043875
46.8520037370147
50.5717373307537
56.6453357802118
49.7020701384559
51.0069997479584
50.886084344872
52.6489218396498
51.1418102419416
56.0468955248823
49.2350950860454
50.8576833397763
50.0489048172015
49.4580587195205
53.1187164675817
55.7393826445733
45.3358692397876
47.8372045165143
51.0015932671124
45.6719516527566
45.1448546334204
51.367432677878
50.9185602344295
60.3292943025137
57.9119187125792
51.625935789364
47.0300413868976
65.0470228211964
49.5190725755521
48.776033158176
50.3923015207274
52.4978559586246
52.8947381974331
47.9175570821393
49.4333951267177
51.477109948296
52.014661887645
52.0533201116911
44.7679165173598
50.227993138494
57.6825390782677
56.4772061029094
52.6269109888825
51.2759033561218
47.6079436370556
53.493598107327
52.2376058625921
49.2526892537105
53.3879699023336
55.0196166569475
53.169261387499
51.5302177398747
48.992064641225
46.6790678917389
51.2053828556168
55.5958576711432
54.1595223141798
48.8212767963191
55.8504553156545
44.6582417463555
46.4554097922035
58.5200325824386
55.8720863662578
50.2416859582906
56.3732413825905
58.814859644503
52.1946047361536
69.567902482539
50.7389867028309
51.670152387732
57.8319779940241
63.6265972651021
57.5459353731462
62.1374040835967
54.6540616339722
45.3256596995665
52.6655220505125
53.3332292936096
51.1261284241735
50.6651805472699
55.1235465212412
60.0153821009476
49.2332375715137
50.3907093731743
49.8313778021779
47.3876327443645
49.6953788743787
54.5556785896593
52.1256747021853
47.3024810662213
46.8578707814667
53.6261531685266
46.0141804976391
54.0219390963008
52.3688876268637
52.2607766871229
57.6512613230941
59.5939734010672
48.3472061393426
49.4337726754855
57.7630421839489
53.2720218565123
58.543789943724
49.398825680387
51.3271417913126
58.9555308823095
54.887200076329
50.659734985713
46.6666460720557
58.9290210243168
48.0033228247718
51.5640410182854
53.5750301462567
52.7800431572632
68.9295296534758
52.4747339938475
49.8063072900817
