50.478958096
51.7947742292031
48.0416190518087
55.6059372644449
48.3506290123805
52.7176729681962
51.3019149390294
56.5753065215158
51.3430666305964
62.4547846504483
51.0171042444076
47.3633984279672
47.5863412077301
50.9824860176038
50.4749000937706
47.321220099609
58.1506020208007
47.4388827633924
58.301272153951
48.7144977375263
46.707566466697
51.5700983368618
53.5723277239581
57.2889491059209
48.4630667078316
55.6727852455662
51.1184317168213
50.9810954870699
49.2282590305552
56.7838078615605
54.033123937167
56.8003947289543
50.8129061902785
52.4188224026997
47.9706123272143
47.3682920437441
47.2628716393944
51.0768471625038
48.0720408078391
50.6573149987185
48.8255888823641
49.4128405100929
61.302189685089
51.6853827692286
53.3812586366031
50.8348178293101
46.2462872494831
46.7646046138101
51.517066336747
54.7252170794074
44.5542746824373
44.8176246288264
54.6909541474833
49.251718105567
52.1237037021487
54.3462815488654
43.9011970048084
57.0948304383512
53.2465388247377
52.1662493142034
51.4016925432186
46.0598517624357
50.7707037905362
55.1171730566535
50.9250318268479
45.003907161357
50.7599393927317
45.2486390249461
46.6329634124388
53.6947411958481
59.9585302100899
56.7140230896093
43.4033407998471
43.2782157439866
50.8082996955258
50.7075429379195
45.3298845664184
48.6602567380057
46.3301291412754
49.6145376762374
49.7159622312875
49.9912993560874
46.1386771083602
50.6250695161419
47.9460615557883
49.9608834099279
47.4568720574571
51.8946050887596
53.5727353170155
56.2923190884482
47.3140436935998
46.9498108380218
50.8223518987334
47.5825912618671
53.2008215784055
49.5270499410666
48.8026071497302
48.0464347196221
50.056598769862
54.1457544146625
49.1829400708155
51.7848681940105
61.087502864411
50.7013926112771
56.5046597819177
57.5839273541215
53.534000825395
49.744752895541
51.6538493057384
54.3708762582482
49.0773978014093
47.4206462308208
50.5908410581255
53.2607308799254
52.7752058957607
45.5571759124257
52.9273157866162
54.6436523607826
51.189831510668
55.9006155720068
49.2746473050094
50.3945101463445
47.2226401674677
49.3495154776108
49.2367173453217
52.1800123051261
48.1388941996177
46.9295777805699
47.1327396546655
47.670701239395
53.8459947143829
51.4567786257636
56.758103099405
49.081812136894
54.7277901813721
50.9568003559446
47.7810790731017
50.6382414732455
53.8087627574433
48.6912854658398
44.8932925475807
44.2185908800263
51.1534832565475
51.4620110650313
53.0425796216176
52.7659908656327
49.959386635979
50.3715988187527
46.447205849987
52.1048035392584
51.4277312456312
46.9982692173825
46.0950339111566
58.1300850592224
50.3836757430881
49.06117061613
48.8040121755218
50.20557702582
52.8525305360636
52.3183492383719
60.4484048147567
50.4529389910644
49.7654644135428
53.3819536979274
44.0970162291138
51.3944695113806
48.0767983760565
46.7747457398312
48.5266121972428
48.5034596202878
47.8169524112283
51.2289341874994
52.1966245801027
52.3600414290279
49.9773221523493
48.1394929973032
51.9088788001256
45.1650079138277
52.5966382610256
46.2385900165952
55.8570216152598
52.2140110841316
54.5434992269086
51.0675906975369
43.1905645426516
46.333700709131
45.9270325570089
46.1276313563424
45.7922406912035
51.4937415161335
61.6852416874373
51.1817489771075
55.5613935102673
56.6684050327395
46.9977035611365
54.8696333299031
48.0638761687368
49.4521897119424
49.70711295923
57.1449180450469
53.2781829492309
45.800672657131
50.1136211074613
48.2400148143179
55.5360562147548
51.3263810698722
46.1058617773146
53.2610113749887
49.1403684544483
51.3214412474607
44.9415546764755
49.8079032146968
54.7537615613591
46.4899597779726
50.4408447205057
53.0444211078729
59.2804883345494
48.9509683697927
52.6671695854575
46.7997139027797
54.6657743813848
47.6599669738663
50.9184282615464
48.205545466307
45.117995133628
48.7429267490821
51.0243989839828
47.6787027004987
57.0931430144036
49.7511192370035
53.9260486178523
47.2305099605215
46.7655433896668
47.7013585434716
49.296710972821
53.7722640668108
46.0177669319943
50.869925203432
43.4995082932481
44.8907325639254
48.1890579293109
45.6779448833871
47.4974727630824
51.308608036642
47.2321602089049
47.2659476482982
59.9474630459238
48.8980526065319
48.6626005278858
49.1472872948599
49.3937308548873
49.8657160538782
47.584934010519
56.7929205999983
54.0451007227118
55.4450643053175
64.1479391495464
56.3926847698014
62.4229043901009
52.3342103474375
47.9872183773099
54.5903187395659
61.2683192242619
52.3956041980877
55.5056173321771
47.6719025489551
50.9659297013561
54.7043730275769
63.6401545312882
57.8695632097849
46.7268116775444
56.3402708895276
48.9901319343678
45.2588631336246
48.0767575951898
50.3508359822165
46.8431348664665
59.7729420569672
51.1361533283232
48.7833095322141
47.4551731174842
45.2774252290176
55.7890672659113
53.3869901047163
48.466427653503
47.459889832306
61.74487378332
54.5137270808295
66.9209095013349
54.224784808536
47.1932508054105
49.2891533678544
47.7725193476845
54.7693499852967
48.3901561070862
50.6099686003806
47.1089258087522
45.7554380309263
50.2004407201011
50.796265880561
50.6215241881942
51.7228329705242
48.2446782503293
54.6246985855633
47.3955847948776
49.1868804814414
53.323350911723
48.2839898260792
51.7149427046275
55.2182281602525
57.8990088485392
56.7398591271788
52.1946246071077
52.3409556195489
48.4410312129383
47.6990396540068
49.3843011258752
44.713362630556
46.261525648497
44.6424803770811
48.0361050424593
47.2278151108196
52.3528022197086
50.4925964779773
52.9521607235221
49.5978309957317
59.5513790411679
46.5987488238935
43.3997246883946
48.8522250429018
56.5077050819552
50.4391458709587
52.5232620416449
48.9844488303468
48.0061661213033
52.2213643783104
45.0844984229032
47.0565673409647
53.2883134974853
51.8917654466846
48.1434006606719
49.3980840323632
45.5431650168858
54.7031338872309
57.2854578448006
53.5884839293247
52.3929526355555
46.1457892641865
49.8272456180978
47.4644502298087
52.0466702830092
45.7238955427854
52.2954527535768
47.9270146127979
55.9219533092061
48.5770281772632
47.0847113257302
44.4004938194932
49.883168441595
48.0691097508843
49.9489423740516
52.5029525888612
47.1404034625025
45.5112426820855
44.6498820804685
50.1521627985163
54.0615373527632
62.3908869118727
51.5243268847419
47.2524867774854
48.9175253519091
58.9886173954319
53.543127497629
52.3947289124647
51.2935157806622
53.5555753359702
49.1508585723099
49.0632576097099
45.4340197748388
50.6616765309206
50.7284727267765
46.5398453297055
46.2627018447123
53.2373238376934
46.8976341584755
52.6501438641373
49.2178724165058
50.811921229945
46.9022905482477
47.3412897684971
51.8502841987848
49.4052219657941
49.7967362496771
60.2378787485163
44.4563422120927
49.0519480008212
49.1430333812036
54.5636545634781
50.2398940466345
45.4681972238092
49.6588617300547
45.7877807487273
49.5650711192319
58.7973671720154
52.8440585636976
56.5190932581146
57.8145038043954
44.397684060388
47.7335573609835
56.6744227592488
44.1871399836606
49.7219082838981
47.4761646620877
53.115168991067
53.9524558048131
49.1867408074656
49.2145147198726
51.3568145709616
51.3866789390801
48.9014869742172
51.010073369844
48.8734673106517
50.6039427553989
46.884215961854
55.5819999078041
46.9563541452782
50.8934296476057
57.3934556518349
48.9482007062978
51.5208261791133
43.639212946607
51.2203153625451
45.9531596183581
52.9734966151178
48.3547414310735
50.2867631831663
56.8866448970064
49.6881244042813
48.2793877311692
48.2133565910923
50.981763053944
53.4678483436794
50.259122294777
47.0385932975845
54.7129966290158
44.6847515109793
43.5994729198587
56.8768712541408
56.8464624015554
50.6562095180998
52.2034822520206
49.8605645849718
49.1424718801705
50.8876829911541
50.0063030949043
59.6820095824149
57.0201583521547
58.4224897011468
49.5962208349982
56.3337730940968
53.1517306716896
51.143949010988
44.3811902938582
57.5855875844278
51.5793033989518
46.5896811281995
52.4210101278667
51.1051645928823
44.4901165583207
50.2557774372711
45.1596626992525
51.2175159067826
52.1934547551838
46.9265912989965
45.9396365668889
45.5844387937815
55.9932418296196
53.853339084702
52.1411154148326
51.9615505461203
51.3600427358366
46.9795087526241
49.711488818431
46.8542267357865
45.6995201644019
46.9337255477023
44.966016917238
49.337134450222
50.3401100265379
45.9346002983206
53.3967629926007
57.8413999134233
46.4377361570481
51.1123098371306
51.3858508530331
55.5549946088223
47.5886136326571
46.0289310503613
55.2113426853991
50.131672553402
48.4845386617522
48.1242078521551
62.8640580462814
47.6941327210818
58.9819546510413
56.5674916466597
57.9701989033462
50.0382192381617
49.128745643854
54.3998518121346
61.6732006136436
51.2365197280442
47.7755393936492
54.1812617393417
49.1125123416793
49.8204174237391
48.3635283170536
51.1607488951766
50.6058362520991
50.2088462204045
48.0007070519577
48.2853939648355
48.2134177884616
51.3349784827157
50.5150223059117
49.3628903559508
52.9704461022485
49.3540390585153
48.7069049312685
49.7688359077604
52.4255773211835
48.610509286166
43.8803908157483
51.8486114887729
48.0115118653005
48.608761010973
44.4891348833565
51.2430134455186
49.4182536495778
48.30791949198
57.7298814032195
52.0331414097184
51.6831543163316
45.0013619399654
48.2554858712178
52.4991603752155
49.8754310356541
49.8301811918988
51.0166346686874
47.5486331589886
47.8172302090707
50.7235727352078
53.5139614174028
52.4756789394262
50.1568493732643
56.1204235900628
45.093865881875
53.6882515273821
47.1918923038509
47.5857760140693
45.9791787047641
43.9238754819258
52.4970461188928
52.1800726237134
45.2522623186273
45.897074901902
58.1134944632739
49.9404853452608
54.9938027628424
46.5719741846003
52.7138662774448
50.3874310497382
59.6057836098183
47.7677476909011
47.4851810295707
44.9903767381933
53.9609582883709
53.8665381321306
47.969738797634
47.5898614654382
50.778470300034
44.5460274089766
47.5689717668441
51.9353967508786
52.5054670031629
47.5069228674483
51.2836940679064
49.2385738191597
56.4948837064285
48.2002665647995
61.9749184665854
51.3118323511351
54.5107463835504
56.590438961472
45.1336665980166
45.5761940784795
58.7118302761127
46.7205453661326
53.159631862645
50.7165189556721
61.0536910392074
50.0921340729457
49.8780740908935
49.3925735214512
45.8284193175642
43.1902067537537
47.7260175540808
50.2368024612237
67.9480406806103
48.1822851673099
46.220555824168
53.7709993501784
48.1210815302498
49.4418444206532
50.8242524019972
54.6887922829568
41.8321077995116
51.1581660452521
47.8175813134017
53.4099009463135
50.6208910850929
44.8355581823282
56.7562591236296
47.0826343058315
49.1398536999227
49.602777624554
46.9753235173154
47.1203375186028
50.6941727242932
52.9813570365919
56.5240597097865
54.3022398270344
49.5826151184701
49.1387011032369
51.2810951005148
55.3686481993163
44.0343946025272
42.9918864760187
54.0252451790436
49.7824844227754
61.9717994379622
49.238956766394
47.6102040255117
52.5446634927572
50.6244841530374
47.2167556839818
54.72762882311
59.3052948868051
53.1408595340052
51.4498326994789
54.1550300127554
50.5444808473104
43.0302619988777
50.5299444921788
50.5960962418981
52.4680992673123
47.2022058346428
53.5319048967626
62.3551436799407
49.9938188816961
50.5303268617184
49.1439690752815
45.7498630030562
46.6731295261625
48.9883856254953
44.8843707124232
51.1147998765878
50.7681633367481
47.8255564728693
47.3867747099873
47.7693737772372
45.3287170962392
53.2917374106756
48.492731789035
58.5938545917087
46.0146624452595
43.0154012439812
49.9870521910846
46.4743223714134
53.1559942977302
60.1056590853506
45.4761644243275
52.1917510822173
48.7365133437748
44.3149241453377
46.86770785245
45.40446319986
56.1673155609019
50.2555445485461
54.6866965451518
55.1441829818514
50.1648398029147
46.7726708633727
51.924385148234
60.7464370722575
46.4250694634055
46.6721426124803
54.89855135122
55.1232540546106
50.929061627732
45.9631661257587
44.9188290267194
45.9621164210796
45.4867268756309
53.1376480183564
57.3891050207187
50.7125029032148
50.3168108553446
46.4571565549701
56.5142974004993
50.6664023453588
61.6894657244349
55.0265183460683
53.3983157763335
51.6054614396213
49.7618780880535
50.0145476962283
46.8698596800883
48.7021139160544
62.1032522046832
51.0891145718644
53.5136154390963
54.8135990217277
52.7573193689468
54.3190359782028
57.6205741879746
55.0391723315919
53.9638948325802
52.6518751363132
57.7389178977821
53.2454580872566
52.2344254423405
50.3911239739914
54.9232657245789
52.5472739056922
52.7971431294466
55.0157626175009
47.8270432793248
46.6438081978797
47.7093928499915
46.4673692453938
44.4134161669351
48.8633302559464
50.9460956467289
49.7662788727437
57.7001461737889
52.1991003766357
52.0055308904293
51.4248729228427
51.5497340161693
51.4249436493286
51.6772064588069
53.1267908248748
52.1336504938985
47.0344752819055
54.5308068979252
56.3734181272328
48.0464760370755
57.402378897653
51.4173971049155
47.7244062797092
48.4421479279344
48.4138867493745
47.7538893807445
45.4874082769454
58.3654995125549
49.375905441705
50.7348592404953
46.5337783213968
52.1198169323667
47.9299296679188
58.7469399265545
45.2641708530315
47.272018050947
44.5938084290419
45.6029507297425
54.4494318585408
47.9976666937171
49.8472917995395
48.4633478019642
54.5461335440046
49.5965175413989
51.2191132238807
48.712926104713
45.6724157457693
47.9543006075264
46.0647293421209
44.3798733840926
55.2806060879181
50.9466686932137
52.1871832797137
51.4770621187898
52.8103312834713
49.647671435395
52.9211611608624
45.1972605512188
45.8949623405269
54.880729292758
52.310616670315
53.5964670966685
48.81105704716
50.8499841968349
56.036830693607
51.7136823786942
51.4344841309798
49.4964015647855
50.0661490715405
52.7911251150186
48.8977724321945
55.3283709518533
53.0575157735599
47.7212631149927
55.7069103087665
58.3487071842997
55.9454767286483
62.89946125664
45.0903944437954
46.7456840371207
48.728535126153
49.2471320483977
46.8059358356838
44.4168470223305
51.3555934538038
50.8116573219204
52.0531044288608
62.9027061571979
46.6858407590109
55.6312557155779
49.7618252692104
50.3412340174688
55.7843115413469
52.0587992438895
57.6820365858094
47.7748602298729
54.4641785143251
45.2118721708995
50.7707571284443
50.804188206415
47.7608967183431
52.5582071747431
50.389256872777
57.6541675027533
48.4142712529246
49.5589183171505
48.7584570285989
48.8360635735969
44.3694372139185
52.8592379341458
44.0422697290479
53.7618339148043
58.0531718633077
54.071683050445
51.7988226431853
52.148061182118
50.0621515664628
52.4976008967888
50.9048646178431
52.6229440852365
52.2123039368234
45.7176787706709
50.3459255448967
52.1249792995336
50.7896846440204
49.4317416697419
57.566013705382
52.0206224305896
50.6233016510959
45.8504267912098
51.8644297607555
51.9939171206913
54.0691291519049
49.1428435532779
50.7986493675513
50.6460902736982
42.9189546245686
54.7680975234132
57.6056353583827
52.2522143997141
54.5347323077068
52.6652994284341
49.1495023737798
49.0614849471945
49.2637502993216
48.1015532160091
45.9198530175503
54.2461411175947
58.5227174732533
46.1869539906867
47.7566941655319
57.2141562336087
49.3788529531169
62.8342342344856
52.0221900777304
53.5930092053877
51.296175986276
54.8027397684023
49.8157089916738
53.657908504786
58.0384450141411
48.2658793820026
46.7900374906364
53.3637346213076
46.5247251956323
49.2407931548099
47.2164873293657
47.7599875577541
51.1285273439084
59.6784472037315
51.0277370529374
48.7275356593411
49.5526882509896
48.3822941257725
47.7954024823037
48.4832023905929
51.6475132391701
47.4445357218843
55.6700210050536
47.1100049537417
45.9843193629347
48.2996344914591
48.216295116779
49.8887496253419
47.5088979855096
52.9345185303672
46.4288291935788
48.0576839915944
49.9953329339488
48.5668924674913
46.4503887754101
43.8378937197725
45.0204071138603
50.8342400007208
47.411217758676
56.46439332602
53.1700147304726
53.5339177215936
46.263971105952
49.8854831089242
48.2167865664441
48.5055944132914
45.1308594852328
50.5146147456104
54.618476567985
46.1233934455856
47.5913766394007
56.1441369342128
49.7177340926746
52.3723062439276
50.9017799417449
53.9470696083481
58.518030807897
46.8644603508051
49.6412270559409
58.7760331953592
43.9103103576605
48.4168698352856
55.2317694625925
54.632791423722
45.1753633833165
47.4282295111339
49.2218904462129
47.844730919993
50.003368820558
49.6436133017852
47.9096761877766
60.4195885692468
43.9952314717026
50.7494247936121
52.4281892934087
50.2242003223937
49.0795456907782
52.9529678359872
48.6726366238086
60.5838823500863
50.1892783539052
43.7387624520605
56.1005163304099
47.6066603299052
45.4022598277521
49.3135490987656
49.9722302303669
53.0740754980164
53.658866086698
54.8673857514669
52.7805968146419
58.0346652109347
50.9418492471653
52.9214312708136
47.6000805210968
45.8960985599597
60.7329721040273
52.3621599734824
52.6138456045756
56.4483604554811
45.6218783908502
45.3743796024554
52.949575743577
48.6614596797104
53.2172060078737
49.3539971043733
54.9788936524673
49.1671202424669
47.5820134868005
49.9167710681432
48.2120782242608
46.8276530083347
47.4712047568347
53.0103760247842
44.0159447829227
58.9720701499259
71.1807233063769
48.7803417086346
51.1278221688528
47.850214553644
53.3325701443256
55.9941982187016
45.7102631824544
53.099202756807
51.2661295818978
44.0801622241835
54.1642556470702
56.8101849092015
55.6330456906752
42.9639291715081
55.1545624200803
53.5440585668874
53.8245254235971
57.7904071777453
49.0897801547354
56.484833603987
54.9236077683079
56.399221100182
47.0137636120389
55.2436530669198
56.6397649385329
46.5376482283973
46.6865833369848
47.5194459444237
59.4399723765669
52.1468180554138
50.7997561060237
46.3162129269807
49.4466673890533
46.5915327415511
51.5246875090444
53.5734284940743
53.2124308844369
49.2086782326804
55.1137731982735
49.4115438148062
49.1830867049935
52.6175722146263
46.7949290021763
48.3134534353944
48.904708795444
49.1987968156972
43.8493552901129
51.20225960234
59.1109578027383
53.2732350353397
50.2311513431881
54.0379316376544
49.8161560949024
55.0821529459636
50.8550909024926
48.5116449111852
53.8143621773117
47.6573082052208
53.4894127869935
48.9103581203618
48.642998210179
58.542204426676
55.5545732209345
51.6050634020892
50.6552353605808
59.0858265557732
52.8095921401638
50.539326964604
47.8914300297998
47.5401585677332
45.1501760603079
57.6384054272088
50.6749819169195
49.6341204681886
52.8594487893583
50.3304510716903
48.5784420339873
53.1506313730679
53.600268167728
51.6483386799807
44.6987726346674
49.9267960766073
44.1595308614394
56.2959980105931
44.3889331142767
46.8267308303551
52.8619365026031
56.2238665933463
49.4030781416444
49.4842110785519
46.0785641178902
43.922368523783
50.4027295416425
50.8719960993855
50.3703976460898
48.353264647873
61.6859783037217
49.7180479542111
52.9727688200223
48.5360828537153
56.457393674351
59.3929162712395
44.1324133925854
61.9931165625355
49.6438266817287
57.3235547825202
44.3654519174957
45.709343095978
51.9026260150065
50.8459515689248
46.8721683508704
49.6386524240555
48.1023073567182
51.5121007847794
46.9894006280457
49.7704506956231
61.7581007497685
49.4542576101868
51.0264237763867
44.2820358131402
43.6216352049314
60.1565337229465
51.1392451947307
62.7689198352502
49.286409212098
45.6763720500708
53.2249438628134
49.5099570475984
48.3806549421773
70.3354207271074
52.9410669315663
50.9446349072456
60.6580660504471
56.3164333596256
47.9622597515263
46.7686473107518
53.6263842344629
53.3711326040505
44.6196591374272
57.9992790701344
58.6675736745862
53.1736976864154
49.0273332444497
45.8600406024107
51.0471165453583
45.5107924027709
46.5242522773249
51.4983319154122
49.1652164767928
59.1432523239614
47.6992264425683
56.2465411736403
51.8794097508108
53.0261666990888
49.9645944678115
62.3385915470992
48.6374978132061
49.6947387535324
48.9997796806831
51.4536193007688
47.9821273402798
49.9430088028911
56.7909364602028
52.1120947971325
56.2500480137919
53.806994792052
55.351687787028
44.7799061547359
58.79676783801
50.4838231751303
45.5499764696879
49.7996946116653
59.1695666335229
57.6414461715025
47.6538266769303
49.915497570209
46.0074382316255
48.581864590805
54.4158773126544
48.0323888086896
61.5099993264479
51.9022751498031
50.5054074639279
55.6527760984924
49.3543727163142
51.0701900147305
51.5438209772915
50.7214420879261
51.4269922137042
48.2534806236646
45.9702805826093
48.0967219036527
46.7783942790343
51.2234038196232
49.4589323566016
48.6309828331706
59.0973474908738
51.9410045487959
48.7677336665093
53.3275137416723
48.1813217979746
57.1757619435575
47.3322205061712
44.494058879306
48.8664530535722
49.4232448213386
45.3561393794631
57.1034724849175
58.3143920664574
59.9210777379866
47.5395751286245
48.4029873757004
53.6856607517308
51.4900439492848
46.9398986555907
54.522301184788
49.0544287875319
51.9641182513288
46.2210502611713
51.4826097805304
47.9836996517282
46.6986298734018
51.3444743577986
53.4698701200487
48.0108013709891
52.3061281000783
47.522525380842
46.1736698933562
51.4898571598038
53.9525928019684
51.9128557670753
48.9375063188851
51.312545279736
54.1048081166397
49.2363025841683
49.7504412668995
55.746043818486
50.54786030664
55.142208525972
47.0892500852417
64.5709082106711
50.2534484412813
48.4424806658001
44.0126321071954
53.2768644709953
50.1728721346996
48.72623100796
47.8857864276261
48.1179700677548
49.8678805307808
52.3302173432551
52.2075831061846
63.9984677408413
49.2433777140096
55.383592720223
47.2614832702499
51.8766695398332
60.449755165868
48.8389594778745
54.2896286765444
52.4451782776612
50.90304621583
46.2364290507786
49.2863937844076
54.4917891738245
50.430069323981
57.8390208145785
51.6038440185183
52.5244297588485
51.006707319005
51.3434699499628
51.884232765497
45.5753311022611
55.1538602711112
56.4083237904602
50.6938367548774
50.8160163199691
58.2771262856508
44.1364866219567
46.3703937403016
65.1680691824113
47.9936566250752
44.6149094105585
53.7528147687276
53.5820359799301
50.5213845314958
53.8372780105406
49.405190751841
48.4243347209869
56.2397842394636
53.2823820732913
51.9308941432189
51.2861701590216
50.9639820987574
48.0024080295861
47.0735404633734
62.545395479749
45.8208379255763
48.4051445412163
49.8694225593891
45.692773673499
46.4362776453438
45.3547145038287
46.5548689415413
44.426661676042
48.0625563545009
53.7184731376924
54.3913202097061
52.4673676381718
47.3686104473574
47.5175312479224
44.5193617397824
51.9736634865068
52.3570616282718
49.6510454882213
45.9278937097386
48.9006528428966
47.3698074226487
57.0275103554011
51.424275799215
51.6013054630224
49.6804913093705
53.4118303406346
50.0580976029684
55.4859731795466
44.7822750721866
59.1305240176453
55.9598205534635
45.0167860794892
53.7672372448164
54.1458792104419
60.2293765634358
47.898190886108
48.6747515490626
56.6254707315364
47.8992792327314
54.074403108266
50.8057791756319
46.2544292653526
55.7928759241106
52.2344658806184
53.9357673745055
46.9297209702078
49.8751102301892
51.1841536875998
52.7161513881008
51.365883042172
48.1056100561894
52.5288805579717
44.8749383388457
56.1328349382512
49.1145995118594
54.9908766639974
55.1776214439057
50.5238211101982
48.7994023568499
44.1903990591312
49.4196351454274
48.0154194277809
48.3712622272285
48.7365009162102
53.452075689249
47.5711835361393
46.1984916573479
50.3049751279556
47.6294503255978
60.3033893228548
54.6582790701239
54.2864330168516
47.1506896752171
51.3589694699029
52.3869851239447
52.2235259232418
53.4711280099087
53.1388012190562
50.8379751793659
47.5116407110439
48.8054518899127
48.5629661220558
47.5442166780126
53.6054342005694
48.818071432956
47.2704319871514
52.2628076562643
50.497319552999
47.8753093715543
50.9882804604202
48.7491046811216
52.5921454750168
45.1431942737373
55.8212959170579
46.3257771609063
61.7395580234074
55.2853064805211
46.2366806676955
51.4788782297761
50.2450022220669
46.5939625905573
51.1132748636705
46.1037178396944
45.5342163043644
54.4105377377395
50.019617465179
54.0484436366227
47.9698996512137
47.0473424015074
48.1152163740726
54.691057100869
49.9381178495113
50.3832830741171
56.1051462905415
46.1769766998377
55.9098723221715
57.4885924958011
57.1799371640198
48.3125308455838
47.326678381536
59.7748901681156
47.3780088772578
43.9682394551008
66.463600320913
47.355749532184
53.454129863489
47.677167798004
51.2534373247799
46.7666459452973
52.6179014898261
47.853385460622
46.4506936861144
51.0177244384185
52.7349322604328
55.0774973979921
46.4323261794513
48.4893271251508
46.4898884659837
46.6660655843295
51.5235882745905
46.9432998509726
45.0520884239991
51.9750307440649
50.561532518745
49.0185445089415
50.5227627542757
44.8885107210237
52.7321088197303
48.0793077690804
58.6287631104683
47.9295436935358
50.3121063153485
50.2111939960169
51.5574279362402
47.6189513594406
51.6278115712907
45.9246089118646
50.5651658387686
51.6169055072384
50.4546147623501
51.3581638550005
51.2562404401821
50.398128604801
46.5022336467951
48.075851081516
55.4935868610168
50.1692062259409
47.2840188311606
53.1830853860936
48.6890313486075
58.7494655998269
54.8394077770464
51.8226842480296
49.4324816172452
46.9844101476689
47.6478652331302
51.7442690711675
50.7692605275723
45.2053800365792
51.5754868993649
51.3852085914782
46.7809922437615
47.6099183165179
48.5441409597004
54.8044550966119
51.0505713753272
49.3124544521894
47.7917630261327
45.3404807792712
52.1587411802421
49.613692876431
50.2517900608631
45.777939706114
57.9489900201167
43.1385996973336
46.1365647182069
57.6775737407941
48.1603746951355
52.8557423642177
52.9526055398943
45.5632561875284
49.8723155985037
48.7988745944601
51.0531117139564
44.2175769502536
48.9325966408626
54.252873027908
51.5638035643786
46.5629592866657
50.4386390660149
49.0030873650778
49.7314773519695
48.2459362398643
52.3789309927385
63.1377003807561
46.8964582484918
44.7417105430875
49.3369383161795
48.9659127431501
47.7808574527354
45.778912095752
55.7620652760503
51.3299143004222
55.7857176083059
47.1442931508135
45.5422860311713
46.6420880727226
46.9381438931737
50.2186511321027
45.2883301142662
53.8720993876849
57.2242137318565
49.9238831040019
52.9963324061339
55.1023094868461
55.1961150108878
45.0862294704904
47.6441799631715
46.9083546506421
44.7779072473649
47.9915526611125
58.9785385502823
53.8037597467123
55.7076412494025
50.8186945217114
50.4707137166688
52.9814666443641
50.5392855388497
50.8248301432406
62.9387330562333
51.4703916037159
49.0123116534514
45.2614726471563
49.9766058941329
50.7086278658674
52.0284751503349
50.9527322302703
45.0576990681397
53.269469036006
48.9759479518774
49.2207103951503
54.2225196933509
49.6426973123671
48.7384261904925
52.8438539103269
48.5326682457616
51.3132728440533
47.0445454686926
48.3715116611887
48.3667373753567
47.1469098335757
50.4178406775313
54.9194908983541
62.954098105654
47.7648984630459
48.8590826085891
51.2022325852442
44.2000350635882
45.4229756547603
55.701999887425
50.9380377337164
47.7606264233201
45.6527548910323
49.2043657172594
60.6911963737105
49.0363169207533
45.0469254827451
57.4624617080259
49.0135244078697
47.6579521500374
52.3102569650253
48.756044823153
50.7159200276663
56.6995961974194
56.8951325743956
47.3280241369636
50.199609224935
48.9136532367845
48.5746522204038
46.8771158922663
46.2472185374718
49.7780596210183
51.4197374118661
52.2899505541486
45.5986049464627
46.4136586986082
57.1736998106677
48.4467108492542
57.8544853510387
52.3397103752149
48.7111249299332
47.9200913920812
47.1244940164922
47.6701717600182
48.2136043489707
54.3825491695163
53.7398785928308
53.9468662000427
56.3441743898273
50.3110832159732
43.8977714626574
48.4245168872327
49.5007869943713
47.8695468231141
48.9179054725642
51.032003370092
56.5144047122471
46.1793722186276
44.9152944775641
46.3635574605334
58.0799687308862
48.476758493401
50.5405115829342
61.6995560256858
49.3980301233718
48.9135658733266
52.1497602672395
44.545959299483
55.465135755034
46.3906032720699
56.1021543438896
56.0367207061453
53.7527087240715
48.9140199984045
45.1582591140875
47.318174977074
49.384324337226
54.9343117158961
54.8570791845893
48.572926899176
48.4832237890577
53.209662396202
56.2679529353437
56.0294244736475
50.211471503497
49.3422526815044
48.4978198781117
45.6341342618266
44.0935103262755
53.8515596859092
51.645969148715
60.8809274068123
47.9539188200734
45.7941655138135
53.906646420526
53.4115021059519
48.4070182908377
51.5273331583172
52.3905160626727
48.7345346794836
47.7536068477534
49.0831536206272
52.4324492760435
45.7096453723994
49.7106990855299
45.5896228779339
51.1993947975528
52.4371361027592
49.5282988771143
47.8382942738993
50.1743712754098
46.4939473475773
51.761217172298
51.6617656101746
49.4102736259412
52.1167384595285
45.7365393648997
48.9394368939999
55.2025499892255
59.3087553924977
51.4078379099387
56.0218703751694
62.7411716961211
53.4569178475667
55.6821135981952
52.8571215840623
49.8325504762995
46.8914795335294
48.3156371631179
44.9540155089521
47.1485281526202
67.4891158504887
47.6557428056472
46.7581809329336
55.498182262679
45.3439188706833
50.6403228330427
53.1429016804278
51.8584909686826
49.2533308278957
53.7067408375846
49.5734495425113
54.0350164650095
47.6402729001087
52.1433648002199
54.2228329143828
57.1508679808269
58.7782972748334
50.0644498707913
46.9964649938775
57.2422344641887
43.256573276339
51.6563309033492
50.6485430899553
48.5766586932791
47.6085364240811
46.7766735583083
51.8521173947765
49.4265075092488
57.8118739842197
51.1979328059263
53.587659917485
57.019543003147
50.7244182118592
45.8666686104914
53.5561794052322
47.4585935956869
46.7745910923654
51.6661973448327
51.4914275402312
46.6542744772662
48.7201065359932
47.2874719436804
45.4932359562699
52.6109192552753
51.5884795221287
44.7048738814998
49.1706388533792
44.3556873603479
52.1295438722469
46.9006062350097
50.204032580139
51.655152245097
55.9743170851559
45.4301743786862
49.6325512600265
52.9807100358652
48.8300315150317
58.2702783896174
53.2721526312862
53.497329480793
51.0301801279727
49.5101843096725
49.0853948462849
47.3331990766953
46.5154734639372
46.7497767466552
55.0847998564974
54.6527506406737
60.8797310554446
48.4925165155789
46.7949066779082
55.9683250000187
48.1949487432107
51.2928358897264
50.2718786757809
51.1899646390359
45.8861121478636
47.9120876946584
48.6107277587457
47.9647126984466
50.2879008704304
57.54682331951
52.2101935187325
47.2070394755432
54.8729058078158
47.2210360579424
46.4137304774428
50.571137444623
47.4052723210351
47.8695795550581
46.5068121687718
50.3590564671563
45.9168196890406
56.1368623440561
49.623173217477
53.3629337882353
52.906045670893
52.2520233524791
53.3310109186947
51.3454550244012
56.212032978936
47.9356451119098
47.5596641492117
52.8500335054061
46.1780166916359
53.4716721031193
45.6416802353198
47.2273459488923
52.2311589030554
50.1892113704388
54.0549585431984
48.5894109044342
51.7925840303937
54.0581020841505
51.73046575515
52.3331684291811
54.0706192349584
53.7753121772084
59.620123228694
43.8399890007535
50.4575289445695
53.6019275215199
54.2546119033896
51.3716490306423
47.3893605091857
42.8409990151234
54.7139063563883
49.0589338503958
45.7347458904761
51.3519919740818
51.2424946532939
43.8355728691077
51.4817942700383
50.1109090662798
46.4144159495417
49.313794914893
54.9729901013768
49.0494516320191
50.1330427163388
49.6760802258747
41.5586930250602
47.6792318546134
48.8302429018931
43.445457682457
62.4118309728315
49.3262576206165
45.0545269200054
45.3287426284067
47.0362653709552
50.0001844980283
48.3854653800981
48.4864086176206
44.3231862384525
53.132831150542
50.2570080251209
49.8995436746051
52.8389329751827
58.2760796854046
54.1010485062945
48.0557797837537
53.7272175462956
50.8912123266483
52.6160830135644
50.8920273613184
53.269153974437
49.9961246880058
48.5352456386595
47.9349695674563
49.3196849679741
46.5599150332471
53.2035457872512
49.0461907860875
49.6580620554613
47.9166422919453
46.2170292311546
52.904118896323
48.7337721918872
52.7702656319866
49.1554297654847
49.4634820832853
49.1512933416453
57.7746989527609
49.516948041024
45.5551826759474
57.2848486077613
49.7637145376383
48.099223661418
48.8804313493568
47.442711930774
49.0605320188727
45.2530626626552
51.1824374391395
48.2308651135181
50.5527697348897
48.6059439267166
47.255989202377
49.9481532916851
43.7045179595124
48.1820452461649
55.4773603259117
50.219154598094
52.0572082400539
58.5288897390326
42.6204578529593
45.5390932813443
49.0045790478642
62.2754372113948
48.1442836268484
62.014370413449
47.6582799395203
47.9964775115493
52.3390094018097
48.189825642066
45.7568860556434
49.1617904944295
44.3538040089997
51.7179373552141
56.4783710385819
48.9656690967283
44.8855498533726
53.7832383414811
49.9898689306812
51.3039180787684
56.7168110534671
48.5861184453218
49.5748463310568
53.1036636318219
47.4154119648983
55.3386096438542
53.2606978070011
57.5197348910853
49.9055539684458
48.0462160019006
46.3676489591173
47.2033210585542
55.0434300348961
52.1153229695255
68.9291150207294
44.5639954903658
45.7897770393455
52.5133250560734
50.0490529395836
46.2537911122438
57.3206063635418
54.2276701608787
49.3654454794377
47.2933645499191
47.3415951843078
51.1180351919124
46.033347868434
43.3109767243524
50.525427070962
49.4797121620198
47.172462667165
56.4054843367847
51.3080094678733
63.6680926880544
52.7614820855846
46.6770491954295
63.9720671233695
47.3867646316585
43.4970392114621
45.7579984525432
43.457485753462
51.9648999668047
57.5223379743541
44.4248374690132
55.9337051930747
52.0233226664462
44.8457980639034
52.7736704455745
51.2747249524647
49.1996616844857
51.0587979070363
51.3044172055064
51.676015552712
55.2645060240553
51.118781438479
49.8057287670663
56.4287950032004
45.9032664234797
49.1808505054189
56.4487500323478
50.190504012709
48.8534353002272
54.1343846362035
45.8673831225935
47.0396270330511
47.6725527964441
50.8380303240803
48.7251670597009
44.9521166640846
57.3239319862471
51.2868402347361
58.1263153935194
52.529364686827
58.7355744997209
49.9821800149488
50.7735598350289
48.2590565044013
48.2671796045473
50.6203523025736
44.8609908053598
51.3143571914239
56.0311723453202
50.2333672362934
46.7833722191017
52.2851985780472
47.6063114426761
58.0101451790377
49.0424096207885
46.7970377298647
47.0526969435717
53.3645712907173
48.4170719104957
46.0496873249722
54.3139677542609
48.052041439967
49.8878381641922
61.5678038222989
57.1797645195793
49.3928380704194
45.7610441698644
46.3500833330442
48.3316941686114
49.5526060643387
53.3548521764643
49.2394867982694
47.940723755254
42.2256316478524
48.044953128807
49.1550350562827
47.1593424124482
51.5958556442398
49.9383900593952
47.5237525563687
51.2349085003246
49.16168570259
50.8784992338974
48.9722993006257
48.0940236446979
47.7541679609864
48.2027269221402
58.6882682155663
54.5916513337725
48.420101924482
50.419021092285
45.8666800103521
52.1329438587002
53.1739029617468
46.8752711282859
52.2137836798742
49.7729977576381
54.261360310392
49.5937513517175
51.5945254937923
52.3695277885508
53.6983926254139
52.968467276548
53.3443044782279
48.5537243194234
49.3028955636514
50.7201639683977
44.399767713999
48.6895107855209
49.5353474426987
52.2335079896206
47.2146443453221
57.6736068964714
57.3348412103669
57.1411633840223
51.3347918828119
56.9008824911401
53.6395478273737
52.8403679627909
50.4669889245632
56.026105911612
58.0358165815191
51.5422944272104
42.7531095591805
50.5127157691187
49.9442828116742
49.483528270572
47.2654849903187
45.002178154429
52.5908626219791
48.9743470892826
47.4921029897577
49.0894711167224
55.4931000574446
43.0458947846837
48.1745180909228
49.3380723217256
52.99549721848
59.2863736168985
50.6971883317051
52.2807666713197
49.2682089964845
53.6352219530415
57.4553667378563
47.4477071253972
51.6347779623488
48.6764811554
50.160457503915
58.889024443229
48.1816827502924
46.7997289309564
51.5398655530803
48.5677826728743
46.2962896316969
48.104260648854
54.7333262886908
57.1969038901145
53.5250150691575
56.2755715669715
48.9267953406443
48.7974702599696
46.6972661230353
54.1068237630049
50.7853566518008
64.3346013682149
52.6893850227743
52.6713317000713
52.8575057077028
48.3563374347856
59.7686356715208
47.1927644407615
50.5160249773348
48.351412039065
49.5916630746723
57.1565710081566
56.7766600603286
46.9852545757049
57.5165949934672
49.9751515167313
58.150279068862
43.9454436446227
50.0963051743334
54.0362611346645
52.9184214391618
48.9863582389652
46.9389657680171
59.1726413381212
48.8245920135488
48.0620029248784
45.1653986741581
52.7097465032769
49.685982807706
54.3527531195414
51.1476693862554
49.916585128073
46.2800591910562
46.6777538820952
51.2840973693135
51.5391437658912
44.4006897539877
54.1159202399843
47.3167936800639
56.2260032926762
48.9278105555449
48.4512805129513
46.0268273307641
52.2930426697106
54.5173873701171
64.3785284604908
53.5849523189003
51.723711243024
46.5372388890269
47.1507598993243
52.8316858226704
56.7497202952643
59.0437071278412
55.729502820815
50.1018674504724
50.0255745899772
48.5095960013893
50.7264100470689
49.1846987101611
46.7706553255699
52.8987450042272
47.4354886872079
61.625286337993
45.2757307036428
45.2604214086091
51.4295379673067
52.9406707008252
46.1976717990362
50.8552075887556
49.827878229869
48.1695569666456
49.1621136408618
47.8238625963818
50.3179325247417
53.0809987753325
55.6089931826334
49.8611812821918
50.3482533040732
48.9669571457002
46.5721412833471
48.1658632538311
57.3788461119149
47.5799148394216
53.9598661964602
49.7832971822277
52.9890556611815
61.8057032148496
45.2762043254857
52.0731191749866
47.1981266431423
54.672807025035
54.1667741490165
63.6367402852893
46.8117074470614
49.5663732990534
54.115187932885
49.6046644211501
56.6923509360216
53.4579024845558
56.3310970272491
54.1303521415153
50.8121706087409
57.0768583977709
46.8311486318335
54.295963553583
48.0528892462504
52.5724977221339
56.3617815318229
60.1298887650854
56.8215621567497
47.2124627250251
55.4453082516883
48.5223103931545
48.7830500852547
50.2655582974179
54.4678975965468
44.9349748318675
47.2616220437122
46.9588314835149
64.9869398521408
47.5663424614486
42.5414325881155
62.0497945930142
47.1558064677696
49.2040693600241
49.9578237237521
50.3147424038372
50.3019562017481
53.8274556302071
46.4023149944029
51.8718809671349
58.0531614824818
46.5721977232297
51.6889115055573
54.1372007820896
43.1029510607456
52.6010890323988
46.9300632829551
46.7337468135234
48.2096216923654
48.6720147020189
55.5249931015681
46.4806176535399
47.4748735499942
45.3079194731494
60.4183800805373
43.8242149583284
52.7704192764518
47.2941051724858
59.0096020779989
49.8028024700233
52.2337351265075
50.6223001271277
54.2868211883353
60.2646067525408
47.3607145409908
49.8228632693524
48.5190180494417
50.001265123244
47.2306727885532
56.5594692167488
49.9070128562638
50.8698122985983
58.5024341560659
56.7031470826389
57.4757450701843
45.6163723213168
47.8852527804614
46.3037743865065
51.2857678585944
48.2882351722634
51.3589485008802
51.5660577919863
59.5558848574721
48.4107115179092
54.563262865425
50.4477228236514
55.4021178224512
48.8093863686381
51.464867716721
48.1651527141301
50.2552123809089
49.4333640052717
45.196508658625
54.5346026155572
54.29577657288
52.4501108186064
45.9938729472158
51.971639668738
47.7110080194198
48.7835214095497
44.9685645183493
59.3132746569696
62.7841222607292
44.058714443592
50.4096322041317
46.9391060573439
50.0289323898525
48.6464094367342
45.4399785996213
56.0643744266958
47.7582275134321
48.8584855595641
46.9067117391352
45.0871873118925
48.5350576501682
53.1545371809245
48.1259444886046
46.3560563991529
51.038770012209
61.4527291512073
52.8173325079164
60.123256632272
53.6267973105017
60.1409094548703
52.8611156004793
47.1304149900427
50.5564985213852
53.6518226025531
51.0578709643981
48.9005705267051
57.2294245652684
60.3148619475778
45.7646033085424
51.6059782775505
50.3146714758377
49.0687980790162
48.7110571738851
50.0456972282779
54.2841841388366
57.9367850762207
51.0134621305341
49.6411939486418
56.3075964231975
53.6300602614466
53.8411958902914
59.2425319630647
48.569660476751
52.1966730676638
47.4217119531753
49.0189111971092
64.5120067210499
45.1757021253776
51.1635787703764
45.2705819264056
47.6990394666292
48.5570663319449
52.1629835865657
52.3254567609127
45.2419667560173
43.5802836589207
47.0198022224902
60.2116161951401
50.1391343441427
52.4306882247853
50.1125330372199
49.9712294035966
51.8247329608181
50.5051831656884
59.8273653590462
51.9000624368115
56.1511840439739
50.4965355636831
43.57341565123
47.4795675216801
53.3677757172633
56.4439479809696
52.3353116726669
46.7232251883754
55.7729320217219
53.2608875145824
49.9227995490927
51.6195538908277
55.3434331008971
49.9185946240159
48.6968270991512
48.0925824630051
52.5982861571206
54.6837093362418
46.6675489606099
54.1330812155106
50.3341835969348
55.4131803261062
53.3935736118639
54.7430887773124
49.8447862933003
45.636470491337
45.6751864818692
46.7807229658769
52.4837390507599
50.325074626387
48.2000656952605
54.1373637416329
47.4070967162172
45.2599524439309
53.8279433115999
47.5630392746246
48.5924176842735
49.2767162222029
55.4288974528264
52.617322935733
45.7277986535429
51.4012417400351
52.2983068180878
65.2356584067978
49.6417522198823
53.7047213123168
49.2444570802195
50.1191492599437
58.5513936424953
51.5996854236244
53.9575015023492
49.784851948037
51.8612396642552
56.7913874968626
52.3126133451715
45.6753384848609
47.0994060102832
45.9356049179028
51.8367565104717
45.8039383816028
50.28918298583
54.1989582763549
53.4829478496452
52.2502311055261
50.2051471287054
59.1653753571973
45.2147587169123
49.9249585932536
50.6007587231743
51.2815167128334
54.8782823278605
45.9469485604074
49.106958729632
48.613332205354
59.6702241918406
47.4472273310256
51.4245156059056
47.6991599907467
51.4182649415338
48.960013420446
55.0968500439421
54.2595222409559
47.3633512496782
51.8310979513386
49.2853557547814
49.7503173245812
46.9371158465424
49.5206812432262
51.6865620906786
48.8405418970974
45.9380699209213
51.5654469783159
54.965184265177
49.3849338469645
44.522530609696
47.7243745288432
45.5904528015898
51.784539099932
46.5657651387053
54.9896717994386
50.3829238515572
56.292116677955
47.7699973621068
45.6551539057674
48.7113981316213
58.0986623972768
51.4671408563316
54.9727762711836
47.5995239648569
59.7181633832676
46.2382058543666
49.0757690777799
47.6595303536269
47.7979733131901
49.1508370859814
48.8749000005079
45.2061222111061
48.0326005943607
50.1118069152073
57.4152228134804
49.8783452171479
45.5654012020637
51.0711338485663
51.727502118634
54.1510039192202
51.6647845933186
56.8169446705223
55.1961138607243
56.6535881539481
48.7075763547445
51.8739777155866
47.8518225002998
47.3526042745458
56.9167888332721
52.2932163501498
57.6442607530297
51.0952603455294
57.1765209815637
46.3471012097098
50.1372331093791
49.5005231857432
57.1234793069307
51.7598535618481
53.9857075523833
54.555468480607
50.2988615844393
46.6286954837058
54.4260506934323
51.6212490348461
49.6999685912831
52.0907452388698
48.8099795383672
51.8934905496399
52.3149642158178
60.26493334536
47.6086646221378
53.9797857360309
52.0287764087739
45.0932807337215
44.4099318227207
45.2170768668803
60.0229651343915
42.6061977444853
52.3955362744742
50.3468514223481
53.5579124284678
47.1967735149854
47.5810585163391
47.7388590006654
51.288074276784
51.7952793188833
47.8695234556663
49.1042311674748
47.5261649427207
58.5856481054236
49.8558003281483
48.0600919815229
59.090692242865
56.0687682444753
52.9002522632281
50.0756090938339
61.2628603089863
42.9691631376489
47.2385909397723
53.1490739373265
58.6215566116085
47.899955190582
48.7444402813005
41.33011760368
53.6421309382925
49.0799602451658
55.3224089678223
45.5257396941026
54.7407168755015
53.5578788920674
63.170207462178
53.7489536286865
55.1614598640486
46.0520547611142
43.3172733971034
48.7648535042757
59.4550801910507
50.0066061429461
52.9205644132611
47.9303612898358
52.1980035919903
55.9816985388956
56.5691291055886
49.137216058464
47.8620428975214
48.7063508739938
51.3909828026366
53.5199171239116
53.3889254696339
48.2530526864185
52.1728214915791
46.8836417654325
45.9493071368395
44.4712084218423
52.5692858814599
48.1807000067197
55.96929447572
51.1836684751851
47.126920748172
45.8198709658032
47.5908431540159
49.5610733618865
48.8925671386309
46.1211148569177
50.5870118229282
44.4175139732038
47.1523388764405
46.5440219748364
47.16077579549
50.8148583214765
47.8475493478855
53.3536398741353
50.7879595428344
46.4563305570361
45.5258129465753
53.4735363715723
54.2029287070937
49.4732713320655
55.8990399342477
47.7556118866514
49.1727385820987
49.1635212807209
49.147325860503
57.5666585245653
49.1948484668649
56.1465656579453
48.0056374916934
44.351832193135
58.9532340573042
52.3776896560604
51.6770937010538
43.7165607620524
61.2559561132071
51.7445344385597
48.8964051543844
57.6096184961135
49.6033460769679
57.1651166615004
44.50504994131
48.3498836543375
44.1412003262075
46.8643577043172
51.0383023666555
60.0301295622403
52.3709881801973
52.7898658132769
53.3699593436603
51.648858223567
50.0187070219018
47.4048028400882
46.7953597919859
49.9389537630656
58.2698525365108
51.4622612272383
45.886940706162
51.9884126534793
51.0119106654252
53.9669733068294
54.9810594324487
55.2111129425285
56.5586530729025
52.915473030069
49.6704144778215
46.8494401459197
50.5444770597782
50.5426571643227
48.4033396818934
51.2340819861247
49.1745816253907
55.1205271466239
49.7564139689755
48.8773769244998
47.4943085116945
44.2292620099498
54.7543405900904
45.7865992840559
50.4178006029373
47.6926696710833
66.3631521254809
53.0167446958953
55.137966520427
50.8398460460218
56.4716036175845
49.2905614653647
47.0851246240382
50.4923794517505
48.7844484174135
45.6559998987192
44.971377503164
44.3909047932418
48.5862150728641
49.1117893129596
47.9946212126224
46.8474473363762
52.7742198128688
50.7697834354254
60.8949969442028
52.5011199128658
52.834972702556
48.3541684693426
50.8819891349036
49.0962810454062
57.7092188498336
53.8914841854939
52.107604875437
52.1596958472396
48.5877406027206
55.0780493064499
51.2829575782217
51.7317394747862
49.0972606699334
48.1579190993155
51.0810830085274
50.9786285898146
49.6218759247425
46.0031126442709
46.0998578629488
46.8361253053775
52.7331247258389
54.4910489581543
53.791986740146
49.7115862557632
56.8453894491404
48.4517919478985
45.2261063166462
52.8958552907267
53.4525163090708
53.6720314214619
50.4584996765599
53.990122562643
56.6796514578929
49.3417787123791
48.0295272025345
46.9306232519796
50.9546571167666
48.7528883419942
45.5031902462739
52.0933019991277
54.083129478952
51.1850517016591
46.6261000892671
48.6198090652094
46.9100745794523
62.9787994230137
48.2682557365733
63.3939389405162
47.6673462948219
46.6254348473207
53.3783672515366
50.235378055522
51.2206995499543
50.0544816901014
49.1179886437774
54.0037727061816
54.6244864780905
57.1470170943381
55.0953083692913
43.2173942065784
54.9910460697483
53.7475134290501
48.5018514339148
51.4790317278404
55.0505211386133
55.2334355188533
50.645719747279
49.0896121101919
54.5936343477078
50.3358604480017
49.6954848566912
50.8590436414481
56.6533443204337
47.6870467365035
49.6676415577445
48.1009934360886
63.3271174110504
46.9272559513361
50.793933060188
51.8230485289815
46.5668528047805
49.4493142313484
45.1536918887788
52.9795218539555
43.5823152602579
51.8215974654174
58.3649497326338
49.9727716399506
48.9381199095431
50.3214885186456
54.8618581525406
50.870725253198
47.3513825087477
53.3797291086262
45.8117150560044
48.1312740031069
61.5039589760567
47.7193268674635
53.4082420587546
52.6915018285214
44.2785615922073
48.769950906691
51.7034937351429
48.9174349283999
46.2710287070551
49.6061070170796
55.8430306145546
49.4440833752965
45.8922546361857
54.4318732288799
56.7116845869368
46.6088678630826
55.1886333229629
46.9658400580654
43.4650122463968
54.7051755978061
55.2829951988488
50.9573459089299
59.5871867934194
46.1986315240708
49.2333147370215
50.3734209719859
49.2976249690664
49.3495527028889
47.32106542565
45.6570614355518
49.2340099656121
46.0613591283133
51.4906508855555
42.5284611387623
47.6878683279016
58.8614847743991
55.5967703778486
46.2283586878448
50.7518192067081
50.3782680134087
51.9907617100589
50.5360990958555
50.3404777418693
46.7819599435721
44.0198010096828
50.7233726600861
49.0484544129751
44.7265379605307
59.7533904688168
58.8784980434665
46.1548830201261
54.5426323155574
46.1815590777166
55.3691627163554
46.8735847032383
47.1414064269393
50.0213579937771
53.3156807202979
61.9037607532026
51.5205643017168
44.8670621698904
50.9199418191906
46.536927521499
49.2557762421633
51.7048151787869
48.7878214113638
48.5378907707537
55.4886825693891
47.642505454824
52.4684475543977
51.7232521337932
52.2709635317365
50.6754953519252
54.7371876608257
54.0069433893648
49.066444449425
45.2184053641078
49.2480556283139
51.4206288564685
46.696559119154
51.9036559398322
55.7842000777529
46.1556903344547
52.3788974025679
61.8534884531746
54.2620022275699
45.3757390009034
47.0292992777413
52.0161927246917
46.6176459790902
48.6878306740129
46.8526305638601
55.0866108522913
48.1893270772409
42.334913301505
50.4063444387646
47.6295577038097
48.6511917571862
54.0879000347607
54.6783204733409
52.5792712442695
47.8648463660207
56.2457489050235
49.1352053860566
51.6293953352256
44.4725324222368
50.5786003296337
44.591051016509
50.2921696643817
56.8145192941071
54.7570890320052
44.3178968617366
51.9205341613536
46.8715989197172
47.4051672079946
46.3485350075244
48.1878111577325
49.8485217656578
46.6404342300609
47.4628745343935
43.7903985403192
52.8435330090087
58.5648322628237
65.9264314694693
50.9801097136252
62.3915491527534
58.7202879864212
46.5118139516891
47.7461124850335
49.9131739333082
51.100953619176
49.9660054802158
56.3097980717734
55.024128499168
49.8604528884414
50.6094682462383
55.071247751132
56.177570510965
46.3921450978164
46.5921939441525
50.7508817902694
55.8302213497647
53.4677412148789
51.7290128018114
48.505785776713
51.1191111522499
58.6315582304689
49.272211819822
50.4278829519148
58.2081323057435
47.8878213843266
44.5974959192707
43.73400594822
51.7320293498679
55.0112082531489
56.8120057151422
46.202258003426
52.1653407600257
47.0133968512531
53.08176761392
46.1375652815731
46.1874461659478
50.0684468245779
50.5897283657409
51.1326014369247
43.9380444963267
56.0494542208154
60.3808929891382
49.7015392343388
48.5996635610396
54.7611607176212
62.4446762318257
50.9060230322979
51.8344609940667
53.2554281253691
49.6845075289726
46.7912022068467
49.5707546382531
50.0888866537756
52.8725179295785
45.1331403300014
48.8841134853708
45.0749148087349
48.3090192386318
59.0754797250887
49.4246342778895
56.1254049853539
54.31247153126
51.9517637640602
49.2085331553574
46.6417519619737
47.5633905300767
53.5012137309851
