0.752710347530849
0.508928356889489
0.709823773865772
0.279175741805033
0.536850309863587
0.621484509578083
0.49537535949426
0.6295651848191
0.417945062134057
0.822774862163852
0.655684316755701
0.328511664224894
0.690256329088248
0.660319345550446
1.01286318125698
0.742947545343973
0.627568336106339
1.03800887725584
0.867997989692009
0.746651067334586
1.16775860394196
0.807367627860056
0.469778191637565
0.438773727911089
0.70730564669664
0.846573975034839
0.59354131826033
1.18157164062058
1.35093625883434
0.847400199249663
1.35188404163173
0.968307573915968
0.480842798144893
1.3457486119202
0.837607341956712
0.31401237832847
0.415394809068768
0.796161528711292
1.40942696159508
0.690210953668865
0.617336494430748
0.653495617108221
1.10494980562409
0.963929934999983
0.839515397368746
0.562616497912562
0.700291332210687
0.781779633471713
0.513243327610761
0.767887458700893
0.810681619278756
0.526022974120332
0.621865205841161
0.686477919792993
0.591072732744361
0.48443392542736
0.318717928928881
0.797805232824148
0.682360661835736
1.2504191391416
0.421359387382222
0.56653221859901
0.599896726819726
0.623029688515162
1.34422760900349
0.274072878616221
1.09869753683626
0.293936848471882
0.569289328608271
0.466938901777154
0.517123232550664
0.925593729727154
0.410814336120927
0.895855298034858
0.759078489907558
0.963582843812721
0.865545187195742
0.489502631503088
0.5202981052759
0.620265293088642
0.376445446692298
0.433653136968216
1.80091511984685
0.497193131010792
0.835850827331558
0.668754038937915
0.846600451628977
1.16026695333993
1.24148570208562
0.754109599664307
0.700234246176523
0.714059207420172
0.757629514285298
0.687433528667929
1.78946235850495
0.680316369233972
0.494152950155546
0.708787323608575
0.372929565123622
0.464827300747176
0.446385885846782
0.78406479238243
1.25559315832216
0.544221931574313
0.529819587418716
0.863871054318978
1.23921157160332
0.821089035993428
0.57823203809798
1.53890187738785
0.366848515057508
1.35171203722715
0.80564101328259
0.684468594578304
0.714589053488684
1.05182173419072
1.05256530153693
0.660268330992823
0.485635250784761
0.799796411958205
0.476768875087056
1.31962552881044
0.986009995779232
0.953146561891931
1.09485667459229
1.13262085589335
0.779828010149121
1.01452844369722
0.420548927372421
0.988331823587374
0.640541860224604
0.418638264575891
0.628279680833784
0.809449161947157
1.21013322003399
0.453906134447806
0.666818920711296
0.767204644144074
1.50391704852595
0.773231607985302
0.584694360155685
0.964122937328964
0.602017359371002
1.26666060647209
1.04644355773334
0.722105944233486
0.883651071791123
1.19284644931519
0.339181680622551
0.395778712148192
0.792286058868749
0.978018373181927
2.2079317170674
0.648879909482943
0.856266961266488
0.705157300779955
0.959196222355806
1.60452135604401
0.469317848529449
0.289423906631558
0.872952430500142
0.571922274149811
1.00396154871551
0.96997370167797
0.700855767543374
0.554852200182153
0.686497423534602
1.06263705677037
1.31687733450962
0.51008347534327
0.73830626745717
0.703998108318454
1.2083761759312
0.629766857055651
0.782182337043703
0.584416353913115
2.04019411157363
0.580379932614969
0.309504622186139
0.680111415832969
0.525723237444828
0.738815888397661
0.426318973318546
0.924768163579378
0.685810764170667
0.395333907967904
0.440133765655215
0.579542051462648
0.291097446483514
0.769532712604652
0.695617122592298
0.891780978964766
0.689965229556709
0.700203203270507
1.02645740536604
0.649431992278499
1.25902016357792
2.17276590166438
0.656130634479006
0.416495288058765
0.444347130514095
0.865205496089104
0.504493940595423
1.02921770419047
0.917719805874623
0.336437508043985
0.572264317436185
1.19900693176224
0.337519506958483
0.792748135096926
0.571137128708247
0.287224791974227
0.68493927120787
0.73007298593183
0.939900231421247
0.820088024060479
0.578892016036256
0.676431837591794
0.476663281842039
1.42484062705882
0.328309858268715
0.695597885103886
0.773924071580838
0.465904270752797
1.5329322424909
0.658498470037714
0.670407165910241
1.25732259078652
1.2250026421855
0.351262732092747
0.326153904331746
0.419774955752636
1.12066734462821
1.54942784738718
0.616602801336843
1.25496296383089
0.572177424755608
0.875385409294569
0.389648213821201
0.581844728776327
0.830085195636882
0.721173658841
1.35026038125264
1.13622968617382
0.469579026084062
0.922570370093552
0.834292976383398
0.607323933596217
0.436635339870455
0.466886956468786
0.786005383065468
0.740491950779617
0.395412558081197
0.672376627979716
0.493516262610779
0.572240866932212
2.65573535184634
0.65356254391693
0.577554664211504
0.524375838634933
0.355308114567758
1.12897117022212
0.919899362515388
0.353686414369209
0.840696712580961
0.474422441695564
0.377196215527517
1.34667045541084
0.571420110336663
1.02220169824387
0.621003214272563
0.319387065028786
1.3181587351087
0.419971371564413
1.7664387342233
0.786251973024169
1.0443565580409
1.56809268833563
0.465343119226383
0.371392589473448
0.313252272970675
0.772866726700587
0.736261228773616
0.592916457324278
1.21039956603018
0.289196305980789
0.600679560654524
0.749263805992488
1.49790522876969
0.609845913022317
0.775856999575681
0.396479745422408
0.329498868436557
0.754974953139605
0.585508418013172
0.60027989737651
0.409417525136612
0.820855283592191
0.689350710212632
1.58653189748682
1.57594620464131
0.577709360020105
0.576486512491916
0.578158348682851
0.318303851688976
0.715059649853749
0.578815286722698
0.998261008329726
0.980040105697893
0.711961066008411
0.894262468881624
0.292084144177543
0.81028186054756
0.962755946591946
0.554845324978501
0.31613664866728
0.784483268631432
0.847123805370065
0.246311327139691
1.07984243880842
0.866797243111106
0.609148127500063
0.597919677509684
0.520870952280167
0.652250260903994
0.817956074089817
1.15432278011226
0.773098476646567
0.516678469518894
0.757221439605535
0.287715675619966
0.775953052400741
0.758299325910826
0.397795986448114
0.596887429810622
0.539275359763834
0.900916900126487
1.09312211782113
0.692135010361563
0.539447393146903
1.57390064606923
0.754795643271434
2.22192675143818
0.434180763854741
0.669562543183317
1.31827835822177
0.903565215793673
0.87625335939854
0.584472602449753
0.451110658227948
0.298582661920536
0.393928801711777
0.395429371573751
0.718093985389927
0.892055890456707
1.36467887285883
1.02361940993843
0.520688568344498
1.22466985898846
0.173856123985197
0.679738709667712
1.13546851524392
1.20284015758723
0.919562671314915
0.2664070496844
0.394372883887002
0.95528926443378
1.01619036788077
1.53937376777803
0.555910780815547
0.383289567505131
0.445706958799379
0.730495899159879
0.688137785065459
0.884003819355761
1.15769519458043
1.35126152412299
0.663950192358388
0.614901378407655
0.632292301589308
1.10313828494666
0.388461641982808
0.481843525865146
1.20267314511557
0.620737594761475
0.336842476676701
0.873294531334415
0.365785856898757
0.430299317920526
0.448650856842916
0.70968803522534
0.720066517037117
0.417546511744745
0.435349280761058
0.590949706918135
0.615786490934198
0.568462578544172
0.926584314352355
0.8051957972709
0.686795436772229
0.597074309999839
0.508326015265612
0.665956847918616
1.12172879029894
1.07089634257688
0.335574533082298
0.69653837075485
1.4855273740247
0.812424952434704
0.527746942345981
3.05127800192912
2.0341065899515
1.37800657336945
0.478971438605326
0.395089607237531
1.32838675232741
0.511338161447496
1.16494983247877
1.20260693838732
0.923453304435979
0.320616019532072
0.707181415890523
0.849209965710609
0.600085720358478
1.33111119701076
0.805502100524423
0.489902373759837
0.604501436841294
0.399077182558887
0.795483935390727
0.995976086457374
0.476501005425054
0.451831780758454
0.897292363063036
0.670932285586424
0.698340159230963
0.817997139662337
0.793591140016993
0.84196309144097
0.7559060985483
0.54691062173239
0.820937820405373
1.06404262590356
0.819149511542981
1.64757494597471
0.591729226524338
2.03032642311192
1.15442988866839
0.856423431536853
0.62136491182591
0.836303226991514
0.261804691798962
0.782252977790305
0.37117624185884
0.446005498843762
1.00428245063002
0.569908696806807
1.16570716636925
0.477620607850817
0.637191897208735
0.923020734434087
0.579173389845376
0.445359069106018
0.509876484784126
0.419518163849373
0.903261820522153
0.865130934635176
0.727083193633953
0.435125221107845
0.619853737596459
0.661694622809255
1.59807920257063
1.16621841539438
0.578664531166726
0.291481194615833
0.703894824620789
0.591807611128297
0.450351622276711
1.53867525460001
0.505687985032605
0.618983530790667
0.737558015706104
1.48474839323204
0.560190354939418
1.1174045643734
0.449995800718768
0.488140681739519
0.991428248390386
0.515150754190045
0.54342479621598
0.802530983028453
0.20754991191965
1.38715475956502
0.741851380260432
1.01623769788693
0.944462218596113
0.555890768391025
0.985910288076162
1.01897404480525
0.694047669940326
0.827891272639697
1.07933112731579
0.407808590779056
0.730740825624718
0.717173205263924
1.15144311818532
1.42851584677729
0.760164456701781
0.496899849449248
0.68813931204992
0.754120567707154
0.845419609009481
1.1259571779603
0.913520505139331
0.617484174480828
0.665744986244589
0.859381201326405
0.476366796545035
1.26304493353705
0.589428213141004
0.507946692006629
0.837311478854824
0.460852086841407
0.55608228380481
0.890948820165372
0.794488753613733
0.911821751583638
1.13988551231323
0.661479352346355
0.668174738394192
0.452565245516575
1.00776099923613
1.03886511597268
0.618473556782291
0.948031087720723
1.74636479754166
2.70043771024395
1.13639051358471
0.432791496081649
0.752672196302571
0.890159554054639
0.403785111046779
0.321765391119682
0.40469883553817
0.609435133580804
0.389634960898975
1.03629164947532
0.540727159449466
1.90185853579504
1.16739205053248
1.11472231393802
0.633829507788104
0.786531228178452
1.13298822661972
1.08742349758323
0.73023530042832
1.08171671424442
0.583195965093572
0.619381438355923
0.506624203986711
0.531020702173836
0.685127703659441
0.411722478955432
0.93218635647208
0.441037707014643
0.629498232108854
0.631707623548894
1.61753664148267
1.39411321472189
0.534086747149142
0.642935284636705
1.43739584236676
0.909652021619111
0.263761490794194
0.573149633427347
0.850973482600392
0.543934367811309
0.266329044446527
1.41740748966181
0.471033459109524
1.10780559215748
0.476089990454828
1.81932929783799
0.604519501691257
0.502642034352245
0.4611081549112
0.939861786984319
1.87382185192178
1.07889533099676
0.75809996998525
0.451853966800996
0.725702965398204
0.317244927459231
0.543595392241891
0.646152318110585
0.652753686486981
1.3384792060921
0.305576300823014
1.00189619399196
0.87094278605118
1.11987849509841
1.74285560689627
0.662735454710047
0.548389082439777
0.531841855785929
0.953085021329047
0.431107612666473
0.714750059685677
0.781957617567605
0.98164423882942
0.955892732821006
0.572046350827007
0.330096004162349
0.78647574206511
0.877789251202659
0.340240539296432
0.991390261952364
1.13094773813468
1.40928850062331
0.668511422553214
0.491398564242114
0.858976701797341
0.903775901687072
1.46296507027669
0.870560442635006
0.338968147034316
0.23822510154092
1.38499826648224
0.901021302024205
0.399366071335336
0.477029637749694
0.473704656648606
0.321207451350613
0.807636640894822
0.771050669757678
0.572277590692491
0.629633661083618
0.268640513945422
0.709938119382508
0.511002469930986
0.717505694581257
0.554607084819683
1.12076861962892
1.23374246542772
0.47089573622927
0.384588677506019
0.716847614062835
0.474075412567693
0.522193879141612
1.2847458057789
0.498802502837698
1.18441289450484
0.706345411545445
0.500105462422751
0.524473312765956
0.863553233224946
0.490138020267295
0.518443207968987
0.682711807762418
0.538506875055794
0.79830321339313
0.46663725289978
0.562624188282069
0.258488094064741
0.640235399694744
0.463438161725952
0.649176722522184
0.330159692923606
0.501362881655842
1.25832473131802
0.466689166863687
0.240969170259239
0.756082014954855
1.07914490774925
0.728658536230174
1.14377434027843
0.910488369355369
0.551221258643209
0.626429449546645
0.426469049883301
0.744442379543054
1.51540505195548
0.57610791146066
0.539945993026716
0.635030928454133
2.83238260905707
0.60827109142538
1.39006831727261
0.704138268091016
0.411706047261267
1.45368642510315
0.349649899309629
0.350785079139895
0.429492624236711
0.73184489098196
0.421282541413561
1.57431062606773
0.579390219064297
0.942797847229653
0.716690554576839
0.878758497496302
0.494351831903989
0.347123688099697
0.693021313110612
0.613796005448691
0.521950742386607
0.958340078315994
0.752581525355369
0.503509841098136
0.608242002425984
1.10778441742842
0.973819778262628
0.304611855892815
0.550034184503483
0.965174189288245
0.820814316811915
0.932634875688972
1.05820311569257
0.649817592908471
0.694880855168671
0.602972770658997
0.578252750264171
0.390210256770211
1.10969262278726
0.605302351861486
0.291333555952657
0.430695593407668
0.859946835199705
0.449986584901856
0.364716937692677
1.27975390549559
0.26615130614533
0.592720565121619
0.871586479042377
0.988368194013231
0.403361597333683
0.751937740376077
0.586693676113526
0.494325855579312
0.684469518496163
0.763187492831502
0.571502958023617
0.353071547665225
1.0371425288557
2.46768611779915
0.669577379258303
0.760450756199587
0.392205459014264
0.664382464747783
0.56314202035103
0.680342436119549
1.26184960483211
0.47736136363981
0.512988953345885
0.78035831293006
0.766053661120607
0.677369270818852
0.587634774620936
0.472950261534067
1.55915800165839
1.01231034404412
0.776131410091769
0.535710755003126
0.317433974115232
1.36167737647502
1.08031046748434
1.24637123167895
0.600933555476402
0.476964894507493
1.41324383398051
1.78886368226194
1.1744977407134
1.00135324257128
0.817969430844088
1.00608422560536
0.511302772361644
0.699701693275624
1.03281966486393
0.593907245371608
0.690344954497977
0.632394127044685
0.602302862776781
0.872092285320198
1.14991382099127
1.94070289608595
1.58706497940872
0.818914209495784
0.585805256338266
0.377211900248941
0.685779469143108
0.467644900199625
0.562465396456872
0.487636745545184
0.368254776512482
1.26568147270412
0.484696846379683
0.726433487551347
0.601838680706459
0.467090167364684
0.704429047055983
0.596656790384944
1.39155517514449
0.991087077263587
0.603083141453339
0.500994967808559
0.568704377363006
0.984184576534159
0.717479928188131
0.891864178640649
0.717496759586303
0.461842875693893
0.806565993847172
0.790296888057852
0.614108010408879
0.684969303854602
0.293428930584145
1.12052992042407
1.42097260929575
0.596884433740187
0.68066908524894
1.22201544613169
0.433128789890582
0.956701990192595
1.31901054906594
0.987702754974775
0.600384337271107
0.72227342147286
1.26235193187609
2.22695624371706
1.09805705547957
0.815723620494105
0.525999523083891
0.288516932245378
0.331278974486611
0.53103744867411
0.573130499550723
0.70407694160838
0.799464288555374
0.382647404437391
0.726081157179782
0.763601670257443
0.491397757507393
0.687649429218812
0.980105803170519
1.03038565958044
1.35547357161883
0.886289146967928
0.461330765284977
0.952779910503653
0.907609316512653
0.683589807621704
0.827439779135848
0.88592829049523
0.967813121665844
0.807310509320543
1.65312819083592
0.445813547060269
0.833279413505228
0.311528111421638
0.405940197304841
0.59958684348733
0.893264973827213
0.683671948635567
0.523279722768422
0.371571097158563
0.893978247728791
0.675678475974615
0.597713617399568
0.583529851463452
0.947143799877775
0.508641221483329
0.405620623245401
1.28178407357593
0.47168019408042
0.735239858413992
0.578206827580667
1.62910017556106
0.39444094133706
1.61622365045875
0.6805084732625
0.812977939187814
0.890558228043822
1.54785806959261
0.332366590481866
0.468947149807681
0.493038195917222
0.629930764195304
0.716900023907249
0.316371399085472
0.829631709058479
0.556364918327312
0.84391149862913
1.28085382104114
1.0673119145299
0.659714140762228
0.869322999056885
1.7399057366971
1.37186181173032
1.65183620486316
0.774129122010921
0.735452876412771
0.535067184096567
0.39791958124085
0.571655955529304
0.409097611460494
0.624418084217865
0.421812094557111
1.3903560350878
0.352711583442415
0.586662563005432
0.855816329620296
0.889750898378407
0.679544973451993
0.431633068656558
1.1141634376839
0.667215898535208
1.20298044362954
0.631455847436203
0.383586267130235
1.6048079143125
0.642175183847756
0.879272284040249
1.37413630763256
0.629308286572152
1.16254885306702
0.704174037720501
0.538263848815767
0.532103667332987
0.94073674662156
0.592660864185654
0.837654873481652
1.00368309275629
0.916129699421954
1.0514650394168
0.740026991448112
0.452763269717088
0.455000737191842
0.864372629561645
0.667324098030967
0.526744706997524
1.08084907169045
0.707512485870439
0.482327762125534
0.726819102713761
0.771516832476418
0.770033520010927
1.01706350715888
0.513813367115996
1.36264082133076
0.97493848804931
0.605730033418261
0.461012265260404
0.311531446706589
0.599874338037158
0.667071945154771
0.864248961163959
2.09282861202978
0.327098533098711
0.536525174056131
0.52759795505508
1.26017419742044
0.774766317269466
0.810889561430204
0.563328864088001
0.86632907819878
0.614820337188319
0.907127628228145
0.390505711413145
1.07738337659166
0.301574245818877
0.531438679353314
0.497582857505831
1.08404894527846
0.892463635746146
1.4556490662028
0.359392983154156
0.549719949049841
1.4501944137294
0.798574287365049
0.583450326294419
0.845074123411668
0.434953757241782
0.329739518803731
0.983893107717418
0.30407169668678
0.920580139652698
0.697191859288766
0.645156627293484
0.818978937961236
0.618668479881645
0.606105531646124
0.621197614964635
1.16125575104003
0.696223483901648
0.641460538812072
1.04034102384283
1.28681871850268
0.684392536363617
1.16038548667286
1.11301020637423
1.46487741300533
0.821052090749335
0.569297974788143
0.432518568208238
0.406146145817748
0.469172531997902
0.471001041697816
0.655931625440359
0.623323594177364
0.608043641444813
2.50359419502527
0.868747988742134
0.219614503686209
1.61440118566843
0.949073499534285
1.08698252703945
0.697290653228419
0.36908223561584
0.380098999155759
0.28610052287275
1.21363007775313
0.708632763051224
1.0264501237716
0.724469974626998
1.08430033369704
0.44782413340649
0.544578395050674
0.551528511623464
0.518532809048201
0.908362436407601
0.711774418799582
0.559656779901519
0.225657579882572
0.683552509595252
2.07567030113211
1.73354670746172
0.98784542259618
1.36698985173914
0.511813094376458
2.27396128336286
0.303223809220779
0.415054444940521
1.19832405684666
2.0008865199261
0.912729169775781
0.602005298110049
0.57617887277882
0.378877902946824
1.19872047207093
0.791131455795565
0.29130819243338
0.953644789637886
0.521473686956109
0.754097119035354
0.841077554582145
0.619280285547592
1.26083610435332
0.672704635817964
0.357144130071206
0.713189024348454
0.686504110942206
0.595236617834568
0.662356105914765
0.502446596496102
0.520386083695979
0.724865175663639
0.756350352668666
1.23152220814712
0.549890856441559
0.871237881004812
0.413117413689546
0.504060639728088
0.831683261510639
0.774565803406715
0.646289972645824
0.597572193628092
0.634060136709445
0.652378788774237
0.519469458970868
0.781633811529389
0.976799591532919
1.42112894315197
1.16484091955616
0.59933383363295
0.46490788402812
0.379737288637911
0.619237324484834
0.713798937688533
1.02301709153339
0.692687676937554
0.387393656480705
0.686698892183101
0.977695740182059
0.496694901425092
0.638958302375219
1.3075191279239
1.85688059330512
1.25953618981387
0.559022642650186
0.513608413832963
0.69300962703451
0.979757358446361
0.718523853016488
0.566940452366417
0.903566354565258
0.810742513749933
0.415491212602008
0.25124486556638
0.637323853035297
0.788686253562266
0.650798593673362
0.750251392620496
0.367794314185102
0.29587969377119
0.750631882706607
0.500861992049367
0.732742254831358
0.322104889225693
0.980831246824654
0.471567987425869
0.66748441229136
0.413099615764878
0.667834822235529
1.02766540633609
1.36982380462357
0.710245058551807
0.50456785820838
0.389700154571024
0.412144803218323
1.81906761575138
0.563666170703652
0.885538807732085
0.491834577313278
0.730654993748458
0.969620760703311
0.502281328275119
0.643874894152202
0.370742425522241
0.570106727356766
0.597021217922881
0.936128724428487
0.488928014385904
1.40695587689664
0.747938859601537
0.699405144793284
0.638006101005595
0.763152463370607
1.19365605257089
0.479877479278453
0.589581758844339
0.654934001028356
0.316909003456319
0.50431092483353
0.270052127963564
0.779307405523044
0.665983829901478
1.27265013767984
1.47603825532075
0.806542876234368
0.814471358088408
0.68628785909721
0.549396454789434
0.780896174021587
0.681808638785457
1.17101076038913
0.932297905168819
0.896901934404522
0.88112683148533
0.491529159329728
0.893675981096507
1.62897114846495
1.21376657077441
1.01198156419575
1.03846478692512
0.749811136789153
1.14015980332934
0.885249630740152
0.369369931916212
0.369004807079961
0.586753709544836
1.26724407374946
1.11312709296772
1.51872325744601
0.915919057055205
0.486050604226076
0.742031810744592
1.06040252406625
1.44705998253585
0.968766484212001
0.542119831195935
0.662301390692443
1.59514994689594
0.818205023172977
0.650403078044477
0.826866022608854
0.766875085558797
0.324891417100561
2.06468639780369
0.885741248361092
0.684309166128476
0.500963613059266
0.535509045832009
0.541274035305017
0.864230133779255
0.666540782052666
1.31741085896302
0.61805588058794
0.605073468633982
0.573893006164569
0.404743174024098
0.266439448392459
0.884184837939925
0.608575738536947
0.410587571055067
0.867457504637152
1.27366272955119
0.560912042632576
1.09026878988075
0.696598300799175
0.904228172542254
0.590360326043568
1.19571346667153
1.48322956025374
0.844502879949645
0.74582095536611
0.345546758589699
1.02464305829374
0.721924416333521
1.32696885485719
0.522093998142083
0.844739264759682
0.893410085503394
0.432451001828831
0.664600123737965
0.607150337346421
0.679194794110306
0.914391677002387
1.67471561783316
0.421604569193186
0.821948093562153
0.835522849653229
0.743927366894911
0.409767760173845
0.643529017104011
0.856278905365495
1.48303058163657
0.405819330384781
0.668977948096288
0.61597344637679
0.668899756452242
0.254484607869689
0.504883544827673
0.620630458265222
0.461964745330693
0.86950741634459
0.803642852613376
0.792756540270191
0.784699596034302
0.64148430688717
0.713116975898945
1.11848081257356
1.1416369432342
0.742147936020049
1.10143083573741
0.509358275174326
1.15107239226454
0.4471707566953
0.417575033265097
1.25410884651695
0.342538811227429
1.08476049700312
0.905807300904514
0.687741801766514
1.05367370770137
0.901703939616316
0.704022019606918
0.700146442611987
0.330346716280123
0.920454321355677
0.723594214739118
0.484312864944553
1.05535740581765
0.878103603283888
0.683347804399845
1.22659730218396
0.967960156832037
1.16981592653547
0.572436324258934
0.960410459020201
0.634074625686318
0.379343015598691
0.781808202267438
0.830103255141155
2.10175133124675
0.550126739877837
0.763332493174934
0.612327651331158
1.04493058093205
0.714830286857572
1.17268746427748
0.452805890247472
0.458950416792477
0.824920714735993
0.608633670269323
1.77229043705121
1.34850545483939
0.884503301996624
0.80486531986965
0.559038287900135
0.412722577743298
0.72420911028089
1.24428592418861
0.818983049591264
0.479228163968397
0.577794128786734
0.547786377594664
0.564537546109243
0.508312196012203
0.539092736259427
1.40407471527196
0.500626442518934
0.871031779815418
0.474999751975382
0.818848441435619
0.500685428802644
2.13437599907336
0.698637235251978
1.20588676483536
0.737868248320046
1.36616235363468
0.483330532596514
0.756279777763653
0.434166566807941
0.521658235618956
0.722475412586657
1.41042132083218
0.934198011670535
0.729806224510224
1.4069882015855
0.401277281590741
0.498512076575113
0.303208117888532
0.294367076603434
0.516830820208541
0.480004337150831
0.613881857331207
0.648722440907476
0.350070260082305
0.592985789177558
0.64252798072849
0.612826212174918
0.676986500051481
0.699158682028689
0.610523658588241
0.862130340201922
0.701142179862382
0.32592085038238
0.823367977406837
0.567958763346706
0.387397448044981
0.275968096776521
0.75935315266913
0.638807628490338
1.2352508698678
0.50303231441359
0.666080179482063
1.16817612010997
0.567915728302565
0.93063645810497
0.669212287042487
0.489334507233419
0.499085685755814
0.442494839946045
1.1195046189926
0.311152795325719
0.463379767090094
0.590660496736078
1.31454369612149
1.77948710208705
0.464376558788455
0.33105968142021
0.495674487443007
0.924298884125232
2.43533456658821
0.929149321138453
0.867398304328593
0.285724004445331
0.789720915988281
0.907206668794008
1.11905060672494
0.876632879190647
1.37157355758547
0.535801994266547
0.706939834644319
0.475691355704446
1.51090751430241
0.644244873392334
0.782533480690015
0.411642794207908
0.53788728225709
1.19195258404884
0.44486553805252
0.266158093994692
1.40321420946156
1.54304389450505
0.491160470318967
2.67172042169279
1.42887088528601
0.588709240846899
1.36773895430456
0.680513953278387
0.487614728964752
0.677373741860267
0.757780331226224
0.914407473700924
0.490498690763517
0.763086550165193
0.843062061273557
0.888242974077911
0.913041841824638
0.600042989311067
0.395880028269554
1.54055666079087
0.709298362824442
0.754521491544983
0.667756815406362
0.655861849224676
0.920918729374638
0.420108338138018
0.612843281132467
0.802306634873694
0.820317134048219
1.06179400080653
0.608598519715799
0.48906542472201
1.19096980100685
0.550411083928513
0.862566728122416
0.94812094905513
0.64617302407313
1.13073558810486
1.5130872604977
1.57490120098177
0.665712799033825
0.270437564185244
0.416255724292681
0.887385244977117
0.683564677059696
0.446961343220556
0.581493700790871
0.829267483129182
0.666904916456005
1.21027070202415
0.706178416972837
0.68664480426974
0.473536925730551
0.459903069239712
1.56643189285197
0.297466958474665
1.00137103599973
1.90530396531805
0.869510400492892
1.04170241803256
0.673778711130173
0.608173150180761
0.755917563903776
0.919703153073456
0.563211563180245
0.607615649064726
0.381361105781025
0.464987737197964
0.541408597753673
0.330120579130918
0.470133239715931
0.481646477450294
0.673410997472996
0.613522492817642
0.525727718329873
0.530908992575085
1.17781806514327
1.15154115903804
0.465113976112568
0.784230121756147
0.918612307263692
0.803414001018883
0.625762379334813
0.327681802260927
0.752113163200912
0.453703297520475
1.33247757722973
0.693865667405698
1.04466893461662
0.916758287612403
0.517249883535107
0.507239394314726
0.853993559607946
0.446346712867558
0.930030711142192
0.459439453951622
0.388334389861936
0.87563042735955
0.540545655305107
0.944683702059847
0.44698681277976
0.942621417975257
0.25677070445062
1.54648121581348
1.07014451630484
0.44291790919599
1.09167149296474
0.640323270258002
0.823895082675843
0.540450943507749
0.586387772465943
0.535019188847442
0.500538427250405
0.670648546569209
1.22260269922172
1.23322415991409
0.922100750681334
0.291442524317361
0.914188630002544
0.9799671043573
0.777640948165586
0.494960896049626
1.29885895976556
1.34290682792315
0.748901304742774
0.451748275335197
0.693941634559862
0.338736549336141
0.651269076165128
0.710448523973538
0.47988338330219
0.940076813292487
1.40471348868642
0.826865027155909
0.632195898381833
0.919243128412211
0.721758365690462
0.743746465462874
0.558468654382076
0.398016868497361
0.685976373548958
0.627060547869016
0.377669832042417
0.671852402829816
0.171834945247014
0.555358531222877
0.884846034689585
0.839441222423866
0.849819165222212
2.07732692969502
1.47222138670669
0.571829145799439
0.640822914576794
1.40854399925574
1.66007233576453
1.04918601687489
0.292166556922885
1.12312530703305
1.20627598608392
0.935124673916763
0.624584263010499
0.646912229554199
0.789433801489269
0.747433407947695
0.696864164263814
0.451233012206612
0.418560550407005
0.36427947269122
0.63952176178886
0.541767808137924
0.670372181966696
0.856511867333683
0.628450554790709
0.590010071457096
0.690974643850589
0.54245578463527
0.850870141854493
0.977919043293525
1.13430581490196
0.583825676581133
0.489887033272267
0.722592646823293
0.527978929299383
0.762459489072708
0.827285636684799
0.683683614364266
0.676396855843439
0.330514595216327
0.912874961991837
0.598698083669561
0.32494629262929
0.426371471619651
0.651752144515049
0.619515646415193
0.434981249255042
1.15932715834566
0.694863551716148
0.415921109954795
0.939196768914565
0.647325156887406
0.533271584632602
1.01230631867501
0.555138388971947
0.399843395453497
2.07523600034521
0.858334125818574
0.977870769834686
0.287117391562776
0.41749223478274
0.714229535293695
0.589216967835106
0.426228713912312
0.425704852822783
0.679438476169345
0.555592406794704
0.751819287104955
0.417772020841536
1.24880419991149
0.558788700949212
0.480388072312432
0.945950825620691
0.736150199126223
0.53152114785375
0.899516892846726
1.03761660004038
0.805547101371829
0.465115129577472
0.781227316508818
0.467504153316816
0.661400017482703
0.900495763608825
0.357793380274762
1.16839476108076
0.945616305203658
1.00275725885976
0.94321635483474
0.547905315306301
1.913904821635
0.696413913494236
0.462996586597334
1.1343671413688
0.256823802234615
0.227563019198276
0.784105279974162
0.48855320536193
0.494992342628231
0.464274266086746
0.568006842535175
0.644418296090111
0.348472741955405
0.629012045226231
0.473544237751492
0.679858834613251
0.3502989310928
0.421690250526313
0.457290982868012
0.831302330644152
0.611010392910155
0.935608699201347
0.614624975301086
0.636293270209683
1.53275878853425
1.39518516667488
0.856305248551036
0.642488131029523
0.789011550999876
0.77460115319651
0.8415859305088
0.46483892255379
0.448330185687664
0.618117234526673
0.929360094272064
0.718953369452141
0.270585750525122
0.489620001437381
0.289969644123271
0.64066168360818
0.394264898562917
1.05444011629018
0.712227839301299
0.856073353176062
0.684364149000273
1.11395826183802
0.582838062201753
2.05124813156449
0.466593833649306
0.351907300390109
0.579048404614113
0.63716167091184
0.565545789576345
0.461829095953377
2.1586283804873
1.22728810694036
0.551509355806082
0.470113685596603
0.579065972992596
0.640882665478119
0.358049157463934
1.32649041789721
1.12779054000376
0.559714104854731
0.965089451826173
0.723731709163005
0.714644011062237
1.16522586789216
0.508332163633448
0.701589023899993
0.900322611585513
0.832705139980594
1.36054856344704
0.440944156166105
0.803753667939119
0.392907501101203
0.371880149305982
0.35635056175434
0.601291473261782
0.682859079412462
0.33748565049846
0.909390975518035
1.00315224195986
0.721402886036802
0.795315130566532
0.383249224526132
0.433661885236599
0.85974831015437
0.306620846910359
0.441249141167964
0.910256260539509
0.604411323053235
0.496678154493711
0.59097480785999
0.697566216500545
1.35989764964737
0.6386637471655
0.647507161572384
0.430941783751026
0.613674638636711
0.758937376018451
0.958682676917832
0.610892753526868
0.566243942177886
0.727905651414906
0.734860274955227
0.756754732621891
0.907186492243315
0.199377779315561
0.366460526829191
0.462533424435693
0.510875692012022
0.736101152930124
0.631425408491221
1.23128495272995
0.829105885056643
0.453662324246031
0.517367086848237
0.810855702741231
1.1330734751529
0.728451497880473
1.08246303763147
1.06085404795382
0.466435358665317
0.791253536477162
0.472240846232744
0.947789274463311
1.60697083986081
0.225403146682898
0.726571598612375
0.375586618555559
0.480484970273775
0.681151041261101
0.965236493739736
0.383743231700928
0.399058944795106
0.732676960049988
1.81920723588118
0.677833104967861
0.432107337588961
0.453993818181984
0.450092260521539
0.817468508488293
0.574446491392956
0.553645615561884
0.785597049583797
0.511195290760058
0.438952569959261
1.04063255066026
0.841704351421141
1.39992886360413
0.674953256448073
0.357177653559207
0.47553577843313
0.38587836997543
1.19836469812887
0.861401915724426
0.441808001365072
0.717552112059648
1.89230150665378
0.378506620631386
1.48965460516574
0.943416640064422
0.773050295843663
0.926662847682589
0.482884735347872
0.514888684887436
0.346412722328317
0.921628117846362
0.541944479825397
1.02236591069286
0.448298110217401
0.888812615673732
0.537843405990924
0.414949082347526
0.577756472587287
1.36892954409376
0.886012012110535
1.33900404951554
0.97697719827842
0.674083859285924
0.965055687088815
0.993220918163327
0.677783408800301
0.55781893370079
0.45212883690339
0.864548073022497
0.739784973561991
0.742190446550153
0.869350961178101
0.319146073681117
1.2789321085159
0.666000080876117
0.454179895590644
0.698633940156218
0.697471388698796
0.869655661709159
1.01649288574119
0.735468309796929
0.363563952220869
0.321626050489581
0.666858974053089
0.320009295879129
0.784601185913054
0.591996995926029
0.403423464758317
1.02763359045388
1.01398111922829
0.548430842306284
0.501701469004932
1.51258578490968
0.643766134877347
0.522272987132312
0.5961303183252
0.619509652958899
0.391572152139946
0.643563830822849
0.587850376147465
0.598380849804724
1.01205796410777
0.887979452821161
0.431610157334744
0.643954113651529
0.444891453868319
1.07827830029999
0.858080858264783
0.573728883583078
1.63642553222769
0.82078278679982
1.94728508008755
0.758182100317646
0.572296394032717
0.699503743590405
0.455461304595771
0.595185370294646
0.566145104968904
1.0565605588053
0.448110586308098
0.728754013912835
0.336922768925697
0.603933793710101
2.74810333852329
1.0690173611501
0.580328949383198
0.905513971576577
0.514735240584061
0.462256449044789
1.5052601215318
0.643091877978631
0.670800025407439
0.644886804309719
0.640218035863165
0.754351792229862
0.984118118538209
1.11917626975264
0.619336533946661
0.77380234066559
1.15036781299201
2.00567495878759
1.44635251156065
0.552774172637393
0.526608308645567
0.556469106544816
0.952968828571076
0.682118220574436
2.61100499396065
1.27518668891655
0.504935893015397
0.725893614537618
0.607197837263097
1.07942525994934
0.434570355727816
0.854581024967882
1.38755621126967
0.480547849964304
0.701209252092474
0.473597515749296
0.949482175844325
0.898497688630141
0.438506629502547
0.878035867410733
0.515468420906795
0.390561183945513
0.663245695219875
0.775561217043408
0.379665779682675
0.938273046898279
0.770194247270965
0.354045516370649
0.442023376311055
0.958832537065795
0.61579982508196
0.969460257097483
0.5622510572553
0.963323318569111
0.394774168713793
0.931990906434239
0.465622030171116
0.368823000448014
0.350890239116126
0.48459926884227
0.936714627294654
0.428070951072975
0.61216603934506
0.976587112101711
0.755177104452881
0.673198908612784
1.39494560048823
1.0290991024089
0.982517030951277
0.799186436234858
0.62856642547893
0.623000202230618
0.553330791490311
1.06272283160242
0.745025973057036
1.25118598966505
0.71836537536535
1.30736730760265
1.71547467472371
0.581824456014572
0.61368000990827
0.69256772874991
2.15971918582932
0.892010276447839
0.422442477659892
1.40978912390275
0.714238781004755
0.591565869252768
0.965901102210778
1.01989020159378
0.553142231579351
0.650615239757766
0.76349507385219
0.365412232411236
0.824760178733615
1.60761589723473
0.78129669960945
0.397808127387763
0.483262364522232
0.278327450681925
0.555957815415336
0.433108948887857
1.28898796602368
0.671141041648318
0.520987007888661
0.697383991216216
0.567451168287376
0.328912210186406
1.23232691892065
0.432009057361605
1.03927041439651
0.487985667057651
0.78016922851457
0.383473218256211
0.411247415156042
0.619350962138735
0.700818798598087
0.854715364129799
0.726773493823996
0.348806860744143
0.470973990446819
1.04818598815334
1.17463202513232
0.306462943251674
0.798763689687226
0.547979775160405
0.83409449945764
0.938263317156618
0.353071711945612
1.76539536528581
1.10203411605511
1.13796304614012
0.593923332069397
0.241019094086329
0.621733276672441
0.707150579800979
1.87694055095751
0.711889630176091
0.912838964000962
0.38851197617444
0.415513079046887
0.609593538094845
0.731237641264274
0.707445526645196
0.618950295267329
0.602870881545676
0.857654768314905
1.15228951573174
0.320161238232797
0.696416914643279
0.0822483943069039
0.956103820521502
0.671704064799982
0.367272660416425
0.844709778297305
0.382543186490761
0.484451249998661
1.12936389694585
0.712836714381361
0.592392863607901
0.589782659675166
0.534672494426969
0.878998631687036
0.438369661257087
1.01117011307935
1.30490997672113
0.60391476856253
0.818416429548665
0.461660649567573
1.13765666220749
0.882240626717027
1.47676298847132
0.727480930604061
0.371142510267858
0.960969544738649
0.425899349564001
0.702726243213162
0.354466611089107
0.415708403858809
0.224860414757584
0.549201716629508
0.759556435644604
0.585612527379965
0.335451178375466
0.456836061877715
0.235321083142195
1.0486925227727
0.875028350824009
0.577864606691159
1.00828973641089
0.992927189657883
0.269978160060655
1.2760687798899
0.613088686302293
0.478866591571564
0.869482489810298
0.402921116389022
0.627259930008544
0.484841930905676
0.658861373822937
0.554343798479712
1.12467040301794
1.07170663953712
0.59179638347871
1.12971771119014
1.1555719109007
0.387977175902499
0.559212821208043
1.03883686163148
1.12390581528199
0.837798071649891
1.16739349765681
0.647681954179925
0.515856650100192
0.673150053449001
0.623484493707509
0.582900969090156
0.618122984266609
0.471620004690197
0.402985533659838
0.505205593633373
0.429743764637674
0.627226147745493
0.897464429575067
0.746557437561478
0.465790099338508
0.634975681151277
0.411570596524752
0.434935353431282
0.566251042160127
1.58018507224559
0.99964857582126
0.917619623884797
0.936970698841079
0.490032571107239
1.07023602793862
0.681024604627509
1.03637516645812
0.654710691953223
0.851910592655959
0.678985216602997
0.56095604721225
1.15725772474925
1.55794035376994
0.473698948433519
1.00433587449574
0.942266310254081
0.729139399925701
1.07900643585294
0.392486097776637
0.481227437268681
0.398151161274706
0.529918027568198
0.747824351037594
0.83306228318317
0.452613691024806
0.280544674527082
0.792717836278469
0.482181104044383
0.748411082327613
0.775980135316861
1.43210143497725
1.78396475455086
0.603059219133628
0.50589169849594
0.389435709710901
0.935879627648968
0.860796780290867
0.505834330803016
0.922763449678646
0.509254147410657
0.514022208550679
0.755237762516077
0.692452493919094
0.692317275624577
1.58717985787665
0.700782727815792
1.22394389829765
1.0101925061611
0.80817880435264
0.814744397974038
0.666984435521446
1.10295158105575
0.572281467343056
0.675855789538045
2.27096442634297
1.85688421354843
0.724457743206116
0.832851540651353
0.971819479688973
0.563055235671469
1.53714311660121
0.365693170593699
0.518743461461048
0.924412712082477
1.01283421412693
2.69605654378629
0.549924327731417
0.263443391094908
0.76647681703757
0.842539647811703
1.18308717689243
1.01098000176283
0.489748992428695
0.379543848646856
0.800837847012431
0.310986718978711
0.967855629806105
0.913478549239885
0.40325577701877
0.572240734655558
0.502645336913926
0.916783260641173
0.574178127457569
0.455870042926463
0.575876258790709
0.910129059693803
0.370385473703744
0.519508786746774
1.25398532667046
1.03943298554767
0.867187428988646
1.05173998934645
0.356554492154902
0.448171832834357
0.607119286173838
0.635385326883325
0.555138765076151
0.319490590300183
0.699748552190559
0.527481387120033
0.200303553215681
0.802999897148788
0.848652185733484
1.52100742644612
0.727861316162897
0.479276595619237
1.19318279702268
0.794962086082421
1.16231249763299
0.606104846931157
0.63824064303828
1.60344663442434
0.699752195691862
0.515759387303183
1.38135967017707
0.441393377148165
0.554524141318229
0.454352610317432
0.565432648587428
0.894193541029479
0.39173876508927
0.528516795210375
0.357138828291555
0.572868585724802
1.23114960339109
0.449880878302977
0.692866589894987
1.12968068243369
0.644616484497131
0.502458637161815
0.588393917103089
0.817292600188837
0.923691348757863
0.410955038736171
0.798569439278288
0.936109210192437
0.674936414335792
1.25892611694944
0.534335122039922
1.00109652507454
0.57037532556087
2.48734312934029
1.56416109321358
0.662458668010994
0.985070573967035
0.95006790939309
0.688960902073041
0.824910832259042
1.1771786532123
1.0005427662387
0.484177603625285
0.782945688571055
0.432171071898307
1.20225920443573
0.567649354286342
0.505119301958245
0.407698330412535
0.465118209969298
0.661407733805808
1.12926309135545
0.497801020725409
0.74563914554081
0.644070228415106
0.377570136941848
0.385945646847247
0.873902235937842
1.24480842796189
2.21426824276072
0.989996926737191
0.409242353554715
0.446663407029907
0.377709464153064
0.336294580248821
0.513289093327004
0.705064825980634
0.915708654199431
1.00414043214333
0.589757210291543
0.618667116556377
0.609770123094561
0.490931325302019
1.30402744646989
1.02725662808178
0.522214343197811
0.350868854470017
0.245479463941824
0.478567851589168
0.617637151107378
1.47100104337456
0.675641503385741
0.16346410121582
0.587441918196577
0.707273449375808
0.905179361261001
1.18229397008426
2.15999382430842
1.11387442535788
0.434923086235138
0.708034457691356
0.320693662181392
0.634158529123002
1.11593011648812
1.10554928901339
0.494933280922942
0.962910460299635
1.56150105782828
0.497193136480039
0.468929443826299
0.604553202364228
0.777681618110055
1.00330592817961
0.433671066385526
0.456996215469228
0.318816426206954
1.4483472207489
0.437479867677092
0.709673255787364
0.227976298509413
0.50566755647433
1.3944061246582
1.5066585450121
0.360553679892847
0.336754181521878
0.676902276484207
0.5171778589549
0.86136493986806
1.05317194780545
0.834669446818525
1.0290255825719
0.494628702373584
0.387782663363594
1.39616813220236
0.709146679598763
0.43952991533246
0.630818621291439
0.61983445913698
0.887305802303721
1.32603789931817
1.32836905943305
0.737660485950012
0.3000642815968
0.749153745336288
0.783823749923892
0.871599977365783
1.93813082191341
0.571466298114529
0.350897740073389
1.37703908185426
1.10341600101236
0.210967012975645
0.591114017781458
0.40532378041556
0.666417124422374
0.343220891783178
1.05830873777221
1.02925718746925
0.825529296686127
0.779062287095061
0.903618731535576
0.521015911537571
0.464826296275227
0.352285196619855
1.66778341162379
0.876423247193101
0.255729596434358
0.747461104808323
0.996219900043984
0.798152082886348
0.915202556903973
0.846473990680716
0.607731062976542
0.747047524625869
0.670139883775593
1.51021006334249
1.24129244135671
0.28747856259127
0.835552529688784
1.44280218917933
0.33411211202977
0.399683163099469
0.516594495054347
1.56716098367878
0.444833791258213
0.612829692047178
1.40998597196624
0.487738141524794
0.365105542065253
0.737198835850304
0.756950096627293
0.403578168923471
0.457455624869575
0.720742853569177
0.477501964791316
1.28906100344718
0.572055246535173
0.336980378380104
0.713812195878352
1.28154573713049
0.99427675852008
1.65294951705833
0.736767566817339
0.664871049827764
0.598916788813421
0.56041928594714
0.195546261685145
0.260399877369426
0.322251918913739
0.340567413452086
0.91916203681356
0.777592388107272
0.727780103236467
1.51470800960635
0.615607987622262
1.4170217963174
0.867577129640392
1.15181834210099
0.989511421758199
0.568102582138837
0.602083449950075
1.25412276016457
1.06840579656723
0.513628962664588
0.382941134376066
0.233168605182873
1.15682071511794
0.417993784431051
1.3299675015665
0.625623635714884
1.58999742353212
0.488261314008542
0.638231732335783
0.75998233676049
0.219714488600389
0.669845290073728
0.532869322167805
1.14101056272642
1.12470836595831
0.883226007184179
0.45360910361335
0.670953784539699
0.928029092238204
0.501775112659744
1.07550327629185
0.666182400718324
0.730773968248002
0.692630681760602
0.943085071205293
0.607781548408347
0.305980606763134
0.82576882737703
0.471268860816206
0.353030691306932
1.97864821064287
2.47895107209152
4.11288868872637
2.64098461687307
1.95929132091602
1.07558066926788
1.73684338079719
1.75622724109773
1.7970671585557
0.676226470235476
0.429951451697211
0.675138868936473
0.542783176044096
0.694791560011209
0.550255528706619
0.601688616214831
0.521583384149351
0.677544769855606
0.581275747832438
0.451049147244439
0.601191822143535
0.696660177516588
0.235767018499057
0.453177509161979
0.710920030885785
0.449707403428045
0.482311821935005
1.00750498016682
1.00519531225975
0.491119706356735
0.488028944972248
0.414864789162321
0.94863585685615
1.30665332476613
0.456082505459243
0.599061073917757
0.74913003947519
0.526252012883239
0.442120535562055
0.518053109178454
0.304646647317919
0.69311060435843
0.654730841037738
0.541061025507986
0.722614902384115
0.674687793576335
1.1579816198257
0.422955064550397
0.647910251349909
0.856218638175901
0.867333150952277
0.864817898910772
0.836381405710761
0.726059695685495
0.750183419940653
0.958694220984218
0.374932511894567
0.674966731950639
0.626693332164343
0.981132293648753
0.784340394856367
0.408720066511127
0.572259574298181
0.552411384409722
0.524566014762337
0.672858717494298
0.661471729630533
0.553138576620728
0.510596799805948
0.567439169707055
0.642978099062347
0.916893695900795
1.0508719611749
0.678105563821017
0.851410446967018
0.544064875576417
0.510202609448776
0.803573741982343
0.415146404624954
0.984310857426
0.955690950038159
0.840786610867854
0.839062241450514
0.448742914164298
0.665323883291086
1.01958923082605
0.323709617623907
0.516658362797661
0.516315528724682
0.577965581487412
1.0286743491981
0.450591922304046
1.34312186609672
1.09592021938794
0.492330488056624
0.674011827508504
1.69224218571032
1.4689940815489
0.69377533255751
0.498496389497023
0.610433783842123
0.619302118726928
0.744042726155567
0.344709085487487
0.363917704455557
0.838118523891602
0.820337828491939
0.626496825434745
0.311474182175178
0.595260543089361
0.723393728660543
0.456902729885559
0.702943202623074
0.438149296126717
0.421448561081204
0.295860202333715
0.668605416876478
0.702310569958721
0.305173397565659
0.213747476836223
0.315345838726976
0.880399763286119
1.28968689562176
0.809848446595263
0.627690342745266
1.2051020087681
1.00983156570811
0.740714554449101
0.544149216644558
0.576676435959737
0.287621409538512
0.452585292653418
0.653920656476116
0.293540731685864
0.54907011239691
0.400762435948269
0.712201977081307
0.498549818435746
0.717575321085313
0.459318909536233
0.524823499489485
1.13210525712521
0.670979562728274
1.55273042953165
0.963694130789767
0.772553569897888
0.655768869386618
0.49526924593798
0.74360363654195
0.567416067042182
0.83994171399872
0.508948883684083
0.742519775186834
0.480161227868181
0.59454550914131
0.44596583178584
0.647321534939828
0.703712584815608
1.77122202269155
0.629272405622553
0.530650667853898
0.430101501724534
1.27572017955444
0.70314395394909
1.13932259220057
0.436088500179815
0.871934272975183
1.41816390394069
0.672847699814968
1.26666847171357
0.410122348162271
0.734987265755919
0.436202952808161
0.569888789037996
1.44335724849905
0.770029582584153
0.567452199286846
1.03770830351176
0.660536321372778
0.719530250740411
0.755883016928239
1.02509638430794
0.35269496750454
0.461955061213797
0.510259151821831
0.798375384404154
0.793722847501233
1.22578527641368
0.538809875789072
0.729865355476842
0.929000249892396
0.699530818717723
1.03348730161628
0.793901392681087
0.691659854305488
0.562595311227969
0.477376718903403
0.870469471309668
0.723747977055607
0.906265278477332
1.61355844999924
0.581697567785344
0.830664450431048
0.217257458094303
1.16334917725228
0.738999218861172
0.537203000979584
0.791074558666283
0.689033760771377
1.50560902664755
1.25241691768923
1.23132326379424
0.499917017118374
0.743499077291656
0.495426402194371
0.819332729814369
0.813352700619047
0.424437348510947
0.483555078582016
1.0672745884062
1.22368774295068
0.549327209146401
0.959717386155809
1.23487946997322
0.734532561731343
0.738687636477013
0.668212692449038
0.785881875607459
0.509684766440619
0.62121668486302
0.384666359892665
0.692859831013724
0.918610561047274
0.553407871195218
0.748594605619914
0.419230392628929
0.521910048672681
0.956019809204939
0.550660371096974
0.589460063166841
0.892888147347074
1.26549522125334
1.27862792393333
1.32006743335488
0.961588887338787
0.707316100643456
0.761510880577649
0.439067390980472
0.426554471832912
0.562310416221186
2.41131911605716
1.59147696433399
0.438209638115743
0.619395374473984
1.1043782078866
0.367845410992168
0.283241632740392
0.569045599527089
0.235180274375933
0.859498258966086
0.44112700741812
1.93779015049121
1.04839649453951
1.52140409101267
2.28934586307698
0.796694484467485
0.755285059577961
0.643117345288488
0.73206647140793
0.744496318674038
1.68234667610231
0.351398365497462
1.1397346846921
0.568512794716492
0.608255920702816
1.75393102498782
0.806562184117067
0.640812119345356
0.837525882053109
0.48852476424197
0.683978483879963
0.650868066366854
0.526297685865296
0.733656814318432
0.948512126142476
0.367853413595184
0.988433284418968
0.724400252691092
1.46139060199976
0.644856868460517
0.574678421004589
0.860304347338628
0.364938046774781
0.596424122101195
0.558775203577598
1.05420172971621
1.31867221590949
0.973884893557824
1.65952955864844
0.785082990014368
0.589355869623594
0.863603785771355
0.56170819687663
0.666542931807845
0.733450599711804
0.556245038785137
0.97654812188776
2.74026986630764
0.319399614558267
0.355217167757588
1.20019539470366
0.607471860572753
0.668285916742996
0.3757175819622
1.92652060158841
0.68686845940592
0.450621228592107
0.531988584241213
0.880364353109203
0.927004875249512
0.557511671289595
0.494601058295794
1.01175015949778
1.51336839609094
1.34552047398738
0.571287999198967
1.07186422944039
0.583355062581656
0.858315987451944
0.555437375096407
0.418446371748982
1.06869617768248
1.26017910277423
1.45985239786699
0.463622904685192
0.643334514188335
0.438503657117866
0.459958866837593
0.897061424634756
0.491480673411521
0.282333191237085
0.323644158232483
1.0453577931028
1.13003839163257
0.634408546360841
0.712518044363282
0.547546159545601
0.956178760364805
0.360790294881798
1.19291252416657
0.669236074434558
0.49343259909535
0.677658668271167
1.32993632193116
0.687707972230395
1.14853723724204
0.564388182269183
0.664152259669549
0.528866045799396
0.840493099688654
0.793891698422367
0.568532497102725
0.620750103787712
1.35597806299218
0.64586230163857
0.687696693233627
1.33083658737404
1.03007060906811
0.892252672655245
0.646818772317541
0.821567225952112
0.569209350543392
0.775244799975083
0.553392932511501
0.415080247134788
0.880012377501262
0.506556087126904
0.518483492376075
0.656100225904728
0.997640603230482
0.281856548163447
1.33920277122285
0.364081869029113
0.791627572031846
0.889934114180638
0.390955770588467
0.9025344173975
0.84169221866716
0.569246381056077
0.280967976350153
0.431811841600653
1.18712339140222
0.546168082477436
0.477098615285245
0.728566080577888
0.601444680403522
0.498436734333874
0.423208568614313
1.14809586365955
1.50808011845731
0.585319427588922
1.76704776202852
0.591006575512716
0.493186834821602
0.600530291574574
0.880700826854858
0.942807743933848
0.677896882400818
0.417638113391527
1.24484764955371
1.23698881714844
0.351380008130253
0.812495329260277
0.567247353859485
1.13984578185798
0.576693196958936
0.507327244813428
2.69014590440426
2.44436740141799
0.589602189715324
0.563229570437249
0.659050224369321
0.926226300082535
0.98814689704291
0.670006912313839
0.432831916261212
0.583639393454132
1.22313761360201
0.493737084536642
0.532579879938759
0.484829576306405
0.654784810237136
0.61025271188364
0.702299061156
1.60420510913965
0.283935128720599
0.548152848193239
0.762701474263454
0.654629396726762
0.65141920348005
0.838298374946058
0.713896734422696
0.50684830563704
0.365832881610862
1.99376222545208
1.0283796549957
1.67474063197419
1.08179784053105
0.823413874887811
0.502054392405948
0.821938437297515
0.685132181920309
0.480052808990887
0.569271745054698
0.456641407384753
1.22589528602015
0.885025571862458
0.765193235767817
0.400529168558498
0.61996955818004
0.811524105164938
0.331069499209922
0.613311582875354
0.598507828745995
2.44572882120257
0.275894569048636
0.732629845266198
0.325839670753612
0.96015657808574
0.304638722155843
0.536809065138157
0.478314866628011
0.605073418275759
0.637266081238304
1.31671706293196
1.13437542581465
0.521071754392753
0.789068810356898
1.61003088830472
0.345366860692162
0.433093527030237
0.423522999316517
1.03409429759012
0.730842871390022
0.494236534852012
0.337345655281447
0.521237339765087
1.24007297150502
1.00297423278764
1.04195179240272
1.38403816311836
0.643038962965027
0.504289016877377
0.354253734772803
0.67970468997585
0.457323068488698
1.14540884598033
0.786509317240342
0.436085077349857
1.01528413765336
0.820083647275618
2.02379327225535
0.844649700027983
0.858063944631716
0.489714901129531
1.17464509014373
0.568829194565268
1.21342183589479
0.81960512601126
0.382313623283776
1.69203117623295
1.76496860505053
0.679235670449184
0.857656713870169
0.518774140056526
1.55710150929489
1.58309020630773
0.694696209859903
0.408081249819433
0.970991193254899
1.88734834990569
0.961827459401174
0.98350432388
0.632501893613083
0.760908057621391
1.63483590505591
0.797182586320319
0.691483370916759
0.571482830223399
0.605118716883763
1.28961355137662
0.927571700121628
0.545902095115076
0.685465283841363
0.500903579854557
0.833947182243464
