0.55630870179524
1.31712813718246
1.59671800799553
0.730882855269105
0.592451865935427
0.938232117196216
0.910971494424917
0.545061612562651
0.611679737084584
0.84584546453057
1.00704598095125
0.848115753571107
0.616425904690093
1.29772392860545
0.429632217754442
1.62324229604186
0.703594650456716
1.27717125834538
0.55408671872377
0.532650542972936
0.377182296740739
0.985775369472663
1.72671493840404
0.625777173373511
1.17457886089196
1.95854565874076
1.26212564240041
0.577740717856708
0.576790835651174
0.314781067788557
0.606145705272026
0.529479806794306
1.35659219558587
0.557450310191467
0.891054740435857
0.803818853282911
0.552647679730357
0.282543128159148
1.76930031677216
0.708678032020612
1.04174731971861
1.14127630187411
1.2102144852367
0.688132375124253
0.712144346241653
0.645108533921901
0.557829088976682
0.747282878960999
0.507379479389705
1.85280530365978
0.62630537831671
1.07576865176804
1.28241309378826
1.13690505937686
0.911713771903088
1.01152470831218
1.18755145670131
0.945077420804575
0.667699347364441
1.14639944675326
0.564067605565296
0.488870128052068
0.81510501536191
0.715817671554837
0.627134841502044
1.00897299550054
1.4517815821327
0.755056921402813
0.636175668523206
1.84412145937278
0.659531990325634
0.538639527889423
0.916871018414648
0.481728210549257
1.40699752935091
0.701046635391935
1.55697366534585
1.35488517132921
1.50548328719236
0.846869328843089
1.5745570485505
1.90457704589508
0.664956226105206
1.41633704989671
0.724546763227604
0.322883603731879
0.918633883758106
0.473502136579321
0.870856328466729
0.688563203114895
0.666005626689623
1.05478963320265
0.424878138974741
0.441289728706027
0.422131326917571
0.788921285923265
0.358125498440344
0.47884517559887
1.14452319835592
1.37519589565337
0.590496635058159
1.15573104211093
0.895292950124668
0.809066494900318
0.830891816748366
1.31646366017543
2.1525419616306
1.0100281403972
0.560154400686015
0.651163286265816
1.10418843606777
0.680133150888334
0.412517767763952
0.370265940385316
0.366243745647073
1.79917100081253
0.547117174142319
0.515866524364911
0.800645635157427
1.00035060538561
0.344686119550837
0.905504944055457
0.78374719685279
0.285172001499854
0.476808900114123
0.705500515186422
0.487042475357894
0.346326643942255
0.420746004649802
0.913827203688719
0.760390582754523
0.80117192444962
0.74352323285827
0.890282832162385
0.788169607262912
0.833902375625329
0.505954238308728
0.758688825101983
0.401747894652617
0.600186170693656
1.26796301667367
0.630371369313426
1.56321961872208
0.548673429190859
0.603876694380864
0.621737229438631
0.865253279587389
0.902976429237289
2.19867577238403
0.591900120120922
0.276803071516247
0.761293476058841
1.21923701539795
0.596682596625626
1.11749550059495
0.947434096241268
0.7087375508293
1.07537151113863
0.780722684868223
0.794886591878366
0.567305515936324
0.732853834925635
0.896144159859435
0.874628637369616
0.714367751852207
0.496026530963244
0.484818394016932
0.363649361249941
0.569254615698999
1.26599487935125
0.495602397781581
1.54075073984449
1.14820247671274
0.626879477533866
0.463550529914247
0.434732652144026
1.05184051402904
0.709893134597702
0.631886283086979
0.374343897094356
0.577860315398854
0.664773176148798
0.440843994979594
0.224559509775388
0.574676530640858
0.680944284591623
1.11117905628369
0.717474802155482
0.659316824239727
0.447960997384488
0.47943326353263
1.63876529050481
0.645078961048237
1.69778608863
1.10929986532564
0.358482483415137
0.219889120878617
1.37311466071137
0.500712752066218
0.619753288515428
0.498620423880852
1.04875678926854
0.529874160786785
0.576397991660494
0.681782503474881
1.001390813428
0.506041580690277
0.209767347118077
0.644771217503195
0.841688641104606
0.617954281799785
0.942407126059948
0.514164091728343
0.684933470528572
0.378178365151455
0.810115256600851
0.477561061281281
1.5333173078989
0.71228396037194
0.388467238230292
0.777662476430281
0.503522329551254
0.664199231020732
1.3624643504037
0.762542470019604
0.837143140673635
0.776355013882984
0.373983887110202
0.824954617597586
0.289543225543018
1.01804816255184
1.05145848227358
0.561259416329042
0.817839839864726
0.378208941316094
0.632016865112593
0.552439577280099
0.550853229267655
0.563807914372633
0.956122413700765
0.756259567378697
0.687934943884959
0.535867662978031
0.853256997728794
0.579110024292539
1.228363182915
0.596724319337782
1.18757864977724
0.502163854181712
0.607255178502105
1.14003266941183
1.55579379611477
0.637077372758547
0.547342398312049
0.419391496575098
0.246496284332437
0.351928555175312
0.663919487589803
0.502467945384362
0.653786393063762
0.779521163843825
0.647010984789159
0.610444273090545
0.882159823808366
0.562884315252733
1.1595546875994
0.628637731210381
0.61567467310828
0.382162055313391
0.822909770656193
0.980887995977605
0.414750193608029
0.57308337207271
0.55511107494628
0.439998048305009
0.775649110400873
0.471531409209315
0.372547381622914
0.686549469594524
0.662372895934185
0.953250909426918
0.587350460189185
0.97003010329235
1.63806821131175
0.799059120724787
0.362606986244819
0.214857886552626
0.38793919078871
0.5890902998793
0.413257501176413
0.869708360813527
0.875221696840596
0.522555234255097
0.706299668642172
0.539014940777715
0.367081774453622
0.557813727770314
0.706667228414894
0.355195218019096
0.75459557020778
0.81052530754987
0.511599977976501
0.7094300156393
0.711108098038259
0.659087002471044
0.367254308329848
0.668839394996907
0.990623286346963
0.95929053534121
1.14218812114481
0.684193792254319
0.615526030682523
1.27140222494203
0.82549793645304
0.55722123278884
0.453295118715685
0.817366367560995
0.816042377566088
0.572839189870209
0.584772294487691
1.40335888202462
0.510055814450714
0.805597142014628
1.02794641804476
0.413718063643071
0.891867238253171
0.316784003584879
1.96797274685021
0.5071183060012
0.795089971202895
0.438093525221011
0.372607024969709
0.525680546006781
0.674319859945756
0.562842366719957
0.896667574591424
0.593570165096004
0.815475665062184
0.659726911001667
0.535083441365816
0.325723928983807
0.350272457290906
0.483853360795498
0.661525922692516
0.559303130505154
0.488872467601618
0.466110826612359
0.712483142947385
0.669962165984785
0.564948914442925
1.35794762317043
0.689159578079913
0.728671997519144
0.376364270525542
1.42579594917046
1.05537870530526
1.12018191255541
0.822813378726823
0.566666299876015
1.22736694158464
0.699369756895573
0.285085130349467
0.869880986962607
2.15011873661951
1.52052629678352
0.790422689326126
1.1634810460893
0.988967792288522
0.501778121042161
0.27682915829401
0.581300498196765
0.535440286965616
0.973668367132017
0.303900869922081
0.434708433769753
0.575923790353303
0.507491844023299
0.567514704600759
0.491600219812536
0.395396603367506
0.971883174581637
0.815023440661811
0.492060782911808
0.82110849535139
0.532624029890446
0.767134596200126
0.486295678967632
0.640476972362435
0.797738179348359
0.56413487380457
0.35637586983895
0.65431388586094
0.802439840878403
2.07001883574265
0.762706457774776
0.573162176998387
0.586753130926147
0.764524961116317
0.370980461466726
0.523755744710726
0.690857148704283
0.840022907416083
0.661398625422806
0.511870850253092
1.47699376385348
0.475716519345361
0.288697957773325
0.34870075961679
0.879174132977447
0.449626528304941
0.553214513512263
0.132364251694423
0.912462136368007
0.502445742603265
0.572254335757985
0.712636097669105
0.398154524342883
0.820949010504652
0.948677149951809
0.557448791026652
1.08056262972834
0.670879847055129
0.598861433709068
0.357985731388615
0.40749877638912
0.416105227213921
0.701719090240887
0.625745081253887
1.05070041210462
0.489737155502114
0.716954478990632
0.976252637881917
0.590029694564866
0.463735742857212
0.424546294644094
0.709368862925366
1.13771246063889
2.24859288110294
0.800657783312305
0.592019377760569
0.65804476109043
0.623286571413891
0.723130540947417
3.02554325130873
0.452138584291983
0.557686034941398
0.702371413255325
1.24860421123354
0.542459761018783
0.736743711232809
0.873290602432708
0.395499532380188
0.588299756905117
0.772776547823277
0.599740726915226
0.985911197827077
0.551970182373307
1.4730575572931
0.73395422394565
0.852226903583394
0.591683449774851
0.377898413675659
0.369578550284352
1.33455698933771
0.5805284265502
0.718839956312074
0.7811821560378
0.801805608968443
0.417768421982152
0.973431133603691
0.309902800374728
0.701791433512327
1.27127904603856
0.943311972716514
0.573364857014197
1.49926135875682
0.688594394347044
1.39251723859242
0.497008686850222
0.524715654993217
0.717430469269879
1.24847390385604
0.49324431421214
0.519372261269963
0.51406307998364
0.610235679056216
2.15975805885594
1.20444780971543
0.259121687675447
0.909895616152898
0.735105445408628
0.543901148163377
0.633630844156216
0.448918541403582
1.23355453461067
0.741804726697428
1.53186619274557
1.19965031421832
0.481894018655285
0.374477030575681
3.10745168685466
1.2352441859991
0.903188586141587
0.844522950131181
0.274743969774758
0.803127896941979
1.49993872742605
1.28163040646258
0.380220630194131
0.457361621175432
1.20852821599739
1.119350288353
0.500531003924691
0.953397042654159
1.21457655313058
1.28453181213073
0.549737352592563
0.662788007517082
0.810117675355939
0.730369272459267
1.02770475525732
0.524497911490676
0.514282714207175
0.412811567942446
0.439422599596154
0.715457280942796
0.489011098663706
0.491398946883323
0.402548273816671
0.52907201396166
0.832389421329945
0.589538959347169
0.409905183800961
0.485017642541568
1.01216739205447
0.497861923316904
0.908465528220589
1.19508092100857
0.685321980664385
1.21974235760522
0.517562536413169
0.51407860963506
1.10910415892652
1.49788766225944
0.962924638303617
0.572752863927337
0.523626817046046
0.517519773187395
0.655738885621727
0.633022996149239
0.595848583506895
0.432992868650117
0.700881557937682
0.580468372598023
0.32099367960667
1.00222755576738
0.591834319172504
1.08049727830898
0.635553065872897
0.614379735667682
1.36684097740664
1.42675191886302
1.52601122529292
1.40894016521896
2.72357438230399
0.790417307813753
0.592592780349696
0.340676941320224
1.17554608472599
0.895454546585471
0.615558199180732
1.33561989787882
0.635174245592299
0.682432472716846
0.656868929286629
0.839404266155516
0.816613303492513
0.894861158031427
0.982901905920106
0.699998814854297
0.652728858956557
0.899715367934833
0.401840486734264
0.974676340608238
0.591468288783505
1.10336408482607
1.09407962041688
1.27209359503001
0.717742835542719
0.937350441180376
0.66724573951863
0.452472552887484
0.898719946062437
0.415098268563132
1.27579928490737
0.491440337460831
0.657805037387711
0.685658755748521
0.725078581222581
0.387858786216158
0.321581177182241
0.744936026846515
0.736077357693323
0.631555740276164
1.01595756485732
0.976962094547133
0.241599834948582
0.451884787967089
0.747178210087253
0.229782547098457
0.544982461349555
0.480739502968106
0.883166281512808
1.07739618578909
1.85867171322989
1.02250379235494
0.575006481782462
0.351784924596212
0.516290244167557
1.152365000079
0.732563664535088
0.689654039139236
0.532196574094253
0.888440455803344
1.00610273460985
0.68557222646216
1.45809092640508
0.886984093212517
0.4235098596328
0.253142150567225
0.655109074783755
0.66999982330886
1.39667603702342
0.623202581749021
0.49839821553361
0.422759769471773
0.945005505282294
0.353687520170602
0.707916230639564
0.716533191087226
0.492859568487201
0.657323909360884
0.402383012834961
0.42118378207569
1.14817544486382
0.683600652954962
0.707480447524026
1.10614360620879
0.6820309309937
0.523835323118928
0.945906023798912
0.633478246978135
0.628739643784996
0.507150177074533
0.534147379961516
0.659077525977249
1.02373006947618
0.581774886724461
1.61394148234762
1.07383249165971
0.907301851006324
0.42700327089552
0.708160543044495
0.569569204693869
0.999111580594994
0.611493702528141
1.07472870599079
0.273407717083907
0.507200040960047
0.666961598908683
0.668640001818341
0.898463123369533
0.580990472086389
0.518469045171176
0.481985044394884
0.565139347004792
0.401918953892737
0.398090237251365
0.447463546841005
1.15009169391301
0.44499542248381
0.628895485529643
0.611803180770994
0.390926493461798
1.32070698410165
1.10535456871314
0.577972667920812
1.46871097493145
0.232676145012277
0.810185100025663
0.757191444697795
1.1874782902954
0.892750776757492
0.710728102376696
1.31284011386947
0.996696019408495
0.779297044422049
0.362510876879116
0.851389414086078
0.802676882860117
0.917668672946861
0.503189140228171
0.705843704638243
0.472785670530018
0.816622548083533
0.663321378277325
0.570449734826425
0.399342625457435
0.362594438942625
0.750928986396942
0.516594387610892
2.05421956578395
1.50940720570251
1.95580528602504
0.466408173895364
0.476750356780043
0.720054659074759
0.447238898121044
1.29099240072134
0.619468218165659
0.855008980615903
0.55102395793586
0.491467798188032
0.728589050024401
0.497605275627941
0.59986589969799
0.729630440185846
0.902814900998101
0.888282784731837
1.21722216755198
1.26446006686021
1.24094907527265
0.619763619628102
0.828926239530253
0.438854714293271
0.663599893211564
0.402625605539515
0.392296379526073
0.858286842157801
0.318277960580086
0.602758203729713
0.436551290500387
0.534300542700778
0.861705878951327
0.984455483269861
0.375356850068012
0.714387411762311
1.54188796829349
0.51706857922072
0.699294285097289
0.445536327754385
1.24701512700969
1.08084056881123
0.853951755565277
0.924737622365652
2.20903546723935
0.74576465604446
0.97577988207581
1.85066034925238
0.808194901915296
0.45340185144376
0.574636359011706
0.472742566292462
0.375359745352301
0.338961207429331
0.545289307066914
0.896580394925539
0.701588627309553
0.386885740589404
0.823874204240291
0.549001625495427
1.42807232267231
1.25698340295761
0.483073003704821
0.757039988465905
0.380181751340759
1.67349793669545
0.616173050757591
0.568559364613374
0.480911650871999
0.713351764953102
0.636336454406056
1.33981983745215
1.25777911834726
1.04363163606709
0.323071591600829
0.551551483320741
2.09702244702183
0.662253992251396
0.551368760378159
0.78870664908478
1.32717912793497
1.87696254925133
0.729606560769398
0.438288689142729
0.286750415991331
0.52086440209167
0.694774143360803
0.665202765259229
0.482624141620802
0.864668408629338
0.443921802937255
0.521073980791761
0.423778977957476
0.933020434187168
0.656148590382557
0.991500153977485
0.681985851134065
1.19511939043686
0.328351399461295
1.00406664835303
1.28885664262797
0.615861254610605
0.799788890460249
0.331375297641928
0.88451697302164
0.473014104232571
0.434078803352955
0.487779416695852
0.939577246653349
0.562759065197968
0.578437660916223
1.2450577072085
0.689502464935184
0.908254183715196
0.719098622147962
0.64052664541956
0.646606454055081
0.679559185833236
0.638221685844168
0.941371897534001
0.353246146393695
0.822030280014124
0.802155177115727
0.580564169148195
0.480165428240676
0.932319394722898
1.32980035446637
1.0063326003087
0.735143684860607
0.553556367433963
0.357835380594889
0.858736192284393
0.934394938023582
0.408179904395248
0.628636490818478
1.73316165637806
0.783446561471322
0.752252899106823
0.311586731748415
0.563246727617322
1.20296477154425
1.03312749767101
0.626150925386206
0.369586575370195
0.458172686959754
0.575282841188284
0.72093539395133
0.593360279898549
0.545235042174885
0.661398457987017
0.816770294771329
0.674871394710517
0.557846725156927
0.620995028220032
0.730310753668103
0.925305686022696
0.715850786292705
0.757193477485214
0.538871547945158
0.712991024902016
1.49573431694014
0.992360015232626
0.785457289698496
0.636780968854609
0.59354943032893
0.342498200231899
1.36115535083923
0.373432581827095
0.753145879055253
1.55565867213339
0.775633971719602
1.58052723622514
1.6773753800643
1.55749696117694
0.924133162547231
1.60400388428575
0.64877474728045
0.565342996454046
0.527545838817534
0.91148072630261
0.651711839226731
0.2955775613502
0.450554149840794
0.505340431610137
0.81900542610207
0.349234562258275
0.536738435599995
1.16645486917986
0.47737179791366
1.19391367908694
0.695332213995064
0.43126941219344
0.64081108260749
0.468146848459467
1.31435186002716
0.622869211888918
0.520877277830653
0.499310622040285
0.392392325563158
0.70127313969295
0.686006940364128
0.640120988349569
0.536991771253569
1.62434566565614
0.576282007303044
0.784498479993026
0.981683261557841
0.864801398577996
1.71417697667077
1.7527578148996
1.87658787253431
0.8757485069572
0.472789540674406
0.568206678645496
0.941337656362219
0.750686993614427
0.43327587169639
0.532309469309309
0.593231421165888
0.443513063615394
0.584688835174329
0.528148178414355
1.23413989210585
0.453034820159318
0.653667618622707
0.428257887351412
0.397238221298641
0.824960146460462
0.480464476865845
0.429029558512039
0.64943947304562
0.772151088253343
0.600279143535602
0.554404371504073
1.57217934678574
1.13748923836307
0.679383646767753
0.663591300376465
0.892891530745776
0.619367524496938
0.961414089380841
0.457061023447816
0.595730116544103
0.592805591370794
0.631564189254677
0.704048450757267
0.61159076805636
0.733316577350253
0.689152687165729
0.571311084282811
1.17857346223048
0.473873913312719
0.413293307892228
0.520627484241294
1.30162595351573
0.911766701537628
1.28073986539837
0.786757841927175
0.499744021521887
0.536314284540283
0.423004807658486
0.459513775938118
0.60735900648975
0.513983515945177
0.58803620376268
0.762410679406585
1.00338760912897
1.46607424847547
1.84954404190171
0.75708484124862
0.425216798870324
0.822319059424385
0.733441605360334
0.519955689157352
0.977722752130181
0.71155317327608
0.417921880834494
0.514170924221887
0.811670265599558
0.817908081454854
0.816297232200814
0.689570185997241
1.3816518190827
0.445978508668901
0.544657204462245
0.84131082187941
1.8029601750454
0.428774738016018
0.428895721873823
0.862641136412778
0.599597604530488
1.09980381646624
0.730776227273291
1.15079549804141
0.63463057826074
0.264346540340935
0.569181572229937
0.770343685532907
0.636817675645843
0.801075831785263
0.822648623105627
0.545375146435354
0.428937994062224
0.383810507201382
0.736118905998788
0.266808580125731
0.898693107104922
0.492121835206542
1.2175239010255
0.569366756039432
0.733722027055154
0.692974207388342
0.497370120988036
1.33147164634691
0.732510035425421
0.446698915973266
0.79894388602881
0.512437265661179
0.433650665126045
0.594882335175656
0.819526366618429
0.567368792928635
0.526178677890022
0.734501246521899
0.7771669276022
0.44360389615166
0.767775558010669
0.617857507249413
0.60660443178068
1.00933395151163
0.37842462613189
1.02458683188041
0.502748138943036
0.54895055685491
1.08773739292033
0.567989064957871
0.491640697579583
0.303001689444249
0.500913216910131
0.540916177755356
1.11226695912521
0.955344598130296
0.638933364868784
0.927001189573455
0.804318527516328
0.479186014270343
0.696531006777035
0.764790116929178
0.227102756499063
0.591334200760073
0.66481247008436
1.18764233897245
0.833913977886064
0.827845483548195
1.94265504554317
0.562496572717989
0.588647693724629
0.566721922530934
0.706810486275893
0.421824651853605
0.905316868615584
0.813954975130186
0.853000102005779
0.942274962418925
0.548311259816484
0.57685307389886
1.13673796239413
0.657446068551041
0.593945680468311
1.22289293306088
0.568020578661505
0.612961139245926
0.658684706766886
0.521404493160115
1.57118532862765
0.597309359083501
0.44123425159963
0.619635075248581
1.09626287836979
0.664633406604623
0.504566147150639
1.21757811269491
0.276305424713447
0.515455459285903
0.722581273869235
0.614476608536912
0.408954927474266
0.44714186615305
0.571616757518605
0.732025321033994
0.497366042620125
0.570227112503974
0.616958788282811
0.456111129436458
0.68471913888848
0.766864837021647
0.968696167513916
1.28956518839422
0.84860760957149
0.416898398164144
0.532292226995647
1.13642485456717
0.588931673266265
0.27878342136084
1.42053007410598
0.888909204716291
0.735218741156287
0.760244100705062
1.081342909019
1.09042669387331
0.384484290487902
0.687448439493589
0.826193268715899
0.492250668330925
0.875578775260908
0.755813128338161
0.566303633609272
0.357936633784895
0.459810847190242
0.716942786258918
1.19224929218486
0.854069990609715
0.282433915768134
0.463570386000062
0.397315644292998
0.411045462818047
0.48326092538461
0.767301354110946
1.06257823856299
0.779128659980699
0.590406476665682
0.94255367302539
0.456541923926355
0.745705857141247
0.785185991223625
0.645095510343281
0.479421936443711
0.724755720909281
0.611370732209231
0.544202006506999
0.654650504645381
0.755586623459243
0.625752061516315
0.654037880811544
1.40465238036413
0.970818701692681
0.640471412280588
0.750863850887158
0.468133504968681
0.592362225990809
0.732982437934904
0.813622868265807
1.15943687035563
0.418461137101678
0.89189981792207
0.424194121081217
0.854304815929296
0.487676283611581
0.580681787036021
0.380910431764236
0.537496588962828
0.989195370160723
0.398755834063725
0.672186350081032
0.302815577349258
0.65700730213444
0.859621849437318
0.859706775570093
0.633529819758112
0.815381976154524
0.898763833262963
0.717569179860535
0.55999192524989
0.514812865307366
0.509189551744127
0.927109830264841
0.650012169410732
0.411893712532493
1.31571739726816
0.94803793853478
1.20011046235026
1.30483851720587
0.72075564611307
0.849046806626632
1.20883044138448
0.918235431344412
0.586875453707413
0.287623760117139
0.506132582563659
0.848202768492454
2.76439046186043
0.690229630424411
0.524075208326064
0.913248432827797
0.574928088918132
0.271197304707903
0.879877997728968
0.555562807641727
0.38110980717279
0.675501192354334
0.658228557873731
0.637544070595362
1.2776898692043
0.747216400823438
0.682632371438836
0.66529121373991
0.713738798701944
0.548477883305655
1.22095238414595
1.30072388254987
1.56490271347861
1.00703191971251
1.0901676924753
0.45488371111959
0.789270272268592
0.563252075222853
0.481335720787465
0.541789977370698
0.594305383756511
0.615531774341361
0.991178576661261
0.918824851405686
0.817693857785877
0.493662403265802
0.416357581955671
0.698158108772432
1.79860733764204
0.632611371557644
0.596716019559202
0.713431666745546
0.703039678771077
0.616115453432548
0.413442260908454
0.592091890915615
0.947370845569675
0.838405355057553
0.607941479679121
0.591724287599777
0.589563125111509
0.322686413807266
0.525695504379912
0.824011717244268
0.414711521179642
0.859098254860744
1.98458393478421
0.514509243281189
0.373143346451875
0.489540469175877
0.606848779809032
0.64012460509252
1.28995616671746
0.729596901188288
0.814732908086015
0.767269845920571
1.06040155383882
0.688179797234262
0.585713825918952
0.53184624620261
0.539057385337141
0.557246941669022
0.391235752241205
0.922096112287272
0.913326056113063
0.678030535313614
0.479857117447492
0.902589929357842
0.479692948189375
0.848799961788734
0.705887136360879
0.592849630104194
0.316323014529902
1.00847833914589
0.709985286251245
0.571923349688829
0.803459495109335
0.462934271813312
0.566702455608504
0.519779333113784
1.10466743379188
0.59472711977759
0.620278872630834
0.409903705725859
0.755525366254817
0.806816728053151
0.568361674762341
0.730896199751335
0.340851241800388
1.9256808499495
0.853070603139049
0.5391153470065
0.759789644192202
0.786220962608056
0.407768805728023
0.519837452497921
0.471559263711396
1.58649677288092
0.842547938598345
0.51374540644462
0.788422889442558
0.649062045414509
0.493266456626804
0.455674920853133
0.814507099939808
0.641017376541196
0.704537256884584
1.31233552454274
3.31056397503938
1.69714498837199
0.754365510054331
0.775462493432305
0.724334615188826
1.58495845002298
0.493382938588431
0.611493596310869
0.341372479247497
0.980173071108167
0.917097130339457
0.77559295851495
0.747296080550198
0.840303518467572
0.320687867907371
0.546140454264406
0.389524672329495
0.555993274218502
1.01185679556524
0.922795924338167
0.430148750614871
0.541540476109007
0.605973509845185
1.34831564254413
0.58779487875954
1.36978111290795
0.549456790525081
0.61298459498902
1.11758454850164
0.413424486678318
3.38761677775111
1.08861266683595
0.714589480815045
0.434258527874037
0.779666146555612
1.70023970163595
1.05860692991176
1.30464851673037
0.452663148878082
0.694774885387321
1.1456313418831
0.737141533764239
0.50151439232042
0.917241902419359
0.760759944665418
1.16415837874504
0.489430339525587
0.779911992555486
0.743794378266523
0.425319219198179
0.662486533538345
0.548257253092376
0.901958194664451
0.55175340403245
0.561041854979134
0.684198077682243
0.669283756890151
1.22801266018114
1.40282079126437
0.663871132073794
0.56014979581548
1.48615909574641
0.512828415326713
0.90818547459851
0.617966870575262
0.509547272391087
0.376904729977536
1.59207808545271
1.30526987199911
0.773770970250495
0.746567834616621
0.482075086059326
0.415146538227551
0.67922803274335
0.308628767678883
0.208333555318231
0.985502365047142
0.715798594261342
0.421170617637928
0.600151405068996
0.844701182221057
2.33151980310254
0.826035117130353
0.346070294653276
0.281453494815894
0.453560199546131
0.378735473591412
0.778044785316962
0.342188193091401
0.63137812906939
0.54858091706909
2.30245480493652
0.711010903846001
0.56202364437824
0.289521481317429
0.679973264313578
1.36936829793168
1.36986992536562
0.50006451188144
0.794937410185423
0.765260485887569
0.546402586484052
0.615778891003034
0.955641732528935
1.70433506470198
0.814320278864795
0.826003632968118
0.620591120288429
1.02203548615924
0.591387127697999
0.684307572477399
0.43194843239595
0.878216964794783
0.567559396392834
0.833651652768625
0.440500895386801
0.663853397279924
0.814479996970016
0.958537503129839
0.436671492993303
0.678374920152901
0.666629122367284
0.198509161643116
1.03138512352718
0.585263050735434
0.608766721383355
0.399973676473572
0.730970187850402
0.892464267937884
0.811156136527099
0.570000960601716
0.470587853402284
0.584027130298178
0.67664517089616
0.556836148712114
0.609990835226478
0.532899200278589
0.768423685656601
1.78110576108655
0.573701624489811
1.49080859462863
0.352745879195862
0.345171417346919
0.37368017558753
0.749558370673032
0.803304473145564
0.869786065642293
1.26456363868542
0.311626797823209
0.712741411755152
0.556022842117354
0.391601923518423
0.629564864813717
0.470060396687497
0.849114709299104
0.839967185706288
0.744076344371736
0.404994768906682
0.311298530732429
0.72958179454297
0.436024213259861
3.18291434301765
1.86333899395504
0.631451357407224
0.506947770971216
0.704838394025755
0.490383604693387
0.71697195296511
0.435063460020247
0.669018843660012
0.485121835325857
0.555565448536365
0.85372328386753
1.35920277552096
1.20857233677751
1.65683842036405
0.591179378226306
1.02019322723678
1.55134202415026
2.55831340697152
2.17335172216631
0.548077056114187
1.28046927723285
0.987524584291352
1.24342346568832
0.530618946785854
0.50146496624588
0.447213357908932
0.680517514808562
0.662535096017699
0.82456113864166
0.635875503534165
0.321886493392469
0.468518738231694
0.625884652617226
0.259112747110753
0.834726635712775
1.0405149285779
0.412173047768789
0.756264450133049
0.755574659878148
0.563283254572581
0.517194382104672
0.936464576841009
0.80959189980319
0.361487582463683
0.554821279931784
0.750543390109208
0.623343696327045
0.848308913938406
0.860080688044223
0.715424674905743
0.991872386680925
0.37000326776696
0.296807388928007
1.12526971096775
0.847191029975591
0.578217930380808
0.858903228450791
0.439272062222243
0.632412963874422
0.401123573444827
0.406284345726403
0.602560097130128
0.747292111825124
0.99781934658879
0.724237614479708
0.426481447827071
1.06964184693697
0.462511811683462
1.89918380445368
0.762173646712078
1.13198832781138
0.676889165667541
0.49455445559508
0.744277688153043
0.431859031922877
0.247446067253369
1.12726341081952
0.689504234022619
0.621024027223319
0.553346896266719
0.652659149407574
0.693748761189624
0.587791408219018
1.13152902442273
0.568634383963707
0.694817373211066
0.76405801091141
0.976309299986421
0.799979737000821
0.651159226770428
1.05296863143533
0.389011104787457
0.528878349287971
0.738995231421488
0.996779447454073
1.52361109164846
0.628631648404514
1.21242487773665
0.69465284586959
0.685055016971398
0.83500687147835
0.56247162011995
1.36739637455638
0.55524083847863
0.796830026318656
0.584856818304167
0.357660637857582
0.689870201100744
0.669473289687164
0.63550354808128
0.688167646284875
0.842970113533549
0.503937417049588
0.524458524414869
0.362075937268482
0.294541311396512
0.3499219149199
0.851095633741381
0.655547996491889
0.529985412389859
0.606358451190736
0.56822479563394
1.18492343891847
0.538825901295707
0.36375691458567
0.809071103640399
0.574312787311348
0.830277371484416
1.29056257323141
0.819763768776796
0.844335281382391
0.856262862683389
1.01936894870135
0.949821462610169
0.73848719726043
1.01574799762478
0.8510340164115
0.646189796720561
0.673277293057783
0.457664568115004
0.731778251524355
0.673526141390654
0.45247934271912
1.27939667081086
0.522003994252419
0.631460907288698
0.499344596808154
0.945538553615545
0.990463329895354
0.679849970139767
0.556177059098017
0.447633200025197
2.1412008467484
0.411153187155503
1.02312092797799
0.886722562487968
0.486192993345306
1.19842582812942
0.438548443249332
0.935132549813758
0.855609409337353
0.744781551381232
0.622285949282213
1.60863994336954
0.773847976979934
0.747267725514867
0.703017670512508
0.741189016526525
0.60645732571025
0.416398816576121
0.839513733760239
0.615265849708175
0.568523490415003
0.848902198433152
1.10344088171863
0.528848150204013
0.614956296614819
1.19020945156916
0.543934885924529
0.540070688141456
1.13909791588239
1.00940731534428
1.04865058360969
0.727918978595124
1.03401592100163
1.20610791688332
0.886182639498861
0.536272976054748
0.704348589943795
0.884728043225476
0.662756177161202
0.402754617129833
0.807356917631017
0.78556720335568
0.324612370101741
0.823620380017006
0.300399091267658
0.691024438029555
0.494446749582448
0.783910956715079
0.708884716241816
1.12786034052009
0.52794186262937
0.740536038716706
0.502631466052047
0.435782125546835
0.704271808291619
0.77594186729398
0.445056498534358
0.865846785127341
0.384914590329566
1.00803803634462
0.439991423724912
0.385862704163439
0.495876863466815
0.706965457143315
1.01132060268752
0.77818008876314
1.7830023064203
1.76294234849468
0.844752255242511
0.75885673783306
0.488964559146335
0.631633910529546
0.610978578563264
0.279836557211232
0.704530788340288
0.874462839476255
0.419243133330252
0.388104383406621
1.1869721462761
0.95268275976493
0.767913297376117
0.822549835291259
0.501683849059654
0.327317649217038
0.585060367796805
0.620761231719123
0.779224323243826
1.07133405728187
0.993795466212337
1.00486029251459
1.18966526369912
1.93241238028906
1.16277542542412
1.09806639761361
0.722151888445487
0.802338699841787
0.436962491484136
0.530324520654393
0.778173942710998
0.636597830881539
0.500269344179745
0.361002830055245
1.03752341902818
0.449037415779257
0.35008106928408
0.589703356819021
0.382428443576073
0.479458044615655
0.551506238610696
1.22419892200195
1.63440198685115
0.790496204723743
1.40307903186467
0.979272997052479
0.83989504307096
0.77432597519984
0.628929280251423
0.606140793182606
0.450790251394497
0.553389226916786
0.809224835321137
1.62303176365567
0.809591015829557
0.823033468934563
0.397975613009185
0.501067858654002
1.15151669215941
0.92617549394832
0.438606938147412
0.528383720989697
0.530801466996569
0.580320547603192
1.11883787862116
0.298799117227798
1.27165324482043
0.47112546492257
1.37889014384006
0.743589840301091
0.358702153852263
0.493328013385581
0.866738064277488
0.854337504550709
0.594096435998442
1.12813415698049
0.562343122400313
0.523690989865512
0.907867316874281
0.603651558137711
0.942194684433576
0.956805630572193
0.690196144182502
0.420546388823934
0.969525308871463
0.272476951277095
0.881377066675642
0.567032944216215
0.682596194119174
0.306847970883326
0.542448751212054
0.582825824759218
1.04210200893258
1.23788795725383
1.09189860083911
1.03794204432592
0.674024230517028
0.650123366209287
0.85530324657064
0.853426351570801
0.353253398524335
0.545406247778321
0.696363952100035
0.690189961933156
0.493053137732487
0.392271606596053
0.536354937323617
0.547769137958229
0.619773004215581
1.08757081185732
0.47974076485721
1.3085842296451
0.974530799280238
0.495973461655061
0.660452513165727
0.75666391771805
1.55163772094916
0.265049790756156
1.04511713714326
0.916793521013064
0.617501726807424
0.563016739042231
0.999233675809776
0.170393591155509
0.457758571793271
0.846725299103816
0.389993254647116
0.555146204659167
0.671809304802937
0.751150130998285
0.433301421977109
1.02539144680822
0.614848032523497
0.476404973084383
0.890625062304324
0.760388031563515
1.57275272729008
0.765933715034156
0.612529090662971
0.373641158006163
0.717671705759511
0.590899686268962
0.720480674274315
1.42787620577646
1.02765937668167
0.99848606469732
0.407785500663156
0.641293267354288
0.351775449951769
1.23668068064224
0.659611686241513
0.559630997251476
0.486222818471952
0.530385663715297
0.754729134074211
0.555002459817059
1.16252594533045
0.260664344479266
0.779250791475293
1.38126463478951
0.830697954023886
1.0830393687445
0.763772962510697
0.577134410632046
0.493334629994256
2.06284433838934
2.95889655911798
0.999914138589222
0.916256488615983
0.82641375852521
0.806957853046665
0.462564731058577
0.918303446108756
0.328623817639437
0.362299091499
0.41929868749068
0.453158810082594
0.54988200991742
0.402274532689659
0.687802658544546
0.561626369935716
0.272666064836687
0.484222240623781
0.601346258949705
0.713765726713265
0.921530642640528
0.567658217416507
0.779811360731841
0.638018775168436
0.423350638987348
0.301694006195521
0.517507334354306
0.374176588894814
0.579958268075387
0.487677608487089
1.59918714113172
0.991814261192978
0.581532314750422
0.954974872219508
0.857567308328916
0.642612389028529
0.257374440956913
1.3337428476533
0.626717781877477
0.827680867988284
0.479826063140003
0.591537524732003
0.778931403140592
0.961188405090702
0.784292818225057
0.126555114299923
0.930661247556188
0.828423697271515
0.332402463035696
0.972524583914338
0.583476236237353
1.49024779086812
0.563162077000264
0.731019880803986
0.427966418776694
0.670636006521447
1.88602236653834
0.917852471803738
0.495630965154253
0.44117984756756
1.17947676814134
0.572562345273599
1.03055051833283
2.35062628705891
0.52266859446375
0.23247730787327
0.721511593122144
0.761132151678209
0.374665867169076
0.633940973567796
0.705578987537683
0.664931109240189
0.616428602096673
0.853556062772157
1.13737619779566
0.424721992882157
0.854564293743007
2.13204298957109
1.24435762529576
0.388545160067553
0.531354251866232
1.38882542068308
0.424569866828447
0.796105099663002
0.982482574647018
0.438977162346653
0.411220768598301
1.68843325827246
0.444389291526723
1.25631130425743
0.905224474886841
0.510307183040929
0.30624318419985
0.521691707118754
1.11881654836896
0.731325811810915
0.540477137226571
0.937333576231476
0.253199512352394
0.834322298085105
0.616695231340284
0.295907758147102
0.867028784287876
0.457577634126747
1.02466064780548
0.388080614164873
0.504575575882002
0.561368985366392
0.474631279644776
1.09888273977026
1.05876409398377
0.467634485136606
0.560108030210928
0.518812425100053
0.587060322777323
0.48662822129858
0.66802550232997
0.461040893413693
0.91691911466297
0.655839859028619
0.324256231822642
0.736338863218094
0.395225756955756
0.632128584375557
0.705219785674972
0.563989265349381
0.493404432102819
0.727837527947303
0.621748814802669
0.435711526712467
1.73398504831847
0.300165464793536
0.511309418519072
0.812956060025444
1.44157956028963
0.861518364764098
0.727775792494264
0.708112360442597
0.918722351840562
0.696543721700612
0.842231707754905
0.759757461532067
0.388583765713035
0.393517006723429
0.731861303245439
0.700948375758523
0.325218090311329
0.43276126760945
0.736683566597131
0.534172144226849
0.841572482460409
0.849088295375925
0.952942653457592
0.955531652444866
0.831469245538842
0.835788955060573
0.8439612434466
1.07081302204566
0.697345272197082
0.872071893511565
1.00469934991689
0.687925886776379
0.696823553966493
0.719027974462722
0.690476404950608
0.990231241210362
0.655063402483796
0.620184246771481
0.441673624532183
0.893766489543974
0.774951138106546
0.791252895513407
0.503135291541984
0.417197971109424
0.70451609178795
0.809465464013047
0.669789972724703
0.567465331818928
0.643806934956145
0.680889993869198
0.78421395811671
0.798478364240402
0.939241271141479
0.943190855120723
0.970116789491536
0.709332441820349
0.722195453308145
0.908136679087695
0.484984189208411
1.41594942082321
0.948550225368749
0.588668201425846
1.62979758006756
0.920773877469587
0.838250980056414
0.412717604108074
0.776809066701131
0.453835738575711
0.861893264307297
0.490496817713647
1.05738281685443
0.484717821274747
1.01427602247706
0.660071315764168
0.549823343834574
0.316660266343225
0.481525619293041
0.899426835119762
0.53348461460951
0.878548045365076
0.659860545427312
1.0811911857575
0.535185875009935
0.649244253394135
0.494910032288982
0.766548089772715
0.479496793674062
0.781586639730238
0.694851187412978
0.883425068368677
0.703496329979959
0.621138955418008
0.797527494532505
0.259274377939594
1.06420555729064
0.721978200737065
1.0734667922237
2.06446307126098
0.343794330605886
0.500951570178391
0.745111111106927
1.91609383179234
0.544407027874978
0.737894192333544
0.703238990260469
1.08303791415139
0.847948591727231
0.559399500492035
0.752961987293544
0.859766887584991
0.732153694296366
0.735103526269066
0.533502887918769
1.553170579478
0.686872625333078
0.683564800313014
0.958919854062838
0.529652262441425
0.738207160247257
0.464110431455528
1.11804872453482
0.366933084453811
0.775316081679481
1.02614169832103
1.5969533233665
1.67785065400794
0.52644125360661
1.15017058390616
0.762960338228321
1.46987521099347
0.627126279643074
1.14526755434933
0.530494569607304
0.766100149662007
1.1028218635674
0.694603017431411
1.02187170970276
1.30000517636536
0.411247125745897
0.718243854546433
0.478429812974009
0.616935180826604
0.849522424380795
0.558509244079407
1.77103778698377
0.598345489600653
0.993137384256904
0.707967709968917
0.953682151262567
0.821952326399136
0.492097543375193
0.906828769911808
0.610047487425473
0.409411558496068
0.587070130176809
0.602352497959725
1.56199516888645
0.642361346487454
0.887482020780759
0.51593524634279
0.400665412865929
0.427733120266038
0.473120567141345
1.36343285636696
0.873926880243735
0.427312733543737
0.768553374665274
0.499165181519414
0.429718275683577
0.4406647836145
0.648663394860434
0.37401295037902
0.643182466214856
0.46161758193083
0.656296370784822
0.601004286001208
0.897986692608556
0.434382907899359
0.515169384231339
0.187559962909382
0.619360715744472
0.536474355830268
0.375788828014436
0.922661844388797
0.824674825699781
0.656165839935473
0.824849194045414
0.503009533597225
0.608129088671562
0.762268923315257
0.772250416888323
2.45308328917183
2.267690799684
0.476047878833478
1.14113748608077
0.687634483023325
0.642331026875398
1.4834735860359
0.662801352641843
1.10061758406218
0.838487629465513
0.477190161675422
2.04586709084162
0.791102718767424
0.717258070342803
0.537045712913541
1.15587933942455
0.986319965946001
0.528849611433579
1.9604845139895
0.973187711479393
0.840723140818226
0.538486511127437
0.417231577566807
0.843105689392863
0.619012373113812
0.658352548181185
0.542456029819346
0.425658803700057
1.21605378416019
2.14512072769652
1.10114583113922
0.601166478219025
0.485290658532779
0.600017502658833
1.30507767115869
0.825805731496172
0.527661188550852
0.390624576074088
0.407281181035668
0.813833376882363
0.742980917707402
0.382330844627981
0.907126121123092
0.57200874469663
0.677047413015632
0.714708488821043
0.428344616186079
0.552624641992662
0.796920736225594
1.18037364541693
0.761225588608157
0.458029922836577
0.942720336779851
0.249298727028289
0.676363981371789
1.23834581495321
0.675845897280727
0.607658474120348
0.618479718944062
0.537851201567778
0.422666146253094
0.439546540327707
0.799283541420371
0.572312841334824
0.457663162430781
1.18349789090052
0.685970332662218
0.623577991790639
0.556133792904502
0.575910281861022
0.502260302205962
0.690660132656914
0.771045976271501
0.707563814663567
0.587887204883974
0.968424236474664
0.868400272350437
0.561972472568534
0.329059098727438
0.356809404272211
0.928880622109035
0.757696977772583
1.21611024029167
0.321920682776096
0.977302736762309
1.27007337662936
0.360049406825033
0.250672704567976
0.911893207000223
1.04169304871239
0.351094798598071
0.66325526214385
1.37758026746167
1.06849041887562
1.40187449423648
0.317968918646995
0.576391920790865
0.373804038805809
0.832582869491424
0.693921907010616
0.461487436684956
0.654824845408321
0.422647733440397
0.346043131030493
0.500963570715709
1.36042658883113
1.28621028171707
1.52991997816431
1.09347940693064
0.960828340279877
0.608635849357093
0.975450858921924
2.16572129218095
0.704880717962045
0.303348204425998
0.699848416231221
0.400239990758172
0.674553345589184
0.930059264884066
0.511408286573263
0.557365425242063
0.467835802552941
0.718425266461986
1.75105627688798
0.471932322709559
0.856578659901619
0.643801566740597
0.36410769881833
0.722459352981008
0.552829238021391
0.951592288234777
0.503930675456437
0.894800688820996
1.3376622792912
1.07660839328805
0.883276181367434
0.278653530767432
0.785818955230003
1.17372479905547
1.69882290611328
0.861751520923499
0.688185679441419
0.922613713350283
1.05730899088956
0.871229377512189
0.497830126938203
0.748369556223208
0.572591631692216
0.803409699088411
0.533405792939953
0.262934727632277
0.681257643989204
0.562001474347527
1.12646089003579
0.594998993986664
0.353658794498619
0.992895208351108
0.771733845132204
0.343939049383435
0.723851373452595
0.433002083921989
0.313834769848736
0.681721133008747
0.349992167867568
1.1962866869097
0.852629557177808
0.651227438872372
0.468595722096401
1.37865977658567
0.885007790291667
0.771666881530464
0.394012090571223
0.502905186875437
0.697903032381711
0.492662227273485
0.694742635428424
0.31779640949085
0.922455868829912
0.70747536613163
0.885879550329243
0.56339069703526
0.609039569652004
0.805312150665775
0.570027075552895
1.50769416161433
0.449482858823494
0.395692812207278
0.70408846752089
0.21505087352666
0.805406602820813
0.75286482932239
0.37875940448119
0.425169953001678
0.685914400577469
0.543557985057362
0.826919961166805
0.641122192785559
0.55571262038271
0.636312234412672
0.418856547069706
0.660458256409603
0.302076754608492
1.26493415297823
0.977995025526417
0.585649751010543
0.738912481423489
0.616319091821408
0.767245941229951
0.623197490183502
0.829200423462344
0.945221792948497
0.519766730301133
1.40469942051982
0.39086283052249
0.786473994598967
0.643667714823559
1.24113807400931
0.447335859319841
0.582936646023573
0.644857133078753
0.701693856958913
1.0345521050785
0.797669968916653
0.193047160959622
0.707381101547653
0.6256543827816
0.355271772523035
0.586462628852126
0.774501235721043
0.781180891324592
0.686179012396686
0.725144895009947
1.05535192133596
0.526357735368765
0.548722995569078
1.5884507961118
0.250790075400444
0.502601858356669
0.959515056365106
1.62629225439003
0.43638261415649
1.69255552994596
0.791008650767467
0.479093571170291
0.488603414056859
0.98324637878431
0.548654759789701
0.300893060983399
0.541508923182466
1.95615164395282
0.624582002610203
0.887720572800869
0.459471601442899
0.669814583461004
0.766964028553121
0.977650706604121
0.638364998667006
0.463734304014538
0.976888401828323
0.369562278536433
0.486687084713591
0.53438978087843
0.672687604245104
0.70453875363588
0.86567966549085
0.472265703106785
0.868459155505199
0.63431463209643
0.816402373991487
1.24211756495729
0.619856081064452
0.397115909984639
1.16100220965633
0.836296661640385
1.19977198873692
0.742361425625522
0.667097937049056
0.943581492112737
1.40001724274004
0.418016645449659
0.403040061807781
0.690775499843336
0.783576960787939
0.885364324097601
0.773746963652382
0.796283863810989
0.555298711299176
0.620545724973079
0.284226501348827
0.815364612289377
1.04350673487374
0.577588827274029
0.943736409178543
0.539554749443232
1.2790800971236
0.434446786962904
0.449831962897102
0.371514187259474
0.42151359879956
0.62450294022308
2.00930014697274
1.05942151984909
0.793803609660166
1.28741878551192
2.3932136604146
2.24281107991379
3.27084874892048
3.51470230437479
4.41269379151896
1.34260339249741
0.774302067927437
0.441787108298738
0.600558308689469
0.4829043245134
1.05123741916007
0.428482972205484
0.467142504399562
0.517086801084147
0.523291510656839
0.603388006978772
0.896947498348673
0.735218217712955
0.762819868807278
1.09471263590775
0.329284349295612
0.554440978758204
0.480046944031466
0.624014458031515
0.776700545309769
2.25766450338454
1.54852258885654
0.966744934912779
0.522288536325046
1.04882153313635
0.883434943926392
0.871265272780301
0.541501158071618
0.915929598331566
1.04197027018635
1.43674981316044
1.41678957123485
0.573807746331965
0.778000103523964
1.67290037713169
0.718763636456304
0.717231137505797
0.444306079222406
1.47180676482963
0.820611288216938
0.727769838450854
0.507646984621881
0.420074410941633
0.473161160174546
1.1055835682989
0.694185215138415
0.704591305908046
0.629222648260636
0.34904671598639
0.39611378209819
1.52082874303718
0.42528735550495
1.34518162968988
0.524423151290828
0.980390785514663
0.652498382633876
0.748464774838967
0.758992037251419
1.03203400206985
0.564691265353496
0.73866930401699
0.557174001086527
0.560159732828169
0.720554351499901
1.00919306809967
0.759882474687003
0.353153125907681
0.667727673881294
0.68107154679839
0.686965125931593
0.88987976812876
0.339472847119047
0.763442614736146
1.04811364989066
0.829905130368056
0.571531224948791
0.237214481409331
0.339072417350943
0.560841662600286
0.633920211018045
0.803677489450669
0.651369168176543
1.64494234717775
1.11014798502925
0.523071675663413
0.469929367370639
0.541625988243174
0.665282124295004
0.699933258216951
0.892106057162116
0.654231945176589
0.429709058617031
0.425445851289861
0.560584902418156
0.846493806636619
0.555305783413444
0.780274170197788
0.609920970556722
1.19853437389588
0.697746841396461
1.03765323509683
1.17335346063357
0.590555821014975
0.523381349173878
1.05706492837179
0.854036425335165
0.666806362266016
1.37469926313073
0.435544070441799
0.742864098130755
0.865509495717927
1.14458913421017
0.220057234581812
0.466615948296391
0.998040294010214
0.861656532391477
0.600810692061329
0.659874378279883
0.530271326061281
0.489710352062192
0.282712325118795
0.699946807210013
1.32052184961559
0.290869389788531
0.625902383270167
0.848086692228722
0.584867470373992
0.660971356817479
0.582648399117351
0.770555386267894
0.593652717574918
1.0704191906154
1.64580917493687
0.474783415952103
1.00822149070657
0.568845811883967
0.578486462653065
0.769647607191406
0.577611110950604
1.09265293651374
0.361946769417338
1.01852796746496
0.757728904773742
0.346299768826265
0.448252766181312
0.245546689703696
1.19866906875189
0.602409514560545
1.07914491752354
0.744283730874609
0.622459394716164
1.17973490418105
0.73482818827387
0.811733868641168
0.357092576298924
0.89206859982372
0.887604161313465
0.783666508024036
0.475652345323778
0.375556189482558
0.653157699534204
0.52249247175399
0.661936963759937
0.660704644081811
0.488537684173252
0.509468833873106
0.576128303951254
0.696536909809923
0.61588220482689
0.698889732704369
0.97898763476636
0.993672048421916
1.04164494404627
0.629398473935947
0.755351247963536
0.620958023155394
0.267921610468498
1.42169414035682
0.602787496301714
1.17281596555484
0.546792366018885
0.954804310971446
0.568406546520808
0.570394847592284
1.43979580999858
0.638513935100363
0.566712225367658
0.703147018484395
1.98834555014179
0.548482977891548
0.599012360803502
0.839915250581775
0.486791663540195
0.884284912356432
0.332216176637971
0.834276966789484
0.410566417269296
0.666637034510295
1.66825404709583
0.39285473355764
1.36672574197569
0.615287374404141
0.893754202269963
0.554853758515241
0.742230878864079
1.16435461590191
0.513236285613545
0.780605807910634
0.753480432009232
0.454899108909053
0.774983021633498
0.792653985766
0.44555083449905
0.554198706667334
0.626112461600292
0.879550461434755
0.507658881546184
0.511707471708017
0.437648254129858
0.209676393924737
1.06459734089449
0.664059516081936
0.537366732559274
0.676278593598776
1.04506632279531
0.791503608725075
1.10339600256364
0.473147538070644
0.530442253480395
0.723910163603787
1.11212316004661
1.01122698656513
0.588615339079511
0.569983537019014
0.336862398329754
0.422546546899309
0.425646504722888
0.811914798333587
0.714106780570168
0.48731434122556
1.11344704166085
0.585742466778536
0.654670420805316
0.678770619365256
0.398271331219753
0.49719052565547
1.33284662310481
0.712145879444716
0.734226645272827
1.05519835835978
0.802652832252023
0.431519880310959
1.00630032469816
0.445812374050942
0.520456642306009
1.40878613053819
0.660312925138163
0.735030357306186
0.668284730088161
0.24152047973364
0.59880652966507
0.525092911091264
0.552309258521558
0.230099396480821
0.372453330770913
3.05537965165741
0.702432094653086
0.69395402077316
0.767108764915025
0.932178072553902
0.905783813369804
0.522915774910167
1.32341333333873
0.71692304593374
0.630307689287161
0.659717943831932
0.597665185500899
0.560423707440613
0.680427735758291
0.434784649387751
2.06730506300033
0.308042777306415
0.657962907107097
0.823806939148851
0.440980276841168
0.631272317797543
0.948399386908315
0.510459149059811
0.804301120893858
0.957534157768148
0.539628637689708
1.09351791163354
1.01410295789181
0.653286520609247
0.471417074264629
1.76351248441397
0.565039235398633
0.482639600550634
0.696838057248818
0.973376786110422
0.518260509918299
0.39872799040596
0.576662866840089
0.594072185171622
0.398665535388352
0.571648710749909
0.981740283884448
0.658750836311258
0.909438341368728
0.877736672303586
1.04473654571957
0.863996930877221
0.884551761243329
1.67658913467248
0.484877731858902
0.657861877192162
0.450220279384743
0.386805742975387
0.618906812997537
0.634020803144737
0.435553869307365
0.528198085317198
0.761391047220308
1.36647579720344
0.895766486838708
1.08708631919295
0.754410541766959
0.539801666621731
0.653046445830557
0.724388237607894
0.493144163490508
0.909560427871072
0.569542370592045
0.498655073621528
1.21362484685629
0.851034451300829
0.192070348172126
0.170526236604074
0.462575186398379
1.07298591762528
0.646092854244287
0.443962609686761
0.69261816959504
0.553191141315343
0.608248709690992
0.933939758893974
0.489923186427293
1.91899128263075
0.557875437586949
0.536605515809718
0.864451247100962
0.311440763574743
0.63419319256936
1.03967535057985
0.328883728753722
1.16338178817366
0.390205712463041
0.534947774604827
0.873711589905031
0.719369637159368
0.986416385102622
0.503232074597272
0.714516531558754
0.682401131262635
0.516663916513864
0.670242976226176
0.771665433575619
1.09327141346323
0.759853039265768
1.32559564839549
1.0453702035514
0.713005022261236
0.580961426549379
1.58279039049515
0.655052094898039
1.25093341645977
0.424164623766121
0.445270587468042
0.76623020618313
0.730393768771391
0.460091624417955
0.617979836674209
0.833984441637105
0.463332537598033
0.594825107378265
0.498892171959241
0.704379868589409
1.74996161619667
0.611546626637832
0.58108645224112
0.551612424658856
1.94762497714714
2.92777495601125
1.69198027085801
1.48884541535691
0.521415898162571
0.635557745375832
0.50503239326667
0.385157638604358
0.457552168141344
0.455678283253683
0.330080202003922
1.07733750074469
0.453722551080483
1.22378610823273
0.463452568111915
0.459166605523462
0.44286885833333
0.829045247298312
0.750162404108593
0.422526700315769
0.43552395711798
0.78722519732404
0.465864236627187
0.381594054624185
1.07685526844495
1.09374294872191
0.735168199657633
1.41345701651695
1.01971574750145
0.891858914842033
0.690716716578853
0.628878346789069
0.460216403034961
0.424719450997412
1.0027290890907
0.674573680379845
0.343465444471756
0.670183618382403
0.532274852930291
0.662456567968216
0.671653710075331
0.78800951690148
0.681538955220175
0.846223994311663
0.816108805386672
0.399718481105939
0.778549751602249
0.521920148886905
0.3092977180515
1.04590487011817
1.20184731404423
0.521715675595068
0.774184640929863
0.354934735201954
0.494464572805343
0.659567093747779
0.511792622963705
0.53034129799523
1.79564251712457
1.74384531933438
1.73369333238708
0.385792501029408
0.230423543828262
0.939014205483709
0.377034778657839
0.215447335385976
1.15165294873947
0.616640885679778
0.784081803965387
0.44088279838445
0.589618742539869
0.948939300827383
0.891675208249319
0.423797082791227
0.768560648893618
0.821576767709193
0.293904363414859
0.635623120724815
1.0124333512645
0.702112187995991
0.510481345589441
0.434023093360021
0.375015224133893
0.853182339310633
0.772044757254801
0.682655981204757
1.11488078614332
0.45443988807194
0.384399809189731
0.472891468149749
0.8034713353746
0.578992316040574
1.04972442049905
1.39520005789596
0.320170098415188
0.815859292989734
0.900294610448347
0.436244612069211
0.506549601616139
0.56252751312658
0.546731567120643
0.525900444911629
0.620699027422667
1.01049274903143
0.297766216335531
0.466768759033085
1.08966182706045
0.667164476629739
0.758655988778523
1.0527258968393
0.561633543669367
0.33816775990051
0.423418068958972
0.593331084839181
1.09048702041947
