47.1973333595666
48.3417747895892
55.394927046165
55.8782621403893
64.4335472573268
51.9727142290486
49.4517369074966
50.0850045852075
47.6699843319415
56.532283929163
52.7950772049704
52.1291062330641
61.7260930422226
48.6121630936678
52.6607357261495
59.4928401301526
48.2098546723684
47.0277980077564
56.5544270212164
50.3080324995113
48.1565200006106
50.7089827107854
49.2914446322704
47.5827050416307
65.6360195251224
58.0167836294806
54.8454544359592
45.7710436679688
46.9514094964976
56.4822994482364
48.3858159431425
46.904034533657
50.3332702300346
46.9490259829386
51.2171072870658
56.6141348476724
55.2325705956702
43.0136156906698
51.0681094905026
49.3387574888629
51.8918242230147
47.31393428387
49.6387618063333
50.6294939682033
47.4482478821727
55.1755770313726
47.0997997695823
46.235399483292
48.9085736953299
47.6346011704598
53.8321841990761
47.6848417793265
58.5320501205667
52.0819921267965
52.1928599224574
55.5637804618929
47.5942103158636
49.0667712765374
49.8473157270281
54.1925817867949
51.7971530559523
46.6495833980363
54.8146466076859
45.4734695362491
43.5017661049654
53.0635711082035
60.9425812551933
44.387588219948
55.8304996827308
51.9280307857103
53.6917867172857
50.5986564286372
48.5059871690497
53.2186180775093
54.3265608174432
47.8930305502001
56.9756607656813
50.1359867497688
46.357907415989
47.6970052002158
50.4794053008739
48.1042103511553
48.224366955147
48.657632346425
46.8982108281512
47.2655187062419
55.8937509690616
48.8488977466471
53.197857041787
55.7293710674643
48.8097429732849
44.3843366366447
46.6174181841566
47.4349803223417
47.2362526866909
44.5458992244309
52.9858089138396
50.7480645202455
53.7408511765527
47.4975767070461
47.6363158242436
45.7930435216885
47.040125989703
50.4574901630889
57.2854952693855
48.9433001832809
49.5115928576446
54.0095141788006
51.2486656998805
53.9363250540467
53.2210584788173
47.026205385174
48.7007618440555
47.6995943943788
49.4218058745008
53.3465055442523
46.7909878571432
51.1566758488851
48.9788563064758
49.5655125496731
44.496777285684
48.9852796098941
49.0117505738213
52.7749130709462
51.7760787652201
50.8571359789371
55.2229460352441
52.775523671894
50.5067789128284
54.4205501191546
52.945261492572
49.7541060910839
53.2530656172194
52.9406067549909
53.2293962125164
44.4138011489603
52.3408388465094
47.6275449124812
49.3886600539961
49.8495155751742
50.6734159725146
45.4913819522507
48.4700853365556
45.1529341471127
51.7550622789444
50.65336024978
51.5575477922123
49.7338458250212
60.3363235698796
49.8823834533203
53.5670643680047
47.7237037671935
52.6612449725533
48.3447058547489
52.3279701226209
53.9080395598618
49.7532448605621
52.2950145828867
56.5616880790381
58.5827432535223
57.2717508909244
60.5038447932284
49.4728137890512
47.9111634067127
52.1812980192765
50.2102747361114
48.2803330001191
50.4168047160215
51.1052575350604
44.539877137225
51.352735080614
50.9850209878462
53.4121472613176
50.7020904286182
56.47175476326
50.2535507093454
49.2603660174827
55.7711441754009
56.8314612772102
46.7245840072725
53.8143504976512
47.7433271442429
51.4335082071868
51.7681634391445
48.5264590619017
57.4892160379583
47.5674293942971
51.2644046683817
47.0132195732372
47.7402476834736
47.1675429098763
47.9660444218032
46.45693737377
48.8623942166919
48.6970512795416
50.0550186019186
48.7459226647754
51.9140307669811
49.8204164239076
49.0253040834181
51.0966657942365
48.6324837204596
50.9294459825547
45.2194179598964
50.1513582492594
59.4436661767541
64.8274457070595
60.9618920883411
52.3001077955787
51.1566956004196
54.1681729066343
47.6914560292115
55.3284014953334
46.5837006675547
49.2146921855091
49.9074866259529
58.9189188475616
51.5563694131711
47.3339293630768
52.9331067713963
47.863205371537
47.8746408020429
44.6436671557054
50.0935150958842
52.4231900474369
49.2039799080752
58.5649675588985
45.5685834951457
51.545907131857
60.3398980190286
62.1980844128132
52.9528812673113
47.8144522656898
53.9902504433406
56.6617685798119
63.1083608090321
50.6513514930109
44.3706316496704
49.615847678346
45.4167555994329
58.3515107929779
55.4222836229685
54.4849394294127
47.1047544328514
44.2498609993362
50.8665407742033
44.7446907326097
54.3746382093051
54.7752483225117
50.634071491016
50.332039744986
51.5558283051231
52.1221530108121
47.6796622712462
51.5060629854284
53.6823351258811
56.036342172959
50.043211076532
51.1771856013208
50.4767435688746
56.6167285478249
56.3061186783586
43.3360844390287
46.0865321154792
43.8084366947257
47.6196241364048
46.1133091888298
49.7914173089419
46.3178595883235
48.7169924912843
52.6708157834455
47.1037705957956
54.2426415337216
50.291487248375
46.5509807079015
47.969257915217
47.7511008280175
52.4303789842699
60.7925635328499
54.0094544840732
49.0145146443283
63.2113043949095
58.0642485041694
48.5912603040683
49.2516468616589
52.7260540746672
50.6159600679343
51.7725907802074
58.0580823062133
44.7818599148354
54.073177284506
53.0038252443085
53.8111332040233
56.7340690084265
47.4462756684532
58.595431082469
58.3546256094549
53.7659345580434
47.5626579121851
48.6571974946525
61.2905676653282
49.5917493601713
51.9699028023366
49.7817786130424
54.5002903179803
46.3466535960234
48.1322262116949
48.4002419609452
49.9178632421628
48.1796014615251
50.1053388885274
45.077903455104
51.6736631062502
44.6497060198142
59.080342441526
44.0164342722456
56.8534884851783
46.7767896120602
46.0798825152218
53.5920028880919
54.0658715515106
49.0449489825511
50.1977648414812
55.5418174896745
58.5713678420531
56.1960907911602
54.2198320859841
52.2476210123067
50.4332211234627
45.1820444629072
51.048766590673
56.4163373566951
50.7918793941291
49.8560220655708
44.5946128864266
52.7009549920416
55.5032726171069
53.1518522894736
52.6361385793765
46.4874397726062
49.7002894600015
46.624930855611
48.1529250064206
53.2861822221727
47.033837018477
60.4696816303497
51.5946224068133
53.0147137606783
52.8109715749084
48.0310081265824
46.8543328759853
57.2494708450819
54.6596793925387
63.268790193337
59.5221723467403
53.2061030234838
67.975957608134
53.3015013034034
55.8665679696586
46.3048373366801
51.5912806189919
55.2763347118508
46.9307586126323
44.6126020604919
53.5767183332154
53.2085628287186
67.860217017423
50.3966730109
49.1746073343735
50.5075230770306
45.0673868526148
60.6985167076355
49.6362434136941
52.1833533887204
53.1757702400212
50.8400232822902
52.5384924524473
55.7078503485613
51.4229206822641
49.7879991104254
46.6091373018707
46.7958201833003
53.7527694715436
55.8644600257026
55.9071082373532
47.6432676995005
49.9024492152743
51.8062073469484
48.2549858071883
49.6282331599648
62.5197121864481
54.3516475523897
58.6943951525091
47.1577788310051
47.6995610712739
54.808416194584
43.6454282964434
53.9878694817489
48.2410849460888
47.2253549023418
54.2222203314724
53.1178003484091
48.9823106605486
47.4879212755012
49.9080382088014
45.5868394611339
52.6641491769581
47.5335600135914
49.0537279869994
49.5522690142685
56.0141886751899
47.6639045608333
48.2536662113404
55.7188628201068
51.6349253255277
44.8687763972968
49.9590254783891
55.8393979397562
49.9314025138126
47.4468101686089
46.6658135693662
50.6051663508585
49.6713690797168
64.2474071179894
52.1866907122793
46.9309359517909
50.4538977683457
58.0016372725253
52.2850181895936
59.4800006461158
58.3079438124357
59.0717083496889
51.1561937628854
45.5520324177168
52.2726563170886
48.034401096885
51.5289619915961
56.9541046405707
52.2714202934529
46.2433854577261
53.766508301744
45.0497901232162
56.7311667756724
46.4917684219444
56.5947459855806
53.2414646484262
53.095304656851
55.6457160101757
50.7358664904761
54.6455583301588
52.3211729316443
55.587309769491
47.4430691688914
48.7341372555066
49.0994201765013
62.6562092171061
48.411316916406
60.0804171487218
47.3794404533057
49.2735375976189
50.6522801008334
50.2873204284397
51.5007493667821
49.5247763774221
50.1731721338739
54.7678229762763
55.5747507552841
53.7684324759091
48.3643420606534
52.0257065992248
53.5297086608525
45.5000280113142
52.2533229822889
47.2843892017928
45.4925558029083
53.0288430016631
46.4718574568556
48.2425447856167
49.2206950847097
55.4347111168997
49.7574661904241
53.7961279621692
49.5929072486056
43.722557075521
53.8552905268679
61.4577830246913
46.7564239894185
52.9837689734235
50.4737359963101
55.092245940405
49.1661033733834
55.8682414735861
51.4723960819261
48.2932230695423
43.9224941245382
45.1007617341173
50.8725304793095
53.9449799982447
52.0444345117947
48.5202931066474
50.9712082029939
53.1476907528886
49.2897571538051
60.47835065176
53.9753361075901
51.614082071851
48.7765886413463
52.0924440939938
50.3149235886718
46.0832918639997
48.9817328546046
46.5428027212196
43.4732824445542
47.5712356211474
49.8050994431669
58.6129197216565
51.3931455397534
46.0840020932632
53.7798999748216
46.948308681692
47.3362178544955
48.3184093067771
49.1858663062073
52.8616032043685
54.0311408940534
59.2151176338329
42.837906782433
55.2317815719272
51.3942712486542
46.3091091403695
52.2729766459874
55.1155620792746
49.5222165516547
52.7729263233463
51.8814700072663
47.5555127481349
49.3743446040393
52.2102124308965
54.8386659910937
51.2843201372627
51.5985583622653
54.7243496217146
51.3960981839453
55.7431726355925
58.283120967324
48.0113330553179
48.5204458757651
45.2478993348037
53.2965789429038
43.1949271789795
55.3702076150946
45.1500650191421
50.1330238106995
48.1620232950441
56.7048422892084
56.5493313370371
48.7763687929917
55.9381183173377
47.5932364196043
53.4481804965104
47.1234929637176
47.9754935019592
51.5207368335715
49.3791362568545
47.2076487951339
56.4922967717731
48.4658952610878
61.2141319008523
51.3983392321657
59.3637948233443
52.1046779707542
47.1799112496827
61.0424644324847
55.1535538836356
58.4791452669621
51.8893792817019
48.4141186401771
47.2413858490585
49.556387453237
47.9831401971572
48.7056959499033
53.5077613220214
65.5137156029042
55.5867731697038
52.5868064418662
48.4009974706949
56.1613898125335
47.0436560825802
54.8999692735841
57.9537536085678
49.9545390148412
48.7578518499105
48.5206901810181
53.4061218109509
50.115088668104
56.5262365808961
48.1845601702545
52.8031119038152
44.9049196890174
56.5330585599411
52.0479797690883
48.5436576466385
53.6196789489534
52.6526056266935
58.5284961989889
51.0982420036187
53.6866840446254
46.8637927821855
55.8257372173045
48.6202297395306
56.8166496291057
50.100542250624
53.9794553819056
47.3347196110541
50.0727631923102
44.5745273054597
46.7410728114845
44.0801324926788
48.2889397422463
47.2887196612749
52.1041026684415
48.2852026168646
47.1910562022056
53.8473652120694
45.2678660829331
50.326008412207
49.9713224771523
50.507523040902
50.6486806075653
49.442331906099
45.0739703716244
52.0275577375497
57.7206997313401
51.862677727142
51.9999503700137
47.1786263708713
51.7799444882755
55.7900067283706
47.9106885644379
49.6776809048169
50.9672748574053
47.2650982206569
56.6284667090185
45.8307487587236
49.8858825835334
55.2545858647852
52.8393376653948
55.8346970748913
61.7344246304032
51.2889462075273
47.5098973364358
50.0215710967551
49.6715240801187
42.5610081728877
51.6591433408728
59.1167058236791
51.6148710580253
48.0845939794765
51.5789936312318
49.9474879259941
44.3584802146593
58.3547108808692
63.289014400941
49.06933302696
51.7322907869531
53.2518061230136
56.2943090731129
51.5981621828845
49.157859743632
47.920588736078
45.0443601808404
52.12201489913
55.3524786436729
53.8119913413924
52.3396750993637
47.7243838269969
53.8439599524887
50.1741291352811
55.0597207153075
43.4024029498841
50.9076306479153
49.1912604461297
45.0896730385124
47.3966477582975
45.8617966080304
49.1653336657796
53.5661814489363
64.0825306204909
53.5355496729817
47.7486604172601
46.3549175332004
54.6456554331845
50.7642746552499
47.2022847310764
45.3162311330572
50.0492786252921
49.3016993393965
56.3374979785424
48.2540811796307
48.9565071908527
50.5363157364691
49.0101849608371
47.3301263933057
48.0369929524854
53.3184005967337
53.2013401197301
57.096530377591
49.436853451737
48.3405699649148
59.7797647203844
49.9504720728054
48.7282971434803
49.5994673489569
46.9199027488175
59.086062549222
47.8422331786029
49.057842395164
55.69740210584
47.7207540448159
60.4415979748729
62.1704023448144
50.7901041013824
47.4238690118179
52.1479372903062
54.9781480795921
52.7772224285217
45.9953184356945
58.1750613089243
52.4626224328793
52.9715733826186
56.7002683154223
44.5745343084441
47.1227417580257
51.9822708135874
58.8590474987624
48.6998940474791
47.292014470558
52.7361619577821
55.4279813557393
52.1179896942795
51.3436323835508
49.4703518885074
51.9583545587358
52.2264368842169
47.9089276957251
52.2544639880446
47.4969957924332
48.3799376979936
46.3942415655386
61.6838327438101
49.8618577545356
51.0767751190432
51.1136698589934
53.2880626006646
58.0012650521873
50.9982819642486
47.798429950041
47.0818428873047
53.4370547373977
52.2723534748721
52.6101424658329
50.8793210924702
56.9920449713039
57.3484803434126
48.0271438501535
53.5211975293857
49.2412172124243
53.5459646336422
43.5323607121411
57.1385422397816
51.3296672947578
47.8296237160269
52.4813491936461
47.0806634861798
50.8331920415018
50.2341230088931
61.2280656506403
47.7099677718531
44.9850334475034
49.0521442075308
50.0103345620635
47.6172151682932
48.435166937207
56.439321840921
48.2285527501722
58.3112439104647
46.0096282123969
49.5370929223356
54.6964753884815
50.7049659575414
48.1318717772319
53.6651048712991
53.4972018888577
48.529688725436
52.2311202435464
51.3812803408554
48.0917688143676
49.7543039990452
52.8095198673162
56.3445928508212
48.383238895828
47.2127307102281
47.0245548263733
47.10265508514
49.6828289165576
51.1142227763729
55.3195575059768
49.3658129448998
55.2022720435866
63.6316099017794
48.268747909203
55.197671834478
47.07765875241
56.6949663817857
47.4866654149714
50.5161435537716
51.2309134142952
48.4285002741546
55.8879359282439
59.7413504950391
49.9404686372958
47.29189662839
54.5895637683815
48.2883933875145
54.4111478895742
46.3088046485063
51.1479913022708
53.6634278180498
52.8273637988614
54.2850413216443
47.5354398203534
46.8025543443094
58.007721394044
53.6815377968224
51.3513683706931
53.5394084140095
47.3306055765879
48.4006682218684
50.9650686100455
54.8844760024147
52.9362459993751
51.6688875490655
49.5220783938299
55.682876862783
49.6686124488184
45.8124145360668
46.1583194723068
52.3378745142397
50.8195936462779
49.8370471073987
48.5106206630128
48.2906242177272
50.6435843001649
46.8753013209908
48.2199989667855
48.8220055479416
51.8151876839313
54.7298681612304
47.2090338442976
60.9767773341794
49.6426185022086
61.8282059829577
51.3429119327366
54.3549268074515
47.1590596007796
52.7019594074808
53.7624182013602
51.9183255937529
55.0793754434364
48.9137867442175
50.6893840615536
46.0879731513452
54.7206040297599
52.7777319415709
46.5298983881781
46.5006277518444
59.5287148243231
55.9777342389999
49.509923388231
50.3456507404523
50.4005608067943
45.2772751385391
61.4221819230034
49.3278391338824
56.7314946922432
57.763372227272
52.4566100100355
48.1935806266062
47.7423126563225
52.3062254081104
47.3694733630977
50.8276844020201
47.6264121183846
60.9721449970764
46.5120757395176
49.5854354907965
50.7674711881334
48.9738893324725
50.0590346959644
46.6792223131317
48.5780725492567
58.4249514153806
48.5249991073508
55.1408346368066
46.8695032213325
48.6636837946628
59.8191814298806
56.7146853384285
50.4357347269009
53.422519767503
58.882910684253
43.5574223724539
46.4923123739138
50.9067326599538
50.8435791603607
50.0302574554837
53.8586699679556
49.255996946861
57.8752989623298
50.3418095271235
54.3847501475334
55.6890680797711
47.8192266414084
48.1391507806304
51.6460212387387
54.4426652389602
51.1606526437394
51.2937115676741
53.9557492116098
46.0264619953192
45.4121989920353
58.6708765774516
54.5703115889052
49.8939945290579
53.7537733002137
47.053413969635
49.0197826465427
47.3823613451983
50.2924200951829
61.9089097841968
58.7714730542621
53.8658347743357
47.6163945672104
49.4857642197163
49.3763604697749
43.5620756798061
53.2740040352317
54.4138904550769
53.2885689549766
48.3650259770866
46.4945348414995
54.6979708954685
51.4166610751885
51.8576810194128
48.6328375510969
52.6663670433935
50.3248099184314
46.2013696364344
48.7011594350123
48.2929965801397
50.776174899139
51.6467694308796
54.0508975944034
48.9175044755482
57.2119148473656
49.2072482843187
51.5822157881759
53.936881686036
47.6470107074135
49.4099704753923
48.6870993264463
47.1252436765101
48.7686824348691
63.8884968743974
48.2701688342129
51.984585007046
51.8958535567735
54.6219525391173
50.0241684832286
53.747371177675
46.9398229764552
56.2941415058515
46.9748795878705
65.7514010120687
50.5675757904047
52.0929900082714
46.0680025943729
49.3133270114308
47.9542179481742
51.8262899590968
48.2509973698769
47.2223264080225
48.2037742090487
46.4396343236596
46.8979071006601
54.3781915723429
49.6203349138291
55.2698143961158
49.940978430301
46.9543136077905
50.573286918011
57.2747129686634
48.1749417436216
53.2185507228558
52.2228075997126
51.2583865935532
45.4061159095711
49.3877621433167
51.2253992160794
45.1676173065844
55.1255627881673
51.9916856896009
53.132640335895
52.4992856494526
58.1832621232258
52.345672676075
51.741801170896
54.5745812059538
49.6621743015247
49.1390993364681
50.2361093039532
49.7950483560283
48.8387135202189
53.8311295791461
51.2612346177892
54.5852826907726
48.6544178752385
47.161006061079
46.946044747604
50.7944091824233
50.9845229876332
44.8569024008889
49.03636864108
53.2899562455656
54.1956468485713
50.4934404150425
47.0117095918363
45.5374069281229
46.785465129858
46.6426785906964
53.6113228169451
50.3175643112636
52.7842654064625
48.6201218686394
56.6153539411929
45.8296249151414
43.9638348004026
53.6149692359604
47.6855673951965
44.9983569613934
49.5047652851184
55.2004358869088
48.9280220419261
49.2801672087553
48.4453065771768
60.086473902669
50.8424931186396
51.0355494003752
54.7780148194966
55.4378755989208
55.4873214904501
50.0498784138082
57.0994640861501
51.6714649067659
50.117719595439
54.8663360732447
54.5509761170685
55.3661384422908
44.9117172251369
48.8950562612456
55.3985905696111
53.1881476048189
49.3555109110348
50.545889237416
64.1906422742014
53.7168308466426
50.450671833871
45.8502613457815
49.0552182972146
53.2966721803404
51.1619997498821
46.3890354579613
51.7042642725783
45.9538134328799
44.0096230977896
54.957428964818
47.887585605322
48.015352834258
47.1994938103479
49.9678411415087
48.2837225931436
54.6559988754731
48.7431024904453
52.7708780426775
48.2945121133982
58.2084612735519
52.3853813478133
47.6307589286596
48.2883708607467
50.012930030102
56.1871641371448
50.0105523732888
55.3051939152905
54.5065168682909
51.7397758017182
52.8196355157567
48.2907042666931
44.8597694756368
50.8519160360727
48.6928308763307
48.394134828564
62.1106280679265
63.7831925654426
43.3313203625603
47.1024784732288
62.3362552748296
47.8762607303532
48.2547996426836
48.9377727880808
50.2992512684671
47.4634739067204
50.8319152389156
54.0513244561123
55.1814305451305
52.8955981257918
48.8156327722146
53.6002338586629
48.7520621216774
43.9801060082321
59.432644517393
51.8731811021395
51.4171746430431
52.2174273078628
46.9590311823502
48.9418627026335
44.3398428334124
50.832544653226
52.749194480422
56.7461600649186
50.7503702037759
51.6813722126532
55.2658585098913
52.4475172896486
44.7819854494011
52.2162583031974
55.8317745909533
55.0405714328136
50.8589839933854
48.6925421307335
46.544325864573
56.2421034552012
48.91384024745
54.8173009992916
51.2969171753672
48.4243612535227
45.3441848852765
53.1642270182909
47.7792151088504
56.2532628237213
47.9266809362608
51.2088494435821
55.2707332658305
52.7071588278311
54.3345240643277
52.4792172511178
69.2159110076584
63.0347530206194
56.1641982590915
49.3389178224429
53.4084283244866
51.6817863937023
47.3669806941462
54.0701522983455
50.8918486886816
49.6608396467048
43.669487117275
45.389755529091
53.7974002799061
47.5560784477767
45.1532916506794
54.3631264970575
48.1612986476715
47.5967631463265
55.5077456511298
47.7433185152309
55.0556689771366
52.3966331460615
45.2218308424657
61.541895506463
50.0584131963195
53.1932987880048
52.5737853071731
45.6712280616306
48.4048699723267
58.3532666653158
45.6607928155092
52.6410674791062
50.3103018379837
48.0356523571018
52.6622869966515
54.9094128211376
50.8135435434722
42.3202989187658
48.1470268208233
55.4519404296724
47.1477587582989
48.0803648145505
51.9457205570505
45.9557205714352
49.5057224197274
47.5280097610575
52.9479947662709
53.5283524538038
66.4202890650126
53.6158075091088
50.6067683532734
57.5037840206834
53.484280437631
58.6152552776356
45.7337520888261
56.8602320367371
45.5350998026222
49.7140702202094
45.475767772249
57.0035119037535
46.0150605279976
50.4456103687755
48.8186550836113
46.9759700559244
48.2775691543207
54.2239031555319
49.727433575194
67.5541902887875
55.6747081522545
48.270937076091
54.7097024526919
49.7392314633334
48.6729208465146
47.0964142812036
52.7929187545182
47.2514265962751
47.2711950976385
54.2668206852005
48.3256127756546
44.2487168530503
51.285100492917
48.9565794398219
49.2223592566882
61.3163452345607
58.4483164248484
48.0444608336837
46.2870068734077
58.7761104277294
52.5406633054326
45.3058173594078
47.6623149633471
46.6129953564988
53.7068012000822
63.9640501922957
55.8094467375594
46.4856579149989
50.2604444074179
43.3063768004828
61.0761329250373
62.7084268602966
62.1096319644281
56.671307307596
59.9968500142984
54.2470156975433
47.6663750817557
46.5232940417221
60.161234671888
56.6186864657023
59.3231300747009
49.1736050885677
51.5853304844977
55.3098209538204
49.6067712071435
47.2156843241954
50.4565214422036
53.1620421439299
55.5523936338134
45.3735948365296
47.7753852862629
59.4828593512751
56.8515818757749
47.0538072012136
47.588935588527
58.1397494361942
52.7806040631167
51.8335423503074
49.6539912698495
52.1714357021444
50.0122488019391
44.1063216207679
45.0509771784307
50.0805070503293
51.8392667644304
49.5847838153346
53.7951806879378
56.425247961187
49.864987276112
48.418941428702
55.2465956928218
54.4754276849894
48.3403065023228
54.4772187107201
50.2692499678481
55.4405860023559
52.4332024275563
52.9845725385926
52.1168242405846
48.1041396162319
58.5097929512027
53.2698833477036
53.4769010987721
55.8799668059732
49.3676311544972
48.1800024226112
49.8116428443111
53.9196348128698
46.6093089999434
46.7342448015643
48.0447049744315
52.5028801801428
53.2955146568935
56.1671673875362
47.7455548693713
46.0661319821975
48.5546346462924
52.3170131465715
51.6186629164286
55.8431172884023
58.2034774327748
50.6012627670318
45.6333532043326
54.7996215844659
54.1202434702116
48.0277849936566
50.9393335034543
45.6543086009858
50.8461268359429
55.5337470382928
47.7853800710902
46.6297407800697
57.3056100241074
59.8363092478982
52.9517740676378
53.6757638704819
52.0000828416582
49.5244314963136
56.3031119224615
54.7926038627753
49.3914927639677
52.4389459159323
45.6550257744902
51.105317506071
59.4803364011507
54.8149424161115
52.5219134548329
55.0384124212417
47.5527061121803
49.7787650280693
47.3690570775907
47.7257333293862
49.9972094337798
48.4773344729538
46.6385491059195
56.0386259677097
54.1080550718516
48.3105285931351
50.3751245389052
53.6522072059017
45.5156159320538
50.8835739732142
44.9591669918401
47.3915592737522
48.7798053330972
51.446727362507
57.1128141151205
45.701477628309
44.368961905387
54.5884523827963
54.7564142237391
48.8164414243236
48.3216288186698
50.2277032205085
50.8178908023479
55.18078246717
54.007278759804
50.0351878670228
46.4167609080528
50.5106549429559
46.2368668803136
49.9384390067062
48.7193017998616
47.8810481540913
49.181690675002
60.0527484200879
50.8499487611963
54.9985211873517
47.1801391844518
51.6847004496436
53.8679999122993
53.9310143856643
55.2517250613806
46.706072495236
50.304300766594
51.851177506674
46.354283632364
52.4386168399927
60.7583577401678
47.8129425797583
53.0140319639955
54.2469821354352
64.3578103658194
49.2895692612224
47.6966407847763
49.8509070926643
53.6643135304027
49.3191950907232
49.15188956391
49.9210288082527
49.1599490817726
45.8048090137453
57.0184049043383
54.0802891624667
57.8261717507752
58.1741867923411
52.5503149953227
47.2225722280947
47.6272019657994
48.1245367682985
52.2213757681666
52.3110065070394
52.1007425169288
53.6704420347866
47.6100069582143
54.7650198463115
48.0472973841855
50.5454245371315
48.6384440886516
47.1638656682353
47.0174133366373
53.0962465450164
52.65798666911
50.1369639758869
57.2481326872073
54.4804606151976
48.5128044041981
47.6546874283196
49.828052820567
55.8629799775759
52.2010485159116
49.6408008203819
51.7623653388296
58.0695987741102
51.5895108680644
49.8645086166831
52.8352887422065
54.6136901203529
54.9302457473093
46.7574661388425
54.0806356948184
50.2633052066522
48.5172247680207
51.0333836634333
51.9444641795902
54.4053097557821
54.1168789696598
48.8152896581222
50.4169697119263
47.0277978423576
44.93863516795
49.2443161551426
49.8005913121856
48.990264830835
54.4167746354559
48.9553528003747
46.8393854113101
52.3665872301996
48.3669988294144
52.1259408099834
53.4371747629552
50.3414386610363
48.0138907150528
66.7677999079234
57.7901408116733
44.686376667716
57.4325460894429
50.7829394967257
50.9226036270228
54.9769671122648
49.9436507218169
47.3543478014057
55.2616455283026
52.9071679460784
48.5025339405171
53.0204042965727
51.548884962634
49.3191936495211
45.081830464841
53.7441064576923
48.3793432538709
52.8913488032616
45.1516214732044
66.7732444209441
63.0915316622734
50.096291548522
46.8474482258667
63.9081666526362
49.1668287242185
48.2843739305659
52.6719583715069
51.8453232041193
54.4195874315137
47.9864423015183
55.6232929222978
57.3098897943651
49.4402354723626
50.6952562091104
54.2704717724853
54.0074368471665
45.9615377488787
45.2729355307451
55.3860882687425
52.03837363169
49.133999700766
51.8239312743357
48.3689721882511
52.634916394553
54.1615224101965
56.8297189123122
53.3617186626789
51.6527913382269
58.0011215824894
47.3132526490928
49.6909274508335
53.9709394694226
50.0206480107569
53.2217875672595
45.1659178288048
67.1665789270003
50.4668407918634
58.5927805004421
58.323861392219
45.0659035116413
47.3171517640271
47.469183378667
49.7584134745238
45.3415047219709
52.7999334382007
50.7560511584293
55.3442596537083
58.1118889329004
58.7333320655905
42.8683140078427
54.5114006446918
50.6376582177557
48.1072950175108
48.7633060764883
46.8228042932048
55.1231501644125
51.0984668897084
56.6203433766795
46.1661368892128
52.8404999490219
51.2484418475634
47.6219373504305
49.47112621587
51.7901136966104
46.5959510515912
52.8550175663625
51.6555980804453
52.3128634495909
49.316343781296
47.9962703771589
49.8593390338447
46.2744368198851
53.9117018419253
48.5318145905064
51.2686405909478
45.8081564450756
71.7849086793551
48.7890961926428
53.7226743935013
52.3042822968097
52.1618029290638
54.6931836789689
50.016614156499
53.3492477759231
47.6796803458205
55.9337529020597
60.2186718220465
57.112642490515
49.1050235325258
57.4377969649248
49.0069530491238
48.5995738155694
55.5318513738936
47.06567034269
47.9397086950689
52.7654117013209
51.7381758400739
49.8792881116966
53.4014005408829
46.7560137622643
46.8228933348886
43.054658586459
50.7149631916864
50.7701002819023
55.1449492658341
50.4011840907166
46.5154560644614
58.456134202643
52.8245572907355
47.706371490986
58.795371455346
45.4081895973585
53.5959274201551
54.5460776395122
57.1635800710216
45.6041215496755
53.515951715379
54.9315208335936
61.1839868303861
49.8298351469459
48.2964704108187
48.1478497937775
46.8428335483719
45.5927622794294
48.5665857918144
49.8044499388335
47.8322735307098
49.6189279991215
47.955796147542
50.5274295802231
50.1933478887971
55.1668749084814
52.5234133396567
45.51484253045
45.064929864547
58.2001058182667
50.8114257731315
45.0587717990072
49.4919876388629
52.0948392834125
61.5311532196738
45.7861459471421
54.7400160060201
53.1375755002931
52.2254000103134
57.052494148139
49.3486222249759
52.7226023846577
49.5459557268996
51.3368813574284
50.8024082670515
46.0298735892446
46.3244801283129
58.2005188245755
56.206181085019
53.564279597751
50.22457610396
52.8431041087889
51.0134572560689
49.9782759782015
53.1428472796203
59.4937729338382
51.4953342101273
45.4110777801856
55.8667900736498
59.9930735567504
50.2808204801162
51.6775859251972
50.2221567559293
50.7197589426878
53.5177550318223
56.321745422766
47.283829149893
48.9474346523414
46.8567389097206
48.0360143254503
62.9660685107361
61.9141720395994
48.4514241054416
50.575961210032
47.3743716856625
50.797351276915
48.7942336114277
51.3913520042163
54.8953421600631
50.5236655070218
51.9551151940358
57.5006301523177
47.8581633111159
50.5271200025156
49.635819328891
60.1306299342132
56.5795966412567
48.9954293786176
47.5087699736481
52.7312257740403
58.4451502796951
47.2974897534779
54.6924734385894
46.133315137112
57.05507297588
47.8812965508581
44.8478284101017
46.4759425662854
49.2849229408513
62.4399291539454
52.4899357576129
56.132461281646
53.3317743000394
47.8292577312474
47.8678927580526
50.7546831697123
46.938811436999
49.9488428581845
51.3183881527477
50.7005949854389
44.5086224365594
51.087434150916
54.0577261773698
45.5037726620108
53.2576548760128
49.4998945227001
48.9685423734895
51.2861700029277
48.3636840524438
49.3820226299149
59.9220054092653
46.9824057063196
52.0079186757021
51.7519465639518
47.3611467892432
58.7815429018175
50.4239987962861
53.073888991436
55.8812451031505
49.0810642656975
52.8573847526409
53.0898577547204
52.1942571266688
47.1497148045727
54.2833073142535
51.8600595389168
48.2018748044553
43.6434076572276
42.7515268558662
47.4171277928582
48.2825453572281
49.6214512298737
49.9056223900887
48.995464983641
62.6550151842947
46.9325223939788
46.9566151024436
50.9469234918361
50.774858682244
61.2424500996078
46.3392976897828
53.6858364803166
46.4258077152222
53.7562188751442
49.0888247136622
51.3416898249694
48.6837944882628
46.8137910615346
55.7674852342006
47.2305111113354
50.3627603436687
51.5861692894394
50.3857317456894
50.5048564543539
58.361786897421
55.1142197120494
49.6176506911559
49.7238596926147
54.9746543246401
49.0295306680752
47.7775822570637
57.2239842688342
47.462624838622
50.7740831406645
51.3413182157342
47.651203886096
48.3284399093077
56.8686821930824
50.4029797203274
50.8907415595704
54.993189909691
47.8634571614238
47.3999476755069
51.9248165033998
51.0547075561933
46.7269150058497
59.3313450258322
48.7085697792765
49.814314357672
55.3520041949366
50.6172813659051
46.737865280057
54.7624984575408
54.5043923284831
54.4368029682485
51.3168991230617
48.9840930172206
56.1480441009632
49.5370498586542
47.8587633970672
49.7662824548392
43.1931383318014
50.1003342827247
49.8297071948401
50.6210383664444
53.8768451813741
54.4410559997174
44.440907994506
50.4117221352551
52.334744251009
47.6335512630697
50.1738282527327
52.0234344413189
47.7238583888017
51.0992501149804
50.2955630529332
51.4987069220032
49.1767792902881
60.805274578038
53.0687537775098
45.3412327243899
45.262171269905
48.6424723636895
62.0311174355075
48.5895149859331
56.4507573148108
54.8540824397911
54.9003776347523
45.8622644643644
47.6120959316856
50.3718181141212
49.0649289986726
52.816456032943
57.5820342969405
46.4305811122587
45.2739155513184
51.0324984911489
49.7132573853614
58.7517064654322
49.3737351701528
61.2411655501746
50.9325454999766
53.972497909696
52.4881047163176
61.438014467608
50.0271281494061
50.6565156546342
64.4834722318524
52.3681210450212
50.7024013118866
50.2252415758602
48.8372113581393
45.932059800311
51.6190586510581
45.7206588972444
54.4370718704622
67.9076059938318
52.0814141593544
54.0418083007563
52.7951085749452
53.7147019971599
49.5312972372221
57.7369694642254
62.8052626504641
51.3170178527381
58.6453969373104
49.5922041476171
46.8107592253132
47.5572792025449
52.5914494582262
45.6597793291375
48.453272844613
58.2490584875307
49.154907680092
43.0115007066242
53.1144881526897
49.5560190415654
50.0794667750047
51.0064163885491
57.0966459055895
53.9585985724957
48.615601685297
52.2636736125308
50.1223382636834
48.6409334011671
57.3032426923827
51.5001979050377
48.9914833654069
56.1971946460206
47.031044083814
53.6441089242834
46.3604736890539
49.754017668658
55.016027455889
48.8932921714651
48.4325630596726
48.1294292743638
56.7434664744505
55.8840196942214
59.5261419861462
47.3799547501434
45.6320944477769
53.5330058375224
44.5580929091255
44.7583651771795
54.5266132863419
46.7757572499919
53.0785803591343
53.1919290981018
47.1777420909609
47.342746254041
45.262689881585
52.0262496737148
49.1299592282565
47.3653860870955
46.3880908933332
47.5084825926801
49.9118009311392
53.0544390254979
53.8839491975179
49.2680633768802
49.7662881413171
50.5502958577503
52.5156210988788
53.5088760369115
53.7890043351815
53.6522385192707
52.9773631039256
58.0466914607134
68.784693724492
58.3794161309138
53.6499092994266
50.4978410290539
48.8016212882975
54.7508684765361
45.1075812508589
49.1900899080763
54.0915217525187
46.1809207489963
50.2974293731732
51.325533979152
53.5853804260516
51.6499764902899
48.9135108192608
48.8707747539887
46.9565613271862
45.6492040807734
50.2737756889092
46.0831740921422
46.6162378921549
52.753170483125
47.8060694423935
56.6112473620318
43.8893449788364
43.1097257439437
50.7090994492602
48.8249322846951
60.0797753435523
56.0430635704535
53.385262583553
54.6237911918031
57.5859851537383
49.6991187688457
55.5163702602996
43.1090247596845
50.0471583022456
55.2781395527027
44.2656638717815
48.4764706142412
60.4567551874813
51.8848512487412
49.2565629807472
62.5615562371635
62.8131033863823
48.6608645443979
48.7656797699048
48.4801417220263
49.3993541509177
48.0483562071373
59.7802589645342
47.8240447845985
47.4294151719519
49.0512845857779
53.7008232556517
51.8360396557992
48.1324985432841
46.1358887507154
54.1419333467891
54.4020999194016
52.0341741662145
46.8097248838271
52.4412007718343
53.6864787486646
44.9486433826275
46.3619434006385
51.8694994625039
51.5506233037512
54.7079731722546
48.7078497040878
56.0558629115973
55.1845365772949
47.7354844683965
52.1802251220132
51.7216588641741
51.0956150864117
45.2321051807841
49.2588849975776
54.8238451072893
50.1465496843936
48.8507737171394
50.3448907809048
60.2926966237272
59.0097083477313
44.9675841845087
53.0256379212512
51.8737103443312
49.922843124113
57.6096601944879
53.1153063796906
46.6802799247519
49.4888669334198
55.8087180826403
46.7110128833075
49.1741186529784
50.5114937915595
45.3869152629396
53.6338449327133
48.1671149582835
48.1782206954958
45.102730863905
49.6559635016747
53.9271573986715
48.1760084430548
47.2473865813124
49.1085281352038
55.7777445418058
52.6370916754535
48.7808587210076
48.57733155783
49.886984460925
56.410496924305
52.8083616956608
51.8293911853858
46.1350453151768
55.3062460778694
47.3918356764602
48.8706622213441
61.5964151951636
48.4142939134259
48.3143991374629
52.1781083401217
50.7685038563546
49.1719039481361
43.3116816797253
52.0443650552847
54.6284495018207
51.3222838831529
47.2577351261147
44.4840355109386
51.615957559022
50.1863312214785
46.7299053162403
48.1375323163451
52.1991113355149
50.9125598688825
47.5727426284743
49.0091233694724
54.305322681571
49.2516177004764
64.8123597459135
55.4552512866792
47.2762784591834
51.1120077942692
51.9064627044558
49.3615552048222
58.4938999419411
48.1399351495231
52.9519803811798
49.4287199191823
53.0984960694618
50.1157294091413
47.1421474772255
57.2907019073206
46.8545883751193
50.1902773260487
48.3473312412813
48.8534062545543
50.8115299470398
43.9959497524413
50.3786268364934
48.4271147817981
48.3315423232339
47.2992921745166
52.7507587043228
45.8708443613591
54.6266181382738
66.5457721643596
50.8986214120108
54.0601186018325
52.9452962650917
51.3270225876067
53.9146572857014
54.6364961539648
50.2046738796708
49.7357126285121
45.5506679916786
49.0413874560374
48.1182690928777
49.4816479447434
53.5541659619858
48.9412883627613
57.0674888479162
51.1077705755549
55.371519269266
50.9252465328122
54.662839487343
55.4289664236279
49.3798426863465
46.7426851438492
53.1573287293487
49.6667953905081
50.3303508884354
50.3372539161118
50.7723295367251
46.8882942322678
47.1822931131795
56.7866325451035
52.8013132922679
50.2942200233009
49.8138846816011
54.7744711523322
54.2292443379853
51.39750881767
55.1197718303765
59.8294781826654
55.6604071995278
54.4383879551276
53.0416625726249
46.3132983850397
54.0799198005054
49.3160495216933
54.3174636130318
53.3625663068855
47.0807063417178
50.4097784476424
45.6389827386009
52.2318523057639
47.1139679629074
45.39561814263
47.3849283109536
61.0912860063324
46.0984835235344
50.3205379532881
52.0104286636599
50.3804204284434
56.4438165365869
50.9000993779378
49.4534488710379
44.6154735659417
48.1559837551331
48.1873401487702
58.0138933271215
54.0855877675437
50.7327008846815
51.1031755161815
46.7137883470119
49.7019348366139
50.0700474263119
48.3495196699097
44.9987191152076
48.9266057905573
45.8288281160087
50.4528285822588
55.2234689526808
56.4033692569061
57.4246570644846
50.1759175803221
50.6964920311022
52.5441861248536
48.2112369854674
53.7309457588225
53.4684215423822
52.9967515403264
49.25657055031
46.096573344064
46.8013080238752
55.496574197868
50.4340240490569
54.1352731076702
51.3773159698676
55.0944519526181
53.8582831794433
55.5679327496683
60.7750969805462
50.2892146881879
50.1868156855736
48.6550164518753
44.4729873822567
54.4589207851498
53.3811202685583
52.4895239504215
51.3451743433794
50.6815586440756
46.4073352360886
55.0522287830417
52.5987151460136
50.2544867557791
52.4549562713009
55.6781103858314
46.9967237036168
47.4578537067252
52.2673772712636
54.9113571975629
51.9473606025413
58.2543398683245
49.9969997975076
46.0477228999626
46.1825216070459
54.380639907625
53.7486690603499
51.9063636233071
47.4996648272431
47.2132200150858
47.0044205451358
50.5286217988976
51.6623397011858
50.7841142244193
52.687127741359
48.7496679816336
49.68230879679
49.5993382285455
48.9887417764762
47.2251365813955
52.1330284455495
54.2514606325694
49.6614929465428
51.7198220089682
49.0156843130455
47.9566476751984
58.7056761335883
45.0954663612753
49.3611215156152
44.8277555239131
49.7437645315308
55.3520358872297
44.6960619179102
44.768069673168
48.8580965079095
51.8891046974331
43.9111092141946
56.4272275810182
50.1947171955135
47.1670371266949
55.3081797358003
49.300536984531
46.3887384971803
49.6927699596994
47.8984937130719
46.5443133088066
52.2893582154313
50.0982695871676
62.3246462778975
53.0220694946454
48.4379577453255
52.6433213772236
51.793589561976
59.1433023065717
50.0626289695789
51.1233648418139
52.7094924500839
47.4036965858241
45.9337593580356
50.1637031271335
46.4389394375645
75.9950050754625
50.2925994346375
52.066917985685
48.0784741506124
56.3725591726783
48.2496098822927
50.3158493665299
44.1367760950037
50.2228656603506
53.4701630534728
56.0001552770941
49.3857762248195
53.4452842585851
46.6539344072037
48.6205184197536
56.8072059694082
46.0972839778756
46.0909505684256
52.4083287503922
54.5531616964831
46.7927320811849
53.0571775700705
53.1503781544699
46.3707400781979
58.9726856429863
55.1526472682744
47.8607213369328
45.1941125988386
48.7105626530345
48.5985209236371
47.1339852051678
56.815562718363
57.7893423524658
47.9274620905767
47.2551130081522
51.6054503705338
44.2718229683397
63.2622083710465
53.4950117686595
52.5245153326281
49.3977980889238
50.6680013624908
60.9920553015204
47.492944998199
43.4562764337481
55.1496250685345
49.4734459952324
42.91547636962
44.983753136513
55.3745701400328
55.3993369430928
59.3323930761896
50.754865591172
47.1579751745923
49.554446377911
47.6172773945226
51.9239067980552
44.4656967426596
57.2531250520622
55.3321739248864
51.8453110690627
46.2899194782013
56.6704826739386
48.6630060435008
49.0234269857137
54.7455136839928
54.9930684824243
46.3108832222242
48.4271747231009
47.836062188153
44.9434883232576
50.0060439752573
49.9880378354172
59.8854068180644
45.1870313292379
51.8974743230771
52.3336608330092
48.8429207023172
54.3209342269938
55.0780114717191
53.250358715824
49.8201373782859
50.9755930302669
48.5122591298894
47.6538932070482
50.3000129818895
53.2131538303903
53.2104560036171
71.9652845542058
52.9305289523611
49.3924354440681
44.6396106196188
52.4016272576912
51.4196061773801
56.1923129296595
51.6311265812111
49.9565895988823
46.7727802856539
51.6004190549034
50.5530639151363
52.4061206970168
49.2690521466638
51.2157518689401
50.408654973106
46.96012487394
49.465669175164
54.5619067804247
55.6443662093834
49.6517152908121
52.8777866649849
53.6992385780131
48.604972229104
52.2121649852417
50.1544278915039
62.2803613115897
50.5803148807888
51.0966311716954
51.941134427499
49.7514456258837
51.7191908742987
47.2196785041024
46.1049484450928
51.0406563966152
60.8399591779951
49.0350188288871
47.7028672000706
53.7953525421586
48.8369087332931
44.8099293099315
50.3399388060875
53.1065888676743
48.0670440275724
53.0366441644678
50.152164449823
52.8065576213224
45.8278569823947
49.0104711138961
55.908375614008
47.5199060020396
45.0606719181831
50.1710440031071
47.7491945919194
49.817439318083
49.3334001873028
51.7640656579422
48.6352056091852
48.0507020252119
45.5533814461926
53.730461132203
49.6940185216744
54.6764573897965
54.4320311025689
51.4765655726442
45.1279476063493
57.8622240200408
53.458515117584
55.6434315842506
53.3952522649591
49.0436028300653
54.2766880932681
52.2065371780928
56.8360467578858
47.2615939331513
53.2209104865554
52.6365646257236
49.7958000649104
49.8108090773572
53.432950785834
54.3156508328201
47.7184668623982
48.8002968157307
49.5571484876761
50.9756459628537
56.4089192030952
63.0825516781533
49.0190146563548
52.4894707345343
50.2425353093142
51.7900783297364
48.7676069891599
52.2978859258162
56.9180671618684
54.3963374883813
53.7696945932293
52.0866457878785
55.0571810967298
53.0762401207094
46.572795238723
47.9537403655482
51.444432788443
50.2865606062001
57.944580837058
45.6892041972911
52.2930875539053
49.9112342574509
54.4693952015794
50.8435509007984
48.0327530278984
46.2073436206772
56.9266781755218
55.0334402309524
46.169756898267
50.0673675933983
56.3440185612643
44.8399178205113
51.0638492260056
46.6598389857672
48.4940765502204
60.5566421203843
51.2109255862296
55.9807089570358
47.5128280292279
54.8755889158155
50.3403814491174
49.2496811562951
50.6122566625589
44.0250920424321
50.9350680097257
56.8065739979972
47.0748943699481
59.6371978795736
48.4442009136571
56.1689799644117
56.8241603656787
53.1911681610417
53.7290972877775
51.7369345446307
48.0272799617587
49.2357700791018
55.6439404439629
46.4695198906646
44.7592554387398
52.6437245287701
46.7675309005717
61.152408491598
53.9285220629586
50.4236174421253
47.6307182542431
48.4409346472904
49.6139502166161
50.4656413142974
45.0909882329791
57.9194619860888
46.7239988094692
51.7797885952704
43.8358415687058
51.5411767129386
53.5057628009009
52.0817760368939
56.9407144646417
46.9488073590963
48.4136584995436
55.0768173848171
48.8685245557668
49.944017718792
57.4816174240974
49.9632757169939
51.4054469548825
48.8103877906736
55.2150538882978
47.426797295369
50.5854926985801
49.4915103885722
52.1636899176657
56.91852191834
50.2787683880523
54.7856982889708
54.579968415239
52.4020037099886
59.0910392036295
46.3065480008127
44.8903349432889
59.139857589882
55.173966466686
46.1018485382898
51.064185688154
47.4209727766208
53.2886638268575
52.6605395907784
48.9615447923178
59.6703955657806
51.5347305274526
58.723301611787
54.7637737671532
53.4351779536567
49.6288114582909
50.0473330414037
48.3606622673676
53.8224410045431
55.5133251983965
50.8771794901863
55.1670041965529
47.6714285748367
53.8020362682508
50.7840214463251
43.8824089299456
49.9490577220835
47.0081688427985
52.870065778465
50.0505898794227
47.4050672199139
53.6306777999951
49.2185234330373
50.7798099884859
51.3406948923647
56.5753344187543
48.0889094496622
49.2127843521663
46.8167058582048
48.2108853559082
49.825135546948
56.1644287003839
47.4585264867125
52.1899238724879
52.3496854807357
46.9775706927946
46.9704443886627
47.3218453980434
50.6453431368571
47.4962081325519
50.0923834318308
45.7126901578613
51.8749252836572
47.713071080268
51.2365111325279
46.2029581286129
49.4988836281729
46.9763749041231
56.1968335349221
45.3384984320727
48.2644297490994
55.3466803778531
49.3449020082875
50.9444043557337
47.0297084152271
57.0258429335253
48.5470106478794
50.0431746937022
48.601670916181
60.5645904320296
44.9400743326768
52.4421938971591
55.7051770520795
48.7453747525412
45.3781315421303
57.0236706795096
47.3698548183511
54.5665875304689
58.4876557325842
52.4158194088789
51.0100126866518
53.2085417384812
52.3854512639395
43.0372710815223
56.1863425319332
49.6978010309751
48.8625451502348
49.8248887268328
46.1017731188095
56.4781153554453
51.0487552338099
49.6019157144585
51.6552919378686
47.7678640347786
47.2397519069064
44.9223804352798
62.2459107309363
54.59035005153
56.150074171579
49.2927209676523
52.598408739453
47.4530591338427
44.3468226379194
48.3064028061884
58.3578666941939
47.1685768610945
46.4204232152267
58.6525263006982
58.0200647250872
64.0446159137317
52.3385529713255
53.799422421125
49.3372506224355
51.0669262573641
50.889031034976
51.506814360567
52.3964674233362
45.3846356354273
54.7381304392039
51.6622842446071
51.8241022597974
48.1496132715345
53.7423009115919
49.7903973944162
56.2047174133352
56.7067583378813
50.59177547567
52.1475575592777
59.1655978453215
47.3188074179303
52.1866647597837
50.3558459610481
45.1323746332242
51.0572134970282
55.776912143101
56.4098261403524
55.8326926304041
55.9486130595962
46.3293871522523
48.4334786528583
47.4000840183875
61.4472533725652
62.4138502037145
49.0319679249365
48.2817864920743
44.3763529797416
56.8916501438894
48.2181222382888
49.4088977164639
48.579323283193
45.0594855867597
48.6601253136318
50.5627509412258
53.4621017920749
56.8144826508504
53.896915114318
59.1507949974045
49.2761907957668
53.0659434775127
51.62751351534
53.232555303879
45.8551067585442
47.4827119035927
49.1815890103707
51.837779828534
47.834790020273
50.4703315219864
46.9993993446516
48.9255131936287
49.2371794502018
54.0624846741356
56.0429221941158
45.7231067622543
56.9646728583746
50.7695207793669
46.2219511836811
52.8972569751646
49.7970402779472
49.8172770318822
48.8238543193528
47.7626696253191
56.2467437944927
49.8245421350372
49.3739091572346
51.8127113302514
49.6065441642276
56.5871931850347
55.2678464391566
46.3831748937475
55.0078144048176
52.86616353764
45.4758025630366
46.1506988678805
52.57550778084
46.9676138299423
51.658691850519
56.3768449619319
50.1586324007665
44.6245328267079
54.6320342145683
52.2697474413098
51.8432732526304
47.7875727757735
49.3514000378622
59.9036554068924
59.9788134519531
44.6539911657677
52.9529847763046
53.4330505730667
50.6355753364195
47.689725650737
50.695795490713
50.864315687964
45.9871341418982
46.4584415586578
53.6190448794938
50.5016913357392
50.7034831187779
48.7220074833894
47.1792003907676
48.8620353750736
56.8531639727609
52.7353456577799
51.4637963896288
47.2179798074443
50.0496452105089
46.4365607117972
49.859014488442
52.2516079839245
54.0222637466788
56.970842453872
56.3822686722326
51.5238798357395
47.0742600666477
45.4905706835179
47.5656024665455
55.4958357569498
49.2314207056442
54.6751637643005
44.8526244383488
55.5504088159501
47.5127615046279
49.0104576779
49.7711949766762
48.3090106934718
54.6055088528601
48.4649465136296
47.0911978441598
47.6299750018494
49.3687548088581
48.0232346349117
48.9616176594876
51.9708409583507
46.4405090642267
54.2397686546044
50.3740654023456
46.1251750814863
47.9787277468558
56.3353391491528
51.8202979442137
53.3020302272228
46.2524210238922
56.0392026988154
49.9868437047684
51.9745856480687
49.8949235381132
54.3269857262413
57.6119357075862
53.6612671872374
50.8002991957773
52.2691526715627
46.860420235284
50.9042428295571
52.3555227788031
49.6867394815198
47.4345489049606
51.1131145899472
59.110663784512
48.7876077406306
45.0602199881144
47.0499073228412
46.0173725542623
51.6278635472523
52.1340349974812
47.1282860526913
54.0843125378776
50.7517948958624
45.6263687075511
55.130622330147
44.6486051403925
50.9625508345741
50.0279608302382
43.9565678560373
49.6685739215343
49.2674636057068
45.2556837221327
51.2560850629019
49.823585114691
48.3530377787537
49.7337931330243
48.2060246745804
51.4295747589439
47.5630714289194
47.8310915220624
48.5015869356157
54.9577280243283
49.79030046074
46.2131237681801
44.7697459272677
52.1999054527863
48.672339187796
47.8522763768487
62.3042577221832
57.3303468927644
48.7253815609542
62.9535862895485
48.9071282738508
50.2772201732429
59.7852919153295
52.6615830323176
63.1764579661259
56.9729269739988
48.849597813287
51.6401921227427
57.1740332801889
48.8202337108753
50.0334015580014
59.9967224665381
51.782541940826
49.7203534220129
54.7497328048372
51.2359254757382
48.3675587773587
50.9094691933665
54.2636901994598
49.6519846603398
52.9982488721607
53.6223397283419
57.5863363992571
55.7148845920777
46.8923693731461
53.3350998481822
48.6825438306843
55.2416099492456
53.9066551047704
61.700068051275
53.6722670829309
58.0660995213961
50.5070903535798
55.5902489193215
50.7203573810321
48.5349190269096
55.7652988008875
53.4437488265104
57.284296613018
46.2820279127856
47.8206355023235
47.9382857009508
55.2535972389088
52.3736756486977
45.5774783019671
64.119083896575
61.961371550816
54.5926244175781
45.5451124604861
56.9802490544766
56.7428592236603
45.7462416292968
51.020292437177
50.2075971973334
56.2899028084989
49.6616969644017
50.4889236749034
52.8844064131874
44.406649183649
54.1599321184756
47.8937682364474
65.0730019563627
49.3983309252944
51.5192515234098
51.3735041200813
51.6009176556014
57.6480084467366
53.6521375108137
57.3060634425889
47.0630203259144
47.733796636388
46.1782842596808
49.4749823860016
47.7783503332238
52.82325689172
57.5268112636914
51.4396186027623
46.3758004801117
46.1314639808788
52.1251887123635
49.7431736160672
52.2024723053299
59.9220622877607
50.1971040407232
56.8536046916842
47.8510222887702
48.7961757537034
55.860973798796
47.7003092207127
44.4319310633474
55.8758592422355
50.3307883872732
51.1562705254611
45.9429151878629
49.3705511756829
49.5446836587674
49.3461268742814
47.4384480711983
54.7911172163977
48.637591824411
47.8863981858229
47.1505265544914
46.9725398944549
47.2891704877994
50.3804730150393
47.769530483501
52.58903289194
58.0992661912905
51.2570346229698
52.7848680708795
64.2637081356055
52.5834024810853
47.5265651707862
53.2666370968952
48.0259318614899
50.5291219035032
47.4805801471148
47.0781476934961
52.4499638896475
47.8499641577802
45.2799858769671
48.1248129768873
52.1468338094182
56.1638618729174
56.7120718762127
59.465200092761
55.885911432921
