0.421561854856507
1.21636510786244
1.02189782386538
0.479387550235061
0.403310806739181
0.421600405258156
1.14822900279465
0.784273529509475
0.885694183830562
0.62630559797698
0.429057472302725
1.29654943851243
0.777365131371369
0.794851956329265
0.984428839673144
0.606058777600004
0.731091493855959
0.835366239387337
0.446892867678699
1.29271226170824
1.4841869894423
2.06398218053873
0.370722642691306
0.666704733573736
0.450355097506252
0.678061902870943
0.516247444494719
0.895630549279496
0.803540257306483
0.675158479906743
1.10617277855702
0.734180481587299
0.577172169225665
1.22800436982595
0.759949617524977
0.952632448012519
0.900821532272332
1.38263620938832
0.714820583496725
0.939234881259246
0.550729805839264
1.23086403029329
1.51955492459236
0.757094141133789
0.538232520203034
0.690026374863331
0.38499481439813
0.736128199395894
0.674080915788084
0.370227360535733
0.383319567932259
0.887881073390182
0.751753951320802
0.465500681802603
1.19682003442526
0.719568612026977
0.441853468653255
0.729396868096202
0.971662852746614
0.328323911499675
0.739728352862703
0.863692081105355
0.982597503164748
0.517679372780004
0.409149532560398
0.996759375286259
0.554321252655696
0.402537736503585
0.910796627745947
0.509790448842201
0.483765596039648
0.361092985493046
0.381565392356446
0.622463302521336
1.80923844087888
2.01763586089098
0.296672388164864
0.90758473191734
0.842337949924422
0.612653894513283
0.438362706723563
0.517115221546432
1.30429467157378
0.966920569138406
0.95604441762172
0.921162293072949
0.482128910616396
0.439422576749878
0.776222028958618
0.374661907070946
0.259576568668622
0.833014331078016
0.311840369223293
0.588309300554826
0.761341332119592
0.805868909701368
0.501167689029574
0.449784881177691
0.775437112742296
0.828085883216536
0.444593865002493
0.608508048965058
0.397405433193955
0.548893264835896
0.815525335020115
0.311401855307557
0.711970606878922
1.48118829496926
0.662908446927978
0.580233791260833
0.752081533717347
0.97633132400903
0.860505599362116
0.603871661150144
0.592664418995756
1.52331789045489
0.508507438238879
0.646910211516966
0.563818293738589
0.431719752093029
0.589758761045697
0.780561955798673
0.949579502919297
0.415881145370277
0.523398043020623
0.438032247902606
0.414370303563693
0.67220314646177
0.562405545221918
0.503136610989726
0.421261457618915
0.86897440305619
0.760539695125667
0.443202126221115
1.16673939432356
0.690867403711657
0.78532341874028
0.665416911277911
1.13125411745064
0.674206672906547
0.503274145370019
0.565744606625907
0.621836822357259
0.644089673217235
0.581558505345938
0.664774828767013
1.03491139205067
0.644699171085027
0.443139020907489
2.0871514084755
0.427915956280058
0.394436084993889
0.519850290342654
0.613988896992766
0.692397194861111
0.332365312801618
0.402947045299316
0.878016495016995
0.543866527587391
0.854617876695832
0.96514528730799
0.570210796783453
0.6425480272916
0.570442897732447
0.500084255610779
0.795291656432822
0.423290946251213
0.487220390827429
1.14071150840714
2.18079725223236
0.484852195389994
0.426956635194214
0.423933064131118
0.815020930305741
0.857274571284765
0.645494997060648
1.30931395834338
0.573619186998815
0.411337793675504
0.457198438061394
0.456215354122398
0.589981216381712
0.287752365679071
2.03563052533542
0.76086098525361
1.01155125567195
1.16713746849213
0.717449478940857
0.413531957811987
0.584945729179561
0.590979966670273
0.731047332616319
0.746373796915619
0.494095063458225
0.77169700709339
0.727649340023528
0.795264613854611
0.748647576208098
0.632403305410362
0.791250224495637
0.427102541252085
0.644701489533091
0.585495094956869
0.62707117691067
0.448393730357247
0.497376157047216
0.502617698582951
0.935432649434217
0.690076189311882
0.368543500393198
0.474175998621279
0.490367218390604
0.743496743170867
1.51119329645721
0.705768837688679
0.520891315308538
0.848420998050881
0.400905254813168
0.431807521295871
0.507911242356742
0.415153420573101
0.672081082752908
0.346827797737196
0.836017881040462
0.783847552205637
0.692905673061822
0.506651234113291
0.433391899505027
0.461527544989295
0.708802578795281
0.409743568645935
1.17106912313859
1.04084355520205
0.515300688798061
1.5429568026945
0.52895656420347
0.811474270811731
0.363059525002318
0.434448277025419
1.00306713963611
0.570855746942712
0.403890770017764
0.414583876095395
0.534055629487236
0.290557282644435
0.958180845461233
0.446475524736247
0.768214264645465
0.34719930931274
0.472657413004191
0.675016751905291
0.802903023158406
0.554839964320074
0.64536237896285
0.588159828202958
0.582829900618404
0.984428866236291
1.4321783049065
0.696768377685426
0.48796217290502
0.657669195385879
0.352679153428934
0.892290000273545
0.613429750191091
1.22060552021981
0.463651973348114
0.948332721506013
0.89600036319772
0.745701110019781
0.845418536557614
0.797567176802734
0.477651629981437
1.04250408459854
1.0766513840258
0.650606471484995
0.422819877457808
0.670176524420592
0.861479238273943
0.512884442450923
0.397733654349241
0.391758699555149
0.599468327233069
0.374482925782363
0.81217817137346
0.413878065290114
0.49122898900957
0.815308854115534
0.439292343186627
0.874226692616289
0.337078578630692
0.411254841972504
1.03919905250423
0.532705900270901
1.21977294857689
1.12151967641403
1.21581503602942
0.775953306641466
0.383662218429473
0.348551387915707
0.499463272414525
0.859440488164391
0.516731382414905
0.526621218016371
0.459173907996643
0.566923266103663
0.782029726571877
0.836794661595002
0.556569495623116
1.60324661833428
0.481217949471061
0.667040339341788
0.587226019371241
1.22286543309111
0.301429511970307
0.523875946139455
0.882237319871721
1.24948672693362
0.664567486745705
0.625335235556792
0.39269534461089
1.88261797646629
0.332273035003645
0.381927287084929
0.556148146042454
0.85836096603699
1.482741513381
0.742739831295052
0.689995575133069
0.533433801926603
0.573330248603199
0.591351512800317
1.33307602481123
1.01878474979085
0.718096073981991
0.417169498790509
0.79442626462712
0.540617459356064
1.72725032160331
0.932768124246488
1.79997365772019
0.832756866962249
1.28227533463558
1.24868465000667
0.668283404996276
0.569472615786971
0.418109173546011
0.709938210215032
1.84091338257093
0.724979742191551
0.837439814117391
0.765402501773659
0.963087517357545
0.626349656795318
0.596762554916168
0.482490632776149
0.730769765929623
0.672930543462666
0.549365318161384
0.436139545139034
0.741867090730385
0.683728221462045
0.694432735728841
0.409650840332833
0.657930755648647
0.667374098111113
0.300827442387992
0.432304064978555
1.51511579991634
0.384667240546387
0.66289751041904
0.906318806785102
0.678368984130753
0.837601991426538
0.641930804198615
0.413689935576966
0.705632168714795
0.386801543661345
0.504375299415302
1.20528342630608
0.490966056675316
1.15889787709799
0.34583149690672
0.821279168867659
0.612307814454354
0.587729142988024
0.6133071193299
0.554328970962142
0.285402539214946
0.513745375926084
0.737133382771803
0.965260625796498
0.812867597920381
0.828208932918995
0.401073153842154
0.653886608727299
0.728090045619894
1.24348658309859
0.682304476706841
0.601275559525408
0.666746425127716
0.383579271050451
0.55906453671102
0.708672958771302
0.821284891212674
0.965561456943189
1.15461598278974
0.654213841381845
0.579077577299572
1.03258587790868
0.166528190811791
0.768544512837897
1.15475767063295
0.674819743589005
0.918694780278905
1.48011532631061
0.636532989164271
0.686267317285965
2.17088182381792
1.08944748666915
0.652472324651579
0.868526547613415
0.85024274937677
0.673415104291404
0.641253016266869
0.90573001513406
0.4413361446165
0.366423817629337
0.860592186767497
0.575241702909905
1.32838810923301
1.03077835411971
0.617610882079619
1.20339843105023
0.495740850293068
0.475100622210496
0.863486010178444
0.54290910159293
0.353924329072015
0.84630459446634
0.773955349378269
0.697554890281634
0.906028659719344
0.540828306463479
1.04518295919671
0.738064488706136
1.38793784739926
0.540488045047176
2.81452279864232
0.977348422732729
0.613972898542572
1.20822181332451
0.490118687531669
0.458629335292473
0.291012082716268
0.797775033275372
0.988607162572791
0.762475519454328
1.09950244947699
0.870571354521197
0.392194109447697
0.715882482254782
0.902204274834754
0.74475201288166
1.31931809386485
0.721011863568373
1.82549804562029
0.580444119503186
1.23180203598704
0.87675185822675
0.592665689029617
0.508057058320494
0.964169907124759
0.468407928213782
0.661382360346033
0.581458369554
0.479902146596431
1.32759602969721
1.07129590250043
0.269592021817305
0.87978426340827
0.6786866332115
0.519339427891607
0.716911181662606
1.32164981430115
0.910805074365387
0.428252994815418
0.539094547793906
1.71916178675647
0.571834719060553
0.438082795015933
0.487229097666171
0.386061147602031
0.599638233077217
0.678188055742141
0.241957801137991
0.646857059403858
0.780405410968386
0.903217271765949
0.974634560823382
0.601761232998948
0.879018920793862
0.655705745378987
0.526685318137163
0.643186456352224
1.50510308511037
0.484482545659124
0.616364837302753
1.42397268909951
0.709486013379463
0.892121241269559
0.751632167299226
0.486911447244933
0.381817994312182
1.37184703676084
1.28084434632304
0.860499390856153
1.46933792565253
0.846235412415856
0.563097128230005
2.28424685405436
0.586247808803488
1.03474378665454
0.646550961201485
0.465224066524394
0.694129191180415
0.692145673606796
0.632025922105318
0.448573931757434
0.911300840900628
0.477526438708333
0.520712476761535
1.13989972183112
0.48448414682296
0.828813516330964
0.691698386622482
0.794518158693104
0.673869268867826
1.05782988239629
0.310860279372301
1.42230479437971
0.539165648955555
0.595539979839695
0.864051687308937
1.00567747122255
0.490297762005674
0.599603794639063
0.67165982706363
0.236983894158547
0.551858712315036
1.35961608675898
0.777743966007841
0.411188554326963
0.763823838633352
0.571734688509607
0.954094513102864
1.01621897707201
0.624067864736834
1.37303067837623
1.02607963148928
1.05733041562564
0.651774162354036
0.7904385270041
0.518541056643941
0.474557640451222
0.336250033917804
0.435923666281115
0.522085157204908
0.649538448123231
0.532254305226009
0.412460908243673
1.61837109099865
0.456790451639138
0.556553982475556
0.611830143017327
0.759326492439209
0.427304756096697
0.425977024505122
0.946829725006915
1.38786455872648
2.61933608744805
0.872744360257892
0.678212653744521
0.803842545566062
0.868056006609974
0.912553347828567
1.25011635018755
0.455423596801061
0.98833210528375
0.672692450428434
0.292995271508831
0.58665756694608
0.381598346101986
0.488942550761726
0.862962795989736
0.857106311994545
0.932341605702302
0.61619207215792
0.971328891388328
0.993432351659569
0.561139531009793
0.834866718621959
0.620068589536784
0.564909122916808
0.334815355573405
0.533710075925072
0.853818539428749
0.729032988416671
0.598678394160777
0.966209342644099
0.742011994900499
1.91070287577407
0.601158318066963
0.473683628452077
0.814816157090163
0.600878955188753
0.861333504103108
0.827480558372825
0.623792035750458
0.632483680540922
0.912709666346127
0.414598184778584
1.35295610988741
1.09438085046315
0.46524752182776
0.320241616803891
0.56227102983798
0.415077545519392
1.80924665722161
0.798844501882934
0.632474935116722
0.572156392768992
0.747007039551998
0.643475145742677
0.623285090973791
0.517630777379562
0.624109874111919
0.665500047212765
0.672519647614982
0.419601364014443
0.536668375001177
0.801663832718841
0.477662429598944
0.574196905519256
0.557140257039192
0.474131840035045
0.880255157242447
0.714378870070196
0.55464756807756
1.24998529504179
0.971392496301655
0.593966422552751
0.329641724479914
0.393812838633412
1.36726066075246
0.523728338275247
0.554051284899232
0.541639022155482
0.279698709472017
0.762025975300861
0.433312388115713
0.483792398868792
0.424829911560269
0.6259017538931
0.811928121927094
0.640324283047428
0.620975835579179
0.406144043153984
1.00947084431614
0.648873667883379
1.1414962498797
1.40513174142183
0.890751125695412
1.02465399782032
2.7279135580995
1.8767912476058
1.36791402476439
0.675506777070986
0.764245294359387
0.85618771287427
0.642486515196822
0.556758600883164
1.0473619683434
0.46936128607365
1.20155799982223
3.87910615920128
1.32991464340484
0.646546484858243
0.607041528156868
0.763434582246221
0.91917803125207
0.945432751812339
0.483104533356504
0.687006790197945
0.925125002937474
0.463517875054789
0.678391039046217
0.552798315130715
0.923979591707864
0.574027103458048
0.767934805675967
1.58419546348545
1.23534424535223
0.747431490795444
0.704905420314239
0.809256204286397
0.598096278733067
0.556056308985679
1.4753458758752
0.497467968310919
0.638057151888902
0.996634969077348
0.684559218957044
0.906258613876914
1.35592891322863
1.47731562354725
1.20037655908921
0.326941584533833
0.943729688240765
0.732311458225296
0.949678655113523
0.876884578276626
0.562548490671318
0.663331631851982
0.877491787883654
0.525323368433355
0.787013540088656
0.404550549733983
1.18301585817882
0.56899839571517
0.288758601876132
1.49377928773429
1.13013874191896
0.689900103032363
0.880211398147558
0.564867406008112
1.04268744124772
0.33031638410882
1.18817149584509
0.765676606391806
0.401812959237601
0.915632311114844
0.871501993559519
1.48880666779217
0.533938944805333
0.376686898176033
0.92824816493246
0.459028205577598
0.784412912632364
0.342713090488591
1.2289469929461
0.552157410219552
0.539366364944949
0.468834449654558
0.799623321202435
0.692815508584353
0.99272172568988
1.08129329431337
0.752762416198855
0.46961552232875
0.461344718355301
1.01878265045853
0.313336753815286
0.568709843794279
1.31563972964008
3.0460259707336
0.831709540299641
0.449383678945504
0.565193058624654
0.941560752431518
1.77901763173777
1.09381043546334
0.643094065748115
0.975011921871932
0.709855010394592
0.480664712508627
0.843666658486474
0.952724609257827
0.692033270351677
0.549837893841804
0.570004128665093
1.14220145579547
0.350883315525301
0.58512135025734
0.565237495624874
0.631505514376737
0.939722985825511
0.719532104096236
0.812352197945135
0.567943881831792
0.495040053513048
0.678055616822698
0.416074616602541
0.548621628492211
0.987831498177781
0.484477051583212
2.75421206929039
0.955583332022673
0.292024701998312
0.348310857870989
0.377152888393088
0.367850001331931
0.620396028657648
0.679717553961813
0.689582241492762
0.749030806149712
0.690680516888698
0.60792464693824
0.368483126331778
0.421582012042885
0.263957705719695
0.621520207037373
0.507849376981858
1.06576488166285
0.514455239126307
0.624129927624176
0.878695487677832
1.10025649494854
0.777087832826648
0.358758201785276
0.903363422844702
0.872356847039436
1.19291615897385
0.596254886783112
0.630607813085431
1.26409809518643
0.702770411559311
0.80270445451695
0.650709206142767
0.493414427014937
0.497057981669787
0.93800390967962
0.72347203575691
0.897290151497386
0.900981870483655
0.444738195466535
0.933825703363036
0.304734968585488
0.707928157000047
0.557585529677556
0.53128450827747
0.438673212491286
0.490717904270469
0.912869893182741
0.615688560031302
0.529381896115777
1.31626188617641
0.536685173381182
0.581678353467789
0.598808536109467
0.561532100893105
0.51197497812773
0.711676191896107
0.423711327279135
1.93740332449272
0.353831973115579
0.393376966011461
0.41479895922749
0.476021529780196
0.363108813390533
0.298189788892015
0.556966125870021
0.866394117193267
0.556527509709299
0.733242698237698
0.721344682776278
1.55893779285775
0.640362875089627
0.513348473073718
0.475323202854453
0.648461662007122
1.77556043282427
0.695854099614373
0.377132300973694
1.13091729924969
0.403847205407044
1.14608443792097
1.05311094606022
0.952496171021212
1.15857197313291
0.49737960286537
0.589468623808523
0.513446440215823
0.388120559681312
1.57020408627822
0.312944047353387
0.70355433751887
0.557294172022093
0.507717883945515
0.533656030563213
0.534738024727159
0.666362863563699
0.895574073924272
0.304675951803859
1.24778735313641
1.07050310662632
0.517008266091199
0.620394474175368
0.457641797369773
1.05557496961205
0.512622226386168
0.546262557608055
1.18963818152069
0.384703804983452
1.47935975783484
1.55940933693504
1.82894468670795
1.27397282719543
1.79669497654257
1.78617354245221
2.13235482575434
2.95847845971402
0.440222665741419
0.629035673648213
0.890593336835684
0.342445559134881
0.755593604414143
0.423205166983164
0.770046602981123
0.314450610518498
0.439634331205335
0.651959028414042
0.522717665673907
0.475362418250907
1.78805189405826
0.788691269039364
0.60334301226513
1.19926226181957
1.8188311000395
0.6024848610444
0.748086173110904
1.31223665157126
0.371170325906678
0.337538564479655
0.897326050475821
0.770949923416684
0.478862067080625
0.573520122538257
0.59881591460087
0.563381944736982
0.620335220613922
0.449632332940967
0.678472720644584
1.17476982050479
1.0490182838264
1.29490302219952
1.31249089757433
1.3259455472494
0.829236134795107
0.484660214011306
0.779390801401338
0.695842934368422
0.671142452706369
1.00933389873715
0.83271289115056
0.595670904751696
0.721201920243595
0.363684705737312
1.03899009765317
0.836597451570107
0.508969490221151
0.485526318271989
2.13694835292712
0.442926828351777
0.264978607046831
0.704631975773418
0.449779747716237
0.520580939643218
0.218488751581873
1.1163449402478
1.00167416570982
0.882808074433877
0.690734186180289
0.476685152563312
1.06821704910936
0.907000689678658
0.53395804047092
0.739250066335242
1.12007781939696
0.40352730406254
0.72230822754819
0.440759452724218
1.88762820892581
1.0280651055317
0.406882501709177
0.562969202401133
0.832350958205722
0.808962033329291
1.34903487150688
1.09119808436709
0.635058573287707
0.464715804455804
1.13539602634872
0.688003841316317
0.801095025710329
1.12280235734985
0.834494200944641
0.326977704432212
1.01028566180348
0.635235705673405
0.500679809634233
0.384336405029855
0.548530065590076
0.783454007351606
0.947489552848121
0.386268791928699
1.95331718869198
0.734459880436873
1.15112063916962
0.715114772848167
0.951164632748598
0.528098724963252
0.467741821955653
0.572914511067725
0.957005456122461
0.337761783322619
0.569215272252182
0.979089689851443
0.893875710444086
0.462312082684949
0.879255202040327
0.515891835309738
0.909943688132513
0.75475572374104
0.80042745267455
1.38688383971351
1.02938752635848
3.28596796832851
0.502062811946806
1.50085018608816
0.678738958955236
1.56501269835592
0.408813578216983
0.596789054806846
0.682097830750693
0.313421136998053
0.534356650267537
0.871972175891796
0.926166649414287
0.471426145853574
0.304131545647523
1.67065541113019
0.30096701324658
0.693425030551371
0.862417015762646
1.02891362157271
0.593813402371133
0.55168959648
0.812884830159612
0.901461528844818
0.789182489856682
0.65239960314537
0.67020194995606
0.653301382945513
0.291697633189876
0.334011361010383
0.816876681271049
0.648345532150389
0.288296913305868
0.438548064597709
0.624707535642528
1.15403450011219
0.964731280507174
0.377059500139948
0.62759190000188
0.657091425655323
0.185817550997101
0.600066231524167
0.778939821834601
0.458706294724129
1.14004809582577
0.852299117342295
0.684641652072084
0.681551513256919
0.893852312637032
0.974198483188871
1.31690485091639
1.78117416565889
0.456121995283772
0.293883676032359
0.728005193298402
0.866185585387243
0.578326074916122
0.621415378701048
0.760940185236933
0.696291877035149
1.54001431119594
0.414191464586259
0.273171333217714
0.934651331919038
0.457443152276302
2.12582099426015
0.502517737929579
1.68998008087684
0.650856941200919
0.541247246440208
0.973054681450348
0.996371609083112
0.682743124645832
0.671289675318427
1.08735845098196
0.66592245961151
0.67880254007843
0.851444048765401
0.973634572490671
0.66704640953077
0.301537917441926
0.745347250834771
0.309205113405847
0.509269821447348
0.381287934718992
0.49024833392648
1.50465365673932
0.366606145166928
0.639928841580063
0.561706772665972
0.77947600097925
0.693594127507253
0.836827816346068
0.778880943321899
1.4171908312185
0.59287134396851
1.14180191674858
1.18165845381822
0.912364263309994
1.12232086775306
0.551473946237471
0.508204976055219
0.543148810767462
0.683631621940472
0.440175033956801
0.55745248553929
0.773503093801534
0.569462315247768
0.58763665696254
1.08390066061399
1.09374776164576
1.86202012046763
0.699123954000146
0.609271578929915
0.985214451576002
0.819213718779867
1.60637069329202
1.38459218950812
0.427226696472404
0.765007679700014
0.511855909233779
0.705516766458264
0.865601781863499
0.800754417979307
0.559269934166412
0.958023245599201
0.666254175053538
0.458251674717307
0.465253975166905
1.59465467452448
0.624054265764714
0.450490947658564
0.869567932579788
1.00894064717109
0.72959259196601
0.456699763131266
0.898503150622067
0.320428903819273
0.831715436260139
0.973818073165238
0.985307318095114
1.85207561738608
0.646573939095762
0.67494197635905
0.508540451697998
0.689673576407585
1.18047549904337
0.802681478750982
0.430382574110102
1.328045132292
1.61186529416323
0.552461630310989
0.539565959874542
0.516184864635659
0.970744485626734
0.550636081794738
0.512028471485649
0.857254924615517
0.465136150009769
0.4667411840661
0.688338873020155
0.574457402004971
1.16306050455151
0.694820098205668
0.595736895095152
1.24998774041879
0.798782887481106
0.7665731909212
0.59675157973892
0.238145767356393
0.645659521959202
0.817930760936036
0.260874448958027
1.07865392803401
0.669749130620657
0.491813971795338
0.812245018572186
0.39700405356414
0.345815840801195
1.25333390552264
0.901245237496588
0.545492083827193
0.590756145237249
0.769693270949945
0.306175841506693
0.861780868417094
1.10942819301093
0.412917855690175
0.344864558273995
1.05599884170107
1.32281959740075
0.504380849980263
1.63295691684654
0.938011755684792
0.861455118424278
0.745468511263422
0.341905163260314
0.283227716395353
0.511673952831422
0.576445066022319
0.634119858415013
1.13623213288218
1.05417182677069
0.753983667154155
1.00435882090715
0.308352275650892
0.405363332631813
0.511170298760137
0.58833972693616
0.425129056703167
0.681196591816562
0.897831067335629
0.654238377546734
0.402008848642592
0.808526807620408
0.548977493650484
0.348901430648231
0.37831500577166
0.565935648986786
1.22507457618673
1.23699056781829
0.890305101777299
0.529355681547336
1.46043070790439
0.466145816446161
0.610556192329052
1.00598794066798
0.70586204190691
1.80833847239761
0.904760478135478
0.640463953179326
0.599597379829707
0.264711122753956
0.658936938856946
0.387747219832218
0.939852286188247
0.779074489495049
0.889203518548614
0.580931292704169
0.650116964250955
0.901848663928409
1.15143267755922
2.13293040469481
1.3693044336706
0.530873650134936
0.763601746038952
0.964708457997311
0.842353699223548
0.705999787459949
1.19508418013446
2.627624644539
0.902500122100348
0.698134636343112
0.514830729222446
0.697768968930024
2.57319318061125
0.575157829235666
0.533436409533507
0.504764687717628
0.972575239171555
1.0823189804744
0.523087024629424
0.580240314726181
0.438187366520968
0.514460991309846
1.16154398492393
0.84372282864802
0.699143435172
0.70157518804989
1.34373991782829
0.619823827205724
0.464024357209306
0.437685669735114
0.791118609349516
0.355830306533061
0.564762298733447
0.582558338811633
0.29743576360887
1.11956382387796
0.371701987460843
0.94767189358281
0.551577454628719
1.05392064215265
0.51172147681278
0.51068463052185
0.758004284343315
1.01571906869472
0.807194970806266
0.640891593949587
0.592339393526214
0.491710581099647
0.669250573096097
0.925995311608949
2.00089808143756
0.972307513327885
0.783381697946036
0.37476873529134
0.266250052355519
1.0617742536004
0.901928027512272
0.481246289559647
0.794680552354176
0.690722652647225
0.631260367932891
0.791920216854326
0.953499617077684
1.10972001351723
3.46587638488596
0.332853566003284
0.777771674170095
0.37918689792282
1.508540907912
1.1835858236476
1.0057447837238
0.490977039412016
1.13702398725626
0.833400304690475
0.565961402297574
0.383100885701903
0.430967605369452
0.485542877165674
0.611843949248064
0.27301223392641
1.06141574584942
0.849452565332178
0.211158564360855
0.899411944936598
0.69777027656523
0.481390037523755
0.768954055176174
0.745666856568492
0.458918871203579
0.836066817348431
0.259055322824774
0.42112961645506
0.545816705051702
0.436022968476302
1.81466804993406
0.853511222172662
0.735061719975504
0.544202314158686
0.52839460876307
0.6006029203259
0.616652469968888
0.33243128500236
0.257886594624084
0.677721512673071
0.690411547829279
0.552013456344036
0.908986306966965
0.569922905191347
1.15037208826181
0.884861954375926
1.28364400746899
0.281339843778299
1.2947069546554
0.636540804823934
1.21646737709777
0.25723900336851
0.502367579858273
0.446314434598681
0.859957596851392
1.23926316584732
1.18567550085227
0.395417820427001
0.798312844493365
0.504320073751545
0.389736407994453
0.464734238187809
0.799474747932046
1.19285493660709
0.573280029695354
0.465491614109331
0.152741439534658
0.818064133853546
0.560697103632329
0.806869532872576
0.731277058715067
0.319992087245291
0.719967184628669
0.799377922509833
0.779285978756068
0.655297471993742
0.578277718942187
0.614227773751988
0.687712001144608
0.935157403858414
0.897813201715596
0.537074540256003
0.663940034973316
1.04479954413891
0.807489406842662
0.616999085052539
0.899344815448196
0.681969256845062
0.807283848878071
0.744645228064185
0.925953609609247
0.7344827218742
0.647110976586103
0.723799145606965
0.707682404390152
1.49948600998225
0.420718587358002
0.738585132605728
0.679339482168676
0.900943181097517
0.393284705841703
1.03970377412959
0.367941109218659
0.705042582212331
0.311888756960933
0.56560326354402
1.0932661668458
0.771216675368469
1.08339106420849
0.746910065060541
0.990803314447988
0.498517230056531
0.414398301921846
1.02620222087158
1.77040098099129
0.499509741712471
0.765534547081396
1.12660808563866
0.600946915968378
0.377619469121581
1.00802414125533
0.704818378654438
0.505761367232546
0.335312731475468
0.70673633021959
1.26020604264748
0.325579896019203
1.16144102054938
0.318849587733199
0.274003194164429
0.990492502853259
0.520848142030204
0.836897885985415
0.639394211970197
0.61448822970747
1.52600155608863
0.968479912929468
0.673896568999156
1.17723355783558
1.18430303546204
1.92825403102858
0.359383172182387
0.667880606999525
0.370789947683054
0.754934008803045
1.06652230268062
0.648933085960087
1.14731318478694
2.43187750477879
0.941664907107013
0.426565211889664
0.76262868230752
1.30374180053698
0.502901392238735
0.902390169499679
1.36054030328061
0.650718982986503
0.51837271193813
0.628450939618438
0.549988191033671
0.618967281159942
0.389929045236029
1.50528789950548
0.608270417370312
0.343879104331093
0.352676172377457
0.436535006666958
0.613399541003379
1.18050320121754
0.827718474185471
0.288952864506536
1.31742430437477
0.736436488014934
0.320387798150526
0.500065924876973
1.04046083190952
0.590711594322988
0.501755742808269
0.694503042909153
1.01370211793935
0.548506481889399
0.631935166810405
0.516477946263914
0.51991194889488
0.854241957776747
0.667909607751532
0.483505077703944
0.886456494649798
0.662644849117141
0.762371650200186
0.567750245427641
0.857462677794784
0.318355701121705
0.545864335303403
0.421146213901439
1.75157993488363
0.974335329767585
1.00239558043884
0.60872825018815
0.562012372457636
0.354748112996406
1.21669705966144
0.588258839561557
0.885066159580178
0.481350042950698
1.17032495833576
0.472272608109399
0.960718937912413
1.04840058984586
0.558472650694642
0.367218444274349
0.392254381643809
0.448492620286569
0.495550762232244
1.52367313099602
0.972518369238624
1.34139844269564
1.1267480140632
0.997663484264191
1.2894781490375
0.969952315734342
1.48116580240901
1.09376525525563
0.379478275033086
0.834188950266597
1.14921255771649
0.656392912962315
0.261527355733071
0.57755098918682
0.61388009335895
0.96065804810322
1.45136138402128
0.749146668385541
0.91936719212033
0.623859333876107
0.716865028400645
0.784778595970792
0.536159606474544
0.553168706185127
0.711504312137165
1.49254838624362
1.33194696927767
1.21358717243369
0.378130477949773
0.862690417681267
0.812293465812984
0.848002132448865
0.291318113727542
0.900068724686081
1.32499796109218
1.16267412521262
0.852305103078989
1.11557647592219
1.1539943484054
0.588963799712726
2.0185835055154
1.07430622393223
0.894125280104597
0.413732332724783
0.621796903152599
0.547133986265888
0.753756507270334
0.854127707230855
0.819054984468942
0.926058385471921
0.369173038978955
0.917230662362897
1.09723307429242
1.28717392942299
1.67098740677023
0.752993147380281
0.692897013084198
0.805814764314831
0.589128945025228
0.547349311128256
1.05340898224446
0.473835766861921
1.18777594175168
0.296511561105191
0.743025255395892
0.654706026716974
0.542868092223452
0.77450695507584
1.38002638148361
1.11726076978221
0.844102843532598
0.481479450553457
0.942507373851984
1.57301522768261
0.337546715778488
1.00880013735985
0.670944200060736
0.926656010926347
0.40150510127012
1.44004454213651
0.667329983613118
0.463587860443973
0.643205428492942
0.300728414296453
0.561654372509894
0.47743192610665
1.18275132710342
1.04116352623925
0.924928115089331
1.24645714308984
0.718298750792064
0.685312250729394
0.738199521541789
0.591611291835032
0.679406300271348
0.735434280909816
0.57553044306043
0.428478148028055
0.827972452078368
0.546782185161864
0.534395962957756
0.446974597141395
0.551265432548614
0.359268760446758
0.520847185864404
0.439619261634408
0.49489500173732
0.530633491105717
0.758507439362472
0.852921340014109
1.30230491434452
0.994047795967328
0.604824909636092
0.642445223014233
1.4461843399883
1.64649707831354
1.30684528175681
1.7233978477759
0.722762712844497
0.676162049150858
0.336001891663771
0.710794132488182
0.966787852029288
0.658494393999856
0.692936944418693
0.309127701210243
0.470473899257531
0.495640321777557
0.779573161010735
0.648811088426193
0.765179951924463
0.300763482047483
0.261055540925851
0.629971893900057
0.43202511080207
1.28885102640076
0.581142117368051
0.739153606913389
0.687633333538108
0.688188568211651
0.537258382672394
0.925996811822272
1.17024876102883
0.618968736522852
0.509779160121788
0.743209967879882
0.547926956772982
0.538338015497764
0.90404537664559
0.664091438744767
1.69032817265463
1.0608800007686
0.510684375283852
0.860361835214692
0.892057509238808
1.43597340034503
0.716766627040817
0.723106041733265
0.469185943605529
0.844904979860802
1.06569597215069
0.488544026471261
0.497560409855792
0.727134948381694
1.06224139301581
0.994149984812716
0.827340909689936
1.39717458517855
0.828995259352005
0.278871924983014
0.530889865852723
0.782249345532672
0.198947048440389
0.749383121417816
0.480900847693143
0.684199842305629
0.643969248027629
0.541293686891657
1.54419286905509
0.752332438942327
0.652910635114311
1.1416314298518
0.619184251910359
0.453693510471112
1.52652457514024
0.510372044753077
0.586169192996494
0.340884623191784
0.964936669185802
0.634918748670413
1.29453789322833
0.566446417523605
0.810029113810561
0.267019289569424
1.84133855662563
0.829455712345157
0.460859327868984
0.481730452150215
0.647110527340594
0.610868312765853
0.515680292974348
1.31565804105333
0.334789766602203
0.426395941518867
1.57090842907158
0.887504371980116
0.683768805220555
1.16070853571566
0.41596676029436
1.21883250940339
0.849667054350787
0.666276310104642
0.419448685206167
0.523668464841438
0.396727235641296
0.764355169878258
0.689284814437639
0.435731429613747
0.735562253809367
0.682733912724678
1.00376754309968
0.712151832114002
0.433844795399778
0.953937472877323
0.668243306509218
0.889291744113052
0.42653530034779
1.65114759192538
1.07617602604396
1.87813860163311
1.54215671804841
0.253248726355227
0.371452218761359
1.82454354660472
2.32311921333177
1.7190577204759
1.14388546698686
0.491647351620678
1.10717454954603
0.361692423458737
0.371421425305468
1.29923589916475
0.844291615228907
0.414981507131475
0.746190802130488
0.612189462420177
0.408996770904197
0.953406336101213
0.45599711847229
0.353798812868457
0.460040459788326
0.541506822885172
0.654776935129513
0.967989517423611
0.656532437941573
0.588001609843606
0.611117610893072
0.723690932920279
1.16857965284317
1.11976203342383
0.628968144902105
0.354656735011105
0.431687823046339
0.837248746857246
1.27590717522632
0.579811540739845
0.932943725926406
1.4416737991265
0.961014570970287
0.850201211702235
1.03949844711782
0.659577762026998
0.607780541457882
0.384146495729932
0.845142324674289
0.332143536544716
0.858166598116419
0.722039458582727
1.09823562848368
0.581984039255536
0.804438668436734
0.632544728437307
1.31488925378086
1.07365153089832
0.854640842275844
1.56242415997919
0.64255534399155
0.372289578771976
0.550436738429437
1.31757541182939
0.972918596456984
0.683698958102036
0.897944963080662
0.712559288848165
0.890970079746736
1.88921923325351
1.38614202081744
0.659830310406475
0.784177937618262
0.360966457914718
0.475706677854588
0.700200327174998
0.908435124023155
0.926188044664358
0.426137307633745
0.97217541284691
1.3734856467367
0.601544218769151
1.58387097401605
0.697545825611442
0.467724986872304
0.867729810897192
0.998246399559683
1.47198955961194
0.24604989664361
0.477478962254027
1.04535624151882
0.903350446573047
0.441114660599883
0.958624441519164
0.890618119058335
0.508953895654361
0.805676798244679
0.841013518122818
1.95804387028472
0.409459719346369
0.557991896001086
0.43528091415597
0.287885388723438
0.38483441789008
0.722721990424146
0.413797521897576
0.358611317573469
0.968294836126673
0.510480982533343
0.881395596400373
0.832640833286478
0.624613062215517
0.945071998801367
0.498091181896287
0.567830140097299
0.753922512635367
0.704000763485726
1.75702663295969
1.02640537242039
1.09502487108175
0.481647605185558
1.09094839060669
1.73010480447298
0.873161160096915
1.21026830536449
0.865878885945766
0.722165058518209
0.841057175292107
0.450909682283541
1.2005533829987
0.712861977805359
1.18164883352265
1.47166295345023
0.60917880112768
0.756719659673767
0.672618670067766
0.816231345617797
0.909532420374648
0.634531554981692
2.26334464449571
0.315752451704316
0.711146089312057
0.487320497193977
0.650730212158926
0.343034044744141
0.685036608653151
0.525108425111515
0.932076211745705
0.640318656447301
0.561929010327604
0.414874361229731
0.79647354704609
0.741149258455011
0.502070349234738
0.462831952139372
0.602296928995483
0.605887397819884
0.57328288994685
0.604597275084352
0.792155761994046
0.322444595855816
0.988383593999003
0.244673566052788
1.28150148554724
0.571320909288928
0.838409192570083
0.668480327501833
0.680316758379889
0.454078756759067
0.798507722869092
0.535027246328848
0.32180466215438
0.434117610294253
0.672645643957841
0.917564661549419
0.919132695669657
1.14586896990649
0.773801607486134
0.48650911647361
0.447332220355007
0.35201252214379
0.633248079729413
1.30624425652843
0.487106047198214
0.473196597439706
1.27327394203369
0.711924249735136
0.411893233869028
0.414157983462128
0.784501988559155
0.511260182370121
1.69365437533169
0.495804166338231
0.668524776648946
0.595677500624882
0.66338343612655
1.14140225512565
0.710353348648969
0.36268623948141
0.833061782380644
0.84017549344832
0.389945379717544
0.626238157507494
0.375180247719178
0.566291629043369
0.875448272854265
1.42802849403572
0.901897233900873
0.884801137848704
1.26303410934318
0.996892964705261
0.338906917391244
0.870185152512583
0.721623929909527
0.640808356051894
0.662999307621786
0.484639603908287
1.11013202462827
0.460023973428092
0.77308174109277
0.776823773727282
1.11640306992704
0.702231401185917
0.880404783807768
0.639737107853772
0.825019928849307
0.57958438178727
0.755658756124833
0.34522275515611
0.638810904052451
0.668055501897436
0.617070982629593
0.92753739433642
0.634401380562193
1.05589719922795
0.836907847699522
0.405632727527122
0.371529721116695
0.648038963909794
0.590061053823094
0.615730979151289
0.403259050674048
1.22720313162963
1.318729798669
0.56459230666384
2.76243251456048
2.94396194755695
1.25898841128202
1.33790769529431
0.767963048321609
0.63453374011555
0.976594895402546
0.827944388907
0.803507485267073
0.635306814125734
0.572329419606798
0.556162696876702
0.40815544608122
1.12737433581603
0.632397498224453
0.424009790423227
1.00378720759214
1.12938430560322
0.849063082965687
1.08575571203376
0.812811833257789
0.638075321822469
0.941442044599141
0.532794858203444
0.453769229551577
0.741512842537612
1.22080524385255
0.323154382436301
0.527253641139391
0.18437952994793
0.46679400984208
0.667101016670812
0.626857940949328
1.05115177680445
0.590138739822234
0.382314104888541
0.889721090501945
0.416546517966497
0.397724374779159
0.997704630628889
0.87722200897647
0.93724739406725
1.46226719367472
0.629441893635637
1.06028305589913
1.54073408781932
0.571929479761693
0.99288754251128
0.510160073003814
1.23069042904319
0.53735181047531
0.940704834642246
0.585057113631906
0.617346482372495
0.753691005122979
1.09527225317696
1.3566630996015
0.778957494936594
0.462756710871929
1.11616531046839
0.641257633846408
0.946637762742639
0.374180288138114
0.31553654784463
0.779709050502973
0.640184421208254
0.933025781148795
0.333168858310638
0.449521933706164
0.848059697875558
0.98562763009914
0.520326334649465
1.36206176471502
0.43285825462517
0.373869621291756
1.07744155524819
0.735440203388064
0.335714159676244
0.5700487081016
0.758534375004682
1.08839635524068
1.1738653768966
0.429454665747971
0.594374865885229
0.706179674875813
0.866987119511634
0.392178287070876
1.28076586064261
0.936145840119211
0.793430781168618
0.623566016780377
0.597109229650614
0.531471039862131
0.494073294081486
0.939387598662772
0.286009701467435
0.825267021355891
1.01738992645095
0.297153932141512
0.613165185520984
0.299068875552708
0.820240252311737
0.990728036895968
1.58198679029383
0.399478619370173
0.814572660953808
0.401650025898095
1.02476733509448
1.15922968153501
0.246050037387227
0.67551141338613
1.43799215010408
0.418878170459753
3.22731430262298
1.83837860346949
0.494660579612926
0.353763405220895
1.14780441310529
0.518501128527905
0.84665028492883
0.359908485748102
0.626508845372605
0.488308189461704
0.804051023825108
0.764344354597653
0.471010387760182
0.286033807797002
0.96763072374701
0.807304515209192
0.7266526251895
0.550368556446612
0.789555284672236
0.910249599181441
0.705575872461476
0.838061222787585
1.00889512219086
0.676305043882854
0.565477365088317
0.558135926568924
0.722895825190204
0.696483952551261
0.613019521315027
0.669752833373189
0.721751930427125
0.596966418858173
0.845309456786251
0.54884841261863
0.879430269438254
0.885292873506097
0.55487500301527
0.61419032150385
0.91088506292316
0.554333709176642
0.325008525490117
0.589286402971932
0.669303308334776
0.825015726713075
0.53158041093454
0.599684534900975
0.662819886309182
0.189023071109596
0.865754708183485
0.357021277409513
0.6663602611172
0.630442902480553
1.12836478340093
0.482354563824409
1.12032482090125
1.02189446017745
0.442023060126047
1.29027515378148
0.559748257919803
0.533517257959645
0.693292654293884
0.452636959432595
0.712439172320147
1.08600323708559
1.56284563170265
1.06903496687966
0.874332886232446
1.22720019796725
1.44511447116367
0.517699914353752
2.19163553937655
1.23844007264616
0.494142404061639
0.52633997340607
0.617334171549885
0.367835063023482
0.970670188994244
1.29361956081142
2.04936063953219
1.13517064399549
0.625230123320376
0.772126467043935
0.7016126258399
0.451540468446252
1.18784639062063
0.416705284238117
1.20493704296112
0.411716128068264
0.646837193324781
1.1837922293902
0.469322304053324
0.719027364439661
0.543943855072126
0.673619430064144
0.736361769554363
0.743139226429621
0.676990904629377
0.574672300595908
0.827600380177386
0.506501833803765
0.830860647549271
0.656449521161043
0.481009436177137
1.23409465742669
0.714275538725475
0.906763668459955
0.501787091867075
1.09719478103529
0.511884421702375
0.654295564153069
0.768809341475248
0.855416615762344
0.435540656322458
1.41987529877011
0.649517764194189
1.1782475679902
0.719882067317339
0.534591164320897
0.734977766949033
0.31525941402131
0.450215157201968
0.569545130246112
0.345515171147655
0.700600658882324
0.341569695499901
0.657289960236261
0.631145873496698
0.960633029838507
0.715749922485979
0.61669054714222
0.978312515056893
0.65612278247412
0.569897978083651
1.56472190621408
1.54231905573462
2.56107521432453
0.953177421647212
0.754584249778624
0.490126506600976
0.435851915697153
0.436170367365616
0.84877455016898
1.99239783915197
0.721293129237358
0.910157006547638
0.506152815267117
0.809515483359559
0.610487781189717
0.6704849843785
0.468604845785948
1.11011636419375
0.521639572815938
0.429985365109412
0.731024349219926
0.613382152379718
0.627376085614539
1.14836393088441
1.5186792767957
0.544113926443329
1.05891844182269
1.63183436729672
0.47480473593592
0.625175296389736
0.470537149891571
0.833175850575128
0.692243853906751
0.64258586394912
0.559151876618629
0.548332706273638
0.634304853978491
0.701175493590604
0.861797351770472
1.20116509095359
0.464796867937116
0.755284308496857
0.361254452629634
0.673127162932021
0.679593730378416
1.17021158084158
0.659807321854304
0.38255372560439
0.940855387349368
0.549539313814747
0.687788028396418
1.3626030560659
0.832358416616489
0.655486603487426
0.994990156773264
1.48447446355425
0.395342915041116
0.860447679901808
0.538343689326183
0.491749583731188
0.713167468704986
0.927841789287378
1.28442863435965
0.619830486478455
0.649084919504938
1.56117050336097
0.588582775235727
2.95671435940437
0.31037139926604
0.735030975637347
0.821143142805095
0.859026741042352
0.536542936744922
0.610432848699968
0.463684764736305
0.5538617564422
0.610249428975547
0.640545588885463
0.834785904249143
0.749566644265843
1.35313748265818
1.11993004031285
1.56547191678357
0.430313225121299
0.784380950821818
0.527528740436823
0.523521055124065
1.60017354313435
1.08455189667373
2.29341852514264
0.710574669977633
2.07276712301039
1.38499077705095
0.576755208499247
0.561888993286207
0.929608758813941
0.785886820781986
0.678796234616998
0.448168165512419
1.29833084196095
0.702622196478944
1.15893495678791
0.431605513853786
0.94160757528676
0.744836413216816
0.801164364074632
1.09832938591449
0.691030442185364
1.52647959692043
0.583589106536527
1.29653373739304
0.421008530959197
0.75612718314419
0.734270955948802
1.29455584410357
0.47929947236604
1.07933893628893
0.740806655087208
0.54794382631919
0.37675070122201
0.440841123811344
0.428727514395411
0.515651646581569
0.436225468967954
0.892635665702375
1.13611571449442
0.66286314200104
0.451823548536668
1.00454119053611
0.638595896883678
0.475571571759064
0.729751589330106
0.356896973891951
1.54614630968973
0.59345550912181
1.50193522119755
0.323734986849447
0.209098751595008
0.424976114251166
0.833687200957495
0.725186107846406
0.905658309107727
1.44056292811814
1.33894197797181
0.466345789738266
0.792335666780525
0.588616716867007
0.839116871411255
0.347904261535328
0.864670443504154
0.822451575863951
0.576758357172622
1.28272078579642
0.930782928628055
0.595814473680561
1.32341910078009
1.21977720201893
0.941420210721575
0.636065815401885
0.701623059141275
0.883300223344302
0.598048030265331
0.556567671667567
0.910829158304268
0.856735720073513
0.689717749612379
0.495482240911691
0.596867007182062
0.821447907351093
0.493569407693222
0.80846436909065
0.558739103846284
1.78815042979765
0.436502189461755
0.457759562275089
0.616277825426489
1.28371070941341
1.10947030089615
0.874805387849235
0.466841569687177
0.698699597278799
0.522280547716668
0.583495356531673
0.394185097290967
0.56896950716632
0.869221330720088
1.01787947444271
0.827392737009859
0.776182300684135
0.5323298562486
0.465890234044372
1.11732037306133
0.401019572404372
0.429685269630031
0.512832127208037
0.945046462654652
0.443294439339382
0.45629806661968
1.91414015836549
1.26651782623514
0.826444967069184
0.600462151445997
0.330515113267126
1.45822368440036
0.938707579784279
0.505902859925925
0.830305095432695
0.751233463072397
1.01528296015547
0.489989123900377
0.383097397662328
0.484124842447353
0.315155955743905
0.699437943992419
0.839159116783536
0.769999193305567
0.878567382656733
0.705926597736153
0.840847740219783
0.535294102234727
0.705190186189957
0.725976248514779
0.530338172520627
1.03480333287297
0.572273801806791
1.04297011961181
1.99931747239688
0.45068039968319
0.80713395527671
0.727098103741245
0.345428941625584
0.800775067015043
0.38212049024772
1.75952219128319
0.709117355627862
0.799762954697484
0.529309994821307
1.03660669515636
1.16320051270514
0.544211258353905
0.814894591011589
0.554245203379793
0.497063563182206
1.13423140586371
1.0954322046837
1.03970639995088
0.721352587250098
0.632004080738983
0.853716154181173
1.21406186018375
0.658467737076595
0.848214326360176
0.509335672078431
0.468809741633892
0.876225979889865
0.705692253926851
0.523156138751207
0.561520003841374
0.624598847064809
0.469814586910992
0.415981901109698
0.80095731709621
0.58270873605785
0.482340838043611
0.98493131830482
0.443586095856149
0.676622675448247
0.744004535368493
0.791823344572783
1.16356320216683
0.40653516971188
0.63780337765108
1.87511040864938
0.613300836664602
1.72084856134772
0.96901334203568
1.14848828227109
0.874462995717668
0.716208302961996
0.624561481171086
0.985343642269387
1.19838333624231
0.87920859942096
0.799390317566759
0.697787063105102
0.735920690559879
0.608711877586608
0.308832832740275
0.541224745921219
0.457060000155204
0.52819466284996
0.694801243661863
1.27100208174238
1.42455981569516
1.08099805457767
0.698917470233215
0.669604622552707
0.848239464787466
1.36964912543441
0.794793700659462
1.24944103571175
0.872129633337989
1.13131764274165
1.64618140212334
0.429550184982684
1.4639216270934
0.89421714395619
0.510252731161468
0.971909405449088
1.17004155968553
2.15512631441687
0.77855908563297
0.516229569181365
0.358907603404953
0.425479574868443
0.786079882157414
0.422412630375616
1.49008262143324
0.712489049586036
0.422170584474844
0.883380089776075
0.869818230228625
1.64039250170049
1.83821303366496
0.913017502494921
0.893237974888857
0.435778060725133
0.509685044894955
0.594916527287408
0.309939442712931
0.447203434917222
0.855385485684516
1.09023942200275
0.907184556106182
1.12779136499653
0.744826058641918
1.72489696145828
2.39535163050036
0.578075928906888
1.61384795689756
0.646418844838082
0.490770483538524
0.52823122360354
0.526278765633547
0.577639478191576
0.700813870895531
0.769524374310763
0.962557386730407
0.866061547526354
0.414051076160425
0.552215353445689
0.455857634663601
0.649313076058875
1.22511050820412
0.701048239844579
0.523163095671649
0.734299885016358
0.494668156299031
0.748360937090339
0.775900476938052
1.02338944862315
0.263776034041945
0.371030593384569
0.904403983021958
0.670104597129769
0.485444525062969
0.48784600566494
0.733890220077026
0.910102395003768
0.594909629710617
0.573360474434725
0.355613164202382
0.284779698102216
0.437875965805079
0.950277865729506
1.05238257139445
0.788559291866875
0.608699472603628
1.00521166986652
0.64998270329425
0.592037201745141
0.709343533430494
0.663376312330103
0.808892725420364
0.486129804948552
0.725875763558522
0.717385390476161
0.978454801633242
0.769517170157739
1.50362706061425
3.13955393034238
1.20355280573224
0.863658487214283
0.560963178737093
0.559536267544494
0.691056081189157
0.999301139818932
0.52978125582833
0.954219792219769
1.58259547340813
0.474781451409197
0.848619102312261
0.439983249199199
0.41038160832201
0.729528010122074
0.291899695917186
0.667166283506564
0.484693060672141
0.904088681242756
0.852426250413954
0.787725547277486
1.14953135714543
0.764797665573097
1.14131977543198
0.914678393176719
0.945291570285484
1.40060407554623
0.576007976761479
0.672708605430258
0.76856087919918
0.536536272954829
0.438796445481896
0.742841313980262
0.861247060873022
0.491444580733293
0.479149138413216
0.674190527057686
0.999261620481596
0.534043036489426
0.407065495485216
0.693804053158171
0.579897515935733
0.940717634414945
0.476526091346973
0.249632323233123
0.593321540094405
1.0203013010046
0.382235435257739
0.340994102279896
0.632133502752661
1.44612369497275
1.0616414940319
1.15805559446397
0.504308989739096
1.20391910547962
1.13549793576382
0.656366108779577
0.482161202410901
0.380528079548344
0.363893757087089
0.554891250479841
0.997499075061574
0.489528730814895
0.740540512817363
0.797906273758209
0.833664173779025
0.21203415443234
0.522669680464556
0.621289242304364
0.680308675921846
0.494089226338621
1.37781645269446
1.89458384029503
0.580967535698645
1.29244142813579
1.04461108359744
0.728696225165028
0.68407922621164
1.70236583855142
0.794481683887511
0.672035732680477
0.890614320348096
0.65206268105221
0.461769396648381
0.87335802739474
0.475188064938346
0.722207134977489
0.593649063195158
0.79501305875127
1.20038710629511
0.386233133978266
0.701198258277603
0.538463117117101
0.363871479422282
0.507009013191307
1.46075503456685
0.585164194473125
0.879196359672635
0.857876565970234
0.346636944196929
0.81841317688432
1.12220684443416
0.644473811422659
0.585688293031239
0.885042651253661
0.319939511196105
1.14654302703352
0.648864478064413
0.263957565834796
0.572158636028532
0.858814382476984
0.222244001615871
1.21445899368391
0.555031665465915
0.710961179364762
0.816218739639568
0.317491394614282
0.994331695670042
0.456936036056858
0.415219898401806
0.309151528032889
0.690208575055275
1.02749190275824
1.74797595813687
0.874947209027484
1.32571917247345
0.847165517431842
0.938304570534801
0.662507240788728
1.21378344654562
0.522599354743503
0.395707854118423
0.981211331676208
0.501111040516515
0.520677794166081
0.40304093777822
0.523934968620902
1.59835526897843
0.539234057116475
0.82456126496222
0.487983058147172
0.312757985614433
0.629032213158186
0.855571677806232
0.397625477486446
0.332848172645803
0.539018540523871
1.37615433742434
1.18697926812808
0.493751622909272
0.708328709386098
0.906680675851097
0.627106487727279
0.529581229790001
0.513301930153138
2.35346413959886
0.28838989446513
0.348365170366545
1.14418667089319
0.510506693860526
2.22393279233453
3.35206412654752
3.6563875103789
1.24070664512796
0.729369997034884
0.642929193640302
1.67230098559853
1.8192974131621
0.643420647110116
0.641186155201576
0.542264459460902
1.10562571922597
1.4723884894461
0.797228844497772
0.162854017252229
0.711065706886968
0.720884333227788
0.904658981669975
0.543300387145846
1.15046377003652
0.859524967558244
0.582343894794484
2.27958782250721
0.784304466329646
1.20664714917688
0.339878456774314
1.38957173325558
0.4496972359299
0.744223121967667
0.398083143916472
1.03402358698056
0.604896257488577
0.794562625678727
0.279767368730252
0.342138596275923
0.788229855597605
2.73566858926749
2.53353393154162
1.07191281615032
1.12638806229448
1.60197779337688
0.59393833216667
1.34981094240271
0.640008876857094
0.767156577553347
0.514766953822117
0.809524244063149
1.02613967820255
0.947397798264248
0.372429674621234
0.569990487215311
1.23594939138971
0.506371576167835
1.00290919259814
0.985311926494387
0.678034547648386
0.683396020138138
1.73950078872046
0.545031165975986
0.243476408501707
0.938811746251592
0.877418807148431
0.493482699201601
0.704462536165955
0.661433068164763
0.503942439479787
0.44827563164925
0.693573161316474
1.15671764426787
1.03354030913998
0.587866334728653
1.25313534536948
0.691238688345093
1.25425338375401
0.32753003866251
1.30496007174277
0.508543681885047
0.940555257579842
0.51327272072094
0.513629711811173
0.982466990816812
0.688554748804215
0.7717186425311
0.927906997662872
0.791475904543265
0.33968711203428
1.60032994503333
0.808003856720815
0.868090747824424
0.946694539958264
0.40487739788446
0.954559118176531
2.07281853927063
0.857725697910564
0.481170096037331
0.873951724960572
0.863831996486332
0.572527328381922
0.799735288030702
0.681361055375881
0.929176914363677
0.832904198341523
0.556711988775482
1.22559885481123
0.638397519245983
0.415868731473804
0.443305516960384
0.585759348583846
0.868250998271662
1.03957179871903
1.66151633454638
0.503095412830298
0.605620230280996
0.845911868914697
0.522447036362678
0.693693729139536
1.0104380322865
0.704706682233546
0.289225377533057
0.188900863614718
0.723703882438022
0.693360091079265
0.46134025421142
0.681855013050667
0.445549141885835
0.784685545240722
0.521585500454565
1.00708508876067
0.438288208043892
1.09425138875942
0.499901441928516
0.41254240203429
1.52623434667249
0.499732101521213
0.256142842349165
0.716122955249266
0.962878045874332
1.31329615388182
0.902455157997294
0.99706086861563
0.823294296741536
0.762847020703503
0.902411182789573
1.01298485071649
1.25221801358785
0.698036991434639
0.866602688954261
1.14754005308856
0.76906091800813
0.814382741661775
0.457459935208801
0.462459290720061
0.824410532658866
0.443251322165518
0.385529468984273
0.495912394281189
1.61502548616897
0.577317480382377
0.924787336420628
0.386442536258469
0.41789765237494
0.661351217788951
0.590885813811958
0.447522622628033
1.14707650080663
0.497388101785941
1.49686867624797
0.683390215430382
2.01803442534015
0.804293687212713
1.03559589083801
0.554283283813301
2.93956966753329
1.11563225801776
0.936561974872707
0.459341604753035
0.332343890647901
0.969203589658545
0.502887195586115
0.633488980886771
1.04933859486761
0.870874919548403
1.20286009290767
0.70666561028871
0.294529646617403
0.397038534176354
