1.43234974779775
1.35120008962994
0.529009420744565
1.07525006452793
1.44818810221236
0.353765470164076
0.817080171314404
0.654540662642146
1.19149392096413
1.31940729725473
0.750405783166928
0.274570200376841
0.78614577419303
0.49403004116749
0.442772675677169
0.501810765504052
0.591948209476373
0.444485564301193
0.825281779155904
0.969745142065502
0.941613872403107
0.458911320274613
0.531453096539168
0.371128449322446
1.29952210600517
1.19296074957486
0.927277152532975
0.755161609416375
0.83870197236629
0.436816537044326
0.836058333014782
0.514103687820654
0.388742772863198
0.505859990238418
0.80060615210859
0.626940868711283
0.816491748714393
0.270557079187724
0.653690285768291
1.58360195035839
0.569217315701866
0.723886622310535
1.2796797983072
0.476481699899051
0.664199359300817
1.02130392737726
0.90250087809399
0.88387652302594
0.14651526012118
0.666564564800235
0.665582710011604
2.00913465074333
0.283050073436115
0.731391367402834
1.15198323906547
0.43229093198229
0.695328627692604
0.203020275909011
0.60218414732856
0.4081043563622
1.33669686441542
1.02425648898012
0.629864000390925
0.555618649971963
0.489544064188861
0.420120398664442
1.2095716784806
0.402127095666401
1.41368041881234
0.529698125607645
0.575497906613259
0.981075971288876
0.576655140514314
0.716681165236787
0.493421425678678
0.555230714775977
0.113583945691682
0.125348297698453
0.629253366590097
0.459982209925405
0.191757019229175
0.165413434454937
0.632128586803347
1.82533882413096
1.3943963604829
0.918592043088918
1.36542579561336
2.00991574098248
0.667833528555997
0.655783388741355
1.04886604930687
0.745663160520876
0.564653414357622
0.89862037871704
0.17899962932492
0.367024128298977
0.569727352310771
0.794940477613867
1.00129141643291
0.581422772811911
0.538642016693809
1.04446292377023
0.413036323424613
0.527101761361414
0.736181978435747
1.06334706420277
1.0283735437175
0.850866734794357
0.73772880634958
0.272427888623488
0.215904224879062
1.56914451501067
0.923778780857357
0.588752086338343
0.765602685657977
0.205278492168572
0.500549767891989
0.862521828870934
0.467903325263917
0.55250320758006
0.812149674581994
1.03243908894678
0.546748795863992
0.101759420133031
1.10102553421564
0.452241532599565
0.375651003131634
0.913410499195487
0.663034364685102
2.43906923123651
0.360665815990668
0.484862383172732
0.82908694576035
0.543176297551906
0.393064227740241
0.689250144181952
0.947107416590037
0.780900013858868
0.727084939370702
0.5144803301398
0.310586958015733
0.406254818294672
0.755189250071503
0.522985662551842
1.34408388778818
1.16594624820571
0.440108336389852
0.699454735304875
0.760513778615034
0.837997004668336
0.379881138295818
0.919103593983754
1.5926404036172
0.326065192151641
1.19477723226703
0.954640453759292
1.00335733147077
0.860220379240785
0.507633625471325
1.57097560447015
0.553507392648965
0.717461877103338
0.277693584643393
1.30482409083879
0.772020178114747
0.702374415981647
0.591915411693941
0.28593782188204
1.22661943437304
0.598721472159604
0.793649309096345
0.536582912309837
1.01803682915396
0.761718020360451
0.074727453750293
0.730799925133197
0.5432298178376
0.528427521867902
0.262158150013607
2.15828382833303
1.31455784654634
0.778170981123156
1.13811229357934
0.702164320236985
0.791999270153644
0.27979035670872
1.42457545651218
0.359546301359905
0.446904672493565
0.580975034566863
0.484540577109844
0.402011927506201
0.638794836065319
0.454401956172443
0.622564039866017
0.662729085727554
0.609259306847872
0.654274316884543
1.1307832785013
0.610125804170666
0.617069258325057
0.58347001009394
1.1280837221208
0.826601710096794
0.510112534921038
0.562238342213402
0.845472532978758
0.428183534158096
0.63787518197286
0.800245470157992
1.07176836432285
0.226026313159228
0.757341664710065
0.697702868975708
1.16651562425305
1.31940876680718
1.39173272785411
0.765248983757219
0.544694838704228
0.715262323304537
0.468506582489911
0.31236712796941
1.69509578192537
0.564045794314263
0.925740327576215
0.516791472028311
0.582661699620444
0.597104050548025
0.984206832321796
0.592459344963634
0.663880753256196
0.498956398885912
0.584659776089687
0.800441005041905
0.397959478274557
0.517746154075918
0.590017368495081
0.621197041647579
0.943071543790112
0.49727262758755
0.847414159250983
0.647878095893214
1.83255996857177
0.812796524931305
0.72299556402631
0.520607655010409
0.466477287322281
0.718235986597168
0.731613163900417
0.460346583945044
0.738277374928752
0.451769177782597
0.588241936952595
0.636932425182579
1.74611057470698
0.410792387561378
1.15275294302012
0.556155320635484
1.03639271286174
0.879059291297618
0.797809549347739
1.31035950787314
0.253726006076079
0.567855216165655
1.58273307883927
1.49971849829156
0.627095440999883
0.47631148743008
0.701841417461058
2.02853074445948
0.86497422111283
0.79667524510823
0.890250827701061
0.296283495397563
0.510760458469523
0.54110901440955
0.403896515042387
0.298138450906955
0.587502976110607
0.272298834325672
0.885969037621721
0.690068604747369
0.438575808294628
0.491680143492542
1.19901595707345
1.34644844805647
0.473895601975584
1.10079994245979
0.540459920927524
0.584407635521802
1.15434269103716
0.837373338025805
0.441503205616984
0.837223231313829
0.530183079935637
0.442369895539873
1.27921670001367
0.930215418145703
2.35714545378584
0.663555173365046
0.742171320630134
0.515419901238653
1.37120533923917
0.645215486989702
0.521581964208961
1.03184885000219
0.35775271627032
0.272498710290372
0.20640539214834
1.00987762031301
0.490681323993315
0.462749461630622
0.193167089010235
0.489847732566948
0.780123336216102
1.0483257183657
0.662936905023639
0.361853489600213
2.18483938093345
0.573145340555445
0.425885618570483
0.93242878007476
0.557339439642068
0.693789844727257
0.375025044165795
0.700855358310266
0.392558627896145
0.452773368844791
0.585963082633524
0.475154385369975
0.512854177331578
0.659501582331181
1.62663439284724
0.793852510335781
0.583660796387193
0.497996167905233
0.459742144559374
1.32364059969368
1.79192348673541
1.50206647253737
0.65203549395868
0.286364729884919
0.577181828544068
0.678293463537386
0.552537088755514
0.461011564161921
0.772951544022149
0.516347767140441
0.804777662756822
0.638813939969837
1.23838712669634
4.98004904540514
1.15146287682287
1.41155986342807
1.29692612519227
1.1505495274052
1.82367319205538
1.44349152652864
0.513671779561723
0.49775806617853
1.00016316591264
0.696337605541643
0.774517745430132
0.623716949412265
0.616314053024995
0.780907176736092
0.307214218969577
0.325686032469419
0.691167133108995
1.11725382899654
0.962498225822381
0.691131943297869
0.578162110999171
1.36203527407558
0.827190479468436
1.25779797801349
0.654783171571675
1.2274571542141
0.817223954612616
2.08993890647755
1.14462702340797
0.237345841703186
0.527374497635444
1.84965406241676
0.834501964072432
0.734438689790905
0.63395856454694
0.428807961111353
0.501593828785001
1.295981287491
0.700499655683168
0.802196901010466
0.35570308933042
0.801440104098101
0.0230725455270188
0.831068842383155
0.600494335966507
1.03926561925262
0.38142276656444
0.390727147474227
0.532509304188894
0.464784115049725
0.0422595001065041
0.318057328404215
0.432305178025746
1.74170515424025
0.684232839296461
0.53811448929086
0.699377046551159
1.07878444338464
0.845122988898829
1.04982218748716
1.36970990784365
0.514716398743085
0.220979742206264
1.12565451438475
0.46565820099551
2.20009306729289
1.32971981698024
0.500360309404087
0.434553918463453
0.547328842243435
0.546226686616078
0.44657505169216
0.394268778690364
0.91493444456588
0.703652002359047
0.891811235664688
1.24648549082277
0.960848589415514
0.779642347574502
0.468809428772127
0.722750029725376
0.599418452871537
1.11662961495884
0.736813097819468
1.53648222678431
1.30396989434221
0.507820598243131
0.4594236763714
0.276510210002222
0.449624588928575
0.409928045548879
0.896313633246593
0.408717117384105
0.956543784981534
1.42853283109915
0.699097922910585
0.560002927664309
0.558069742517302
0.689268364342813
0.573610398299356
0.724637929331574
0.389351206511746
0.869301383980172
2.25505571163699
1.08635712251183
0.576543050935933
0.627628457617367
0.733024249407067
2.43059967266598
1.50842638201235
1.1896722940827
0.672486109125729
1.11248243252075
1.08999122157825
0.366321451513573
0.921310290321017
0.526540216435259
0.00829399053162987
1.05925926586764
0.336134961565375
0.710361364716651
0.563886870438737
0.596373303385977
0.486258050229045
0.490539076323379
0.924249268253337
0.633079258365924
0.620610610291663
1.55007504757095
1.50955843252327
0.395290897600373
0.538379754465679
0.959839238974002
0.571717488301309
0.626483000369427
0.989903418424527
0.18457625452364
0.590920968006186
0.678469556871703
0.261850421406205
1.25515553480395
1.65081776844187
0.990537966900093
0.712749709585475
0.326252026199437
0.682299071973652
0.567154557327027
1.54199204753491
0.289646916996932
1.2602467001321
0.278854970851688
0.723248473779964
0.812908066601904
0.839442411493763
0.666678457452612
0.689432154776943
0.516660770836262
0.715832909764498
0.40676251635301
1.11500852644478
0.229900611044954
0.964764801538574
0.674334150720121
0.601112957750923
0.708852927465413
0.475470469009304
0.441715822890066
0.251499411233601
0.253184940681621
0.59397245912972
0.450308379480592
0.742237707086294
0.294506221003524
0.391582135608576
0.682677032295781
1.08836429069975
0.609182064219561
1.09821216145964
0.408179848150483
0.688121920297472
0.728537599932005
0.224281828163712
0.93892467154928
0.588987479808188
0.750781615447716
0.386669511368988
0.523239532533012
0.464409691862508
0.440833942102694
0.434864723606998
0.594918728740324
1.05051107105207
0.456913671647706
0.776132409235761
1.97205770290701
1.25576590716423
0.629303374980748
0.574236557122446
0.783275911611166
0.72132085139539
0.807301728057299
1.02703621990681
0.376330584701509
0.548448386947881
1.44213364685198
0.339752288850093
1.09413564350328
0.931032542802114
0.488715631601457
1.13141630755517
1.38852510845775
0.627621534360837
0.472928626658651
0.575922164446115
1.6383581747051
1.34371024367152
0.799859281899577
0.765190508751233
0.567897356208569
0.970570831561956
0.5522682749656
0.756973645563169
0.644984500562153
1.6601211588125
0.606141577179508
0.490141013821497
0.348386587392719
0.522722192429082
0.755854498237862
0.45863399426666
0.592571052421126
0.863644185488189
0.579055538841959
0.685708258703666
0.555096666644091
0.424461477979697
0.876976745592569
0.968135881041723
1.84414719232393
0.487296219717775
0.528646299124412
0.666520051994442
0.675458485489999
0.703324968926333
0.479826932431691
0.548932735603867
0.38812157337015
0.427815088960911
0.737342231227388
0.404575486926723
0.677606638874502
1.03837615129893
0.302962395291468
0.626829815072899
0.71015498457837
0.565611012432854
0.404120473199672
2.07842245963975
0.323194207543109
0.986322173734312
0.393544617151781
0.773167945673072
0.364450036483356
1.79729521376446
0.489585720587836
0.396257303665244
0.754752769051926
0.785106954806908
0.418598411703489
0.329297380444541
0.875410545152466
1.03417286214329
2.00130096157368
0.469422570809744
0.515370993199718
0.295670700874315
0.559304133626935
0.725224777814312
0.857259634500853
0.755087710852901
0.824453276787877
0.550164336511645
1.27976638257326
0.439008545872912
0.474600887319229
1.01029502990725
0.344043264572396
0.322594818238177
0.610200935925874
0.460311217691948
0.555111322476449
0.777704897648122
0.173334805568725
0.563799166840671
1.06657244759511
0.337237444407631
1.05083837235248
0.544143555208818
1.13512859739639
0.467480680259781
1.80736362546117
0.371771167479184
0.64264398441962
0.488296272320044
0.157561294974811
0.332794516267076
0.446654486221348
0.73770072204755
0.778800710216204
0.510310810118449
0.395577972566549
0.414705054362608
0.861503979901474
0.633062395772304
0.501413976305085
1.34332887892447
1.07879022718421
0.261254568848625
0.804044997107034
0.460186712532224
0.530158150444458
0.756903603967286
1.04431268344471
0.800507937218175
1.15086162883242
1.08231809768307
0.232037392438644
0.616490774189595
1.10479465946891
0.296319328727412
0.446995179873913
0.409001380253231
0.681605599460871
0.394052902368529
2.35248347127325
0.960356612749293
0.406454830758502
0.672425522078421
1.60805516000486
0.701406472624297
1.83263947964491
0.67678285304575
0.690006441941889
0.850060585845683
0.564709222952587
0.901893174458357
0.328427101402905
0.777266142003611
0.684344327690578
0.234251754310761
1.33067212605402
0.678992370919229
0.938299047037908
1.25447909585502
0.617277730776649
1.06840147515296
0.829252186719579
1.46044092979617
1.96907618869456
1.36609889174084
0.922399262766818
0.663034576051198
0.320224689438819
1.17872969570212
0.77597129815452
0.468918089664087
0.911546901704585
0.210293877837923
0.36918779658012
0.65957182567069
0.604926918637967
0.35488614651212
0.93072671670572
0.982344961436519
0.73527426392158
0.714658926147316
0.744205113041127
0.695941736576049
1.25282284504582
0.685071999109932
0.657747621234766
0.472371502918839
0.809846946455166
0.93611008313933
0.674266445339233
0.566990794015277
0.676647428167175
0.774837158544577
0.471785949671221
0.981315150201858
0.511337168903482
0.749342465034947
0.675545388430642
0.730044114829247
0.561512241346491
0.695058722809033
1.5617751004859
0.585101430160104
0.497945767922612
0.427492361422257
0.986707637035135
0.548850021945124
0.975926155849555
0.533124789745818
0.434539438352136
0.346844412751716
1.44093247242014
0.458709023664833
0.598214917108421
0.278408133163959
0.459605143316881
0.478691845627266
1.26622531827718
1.15379343545248
1.25283773785706
1.10823386431536
0.960047415788121
0.411843917910414
0.863781301999317
0.39707708668871
0.633565849814536
0.344873995811673
0.659393917335115
0.502089471762939
0.520300574077061
0.346482136192465
0.620959985759911
0.402411432719515
0.536830198824917
1.64249476190772
1.43212573293636
0.611915387387619
0.465115380126222
0.733624921246655
0.67734631845875
1.1986708687835
0.780911018911762
0.849560345068561
1.19569899195651
0.880652623665948
1.14371873950075
0.550457358831608
0.250356537817607
1.09956640878773
1.51262267765676
0.71166025816058
0.799374888850198
0.608641617502045
1.62445466612166
0.867340274930942
0.795170343686569
0.962429696486622
0.472829846315375
1.0196335094273
1.09985712906721
1.0755229481563
0.828227206788811
0.608283158448215
1.10048735521671
0.530465676786412
0.607336281206323
0.477324842430382
0.727871973655757
0.463071271752608
1.09728716878152
0.828998256298438
0.732946718185721
0.511720155172265
0.63418486714308
0.619951450973326
0.583162979956338
0.717006304904292
0.493275341609745
0.668422336431895
0.552451994871602
0.764170989118563
0.383287103998091
0.518434514992123
1.20519287465091
1.07780702278929
0.599207159507797
0.432380058887465
0.353937470367281
1.21309960850917
0.902003869070167
0.778057226004235
0.91016016898316
1.12704034893816
0.52038911925353
0.494408490630717
0.599442794770109
0.712858187127628
0.437842513753216
0.710383798683142
0.680440974332959
0.32755455176597
0.241894837777478
0.965390893172457
1.0748281190398
1.1974276644491
1.01108413717232
0.426918822978322
1.50146859213113
0.662288132291424
0.731971320516536
0.744555541033996
0.964564157351672
0.983596456394399
0.689053230960414
0.320026903054591
0.507869983911073
0.603942500110907
0.822791215776809
0.752064856155336
0.931748942037781
1.10560393471395
0.456366453847796
0.705794960012184
0.515373064187957
1.05752314650916
1.23570753044139
0.663936021769524
0.841200846516545
1.1195867349676
0.682309857424254
0.585518776331147
0.730965799654029
0.488032706593093
0.52868723129058
0.516301130593008
0.691805194678324
0.326358140056768
0.533365846210018
0.478042870154482
0.770848604376743
0.472013933402348
0.387110106108069
1.17930101036417
1.05738417026826
0.689503549869529
0.782796371399463
0.624869261417816
0.982879241400064
0.344892849978789
0.674147969801912
0.861831752869024
0.131662454987075
0.391977208135839
0.33975601774475
0.335686649996746
0.473511352526489
0.622314329182866
1.37786260658547
0.372022577656781
0.838290334186307
0.483591859714709
0.929824005694928
0.95234611557678
0.637344891458705
0.784569298447233
1.57507358808125
1.41803856548289
1.11610088874815
0.46484183640615
0.34403771230162
0.633796509841893
0.991073229421863
0.847450694342018
0.351364329711854
0.596344493886727
2.52086989304686
0.813745445128024
0.76046193615301
1.46851059056016
1.3037796200608
2.01093891008187
0.501520489509802
0.307550586732455
0.764995593236596
0.671686651215079
0.559687340897299
1.14143790143603
0.412030480955495
0.745002238566814
0.837316646616014
0.526528525499549
0.417090491772316
1.0646619036194
0.726950665192409
0.524056173808102
1.25888040252354
0.791905794323332
0.538721185229453
0.969849904631052
0.392653308443454
0.352147433137516
0.524040401025955
1.33211530345664
2.05695402264568
0.9003407004038
0.306737423029425
0.605083233068169
0.785621070478197
0.662020918275631
0.879627759311
0.467405303506677
0.374389269489614
0.255063058580135
0.627236393485987
0.984373948111216
0.811767730915069
1.23887310595396
0.381554716183887
0.399472358888399
0.476512861715152
0.682670322135011
1.09912150531762
0.433937299252901
0.813916989268197
0.648146679533309
0.416934033824876
0.345701759460346
2.15918696322482
0.493827872151294
0.282405136816606
1.42165862478717
1.00156405569032
0.831447653926693
0.775025366268953
2.25990554852312
0.655107768540136
1.01113116818833
1.77953136264089
1.92227465064444
0.19940330481561
0.601660984724233
0.744982383833148
0.59833026636688
0.695296051420683
0.493107718635881
0.76119464156697
1.32244167084964
0.564016931341433
0.64636427783597
0.522114669627217
0.475267072717868
0.0633682886436166
0.860703100070192
0.57086788011762
0.42506627455748
0.663153152216571
0.548346426983026
1.17345790734919
0.740583553533348
0.301562944746663
0.341148378317448
1.49066555107352
0.535424440817155
0.242692443447171
0.432790676751949
0.398807679469475
0.723848988558764
0.737358205055377
0.484927889455325
0.0750303265381926
0.939187906499749
1.35216643414533
0.144534572258102
0.726056653283225
0.032400899502457
0.743000145173273
0.844196946830775
0.505589663637826
0.75136189596428
0.689195250901409
0.311104654780903
0.498304451843999
0.802168251679674
1.33696742481569
0.737695979279879
0.204846437669233
0.69572709214566
0.993819984177198
0.659600396952673
0.455392602728271
0.773736665076892
1.18240348938088
1.20211910674506
1.59685250626842
0.571416837707211
0.474308753030768
0.934560995594556
1.83434756480243
1.32592095057919
0.966313750330251
0.423016650515062
1.09250803294244
0.556295889941739
0.661572274557203
0.37049791463277
0.431624380055551
0.682205771772094
0.749909255242733
0.394182787435305
0.632021930188583
0.598912950774707
0.571706603234354
0.861921302253528
0.505840529593965
0.830791433855264
0.972789879288348
0.644846497660899
0.647035466349768
0.349539436709708
0.412934058458184
0.37722542830524
0.350594301604445
1.02570409319652
0.74513279049116
0.423592657105195
0.727647590931952
0.771026402450556
0.840365011440481
0.802879466378721
0.276839053214859
0.650734175554027
0.678911207417678
0.226776395335078
0.781621799235534
1.9894773374546
1.82354223453673
0.70962559303206
0.681436463628151
0.448073208596163
1.24209131818701
0.755565582132404
0.573058403534697
1.21862053566871
0.818790756567925
0.7631249516831
0.888491454712123
0.465861859115126
0.7644535377367
0.715015471170634
0.249861799651214
0.70915717534907
0.560895381018374
0.974529798517818
0.546385544874075
0.669807743521363
0.643908745823467
1.03864536064827
0.899409046288218
0.875476228866838
0.465944534510552
1.5839165214607
0.799480125247005
0.481026669542391
0.631378640290206
1.43788242480239
0.675867140828446
0.591230248495322
0.867921462131403
1.44361695884388
0.304734774147535
1.09359399105148
0.197877679198838
0.935646616526377
0.54204779683991
0.516095342366995
0.472437962924489
0.785305554021599
0.369619111604212
0.805227001388343
1.30696577776929
0.404497814113926
0.797893447553875
0.726899329763131
0.643276351590544
0.765603644938054
0.908015881342462
0.517346544333996
0.849901961411443
0.872851530528968
0.274191173739898
0.625578876052015
0.434981159572131
1.24850105262626
0.920418385345607
1.01996995688988
1.86314302958281
0.553918844985448
0.908490057315062
0.616721146905625
1.09924704162989
1.51997001222362
1.12348431132507
0.670791971655095
0.560561221683757
0.626290304949375
0.684960875541451
0.32842981487225
0.869612301433187
0.717620339813967
0.104842966034149
0.873456490321416
0.582674380790357
0.61562673707273
0.568740219658195
0.982142951294267
1.7248747821618
0.563995842634776
1.21565509686908
0.714656645361532
0.69414180520047
0.604165815715843
0.44587588700734
0.517700844159056
0.472230201430476
1.01900824811289
1.30138984763235
1.29871270461005
0.649868485925909
0.803820151714387
1.16827596004111
1.09214655358877
0.512950697033828
0.845552527477735
0.69467051339297
0.620687071091419
0.17632956930089
0.740875631911556
0.94242722653643
1.05251304700404
0.917890885329935
1.0963007373379
1.64388859274165
1.0919791414398
0.555876306993456
0.413040161842959
1.12095613563845
0.762239094176459
0.994572125354273
0.622003344692174
1.26403321327297
2.01008278884489
0.403730476784273
0.61679759353852
0.536961194825581
0.635282285534887
1.05136466774906
0.858163544943211
0.66998075244703
0.383735908226816
1.50872131869219
0.326031868247439
0.521683987955088
0.494081169295302
0.583025772701234
0.98907235312781
0.890404656895555
0.996354241688038
1.38650664349948
0.573198227127606
0.553102062515205
0.368586860501482
0.0844845439163626
1.7402270840019
0.764016904023798
0.356906774799164
1.47683112174305
0.621106595453129
0.633321653062949
1.03052610503475
0.682373963750917
0.506314941438996
0.227617297430623
0.573127084093438
0.726131145847301
0.33286554107195
0.496010040493966
0.553065811603652
3.12008417117818
2.85258016779975
0.389328649034642
0.742304956726076
1.98808230752068
1.57252588963162
1.39875715198392
0.14094203487157
0.833275269537372
0.928111647134749
0.385671729327221
0.974018789032228
0.565524573733857
0.667356815414635
0.641440803797736
0.600309688623328
0.425403398148555
0.469168760984352
0.370911328058297
0.418294644350477
0.482123492953331
0.605632330002089
0.496395003390553
0.408166658803809
0.639690321725177
1.2144924977804
0.984628039067326
2.07537960316722
0.382786207275578
0.618003047333787
0.797323407473657
0.607855469222112
0.983558912519854
0.389581783679214
0.122698552366184
0.442648794375589
0.522752149688776
0.50017021313828
0.472218689970998
0.511876262690865
0.168078013557171
0.615882085858585
0.923614746499468
0.561726965116076
0.821989857004447
0.548344922951961
0.552096746745925
0.549168531301793
0.702901908307642
2.34913862542926
0.573378091428874
0.613141913047442
0.648463527182744
0.919540072353783
0.746378511983321
0.607231264882242
0.667785776365985
0.327453141815035
0.557668930434207
0.711968922153354
0.742153755759326
0.489120087666752
0.271880754492604
0.753643241724095
0.584168901250639
0.786918711600797
0.745565508265684
0.615332913033714
0.946930027701999
1.76275143560935
0.483430060105395
1.14979190660453
1.30419322787354
0.570609729830307
0.54599888537392
0.382317637237328
0.426632516028488
0.672607582872679
0.492686790521814
0.679480150151698
0.478123792059963
0.373410916112019
0.494167148431263
0.521765135789448
0.549342051208236
0.385628952514357
0.997866544991253
1.56626339680552
1.89006981681099
0.807756234125467
0.505389452693421
0.76622340654827
1.1404983011114
0.142325307051022
0.326242733466183
0.707968246807171
1.70186509671352
0.704394909154432
1.45093836195587
1.52287834153315
1.00421294992925
1.18652691749384
1.10914364899062
0.749638909576649
1.19746164384464
0.551835720768004
0.976287784427973
0.969254128751246
0.542814483208436
1.38248855657904
0.515301799634417
0.539425927884336
0.787628505005121
0.810854689473914
1.31051138806751
0.568459760839713
0.697303991596846
1.07435491369101
0.36389397331769
1.28803894358258
0.808015830013012
1.3496460335526
0.571937663245508
0.413815636941874
0.247407638333293
0.578703439790477
0.476745485449441
0.432584093011952
0.756215514036536
0.756952456724143
0.723697540182732
0.543439425311936
1.08044150745992
1.18678932966458
1.61066143877119
0.47678520612068
0.376371323223379
0.865393478922066
0.648733177690037
1.59914954619957
0.635869213385728
0.433126738550676
0.739762245455306
1.22112235854644
0.455006079616146
0.615534874610899
0.730678776487709
0.460764353132519
0.794462467123716
0.859338685813292
0.681237313733667
1.19320664454668
0.478719294481484
0.49842149977896
0.745949690736109
1.26643533806906
0.369181320246883
0.325675964574296
1.30376374137399
0.58575023030209
0.626374772545694
1.18755775350728
0.592906798894069
0.797383430385403
1.37177335154301
0.619925068040149
0.56276251170882
0.875325965791795
1.28775527872452
0.543590659454304
1.02022414999457
0.303415544446603
2.54634526582821
0.362235662679519
0.613610819677743
0.454745318672367
0.33766518870154
0.43792144474585
1.41407631828576
0.336110979174986
0.717139774605603
0.888196511197533
0.735726987599258
0.806761683118113
2.01787840688621
0.576518076424142
0.928564827987523
0.382625102404289
1.04285979121502
0.591776953437129
0.696601083886331
1.03300087424981
0.528496299577256
0.813897326680504
0.165830338928521
0.706606314599044
0.969289262167598
0.314735796093061
1.26235939798506
0.552929413927682
0.476221448165246
0.441118588332318
0.669175633712284
0.369277015689247
0.919572107616367
1.19107046518855
0.673270032548354
0.455027699853186
1.41046148866398
0.440363660226065
0.380928712996621
0.510932883234666
0.255632016462341
1.2810809987317
1.86060926679537
0.612542541393163
1.34430183318597
0.633408860545522
1.1854956776109
1.38078313554843
1.57927483457244
1.1434239365125
1.85594101158657
0.338272053761753
0.425021463290526
0.542424050956031
0.333013686955261
0.611101721323201
1.13786113131596
0.627949820057278
0.421417378044945
0.482500116158991
0.36391787412892
0.698099403818272
0.315275362662395
0.695590960413541
0.59008100039821
1.39481152093034
0.919433107868948
0.981661757990986
0.581640589864494
0.80085295982541
1.02478929736376
1.51426256687965
0.473904890979076
0.354525918566661
1.02857005085988
2.07596874850228
0.589005974117467
0.837401510827899
0.61527549757659
0.347401361979998
1.07797045450852
0.306024340234916
1.35355245146457
1.00065483662128
1.4680527529723
0.565694712534008
0.823135256183996
0.56484635365152
0.690327722193894
0.943205277836229
0.800177354416892
0.593479076446794
0.84133485556201
1.0293075357147
0.649699967487984
0.861785391866949
0.862557343714237
0.98100176509242
0.803258897579326
0.609017409310072
0.657084757909701
0.5159932265985
0.426447196188996
0.702006032429283
0.477073091515155
0.528069327601296
0.467005692874716
1.61436844369128
0.475116346573665
0.737627021980114
1.09237276379702
0.685284564317843
0.386115080943228
0.643332380594898
1.08332547046711
0.202986814436681
0.51528102372175
0.940409922713148
1.158749495784
0.440594446326042
1.57763389741986
1.32576423713172
0.63217715682287
0.508319333779655
1.41815259405307
0.699957726010179
0.542216482982139
0.640763748242995
0.707543007367742
0.824347075805215
0.632914376872471
0.731542218212213
0.542878872104242
0.512692844247319
0.394747064244923
0.118931530331846
0.282639585924693
0.851773148840206
0.312038941630554
0.52549929309529
0.660494238556867
0.44719847953271
0.657769224004674
0.283944226107502
0.374899448342694
0.336875339302399
0.965410893254413
1.21026855148245
0.149516736571114
0.80036971487677
0.512448364469063
0.706211183606193
0.927651376483876
0.17598631089488
0.695974790671857
1.22988202580359
0.96015566123043
0.580114128599559
0.295019273315293
0.631787201092166
1.3441681629232
1.48257879236036
0.322845392948778
1.64230863473015
0.587856044705999
0.465314454582485
0.641874044911175
0.974234586035313
1.04639188743967
0.41115769904802
0.72345712121956
0.481677582034558
1.01915911666071
2.03460200865282
1.00989019880229
1.49505588699722
0.307561478587691
0.736848042940253
0.899975676562115
1.44009446096924
0.597320509839223
0.196342688193468
0.465376273510255
0.4497383777363
0.928676633713586
0.631615704517317
0.586607088545266
0.478653392606904
0.574512076716149
1.07278835722667
0.744087239719363
0.681563777108719
0.503696741486922
0.288737436104064
0.650118247907662
0.966810369231989
0.562542900945339
1.2804098369688
1.80261987582109
0.995497943641381
0.743918815744705
0.580169700493925
0.484928635960412
0.813416026267612
1.48559453691317
1.08112430844553
0.551582566205474
0.305295770393124
0.822486106589633
1.03427039534705
0.410969584514234
1.38807465282348
0.885477948695753
0.487628617564396
0.215657076877943
0.872843529432579
0.413353218095816
1.33167502676592
0.913394211910631
0.53828017698226
0.0645701772523527
0.792072477776342
0.716776942132921
0.849407952603576
0.652757560058826
0.529599645307192
1.77366308736984
0.618712165117021
0.804377934500864
0.67910844129688
0.565853206116591
0.612410039700351
0.637531084486671
0.58040986114078
0.946141036883795
0.523454157667811
0.879629168575802
0.367266121507574
0.429504195379139
0.148911828622397
0.691727748853505
0.353809643174787
0.395112983199087
1.00769376332742
0.437930642844093
0.64680192792559
0.663817262888531
1.12936597489819
0.527073004848429
0.548166947697092
0.319706587073186
0.589539768450746
1.02420600969791
0.322158058417424
0.714836317898982
0.674295510691377
0.444972826216787
0.847372545806843
0.496931611027292
0.774298005247754
1.0167016008961
0.704633217392237
0.366956277887086
0.932233196386334
0.97831203243849
1.02999057709443
0.689881681989995
0.818043894318561
0.909818145366433
1.36197780277536
0.905012262320665
0.517917454662115
0.644362610635005
0.586382220072514
0.248413559182591
1.43427225194298
0.462363573062627
0.850822294248035
0.371631951752046
0.412288309370326
1.15530221773773
0.577143843671068
0.431943371368406
0.531460030487078
0.355703175600612
0.214555673101962
0.575698811599405
0.717123399165913
0.82089818898623
0.705596002842319
0.387016699378793
0.43195472947352
0.443977990177759
0.645091498196055
0.674979051662723
1.7418962135534
1.47195511020333
0.460057982128351
0.47000311358434
0.365552851933251
0.297246106888009
0.823210674351789
1.07244494741995
0.107534351064788
0.239806254312634
1.45945796497675
2.05584427593331
1.28316881568333
1.99589147924035
0.61602135969802
0.231514443503382
0.476504402747084
1.09792097767945
0.267199195858258
0.510780496156205
0.414953343057605
0.538520964519116
0.537371411948323
0.946894642130939
0.806635283768725
0.517594581539269
0.704939853815387
0.339185585693118
0.661343837379005
0.513803508048168
0.98213475369752
0.750066483615365
0.55017403861282
0.526377882048952
0.870414424339934
0.38493731219009
0.204769851076255
0.228057905913315
0.435187311082547
0.298226589249668
0.419965888298072
0.73866464379233
1.02362338669668
0.647624697728923
0.530384556999944
0.603286064891076
0.719745111591817
0.488197297337947
0.675325857134192
1.02118481925909
1.61117301663116
1.22534781660422
1.32811306108567
0.375075138185994
0.664974552432582
0.186842299356675
0.549602583210526
0.801019498046961
0.915102599147883
0.256261182160055
1.38136126345891
0.559911689227869
0.427828237354465
0.342756407088319
0.581302819478487
1.05422320461168
0.731050183706644
0.587987948886728
0.633531237703126
0.855394502005497
0.491353120340376
0.199341717388775
0.494577740347869
0.542383880938337
0.972928447417615
0.748311392460041
0.700639693331522
0.503520468868821
0.793101384240438
0.687338383550238
0.526432529773989
0.574671317339039
0.959346735107623
0.655934460161685
0.950937193040464
0.842250349677609
0.649531260954459
0.517750244967366
0.450800262534807
0.464019308735786
0.7291977425632
0.557120034713617
0.596805368180941
0.711859104175659
0.64443237949168
0.543696596266043
0.568493486566052
0.378062230901316
0.39657365425959
0.639277550598752
1.23935778048618
0.737980342423113
0.434798267120537
0.55349653916575
0.540852424497928
0.678808333239377
0.388323360187896
0.320491136964411
1.14264532146209
0.750413039600734
0.510396878897381
0.528360221060252
0.894649177385255
0.438073497517882
0.369628622967466
0.410447944380454
0.75035333346383
0.328013097825219
0.513572299453794
0.534686278802414
0.380814694647265
0.727240454796781
1.21454873011196
1.01017244587996
0.412602080789396
0.860082697399549
0.512924084427866
2.13851352076678
0.455012595458727
0.756213583619681
1.37077054335128
0.178023022561937
0.454724010240148
1.38606620078045
0.876646670855955
0.649666346389858
0.898102083028868
0.759030742966847
0.714572369944438
1.00063581818413
0.715622618693707
0.157187931488328
1.52759134089803
1.72680722477735
0.803343862204572
0.230992438720841
0.884850861698045
0.341112254277017
1.09883547911424
0.50829860947105
1.03642503078214
0.818514512768782
0.853312479357071
0.760090456675426
1.73698998155152
0.724425241665544
0.19165500781467
0.57244141514289
0.630344342807093
0.213148993328895
0.452235092964256
0.657813635400723
1.45412142022381
0.571919058276033
1.04991329357695
0.794471241953832
0.405538007917941
1.44604982386096
0.680644719243942
1.02178002825408
1.0808092007631
0.780614825618047
0.593184294967917
1.14069253730214
1.75462242362447
0.242444211021275
0.935134941945958
0.386672925119497
0.760732600525241
0.596701511474416
0.596065097883537
0.728641289709336
1.13854715018765
0.498490513936735
0.470596287067056
0.371237638616793
0.588894385948487
0.798200061809522
0.565779776190457
0.576217670031609
0.517784002796685
1.14386651000236
1.23422071502312
0.484954561720305
0.587544895828836
0.264301559102174
0.529183621506405
0.219005291052763
1.16926838869747
0.39608768627811
0.471377308276333
0.627427201555266
0.172734631678409
0.646702241057217
0.659563164382707
2.18028449322166
0.795408810390955
0.31209267715104
0.707508888909718
1.2623129827066
0.585891489135423
0.52190522513813
0.690493044507534
0.700428516656771
1.1853557365824
0.443136560561753
1.47534735736785
2.54703792472178
1.54307364399541
0.639890479563487
1.26692365522552
3.25928363163006
0.515017386361602
0.523049840856582
1.48600420681867
0.871478956014577
1.75860189757371
0.543919557828513
1.35389911439111
1.56152382987232
1.67114406733
1.61596735487823
1.75184657642108
0.362696645327219
0.568104198218747
0.823128372986401
0.768000790356993
1.25957716617622
1.66319635936933
0.741066710818719
0.69045701134591
0.57366189652303
1.37072539879275
0.583323815749486
0.580791609166108
1.01252505170174
0.776991260360889
0.250554520105275
0.660414224442291
0.610561147210275
0.36052860294752
0.727526956940417
1.39578096218782
0.190065442423636
0.728855516332949
1.05608047100167
0.84472512435855
0.508761837563576
0.339355795312028
0.920212052921832
0.696787488655088
0.606802740096559
0.54427516840718
0.873911004541294
1.0666024290289
0.864999593070905
1.3431803730289
2.20099078927427
0.323462428085578
0.685763407448641
0.493378994128443
0.735136210303206
0.550495546749603
0.646131293706522
1.20830203103777
0.978289064604978
1.10310816888293
0.657042453065423
0.669567007287977
0.578979083078185
1.24835336459827
1.43601855072102
0.577864661883896
1.09565735840174
0.355554518767113
0.581238520230192
0.92162326273073
0.301433032458741
1.54781649856837
0.465736655717888
0.548975255095581
0.695742349521809
0.615380163482796
0.355479841368667
0.516799187682921
1.26348764301597
0.644342886629351
1.0131867144779
0.810664579471485
0.829269967054376
1.08472394140306
0.626889165784315
0.802002176363747
0.762735598510759
0.530787628411378
0.43533964487546
0.516252687510654
0.237873834927203
0.535456125654207
0.751984821775182
0.309733109387376
0.57451905853602
0.542611885438472
0.587539561311321
1.01660586957432
0.458497648477116
0.381836886739178
0.698466845583189
0.626715567170784
1.14937262885375
0.459567918812509
1.0775898220048
0.558266576672111
0.178983053634149
1.19418851715265
0.475703430215881
1.0489593816817
1.70489835868395
1.30418268480325
1.00483736227079
0.684817805083769
1.39995299322937
0.332160914190942
0.565228618318902
0.895796374073415
0.620719260223975
0.549911619469089
0.538272865049682
0.500917998659347
0.56675492376864
0.548603342272534
0.310549644654455
0.607261287440657
0.716887094274207
0.520338960242215
0.793698698327744
0.59024614317617
0.834102213865304
1.51391458214028
1.51394267044622
1.1545955672024
0.311780366875703
0.60634639444195
0.731093076226076
0.461601984750535
0.814476226754557
0.796122469473758
0.302377326348661
1.93248762602165
0.327285117336436
0.743854839302046
0.568697246377725
0.379137763659206
1.06595399860372
0.248203395479814
0.404830632624714
0.687040806185671
0.67201627715293
0.601311737703805
0.782128418140526
0.895047247886417
0.484552510371347
0.217958196765706
0.893788184595433
0.723543750452986
0.707912332945525
0.751591562339963
0.540728724252174
0.936903209479353
0.586883644952674
0.597856220764773
0.917550445356314
0.893703495404644
0.998796664078598
0.594845008903368
0.545972224898781
0.908814525053386
1.03389263695042
0.180398655637274
0.842396897963734
0.64109180348379
0.592068265364323
1.05004190569744
0.612979283647903
0.391952993641728
0.539253050880071
0.320003030862229
0.494570927461046
1.0459808115601
0.879168754448427
0.877938630171249
0.616399339062086
0.36825602908508
0.63735812575416
0.866508730296908
0.406344373628673
0.574060665292976
0.631265172830301
0.493454220731817
0.438021967882701
0.401175882158842
0.960352675528507
0.445126639601581
1.42479403036937
1.89416341856099
1.21488864399631
0.723327471456856
0.78147017244065
0.979502116226684
0.34335851921604
0.298980852814444
0.604123303973444
0.586763700650163
1.15108396639313
0.806938537892214
0.555198061559777
0.636714798872468
0.386174622042604
0.646050615856936
1.10140121400475
0.473926728243493
0.0877845496237304
0.808460680659699
0.610877074703679
0.965027329396564
0.885407208374476
0.42915141697383
0.687344120985214
0.666548797843099
0.515462133409097
0.713668823222597
1.162611334754
0.725445080917749
0.391925901651974
0.606712052698899
0.536643874489387
0.751451197310966
0.411478722154331
0.422771205791136
0.435220381138777
0.837824617763848
0.82172361261014
0.401286552502501
0.706838329258774
0.633057345958657
1.03642985378743
0.519959303936714
0.870465002010623
0.256167478323331
0.894228898581515
1.30572943239473
1.41437253488103
0.399492699093627
0.984147340077461
0.559868971954017
0.839370283037555
0.818408557034782
0.561006947025304
0.83276988830009
0.697093293293807
0.541760625424171
0.550652625336583
0.621859540321083
0.709218189893726
0.960716163183663
0.490752076466477
0.528702807198739
0.471627119638455
0.412111263818566
0.570131458056043
0.526078567624364
0.435766156072876
0.651613212348044
0.664204063992339
0.244808116261126
0.660810947500229
0.351704862763451
0.60455071515054
3.21036997343025
1.46472615637839
1.17066956948109
1.07616956577822
0.502388626093932
0.484502818116767
1.47833799287791
0.79348960965245
1.05052324663714
0.679731699585582
0.457943021245643
0.337877725880719
1.38251502327782
1.38545921971957
0.90844258062131
0.291059668940743
0.354930432454834
0.143930263778002
0.618386477024852
0.358401606667705
0.808585358059517
0.562523104133276
0.86466965640422
0.454793987550378
0.969290136931077
0.503320078579078
0.733820255638251
0.884924991051064
0.347510434993703
0.602748853579032
1.39309956450531
0.606783719038026
1.21733377444826
1.01443195524454
0.839955410049149
0.670638083671987
0.767009258475363
0.489594111066583
0.252191820113725
1.02567435900052
0.454776251905039
0.962364004494081
1.04372557905154
0.380186568744578
0.442507164197641
0.341115604556632
0.72479674588669
1.09679612384542
0.769872212678118
0.0076486501899332
0.763144269212151
1.15133048298545
0.826895690183718
0.761987630737271
0.925096808555978
0.871752034336858
0.615255651938758
0.490312397896624
0.785229328767215
0.589813124657318
0.792193891472087
1.3078337424132
0.80252925780549
1.57954547920033
1.05976520138568
0.63657275885316
0.898884287042785
0.705354945531423
0.700847720313701
0.67999418510655
0.804000920307635
1.29068536605653
0.346535124781339
0.387131862262988
0.348261380697596
0.570330733144623
1.90550100279589
0.577600148658542
0.986939704835646
0.345713662995702
1.16474179157879
1.32470076927695
0.323595312938907
1.1552344230834
1.14784159496359
0.408808355437107
0.761677234609312
0.909930687625418
0.300918480320458
0.43901088311563
1.25957877454513
0.51318668125437
0.712936396090108
1.96482045548045
1.51810752195484
0.763096882298722
0.548657209802359
0.922777955910626
0.245688846227867
0.834046673813739
0.612468760948031
0.228187239631475
0.251054733984148
0.191971193004056
0.985337165766583
0.543248663966487
0.166484485632744
0.228055054735311
0.412719600024786
0.669690483095075
0.701886707525687
0.62642860276384
1.2872369985002
0.994555347640738
0.737832517232595
1.5684172585135
0.589556038201782
0.42475641049412
0.732085418280567
0.802242413223904
0.602468302663081
0.572751031803621
0.996219546045351
0.74223665263641
0.5105880946578
0.589907611488178
0.424556393485951
0.482409257561949
0.547887611810466
0.889932042425788
1.04692825408311
0.552341709670123
0.751888556510338
0.716909450444743
0.796269413231637
0.309535594856378
0.540065294439977
0.927855124138165
0.814280689084685
0.0635466045763474
0.73204817711727
0.944484630094373
2.16759171858138
0.813286424445784
0.461247452975292
0.716663745257996
0.500767223563362
1.13218513203367
0.699412379954283
0.947052970235961
0.893266002001356
0.948870815707974
0.660689552706779
0.182490072155408
0.458107709352552
0.684173028216078
0.271391160499745
1.33458194652976
0.575498204798882
0.296597177514053
0.667281893437082
0.369127577046113
0.626318965796903
0.833023794360231
0.832777210738509
0.693896904031172
1.03064110718365
0.58194928866105
0.401075255077106
0.363113741815559
0.754012981707745
1.24207196061524
1.37535505413529
0.694040324821309
1.1382393046055
0.704196073026808
0.853018759734747
0.566548254957262
0.608070794527015
1.24489243113614
0.551235992802698
0.981971191636707
1.06092058944523
0.574226654130396
0.618257920231564
0.494184309910402
0.71677009922812
0.892527676248344
0.265797357737752
1.12376092283744
0.39894522695943
1.26277588186032
0.769532090823986
0.970459420828186
0.503337272276306
0.659454564929538
0.636260855032402
1.45940904157593
0.559954675257086
0.542126382613103
1.88580101471177
2.11803744060408
0.290495399411796
0.407112014928754
0.620111963666563
1.75085222008028
0.453836118231918
0.409119358526143
0.534842446702997
0.347204640793106
0.632216260080477
0.812032701676148
0.540412839848371
0.37717029230711
0.673628896424301
0.819222956153479
0.814367316076665
0.497693471364291
0.484853181181654
0.550259697472816
1.0962910342631
0.43692935573455
0.491121115234782
0.430553701709257
0.718839038755027
1.61848607400833
0.314131950878864
0.28261965460628
1.1856610171581
0.595010369196222
0.80806057447769
0.784579410258149
0.554825691059346
0.992112124257007
0.592327163890537
0.673610726437629
0.207294391135046
0.381266366946428
0.964901661240236
1.52985310167522
0.318241439298521
1.24347091661505
0.561834122643802
0.402985611514933
1.11668363439162
0.272456764292101
0.506270341158962
0.369019862546737
0.577826368827884
0.543419163698803
0.422506159381588
0.353258237267384
0.779517600456799
0.626999693249193
0.647573905693447
0.502830004978583
0.650748229981344
0.722053153556323
1.16508999146234
1.06268850741828
0.388824034968998
0.431932236412571
0.36576260681024
0.771324762285572
0.841079927178229
0.853825562917588
0.637377756729498
1.85329122718401
0.518679917688721
0.811639590942236
0.708841188046559
0.890434395070714
0.55361966037517
0.553103122476322
0.53096457630827
0.730830478499573
0.887907430484549
0.573449830676838
0.823765007694946
0.520010940471117
0.339756490641125
0.746467865561701
0.693776905718057
0.439510319720449
0.563952076724994
1.03375171868358
0.314088417826048
0.527464406531493
0.89907903096425
1.5623567966182
0.905452499802252
0.270557364527577
0.814675343426555
1.19467053377228
1.69666201152312
0.757067617858905
0.640920772054906
0.6807340370285
0.953634097825101
0.63741652091233
0.75538720676282
0.868473110020267
0.918228402528191
1.35143758497742
0.929701530238684
1.55432441092487
0.822429140973007
0.506402857480207
0.574405101989082
0.760467547657199
1.24127597208048
0.340442812239221
1.00391527909469
2.35050949122166
1.29403317241931
0.752110415164852
0.35567542051465
0.131068734788853
1.8240984927983
0.547949145359667
1.91146935532242
0.747921846126482
2.16874802541452
1.64527017185116
0.540594948164688
0.691089202422339
0.501479776423373
0.426385682960983
0.24758744965815
0.793527815217282
0.962341896499263
0.732866803551646
0.497567083611637
1.18628071713102
0.609826360396691
0.405089218514501
0.228362115624466
0.383590101722196
0.728668768508163
0.752770203924135
1.0386429496099
0.785173592041349
0.949905584958772
1.22371662843808
0.152834326677157
0.578591951807273
0.469757859619917
0.561209755305018
0.428738532143115
0.497339256840965
0.471016221087805
0.766288957982681
0.337188910108418
0.532098649691185
0.44411083173804
0.711924881698353
0.244828798100268
1.00073396338725
0.45270256147717
0.208732014291807
0.765059721411292
1.04866934714556
0.163488379846099
0.846049647765255
0.790272867073305
0.907323727114299
0.309247637899216
1.06997163446685
0.567940195695129
0.679717838440349
0.514324830907418
0.564423282026867
0.918650703376378
0.513674400937594
0.535865834070761
0.309580128564953
0.186858513244465
1.01898742572288
0.884980776011812
2.60683349879663
0.587466572164625
0.717813728450155
0.838741475507072
0.230979444507042
0.641234950565552
0.807844876947041
0.4548893486803
0.62646422584852
0.968840963554485
0.891958729989454
0.846738474088068
0.30490105905771
0.953084331349488
0.890395863538742
0.938851762452384
0.652613967781536
0.378764623183304
0.583665786682979
0.253309483297654
0.560995849153919
0.742069398949354
0.79566153680651
1.195078747474
0.458667016727426
0.898425205283076
0.546366722606531
0.73068932543421
0.337901462796406
0.934287029766659
0.63164472728707
0.66182961924071
1.19788065497438
0.962202784959414
0.662239414521257
0.519834988426717
0.543225214997451
0.855584107876996
1.32874827912873
0.465372356243768
0.441912849905623
0.385299308569814
0.519291239692562
0.300425341295463
0.346071751178159
0.689262506599985
1.04772561615005
0.453702683789181
0.907737180945094
0.434844475939353
1.0282201860325
0.885553206642711
0.372840760372018
0.474135425555387
0.374443694975082
0.574218159303207
0.732184931132002
0.554708870370347
1.02680649012179
1.29995042410248
1.01441493649064
0.700528066277496
1.21416626185804
1.27668335614833
1.23330715844417
0.487037274775167
0.428849639769372
0.807390469724606
1.56157768386245
0.488797517208363
1.51209489611528
0.696095192809043
0.224006435167137
0.905077285434593
0.433624206058585
0.321302879482086
0.284295761053471
0.601278496255468
0.348894107539419
0.470047049289872
0.249376358652192
0.350251062305546
2.56045722241096
0.688354386874386
1.32860224135231
0.835664449567128
0.351401453465557
0.657685768273963
0.370682076859987
0.546031262733001
0.441064884649643
0.531083196450495
0.597203552645548
0.449946470564962
1.04152316035224
1.14693251651119
2.1859965787858
1.01684637001915
0.946161372671346
0.565003260953277
0.979299594855135
1.04437615754069
0.602835748361052
1.44112886855121
0.84073690412794
0.929839634787767
1.58238313615127
1.83251451190955
5.08863884856727
2.75291536827757
0.634445232918653
0.692069981380621
0.863571974031217
0.564732869935671
1.35516413472972
0.91365439575694
0.807171144142284
0.341597686295877
0.742425929071106
1.01571856506111
0.749122433257828
0.970930039372788
1.79839969100503
0.511722810633775
0.294622493887555
0.636548626435795
1.33065783903254
0.747181447536585
0.576090694867322
1.2041190308445
0.352229571813344
0.75168298599762
0.348832765556918
1.3680470356386
0.384473850824721
0.557095967972537
0.917677562627945
1.13969286818002
0.480781976837004
0.687461217512711
1.11748484427304
0.33461305927765
0.834114052529714
0.703058031570043
0.364814725735273
0.7886568195552
0.754103576369778
0.95048165700187
0.386668298187629
0.833318703317081
1.26024697627682
1.08418737751697
0.698301711153434
0.620178742094348
0.477614989471
0.383927694542743
0.742986969688794
0.401830892028597
1.31926104681579
1.22147565369717
0.392412094253874
1.13164536759928
0.728892975643526
0.496502098657676
0.619627007796246
0.993953210762704
0.678607218715206
0.998862899208925
0.656425070481529
2.52300745965739
0.624399233277181
0.780805371341404
0.362488056602155
2.15800734619149
0.812320344233955
0.630649072903114
0.775802077317305
0.985608469295704
0.401601389953416
0.508947924274273
0.685383168314145
1.43741870516957
0.746477861546312
0.500698526101465
1.48604172447542
0.453528482901974
0.804849504192412
0.955624395438511
1.45231514578003
0.423020930946798
1.08919061930577
0.403603536749483
2.69054428119958
0.603498989584762
1.54601620435657
0.449039296778729
0.401291240719307
0.775196520383197
0.959657805527065
0.960778348047727
0.453599763276521
1.01590156474979
0.984434256337945
0.270398384479961
1.50559084596404
0.749440206192611
0.640509678703031
0.95527264527801
0.557004954732283
0.573148972579008
0.615025802680427
0.0521185020882783
0.552606879860446
1.96905713408516
0.888316267503922
0.854496394595845
0.635646884939418
0.372630603003223
0.737670610208501
0.620277334421818
1.09435743348507
0.798103296473045
1.12924939915943
0.688617031845209
0.628537044950706
0.654564081772969
0.825457502106179
0.903437868251734
0.721375476353288
0.226234913822673
0.66589952583411
0.356802213996738
0.774032067181428
1.14818440059703
0.513866973639512
0.47850374088845
0.629051675696992
0.520711153153533
1.0266812491568
0.336912318789576
0.75028158945303
1.01201463640454
0.252539697148454
0.738406280736193
0.473895824140126
0.186990369655986
0.612255702959806
0.333455099617107
0.794698532195049
0.360729827905246
0.945608564286687
0.558231285936679
0.569445274034162
0.686184295613079
0.978490892342272
0.640931959064491
0.890443592375179
0.722165018256617
0.661370780328923
0.925082799550036
0.653973604527777
0.530602527542544
0.855170380331207
0.516105327777631
0.798264884652476
1.05386948726811
0.616227333267862
0.397373151417554
1.08275608869638
1.15751141994987
0.500495669658156
0.331409662830201
0.935740523573509
0.807406336388218
0.785557457558159
0.891946852657666
0.521958815279555
0.80371529202649
2.59672010107229
1.01317203382235
0.97077917868879
0.616268283965314
0.648914103600861
0.501829474205594
0.823660775787113
0.724861955403424
0.511682822700589
1.21389141622823
0.379099187156135
0.552513207055211
0.718754930196306
0.966590922668606
0.712122236576452
0.122243306830529
1.40141718430641
1.08777229963536
0.557677367438187
0.922038502731469
0.366976787324254
1.04056124475649
0.799026622450492
0.523218623356631
1.53577376884893
0.612167300570591
0.742875929084007
2.46436397776225
2.47946262532027
3.07814985185231
0.770431135573168
0.419570648673162
1.13210540784419
0.673678203742734
0.725693296913592
3.67333851543682
0.623116126359228
0.41720621119521
0.780309174223382
0.534042510815171
0.267189111858271
0.69718328353153
1.41744777104597
0.857744515853813
1.06574452512558
0.610559055141559
1.15084930125099
0.617489869941603
0.441463846905035
0.486070962254648
0.662718098430126
0.740522927449677
0.607403003914446
0.47982029219272
0.474774088564706
0.702072101052797
0.780994229852742
1.00121832460085
0.823876680801628
0.843277402192694
1.19763782212932
0.450035164900208
0.365124584768003
0.786459993355087
0.489796596920597
0.316706432820669
1.07280005019015
0.670079701288137
1.21193710881245
0.500985726155855
0.900657262759287
0.80905144656585
0.298098484073249
0.4264595716554
0.509563418982547
0.534273945676283
0.524685700614353
0.739381856052476
0.950192554326039
0.881428797323465
0.877975656126452
0.804965523434534
1.34726663350456
0.848482408767256
0.773666653547923
0.931487827123882
0.399539292075926
0.434137257894085
0.673707437890006
0.433310645619847
0.838979009038733
1.10495530799254
0.633634879205186
1.25725955136449
1.25411410571479
0.576125568015997
0.965088690893024
0.755785399601552
0.624674036392318
0.507298599562802
0.366229871056247
0.234537735349174
0.612684997543101
0.542098064243183
0.406562595864425
0.664342117433526
0.338526173442724
0.79272727800114
0.587327486827434
1.28055679200326
1.05166659871574
0.949297871797236
0.390557684951958
0.73529357936901
0.747990966080247
1.96459680821873
0.663458125016355
0.611366437876003
0.900903112424624
0.402068024523612
0.0427860935920017
0.746103000706814
0.71066979664072
0.948215878342098
0.609788231235572
0.978682728018321
0.702475554975364
1.28589173505572
0.491922087803541
0.32843711081367
1.04341388228993
1.56550693293452
0.538606468717974
0.704861118252214
0.165493752710906
0.876014626324857
0.505068038684929
0.544774612133693
0.383085047441824
0.690826893700867
0.844219075350738
0.849057555419621
0.486494581741065
2.26799685747762
0.720667654774089
2.14729102683796
0.965310669573902
0.759420487963948
0.392502593131248
0.763673278546485
0.154192762062962
0.395815380563838
0.819103401908259
1.35071084111728
