45.625088283477
53.3916958043795
52.8744726749949
53.0301500552405
53.7992323875384
59.0973770904959
50.2666786360586
57.4509042225156
52.174790688534
48.9076116945153
50.3940573282888
54.888678275493
44.9453882309558
49.1764426169487
57.7353073393268
50.2650829569401
53.2992544155681
48.6028273650711
50.3905196125919
51.223626656884
47.4825612725208
55.6785803304778
57.7678351341002
48.4559883734857
49.307608282671
49.5947100954568
49.3942123291134
45.1353655106727
44.2970118369536
53.3776317742042
47.0944196705748
54.5350503303822
46.0109328222669
47.6543763515407
49.3021709289363
50.8815786523114
70.9494566133174
46.6942093207785
50.0944097534036
58.0951969623756
50.525780780899
51.6530368186834
57.480728901943
53.8729345087129
53.71623023867
54.835188537162
56.3288295480806
56.3173061825444
45.8996062096027
57.1664510044899
55.1177211925169
48.5305462597933
47.1080801951919
53.9810582785158
49.1589605400785
48.2540805342341
52.0998980064074
52.7224596277947
55.730447962234
47.7059999849271
48.7267160954707
47.6035837209639
47.5766461289531
51.9363141011605
55.0574842147406
48.9326037892185
57.7819127948477
47.79560347506
56.935693109755
44.5737439043015
49.7206445360883
48.4822441494473
61.6553106983771
48.7102760514533
52.3011425369251
50.3113554070697
53.0802187410709
47.9548427411961
50.7620816008262
44.712689472561
52.7027144111476
50.2453852824631
47.724687861128
47.5059428007826
52.9735324451861
53.9440576952207
51.853037280101
56.3670255323306
52.0452447901361
44.8449320450673
55.2550814098048
55.9219934619285
50.1180601419942
50.6511819063286
55.7633639362256
46.9278286131609
55.0729189402114
57.6869125432658
47.9303375513451
51.4442772817532
54.3681127294118
49.2441540946152
50.4971560730652
51.9856596110601
51.3487444954014
55.9801973870254
69.1100832169282
49.5526927456405
49.1059329449532
54.1291447684986
57.1259589680685
50.6948861252667
45.6747010576009
47.3772946669949
47.6800704454657
62.0236274245385
50.2170088979422
50.9934903143396
57.7366005063336
54.3455665553382
63.121291745888
48.3370632726826
49.6211379122262
49.9893404530083
62.2742932344801
55.7174279934655
51.1880105735668
57.5044585085944
45.7348688547389
46.7671134140662
46.3702018945031
47.2836301149727
49.6720718493722
48.5128064175708
46.1662149748267
49.6438953774308
57.6945471661468
54.239050475863
48.2214670095622
52.1968736580724
51.6823417855793
49.7048162887724
57.0693187635531
50.1943971615295
48.1900503320763
56.886823548368
52.2634813953811
46.8943442681108
45.9407562636544
49.9809256611391
47.3709789016165
53.7100031532019
50.6884507004197
49.4734324497716
56.1007155855817
49.6275239093472
46.464569935349
59.8024352278271
61.7900959464614
46.5141157367871
44.6823762465488
50.1020295308647
61.7570949089518
47.1522898105937
49.2678890919306
49.843092416761
52.778021436363
52.7959309556027
47.7165675820356
51.5654720434785
50.8241106280863
56.339416984921
60.7585424506533
50.1330230635332
52.4838590131285
49.5460861607721
57.2285218483915
52.4234119740293
49.8143555252914
55.2152417757274
61.7226894793314
55.3476650061651
54.1320753697277
58.1935624518151
61.6816485443716
47.5955719045826
44.9128819588581
48.6025277021226
52.5181028925086
57.136417398616
50.7515372768916
48.2044306590428
51.8828448357695
47.76456754118
55.3395026630011
56.6232183022187
53.5498617869416
48.163382306801
51.8015211785624
50.8631059098283
50.750729657127
52.5106253459559
53.505776669398
49.4025737498209
61.4008530895769
42.5859561406284
49.4955605145662
49.3878266383793
54.4243016809176
57.6086781701821
57.1043856235565
53.1671756136603
56.6313156959398
56.1241525992168
48.1339346150311
53.0325926228423
54.0082252523721
58.0466005274207
48.6723836993404
52.9299607782256
61.598102179813
68.4562366062922
53.6178367999494
51.6017986526372
51.0297421010997
48.484102358609
48.8681692092799
47.3509581102448
49.6786813879554
52.3080638111952
45.7737615363739
44.1184520574373
45.1890391598145
47.620728985671
48.9386240350048
50.0914558252583
63.0404267469711
56.897119119011
56.7714911079656
51.9835460944593
52.3646440476104
47.6899762050568
46.562013662386
61.503910480527
52.846898759505
56.2664917034891
49.4297876029878
48.3662145935035
46.2809032971127
53.5577638462645
50.7362186556756
57.6971902072983
56.8377160963678
49.5650749895103
45.098924563718
53.2052936650321
55.3807647234692
52.1760141538805
46.0590847724079
45.3559640386821
51.6712014833757
56.561852958774
57.8081976560106
57.9998724609483
49.5093493653778
53.9088507134779
54.1673875885928
47.7507137660421
65.110201815364
43.9972827706709
47.4251624475874
49.242042841491
47.8740942617573
59.223208509508
54.5232274707054
47.3575177885577
52.8843968284617
53.6222814219998
47.6455307332552
50.7079673344176
58.3116445420747
46.8337812768934
50.2974147855056
55.2330820824577
50.7860149940332
53.2005743835918
46.8648671656947
54.7640566887463
46.5441228614027
46.2089741910688
51.9290699276996
51.3461783911998
53.6193596171086
46.8372420324329
47.7937970651758
46.957988663482
56.4839153918321
56.0648062495843
53.8925168973689
52.7402216991787
56.1263045648083
51.2473967028062
52.4113647689314
51.9110980936125
45.5536311553677
50.3547746410803
55.0740972542447
56.0114028681807
63.7701476921822
52.8887864965534
62.9751991376128
53.5742198719891
46.4538416973535
51.7300188308093
54.5161116360725
53.5592228628312
47.3917828790544
56.6045645013643
49.965449348127
47.2413114831164
57.6876047135221
50.1891118559549
52.0228127687366
54.7804981769079
54.3557981760044
52.5409123134538
50.5018799883755
53.0028619998491
48.3428605371895
57.5216327737649
50.1221810354809
53.8077595293461
55.606136674882
60.9811163024032
50.5164351274879
62.0463940008169
54.7453338755481
48.807685876272
45.1472919439096
51.8112758476248
53.089966484862
51.3649395394909
50.0392176025168
46.3197899952915
50.0082403770676
48.6609891352045
48.7020243018562
51.9972604874952
48.7943221291869
55.0158264787835
46.8481276764928
50.6252417629041
49.4819364738785
62.4168279399334
49.3347250041963
56.576774449796
53.5431774433357
46.0836242837754
44.3981784679567
62.6399580232549
57.795394334726
54.4953365691244
57.6124640570371
61.6637665143229
48.6482706009756
47.8548065451173
51.1135825374713
46.3727961621118
45.8313909338221
51.8541005421016
47.2796599258748
45.0554418873498
52.7471864843676
49.2352779852616
47.4325447498865
60.2970008035531
53.9904589002081
53.7392566814201
47.4067865066359
56.5210156011907
47.6905961430712
54.4922429529771
49.8847673552504
50.8461109735279
49.2554617006337
53.8730983166939
56.9771166024231
56.7525279703251
43.8878973684758
46.5682449378182
54.0090941386906
47.1673349095357
48.6923861036656
44.9640241037919
49.0611612848541
47.6327131495412
47.7861067875728
51.3804917815492
52.8928332764159
56.6255111118308
51.1271801599678
48.3311104844894
46.1017499283679
49.8302151489934
47.5180361960352
48.3687413592827
46.9145193410831
54.3982827529248
53.0781466312208
55.1304836162395
62.7260947922216
52.9422347015552
50.6436318568764
52.8697174887066
52.4247842400867
45.3296836940269
53.9292417569213
52.8012159589545
49.9855304363714
67.9272081815984
54.7632723649867
54.8186118879815
52.2903235688545
41.8815340846971
54.9101820200825
46.6564952918413
58.0291181030977
42.9873272478653
52.905952657384
57.3559187252286
50.7474196458079
55.4887615244024
52.5931982338141
53.4107199418259
47.5494217596199
45.0159626680982
51.406622091488
44.8922845622639
46.5147594940169
47.3094510420729
52.424025337395
59.6257564660135
51.9713228066947
48.5424469865218
47.3855873656901
49.9814675302838
47.8048557424974
56.9407616391491
53.9307162704501
52.6266182170705
59.2681821660368
55.2192122168616
54.3754624216526
55.1054581102817
50.8210005909631
52.5167150181209
56.043501094958
44.7456642226636
55.5676392584083
44.1801297419573
46.7023443814091
53.3654038267999
45.6710369204764
60.4607141896408
47.5532056819876
51.8212660948333
49.3050374125858
49.5969544800041
47.5452491001241
47.0499539736101
46.1898367907479
49.1632614280977
52.9456916147353
57.5469185006466
58.4668488730341
54.3977155636805
54.1142582573012
57.8697230708655
51.9124807934272
54.1031387628247
54.9048085293306
53.3189502680293
51.2031891757523
56.0368915507
48.332343111207
63.1100946756358
46.320702808825
52.9465095321978
48.4806542613414
46.5979486393075
51.169341601618
53.4210175793573
53.8342027879649
54.6526297837332
47.9805569828979
55.502698771296
50.023760756835
46.4670908289313
58.1781554721735
54.1503143516315
45.0078881148288
49.7088787876944
49.5790249230205
54.6111842573254
47.610548679665
53.2439511173591
62.5748914205335
50.39462717023
60.0220724635148
50.8931850647715
48.2231920612086
49.0579968444436
55.0774992019477
47.3060736793944
54.6455649635568
55.4661391322457
48.2985126913637
53.1180585454509
51.2223314518901
52.0921265320354
46.4724735218842
54.407363426561
48.7238271529109
55.1238102215615
50.4780935864075
51.0214738141546
55.3578157370684
54.5959303999956
49.0765150558171
49.1092058152469
58.428699955219
56.040905123719
49.8953583710353
53.0998746367582
49.6644773118192
62.6306617644289
53.3430026224073
53.4872214591978
49.2318041823582
57.0748037017561
48.2982763367156
53.6552243530451
51.4489369402194
56.7740847255667
48.8236141675436
50.8593834226704
49.9190609173766
54.9190904135706
52.9626473134246
52.4394843998878
46.851419557972
48.9759133494018
46.9924254070894
56.6085784941578
49.3614202234896
55.0696102396615
46.9492347033392
61.3924320369931
47.2260947522136
47.4712861677009
56.1170067249941
49.1764439557848
54.2104828622289
50.3174612113264
49.2345801800274
52.5636297880051
55.6125596927955
48.0232656444293
52.3435733029252
51.4457075035868
47.5459495554636
60.9586633879534
51.0734031825207
49.1136580391561
47.2772382152623
50.4437039235373
48.9291936528699
50.8781594516283
51.6237074236464
52.357374789025
52.7356143172979
62.5491267248103
51.7998850174139
58.4295574026855
44.174148317058
49.2960280415832
51.1660782921144
48.2156886084562
49.6037203356446
50.7632399171438
50.8590835203209
56.210543441193
47.9368083044278
54.4665818439007
48.8401750627881
49.2773429370096
45.9776308332071
46.2346169376192
49.5541998576211
51.4682078468992
55.2742878585238
53.4083700262854
50.4977143862258
47.224442109155
50.3027249438275
49.3014635116363
52.1840121766715
53.8376976824225
48.4398631286841
47.5290101113498
56.6445111643608
49.1631751243924
58.8802110925749
46.8544477932438
52.417348943469
52.3333989084177
51.9713839906561
60.7589382549989
47.0053546331159
54.469156606258
47.8005107142628
57.3149676421559
49.3621417140271
47.4496695931877
54.8131615472476
59.0345678256583
49.9939277677478
51.6571517774613
49.2536471160773
57.4564916183529
54.9817077312799
55.5394191665659
48.9133838378624
50.6591701681609
53.6024048454843
51.2592640447839
51.5975555604333
46.1763787073336
53.9461880268256
56.0124771900499
55.4642092658996
50.6000048236266
48.2570408578063
53.0708457916793
52.0739489576709
59.3350899097334
52.092261195773
49.4401988459216
62.4685806956634
45.5939643131789
48.8103413464497
47.8194639858964
49.2589776199225
49.139614354429
53.019487348231
48.6263475900322
52.2827145515511
44.3373597967079
48.3768205151405
56.1575435533629
49.851798134686
61.4336791210327
45.3776640657855
68.4748549822764
52.6638957897041
67.9155080615363
60.8333691144642
48.6008088592399
60.5908568724095
52.0732472125119
51.9931708903865
56.457688471987
46.277661776663
52.5414706602449
48.013844358987
59.577450720869
57.5955064266664
46.0167765971131
52.2152333260345
48.9415871601974
46.5903739278203
50.0057994748481
55.2310888611704
49.7011569453467
51.9700385890843
58.1825052033913
47.8782826030506
53.1065116039447
50.7050975582968
53.0986888284984
54.5765840069108
51.2307397865803
50.3169734200974
44.9260283374986
53.0580110082907
49.2006932657164
52.0777880688806
47.0594530717287
52.4023857333848
51.5984424738648
51.9585700319787
49.1058690985439
51.1472798548163
49.9259298512127
48.6070472634361
49.5943522953549
47.7232434617103
49.7077796408867
59.2522952083576
49.3625560955379
45.0636398990406
52.1985807242775
55.0687178783028
49.4953702998474
48.0433390126192
50.2437915832725
50.3205098586781
53.0817244903808
57.8167602848104
49.17694589221
48.6981384966039
55.0483054432718
49.3866414742933
50.6153843044095
45.4177077308383
58.1163853523319
49.9651089263112
56.8049483058303
51.8770083660525
57.8366183804458
50.0120425510502
47.6940318030544
54.3728449808631
60.8363804217624
47.1769636235891
64.3211167897407
65.1261026230351
61.7831500961986
49.3865555258662
46.6720966361913
48.2938772761258
56.213820382091
49.8284266808584
51.7857239971274
50.0267409806032
60.0236232501447
49.8552809040109
52.2938850857267
63.6396276044007
48.4587486678377
46.0766698519576
45.8934034813593
51.4646023568531
47.1723180183226
48.9490033564139
48.9246386897423
47.8106786977666
43.7663102519361
47.6514028534459
51.3534585292407
48.6650459491892
48.7034399478099
49.2878986646274
50.1642133882499
55.0763745825385
54.7441226740017
47.9467946636282
57.2599110965113
51.107182999551
45.5423406843604
47.7146520511163
47.7212079098114
69.6060842140708
54.614329809996
50.2144928872227
47.8130744923473
48.5564969681706
46.00530848257
51.3846681549994
45.2972603448632
60.354491345654
58.008060986623
50.0249799977478
52.9082824808688
57.5228299969618
49.4533073854781
49.0325269355375
49.1130572835646
48.5117884670127
60.4188373401521
48.4588966852063
45.802942562305
46.8886111277734
52.2413675112218
56.4990310765049
50.7143903134077
56.6915367359335
50.8529642774953
52.5878855891547
47.2369078219433
50.5206175391842
56.9441630727292
53.2790316086792
45.3375066680701
47.6603410629504
47.3685333153777
51.308153018956
56.1388710965969
49.4917467235233
44.7101211278471
50.9161878592022
63.157470047332
52.0099437406561
46.3975862497263
61.5560540647964
46.8825450891877
48.9190999624075
50.3227937685562
49.4571605591025
47.5562218195201
50.6252456838418
48.1453049951806
50.3330910062992
49.9735519025189
48.3329677151397
51.4117530863881
55.5449333106073
45.995922562979
52.8915068067837
49.5753021383634
50.6426151157058
48.1724467487484
55.412021740789
48.6179705209975
50.3015341091788
51.8360088381699
53.766848510945
54.2192835426243
47.273433042746
50.8646095657734
47.8651915244479
49.0071887962888
48.3947276758121
48.1722781398075
45.9827929076328
50.4403997490528
52.5243556597448
47.9425818324188
55.9281649738938
49.5022599579688
49.0034132261658
51.7189348886814
53.0348379258141
51.2368497057204
49.5832175945728
45.3222545305514
44.3036317394831
49.9988677006219
48.3774197899755
55.0808518746578
60.0052424769009
46.5970842982336
51.6511638496711
48.1996362696434
47.2527801319544
52.8868238402552
52.5296659364605
45.0013422365602
48.2981288644608
48.0574297078496
53.3508559876523
50.8928094669377
56.132287009546
60.8280710069854
47.4047951185985
52.8744055687341
57.2961526744533
50.1843634118286
53.2738481635314
55.4108897203028
57.0138335076664
46.4030572370143
48.597719665136
49.0635312627219
51.1836600214822
50.6285580288108
55.9332973914002
51.5961241116781
53.8817078546889
50.3912638931843
50.8291519304116
56.1209800476406
48.1889895365496
51.5121204379766
47.7468221947569
48.0824229184227
47.978753425854
51.4357190908697
53.9134157085526
50.5494436836746
53.2493364225907
48.9735699000476
47.0150313669242
57.5099331128855
53.2623549545315
57.6952730770451
56.2474560719749
48.2767497340478
55.1876357709651
51.8672920834682
47.3848166748163
44.973987299423
55.4462081960197
55.3486112422894
49.913261422146
51.9656037300806
51.1305202366769
60.6051629528035
52.2003507168158
53.1610880014427
52.4209263151329
51.1035205491265
53.0104436945154
50.0583847894814
49.4410061381016
58.1608540644445
46.9111154157177
49.8243409049416
50.3059310692483
44.7319306110391
60.6110307981589
55.5626390680035
48.6067322658101
55.3664941251086
50.2125206871927
45.5543687784766
45.8997207233847
51.0470843213341
48.7332059030977
53.2616329907008
46.7063479603576
54.4909445167298
49.4106586418294
52.5181285693557
47.2101275420376
54.8864402774662
63.0951134358272
47.5549579883675
45.7382418365819
52.1508742067186
57.5149276303543
46.3382244862107
47.9333281619281
57.2370877832595
50.5717187427066
48.2586135278921
46.9435673124046
44.4991439985845
46.2697809876469
53.9886011665852
52.6084535434158
49.2144160808737
49.4161096417429
54.3686320872656
57.6340386063795
51.6060773617949
50.9750019944571
45.5712551566514
48.3253680483749
55.3926982997168
49.0746069754162
57.0949284139559
60.5630178797329
56.9457303501191
58.3773623611953
53.4899170845312
54.7479944226061
49.4943429395225
56.2010458493839
50.1779820495847
46.4722344671338
46.3439448824989
45.9964908745078
59.652650571236
46.1614542756436
62.3801550856953
54.697807190192
51.890476719144
56.5383102805069
46.7694014828306
52.485484567062
49.9214227251026
51.3555121373093
53.2400738880778
49.9824906129672
52.5895493307077
63.5292112467608
50.943762332819
47.4553498637033
64.4789574766282
48.8987838494913
49.6767452207291
50.7055066722675
62.5783009064124
46.1935957718054
57.1811080871322
49.0310348555214
51.7183649434555
46.0402576035635
48.8097370301912
50.0616587142837
53.8277148249683
48.7018547446288
50.3293828102878
45.9610957600632
55.9014249398196
48.6319098315829
55.7082849537931
54.5878588339104
57.2526287610219
58.2030167775915
47.1928126878508
49.9493390596719
45.5008149218253
46.1195386317544
45.1064881321426
60.5974382595499
54.9319080854702
58.8523515779274
46.9458866104087
57.3756738360466
47.4944638168271
50.9279889195853
51.4073086702336
56.3969977502967
45.6283460953434
48.2632077984645
55.2284451169041
48.4171459134483
58.3532407507128
57.9697341644815
47.9127836967962
51.9365829051901
56.7047216373965
47.5484851279153
50.1658337909763
50.8711089223617
49.8610014395773
47.7441523420875
52.7435456294541
63.8665625946977
50.2977474347278
47.1224280024363
49.8678206581332
50.2781395316368
49.2453562310454
47.9134961299502
58.5057709069975
46.298849657261
61.4835032341613
54.9623307932226
48.2601816780617
56.7336600138312
58.9183110175115
52.371642020009
49.1098598323369
46.5897881965737
54.1716256526935
53.3676239060884
49.5738349140985
50.4384702439756
50.9256101619413
46.9905710402004
56.5390281775741
50.951862643243
50.2675116159047
64.6687053316439
53.9974449626407
50.0804901842539
53.6158901108186
53.7751495030727
63.6900972482972
47.1451741293539
50.4322816065883
63.4102980277012
53.8266262713062
58.2043881577409
60.1800158923752
48.3079547368248
49.1193794729132
45.5184447065584
46.7276764265564
52.04739119603
51.2026031213244
45.2288948821428
53.2849122205566
51.8767316753036
47.6461295494947
52.8258310358561
59.8635626312709
61.0535005368594
46.6399084731835
48.06451384033
55.7220208350802
48.7877376171946
50.8377930506683
47.386023643681
50.3424796754603
53.3198545482481
48.9265128828491
63.7460921924785
52.7951103380944
58.7898420809701
53.9140816601942
61.9316542919355
45.9677245842482
55.3888424692201
53.3381958068452
54.5707246628612
55.4976514675397
48.2741552927393
50.0249678787889
54.2109541370409
54.431391224502
62.3103285661007
49.8484972789451
46.8193164941608
55.0321901134747
51.1753858102518
48.1150141578202
62.8001846658034
46.8763419216375
55.3245311836147
47.4577983538112
50.8161127427911
51.9301372989662
48.6605440428211
45.3922044237121
52.2193329215313
52.2537330999743
47.5880875325534
53.0166155272148
62.2519239122686
53.5736776413664
53.148478369759
48.9112409289896
48.0374394533579
52.3139468530044
45.792196205845
51.2076076741093
49.0604094490132
55.7401439275594
55.8963239757031
53.8282272858265
55.6313956858736
49.5451234129037
47.1524288765348
59.2608864242559
45.9439435125423
52.7999064160565
58.6252098534267
59.6485524935119
45.2293889094422
52.0522045410673
52.5125566817361
46.6900125161186
53.846367960138
44.0986335920491
55.6307973910671
57.4507955777321
58.7361587267275
47.6498829923097
50.3092733385529
55.3591071275453
45.3755572510125
48.170218417271
48.616023396128
51.0195842495655
48.7942866660348
46.4080255475792
47.9382343347443
49.6164251359436
49.1081785908435
50.3377552375219
56.3293574742138
57.8425114965452
56.0399437155064
57.484617902318
53.0328055873429
58.9480487043933
45.4964137374711
46.0168156648502
53.3394380878583
48.8121093379946
47.1098696261732
53.7640405311265
53.5176449388121
46.2326313094377
49.8367696714929
62.8653691387482
59.0508998259913
55.0834469422908
62.4286943807114
50.9537009611384
56.3875520373819
49.5896349224714
56.0349131313916
49.7568282228053
53.5462659827976
56.2068735611855
49.0801462587063
65.0158251755433
50.3462357841516
49.116381136687
55.7915647113252
46.7907136518243
53.9327862372892
52.1064679334871
61.576003206826
57.4896446000228
51.8554269586987
47.6047341725718
44.836295699084
48.7723783345196
52.0121463520626
50.6546964182074
53.1922725152378
46.9830934352756
54.6898009449501
48.2386344057485
48.7498026337499
49.3792127762063
48.7974935007181
51.5208042376416
47.3286770198167
50.0691828860397
48.7907084923032
57.6552308624242
54.348953649068
45.3010182217111
52.034825093041
46.3911218546848
50.5970124650023
53.4549065862151
48.6145419091912
45.5124115385423
63.1641114552786
51.2915884602704
53.5739288184962
48.1869556835715
46.3574395126845
55.0578881468943
56.8784437008129
58.7454832525772
52.3473441294468
45.4193941972087
47.6881220955286
45.5842350020317
49.8644685782573
52.8086903781032
53.6812745403804
54.5954394266769
52.3722439181461
48.9277405761407
51.3212761676632
47.8747348846867
57.1360072574605
50.8953381428826
50.9810572952854
64.7507718290292
48.7751034219461
53.1026339123143
49.6878283687826
48.7669473402485
56.0888551067627
43.6124667253915
52.7399555452416
54.1273056259076
55.661634690054
50.1693319663193
56.451741316382
50.8758264833281
47.8132917221479
51.0972137070908
56.3078382727964
49.3082969336331
52.7014734754349
52.2579510696464
49.7466450136293
46.6392428241338
50.0980922824625
54.7580608956136
48.6612674644639
44.5635537737453
44.9056297385944
48.7555952001029
65.2957099991486
49.1719906245769
57.8795845608304
43.4267890200705
45.9302588165005
53.9371372751578
52.6329854204127
54.3211374984044
52.0053197191827
53.9718398043445
45.1214912655668
48.3279008276168
61.6046005764562
48.9326642083888
52.8784877486173
46.47995231952
56.9856362925741
52.4316479847989
45.3653280199865
53.4231264477408
51.2150483855006
56.7378157211675
50.3442384207914
51.4948870633827
48.1072233836419
53.9880714413212
49.9427555381327
54.4872603149243
52.9463811560946
48.8063429072899
51.9519141940143
46.9544471421019
59.6834583177807
54.8263286325635
60.6983090835823
43.028332098067
46.028468645409
55.2442257561821
61.4753077797174
51.6457023726478
59.4954743501576
47.165060346603
55.3227964780844
48.7552637203352
58.8220167009204
54.3627732582725
47.5747739636581
52.1417747090066
50.7465089332734
48.4012315870299
49.6272956090107
53.4748377881993
55.9554611472539
53.5081226545838
45.9939276038428
57.4173454200254
56.6492996937409
47.4871266697677
54.6620709025099
46.9531778093336
45.3955056330743
55.0755165172563
46.9898466477443
51.6629807266665
56.8948653835717
62.1563204523084
51.587927508337
48.981390455375
53.589535829383
50.2323698096574
57.6305380039366
62.0428316094867
58.1916140363654
54.8478177347321
51.5166956639573
45.1677698121073
52.9215988224501
47.0030375773902
59.496084591505
51.6154860119901
51.4338682897861
47.0454170252089
50.3766132667247
69.0563587954966
48.6280594363769
54.4341555733181
48.9858402467004
56.5215370668566
50.7186538493376
55.0947997089955
45.9951815045451
53.1111806050881
50.8963885493129
49.4502387713191
54.0267034058857
60.6443651142494
50.9040854977931
51.8736522400062
56.8047166860027
50.2423335144663
48.2146733274658
55.0971437765008
57.5180734442398
55.8288412301372
52.4370626341337
50.07757272583
55.5117142646001
54.363288841377
56.5837751312537
49.6752471837209
55.1700827192531
55.9690876066749
52.6459758689754
51.1780568033901
49.8222304560845
48.4953740199322
48.8505521065943
56.4821228609055
53.9805910769047
50.2587241670906
46.6391073241973
53.5564810744869
48.7242643425597
57.5014200715471
46.9448301823638
60.8594097742829
53.2186701537752
60.2958597284269
51.286130449346
51.8430429755592
52.1948429045542
47.440944068438
48.5994450560194
60.6541520584574
49.9747639354405
46.2180314015912
64.4236442386863
50.1049322669207
50.918461468548
49.0756946968419
46.2668289901741
50.4523920077434
58.2002830227212
46.9267572790823
48.5828347986352
56.1211267099976
48.6768836012792
53.6633934135955
47.6289380382884
49.5767399663915
54.4668583714053
50.8082746963974
55.0635814377817
45.3726007151015
52.5363947179226
54.1622013860324
42.6634781602984
54.1437524927905
53.4975607435242
56.0946239285162
45.8146465839444
49.2670536911777
54.2938047874825
51.7615516930052
49.5429167229509
51.5159599973368
54.8619618428537
50.4041531261815
47.8250247198156
51.4919665073893
55.949161213091
48.2554022642312
56.8351539324747
56.5545953922345
55.3640271675049
46.7714244189537
52.6156145065386
55.5465090355394
51.7256581704659
53.9636566171313
46.4613305666077
51.1962043365215
55.9739579564604
53.3170699904585
50.4002878131073
48.1353428388594
42.4933616722345
56.6141081345179
47.9809544503518
50.4884186950553
49.6911341771963
53.0390781292274
45.647110834864
47.6080756340675
54.0016990505564
49.6172514463252
62.3833320245545
46.9700787826589
53.3101312072658
49.2755565371406
48.9435213920453
46.7298077391124
51.9708894997438
53.440001346406
46.4925399426347
49.0115211110414
62.4574849418213
57.4054301293616
49.2875795763019
50.3696166148869
46.6207280602794
48.2984455807298
47.6453598423687
54.4027784425755
53.96636582108
57.0469720210148
46.6478413935096
59.0218090491801
55.1098098038672
50.0891455009462
56.8170319610413
47.8737528141516
50.0681938519472
46.7832071474927
45.1080087988011
48.8181853875129
59.2639955414223
63.4254995711743
44.7759394630392
57.2987177420034
52.0623060647283
46.3031600194634
47.4510063844085
50.5958867088085
58.391698981476
50.4560936398046
54.2196233267892
46.0927409486052
48.1328494234183
47.165598680548
58.2791436090687
49.5957522387226
56.6456406104627
54.6039775773768
50.2871159878921
49.1647596374568
50.012357739735
56.332779767112
50.4510174662377
53.775689022339
50.4965132545947
51.670044728699
58.0463621795268
60.7548763262101
53.2287805093809
52.8169633160346
48.4520551303303
50.6231562321626
52.5912713018792
51.1098970172064
51.5792339218295
53.3181618741163
48.6844721159416
48.965380181324
52.6910066781907
59.941836543164
49.3505889749964
48.3894402131975
58.3888605817649
54.1159822478657
51.3465934050195
55.3277216798332
48.0232812441194
50.7254519889673
58.9842648073381
45.3213379988492
53.5628564613099
58.2684927338217
53.4359959373554
49.6707458590244
48.9886888590063
63.7151599821794
47.5828354828046
53.0415673005817
58.9511303618363
49.5606623648286
53.5375602295424
56.3122100016545
45.1622886110419
44.8523093664549
55.8904122982267
45.2341076388146
52.4752137575013
57.4205544919641
48.5627899638883
50.9463798047284
48.720648234167
53.0776161701427
43.4454615562265
50.235367673461
48.2477476595471
55.3564624035014
53.7399785813964
44.408058370822
53.4042135829728
52.7123867900811
45.8594480010078
53.2095599811397
51.0620429722802
51.3143212568015
56.0848764196141
53.3466755697171
53.0643412550224
55.2332137907469
61.6285889909659
48.2175310262774
57.0328752980772
56.5907565778591
59.0731429593791
50.7734010965533
47.4101512800531
48.0576207868868
53.070565452847
54.8147102794848
48.9861018041721
56.3384252646361
50.6733046382674
48.0370220438698
56.2495199062477
51.1507551847805
49.1079197320876
47.4736545751613
45.4826637974093
56.7196354829961
46.7157924687
48.7400566962642
50.3189956541746
60.0316467797918
48.8237328167261
56.6417972162231
51.0693078358495
45.4820065553232
49.8869713669279
48.9860187285363
51.4048331363419
54.3856903535509
51.6623924661073
48.0873960806438
53.0015789196424
47.0463456063798
54.6455348236137
50.1172966356384
52.3345432998798
54.7606768656671
51.9939165670883
54.1634816564388
47.3336020285378
50.0329844799258
48.0861251168831
58.6968318032211
47.8240647533252
51.3933127829617
47.7712458766061
53.2061075642691
52.0643032875504
44.4671279228911
48.3735901730241
49.6581295426447
52.6351957092539
63.2686459806389
48.6238144339263
47.5513336515055
50.2309302177925
61.41677291745
53.8558714883964
43.06165626762
49.1797038151484
51.9138921628558
50.1753296154446
46.1331175690962
46.3066974020106
48.3573079621038
53.7333752239568
58.3890077177628
60.0127484006311
54.714365766926
54.6180412837105
49.2408883737028
50.1686407451708
46.1818886599801
53.1968373347267
45.1171936751286
53.6791141575007
48.8925161199085
48.1084297404597
50.5243946371942
53.1799745870738
49.3220476055173
52.9576307459271
48.4178437532823
50.4782659265605
59.7531567205383
49.3326157323244
49.1563881767232
47.6293832601443
54.9869169439486
47.2261475130181
46.6260491699937
45.7927819770176
48.2948022337801
50.4838410456016
51.4412678298338
52.4518754605252
50.4537277808608
45.6294264980111
46.5249501970442
52.0324779949956
50.3208982397972
50.7582256368337
53.1706710605415
53.6347493917743
48.8775021295489
52.4327533620321
54.6532471217392
57.5160376219536
45.4666970654773
51.4905024823867
46.2552106930231
51.4058228791097
47.6527086311122
50.7004415084029
52.5623513687498
52.1519191554468
52.6015144057172
53.5382700911214
50.1430243760243
58.8731999418023
56.0656643990987
48.6190543062936
50.8913972592769
49.3954751782351
48.1391228186708
52.336686223995
53.4356657014248
49.8929019154632
49.9643006452491
50.8024819539415
52.8949582391231
51.7689129579998
50.4704221440295
55.2522733180459
47.0623532514174
60.1954675061618
46.7293035790299
56.6240921657793
46.7550746975492
48.9215407578753
58.7502171137771
51.1972051247666
52.2140772023378
63.3680154935897
44.672732069242
49.8877984271905
50.1192528583179
57.2015615222927
45.7442416371125
54.2990691393345
53.4036613455832
53.0878612804265
48.2721210886161
56.4639533119077
45.9768134572073
58.0735904370347
49.453007275679
48.426113801462
53.006355071623
55.2399989381997
58.4839552938882
53.6382419350338
49.4356284708803
47.177823620667
44.890738656266
49.8389567905809
51.0694708941304
58.7163371439217
56.5241004379719
47.3975210943569
43.7712500833331
48.1042628118755
55.4398378728105
65.2934729614664
50.2062374284873
54.9451774598752
52.2618722590802
56.0239408708185
61.594201004642
56.6886133376441
49.5589280940946
54.4846708514649
56.3308903028965
55.3595359706532
54.0909969548386
47.7423411594525
52.0489941269844
63.7431978172739
47.5965069023375
51.5627339456082
51.6978635202597
51.2503580648504
48.3634957901739
53.4097825394698
51.2406478435119
49.4535875373248
52.1474288604887
55.0581472082546
60.4507254151322
46.4430045903594
62.5022972907207
55.4957030930812
55.2610738849506
46.1408719251693
58.0435955325268
50.6496582170078
49.3636547302935
52.8357632870593
51.6397697280281
63.0555045433631
55.9824591508258
56.3745807130984
62.5231746644979
64.4544329406095
52.0326296081886
53.1297739325328
53.4659865453373
51.811251876773
54.797333783315
50.2517232460227
51.9714508264178
47.2721415009133
55.8688810987204
47.8849226360942
50.8582134232318
45.4806997109759
48.3862336969238
47.4135017801846
45.3608372406069
49.152045817335
53.1400527354399
57.2527373509211
50.7231074955282
52.0173487011434
47.067998844174
50.7063786511776
44.5560313035843
50.3654779500836
45.4302029802433
54.2128663526162
53.5891441411726
53.0879498095774
49.3439298723207
59.1420910080176
53.4346439760135
52.0991063797624
53.196396415387
55.414585907533
49.8476865037451
47.3034529226721
50.2302920030657
52.9821187972385
50.1397363370123
50.6282501651833
51.9214245160731
50.1474261878002
53.036560429714
46.5840346016281
48.9858630846531
68.3498321406925
55.8016659219283
51.2144683645884
52.9316072735646
53.1556456232144
58.7632836468285
48.8919312150812
52.2233433362292
54.4795887898225
51.6012992075964
60.668596624337
52.8464319197263
54.4271765738533
55.8644296444624
54.355294503728
56.4174966574417
50.6482049636509
49.4001631161523
48.9569666725012
49.726502443768
49.4196701837624
55.1052467828163
48.9662632391384
52.4027418796641
46.6993202601576
45.8797888750822
46.9499856404098
46.978105727614
54.4393127168446
57.7804247690591
58.9262232385043
49.392953439207
48.5462637969749
49.6503228361082
47.9794293109164
59.0529193112843
53.0620723739964
51.1581152744544
53.3510126621098
57.7993266693969
47.1384837994641
51.6526883575022
48.6984394829716
53.1747291546658
60.7822377239462
48.9686661704547
44.8490476400833
53.295134796051
46.780698449372
47.5088931992519
50.3245521821471
56.6553866734708
48.2113242653666
55.8343024599649
52.1302724278906
50.3170606301296
47.4003109982777
50.526661001513
51.8585903796164
51.8647893099721
59.9043028105073
48.1261846895345
44.2610626592791
55.0788177409895
51.9515688370089
52.4287454371967
53.9693930775729
57.6756821327818
60.5086995969864
46.7037585025646
47.524185844095
62.5735180277714
51.8107396022941
60.4105158602707
47.2876392763525
49.332342188264
59.2046374172028
56.6492045906527
52.0518341494797
53.8650773719304
54.2940695023382
47.0980158889777
63.6184052690918
49.2604758451279
61.4679420902305
50.7276147809702
52.5827071549247
55.9814582310808
54.0619811659804
51.5154166472271
54.9485325907406
57.4129089064479
48.945933753208
47.7524797144191
50.4663413236159
46.6712148490831
51.3827795801395
46.6238446767597
46.855835776612
48.3461733476533
45.6133612210307
54.1492354528095
56.7002410409806
49.9057505977819
45.6807137023384
46.4202404094678
51.8405307132837
50.4350350863453
52.6239531794921
49.6183760532394
62.1783179074225
53.2687509195171
51.7329036752086
51.4467532978635
44.33013313323
52.3244593857634
50.5879617371166
49.6234134032273
45.2977029704596
46.0699676479668
55.6383471635689
52.5596205646342
65.6005393040871
65.8989027396018
53.6630792309836
56.4487113435072
45.5269942007908
55.3108721554871
51.3534652093425
49.0279231313198
47.2196626628374
48.6005306173493
50.2708491968149
58.1713284088284
51.7640697822798
49.5353477426028
51.085129243659
54.9572827497161
57.9448968481838
52.8461524794502
54.5072500374444
56.2743243573437
49.5281014660348
49.5481871597861
52.7703424535209
51.8078144507587
61.0322009552867
51.3284155074101
49.4308156283035
48.9361888657842
46.1718549838988
64.6536896630786
66.5179169304251
50.3172910254511
48.4362554395879
54.9565786481888
47.9595172989833
52.384855250147
58.0650190401385
51.9574274489655
55.6849693450687
60.5394235658532
51.9384102464536
49.3597526891494
65.667586212757
51.7747238954842
58.8285190043879
51.1413529636455
49.7839181624068
45.069482253182
55.1499884457652
45.5960872819207
47.3267946289996
47.1278303312514
50.9909877787121
62.9966886140003
51.3778029481953
54.9395514847215
51.7686555352175
49.6576587815451
48.7948921978996
50.3186357186413
51.762861730599
55.7101637483032
66.2688332709273
53.0101820971196
53.3238222890243
52.6736655113564
46.8895707139828
53.0889458138857
48.6391738955378
55.7243685909363
52.8472564828341
57.4013319288496
51.3359148478337
48.8702359609735
51.8173554576278
70.0670020872592
65.647527941811
47.6106772399653
49.8155799823255
53.2348959279553
50.8342154532004
71.9407676906271
49.7579108933212
56.7676262387707
63.2034033281126
56.4161555443431
48.4749336457336
59.3275887624646
51.0572868667136
48.6361601076531
58.4225341016933
51.7332032002624
47.3030010184512
50.8191516265156
49.985960423544
52.6167886132882
62.9557872143574
51.8313824219506
75.3339940805763
47.3865816087545
59.3375484933781
49.0001573667262
48.2601569282665
51.0346009003664
53.7991077403611
66.6335534230267
56.0709587247847
49.8293165328046
52.0321009075406
51.8310737246546
48.4663610451314
53.466684628979
60.3138822376347
48.7337260206729
53.2001537162738
44.9932774830318
66.914693923999
42.9912282609916
54.2901354803828
53.5399464002189
47.5313512625793
56.7949787985926
55.0039221945552
55.870767738704
55.5828982536867
46.3472135518415
47.0620931977234
52.3129930416099
49.6591510039409
49.0902258125856
42.7745004098016
48.1197363939913
50.411477195992
47.1319918420322
53.1977204723124
47.9972209826324
50.4206969223195
53.7644609538561
53.8987561995566
57.9227378371856
50.7872048944175
52.3181071559021
48.5501706539947
54.523309111489
52.0340365607047
53.105160691747
45.6693814887789
57.6022901572938
49.2868784765573
47.8235769426246
47.4326598967671
61.9480123492832
50.6453561965165
45.5280353153162
47.6795936110132
54.3955822998318
53.3711717958056
48.568814100269
52.1886566420304
51.6254672173353
48.0269285365764
55.9046874790489
46.8931572227945
49.9711846456547
48.2250202124742
55.0484910103192
49.1044298358206
44.0517976375291
47.516974964117
49.7291791071987
52.2651443801281
56.2563337321861
50.7102966370711
59.6161267590126
51.6079645115208
53.9755267421126
47.9295644775255
62.7469591292579
56.4353345908258
52.3849944422055
46.6198231254799
53.0741889180355
60.8385473465236
62.8710471758351
47.0990726454168
45.3127625465484
54.4159982299381
55.5773775108544
53.9887609272954
51.8234086915875
47.7859857706228
54.5589693535212
60.2496799576158
50.5224484730183
49.8229700963583
49.166041318183
54.6313281607855
51.9726872601584
49.3334922395674
52.3681773829995
55.9726655874901
56.9740448014346
55.0213817085844
47.2181785914581
70.3745569807147
50.3131858803178
51.4026873923688
58.2220746182683
53.1880795974024
54.7405346010357
56.3659590574311
49.9314932761872
49.6732312747744
52.1476613621685
51.3625443164487
47.5759165944946
49.5744753086329
55.9378957290912
54.1174110924573
50.9732878991277
56.8386895568006
49.2801085920593
64.1643388636411
61.0913391029621
58.5334506533354
61.7016402178254
49.4846340463352
51.6893006407877
52.5500696142107
50.4232103679807
46.880449199573
57.4272857597415
50.1038142091858
49.4448064455469
67.2601441809383
52.9471961086381
46.8591967380682
56.9606544491405
60.2892915036043
49.3818645456905
47.0273320410715
47.4406987880916
50.6792496110444
52.7321439993181
60.7937078040704
58.2601977409691
48.6628678479966
48.3926009391451
48.962111136511
49.2470790391492
53.3024650452641
51.3511654564638
56.1040533844502
55.2165481858505
47.920166483265
56.6428784918177
49.3449416488093
60.6799416693354
43.1716897496679
56.2143402395863
51.5213428045456
50.3363769861848
51.6493995757183
47.1685197498231
48.056932385975
52.7736247285251
51.8019750467423
49.0854945697307
45.4150463967565
50.294367701172
48.4419515343847
51.6901867421978
50.6878800115443
46.7249148666088
58.0059868157359
50.1572834081344
51.9710057235583
52.282260597782
48.967728706469
47.09558015677
46.9403729322205
67.3880263094006
51.7122119073056
52.3012837205064
48.6526642677919
51.9811197468455
43.7490400575814
66.9934216913421
49.0077465760966
67.2664281041156
59.3297105524103
49.9246098363755
47.3935078664726
48.5928376694175
48.7230622310482
44.5380161709951
52.0879123515676
50.6523310366594
53.1246836708753
53.0261901575441
51.6066698156834
47.3427897795163
53.1892636909681
53.1629897049239
53.5165704120397
50.4037231762366
54.664145645036
52.7452444778314
43.4948041666516
48.7654533709859
50.6263796299808
61.346496916427
55.7554552622469
47.4797184434479
54.4898131497307
53.5908012436955
50.1223864089753
59.6483683463193
48.3680599559044
51.077127612775
50.9814512717907
68.1688789837526
50.980905939025
45.6168899345401
50.6716841461423
46.6463441530287
58.1404124761752
58.0166821587727
63.9000216816298
44.734788531922
53.8996304182189
49.2985508774768
46.359612820439
48.9709067810315
48.384956500357
57.0293987566777
56.0931691015368
53.0047984128338
60.9234804546141
47.2025759042064
56.0141386897817
47.0336700400616
53.4674550405021
53.8596375272207
60.2647382112641
48.1421781276962
56.1523584583635
51.6352475029027
49.6060302640799
45.4921995523931
59.4541907725478
56.7043307887478
47.1715137228695
58.9810228064651
54.6442584392648
51.1704369095156
54.2594394885905
46.6853354489584
49.6181139693364
49.779706120962
49.9588075322936
48.9967826859523
56.6577759047508
51.0686721175541
54.7247064625511
49.9009850879374
52.3092163309417
52.0090100251543
48.5870228283686
52.6609597086547
48.9030285624521
49.2836776826094
62.3887177023168
57.4453482850462
54.7806496037869
44.4906039387976
52.8181006816853
53.2592790706106
52.320045840355
57.2808111035669
55.2207462133262
52.3713423869887
54.2746778927745
53.1446077950515
53.4513919282247
55.6568660054237
55.8639229386715
49.8299655515848
56.5999823827284
46.9858740092668
56.0109167200629
54.8727530358909
60.2595314835438
56.426744745254
49.051143135116
49.2690433606192
47.8009970608437
56.6315213929254
46.9353470890044
52.5376773117701
51.1583663283557
46.8000988547441
50.6103456543903
45.5676059331371
57.9082213009304
49.2788976500667
58.0429333494908
52.8280477342487
51.4853343756387
58.4364032755446
47.6537354260069
49.374062243316
55.1129922471747
52.3684990161336
50.3518664648532
50.7915707741836
52.9744945354437
49.8745994980731
48.5910768994919
54.8029180892203
51.2222547447546
61.9509375416133
56.493252028552
52.2537538141702
57.6267317358758
48.8050627874671
49.1529143112134
50.4681741442985
50.3762877189646
57.1394018361932
53.844361332847
44.1588019081586
46.4343866242954
48.7152734628886
51.3541713436439
57.3268495971278
50.0908745529854
56.3853111632335
51.0519477430567
57.8453534634749
52.8172194610306
52.2408105435912
51.1010646625325
55.9734079037466
54.5218927403077
48.1580582456701
53.3887250094404
56.7964526255865
58.0328962811445
53.1082567520711
57.6327679428511
43.6135655347991
49.0110141200899
48.0788935671806
60.737906633996
52.0307238676843
47.8573564779405
56.2301271933837
51.1304744812171
45.83208437333
50.5555920989535
55.5885007182713
47.7620653241149
46.9327261480164
51.8963590970078
46.9909798148399
50.7765694812078
49.8573191688107
48.8790016267796
51.23841744353
51.1766375709433
50.6199230562422
51.5163214222859
50.2771975509465
50.0765369917897
46.8190568660679
59.9228796801412
53.4412909574422
48.0588994704477
48.8805240500279
59.2976842172594
55.6733771026225
50.7018870313515
47.7540169398462
57.7609154947663
56.8222907052748
52.8314550433217
54.0671437128751
46.4771905400564
50.616689390635
59.8670346353378
52.6301780112966
48.3792772589819
52.3658576508195
58.3453647169681
51.0801003253269
63.9590952997593
64.230504465049
61.0417509509609
47.3959327815591
45.349808609971
47.5743502647458
60.1870692687963
51.666152399766
50.3433795250517
48.9505448007844
53.2861294209693
47.7945784635815
49.8038206968131
49.6964677258337
51.7207335836192
57.5313097607366
52.6681563355196
54.2454098221346
48.1815854317192
45.3648325115754
50.931538062051
52.9237133201497
52.3653342202346
48.6872251797564
47.1928267440152
45.1995549081941
49.7678411058703
52.1019567118712
54.7662764425266
51.2540643795143
51.1564605655774
57.1228687433076
49.2659116243578
51.4043327529092
51.5848381244271
52.5671487533431
57.1574674767134
65.7157784499295
53.1951108932125
57.4412976543057
52.6717056777968
49.9673340916898
55.0467502053859
46.4172580862102
50.9046804966152
52.9216422498422
52.7398669738788
52.1741302158097
44.2907030100023
50.8233455664929
59.6356485383924
48.4835551625331
48.1286251823588
54.3414856546134
68.3330992178049
53.3541077003615
51.2472220173981
55.7938389711664
49.0720194673278
54.3843333876719
51.7412075464967
59.9309042138683
50.8375329371475
52.6641004953992
48.2278989884781
52.2489383694577
52.9139935954617
49.3513569225821
51.0918705743387
59.2276639896513
53.2430086483326
48.9825383869383
44.9711911523091
47.9077574992971
56.5103266149346
46.6674806955016
47.0622408611975
51.8151735830988
57.306034624723
53.3781328486747
50.8045173291309
59.1124681237238
48.462137465253
49.6626089097522
47.3957966100615
47.6213423589322
69.3831287266367
47.2359692764953
55.7748511563333
50.1505439858557
49.6098302947705
48.2105704195199
46.2254707546657
52.6923537526862
59.8566628763688
51.0920506068878
49.109567089186
52.21675244693
46.70653254548
47.9711636599613
57.1019756539904
58.5580766234466
48.4394433798133
53.1875843101243
47.8897874705793
52.9201457916585
56.787245497341
52.6700701570937
49.7011331485325
54.2325041603077
52.0603356767186
51.699597187079
49.707446503244
49.9202140882819
54.8583899078583
46.7489304416256
53.8526345692042
52.0918176993763
50.7982864179579
54.4786510786133
51.7767161539765
52.9808819794764
47.9676131075671
47.8905637382943
53.3088436811882
58.7803101137685
51.8456605514339
52.3073660172592
57.9720855443623
46.3580659784181
52.6101253620327
51.2223652791426
57.0568485252859
47.9395701413023
48.0336790066944
54.1975512148102
51.3233150392341
50.3014479770767
52.1643721218023
56.1579583745405
46.245629293554
51.3021226546232
49.4311464497752
53.7388260692548
46.5814882299082
49.0332327211582
54.8861628593246
55.6386496989704
49.7096134097238
48.9303626052924
52.3957522644836
49.9598325884148
44.5017686326837
50.249524023868
50.2151968934642
45.3935875050077
48.3019244199022
51.4879086799376
52.9544992181757
49.6683036190067
46.4075002950668
58.9216945573881
57.5463534627452
62.9691983644589
53.6616820965668
48.8704870370624
55.9350464470278
55.5517442389647
46.1104416807649
49.5862199039841
54.6528865814024
46.6738293615172
50.4050014744587
51.8244126493044
47.3722942360907
47.281729401311
58.7633304144432
53.744398276279
48.438086799125
53.188844599589
52.1486193824517
50.5226701288233
52.268372589845
53.2182175510756
45.5682977684436
53.8659358249274
49.0574271408574
48.3256376398961
53.5924524598593
50.5396327991781
52.4400584148685
48.1665191709418
47.8217719246068
46.9921278133848
47.2644816254769
49.3842222837753
59.5377037411163
49.3375790628971
57.671692690737
48.9366557505562
49.1762061803448
51.7880796645223
44.4661510641794
46.3848752523941
52.5811644610118
51.3683565041336
54.509703886527
56.7392415860656
51.5600485110828
49.5539202933147
49.2654159689651
46.2862829032894
48.7056654046407
50.7870628081894
52.4973708415886
50.673113481946
55.0628603819269
47.6414677875884
56.0101013328733
50.9970764176673
52.4229478025713
49.5413844506661
50.482699149046
47.3035619428102
65.8289145230525
54.8138228342744
51.8290220051764
52.0203283999932
53.9612738337333
55.1929331741194
49.9508739463598
52.203236034402
55.3173981532377
50.4497420161666
52.5481899150679
53.2923370482465
50.8494876668123
49.362146145793
55.636480627395
45.7614723196209
57.6776004172696
55.1940001239419
50.3363411441457
47.5694639592065
50.2452902113892
47.3068752862796
52.4933974847583
52.3373224833231
49.2835140737886
56.2685602063168
48.5015775763448
54.8741008941747
46.4846596021179
45.2772794152996
54.7154308475146
50.6696693136925
46.7949902327338
51.6915303345902
50.6119716409135
46.8380798988632
55.102682477173
51.5109316796297
50.239883006862
55.1025025637753
48.5386034232145
49.5010824904892
60.7223443808085
51.6852208108014
54.6105470692763
53.8653993597508
54.5041075959052
55.6163559388106
52.0789439307983
49.4012253680351
46.7013146991534
50.8645011868957
50.7993144567768
45.6230403404877
55.2322218643857
50.787911807024
56.4851532509491
54.8566799760033
51.8407424589357
66.949693333052
52.1145996125473
50.1947352017379
48.9700726344289
62.3823118915588
52.1288329014629
51.7843829606521
61.4064689772546
51.344722889676
62.069678849272
50.7935468472344
46.428617766303
53.6672121356179
51.14941219346
51.8225205506616
50.3543984866986
60.213991038436
56.0441527064893
55.5810535959205
50.6457326547398
52.6181588582394
49.4899320256056
48.5528375304562
53.075279261266
60.6542618087842
49.2028380276832
56.8278669694832
48.4708521705986
47.7748833520634
49.5120015106121
45.7487885404801
53.3140176369275
50.3515729265714
46.2567464138909
56.4825445992402
49.0441944424886
52.1194505027569
60.7472269627292
52.2705844076141
53.6736616192145
49.5255108855558
50.9311025183999
55.7195311571096
48.4945838546871
45.1083009764581
54.4176793848376
54.7364271104292
46.9958503841636
56.6954584379148
55.1383983619371
49.22152537855
55.9750860345576
51.1246127745063
52.2006778188804
50.1370368005145
46.734936010142
54.695849671307
49.2552373388829
51.5584542925158
48.9116429274168
48.2964125192674
46.9466908756635
47.959410972899
49.322925720346
48.7409488522557
45.3541898144781
47.5527495517491
55.2431749338396
47.0811114077652
45.228077639808
43.7209248689282
48.3428314125161
51.1127226367171
50.4788661715491
48.4873894957912
50.4868412550513
51.2700899007598
50.5667392693545
50.0808479639737
48.3857207255456
52.0423663846394
51.50646227779
49.267925926195
56.1018398589339
57.6691721343349
48.7351178864527
46.6185443109739
58.0998809338546
49.0246487214143
50.3026265590945
50.8502704984541
45.7948095309388
48.2561398877048
49.0720330283734
52.0806369128516
53.6200250275035
48.028531466589
53.9055107616958
48.7609609876955
44.065025950186
50.6699424539063
50.2599792565532
59.0433635841987
48.6549078910036
48.0292283587995
52.2339658079384
46.0808019963511
51.5164204417393
51.0770983711842
50.3885100739815
59.6112964926692
56.1046188813574
50.4049266218194
54.9548150985723
44.3002929183173
47.0083076074427
52.9645428208948
57.5490645660313
49.8308097170109
46.7414530334631
49.1417026378579
50.9056435095033
55.0440232259055
50.1008053005669
56.9146364673267
50.6634841896211
55.9040513765895
42.8566525129677
51.1210900176237
51.2501604020657
63.4577479724091
53.5244422315293
52.5934143358671
49.102527548345
59.0718606890519
57.4454435893715
46.3047584421011
54.8168905287901
43.7905446089871
51.7756225538271
55.0054892727792
60.0933590667247
50.5329351266883
49.3144465353057
55.3919631920554
49.1881886247974
49.1531888267657
54.1503714870234
49.9816923226645
50.0729386225117
47.3196593418611
55.4454939249651
52.6038431077762
54.1365802610385
50.7053604900633
45.0452108054023
46.7564210600487
48.9926573627678
46.3688432109914
51.6092466774379
55.5239133846149
53.3789067843232
55.8843562087683
51.6610989133541
48.8910116325085
45.716831409008
52.9775061247241
53.636418567795
47.218748308188
54.8244901912226
53.1929972795819
45.3777554665254
50.0605615404947
50.0268635374604
51.4481600691282
56.028674527446
56.8851658508129
52.8271340044321
45.5902028166195
48.2773382270841
53.0354915012515
55.9443348594002
55.9617035941067
54.4886299910737
50.5017460619439
47.5247891257067
56.7571374894324
50.8038016019315
54.9929317520052
56.7331163197643
52.2087211936507
52.1454031625593
47.9591622010485
51.5446150353935
57.478169277153
45.4056181874751
48.2773261036497
51.7777519896925
52.7447756900779
51.4785393590002
55.421287958573
48.0073452710932
46.4348387384839
47.5438693231395
55.459866186055
48.4792916612227
51.307490793824
48.3011296898187
56.0530560166467
49.0004840442607
49.3819606276079
53.7136621290225
51.744995544713
57.3293032156879
58.9411751510132
52.9848226827118
50.9096810476929
51.2112198527395
57.351590953379
55.7576272421483
54.2623737345494
53.134302645384
48.23063514591
57.8225797695475
55.6693120250267
63.7882862536396
50.9331805801871
