1.14278314626799
1.82228152811731
0.620465526859639
0.346222046627215
0.57897082550039
0.410250376571134
0.545068599198178
0.331737635469784
0.0215755214828812
0.0666922255342596
0.420409209385743
0.131437506000712
0.656403654902552
0.35901996393799
0.521973596140551
0.348750973529223
0.890713323833165
0.610980577095612
0.162839068801579
0.741409079679555
0.245316035864946
0.554913958259365
0.507245074158716
0.563075585584646
0.0483589265462129
0.724359923942768
0.148024100229298
0.26164969985171
0.506796622311423
0.343541280228154
0.213148062536293
0.405644979543985
0.846007227408267
0.179902597593553
0.699311805497778
0.294971204947306
0.333484691201827
0.608277628839462
0.550167348579608
0.731725702402299
0.734171982324358
0.363960632789649
0.530473039145825
0.323847547946513
0.235182111524549
0.64490956962695
0.712613071122584
0.0546452442394605
0.250959964461369
0.403879248592201
0.220535379254184
0.415227506133985
0.386233886226237
0.0154902998521954
0.696136623499433
0.532351899649477
0.688336376562301
0.259276229403184
0.525728663128593
2.04283996144685
0.202998788655863
0.983701848019889
0.246134630171619
0.234435905047294
0.40521627116484
0.0960260026290361
0.378942856955315
0.438176625406548
0.410183259128554
0.74978759664209
0.527545722936601
0.705705788037756
0.872796742895987
0.622191684503249
0.216651902107086
0.303990838984689
0.049487650701268
0.469625095545169
0.478005535039355
0.442613939504821
0.64217184912939
0.381836031037697
0.250275149814758
0.967107875403583
0.833648421272478
0.41039003565058
0.559568788681771
0.398322334741036
0.724659688507393
0.512116083720807
0.146252020973243
0.310859332445255
1.34718428807923
0.648501971140199
0.425903474291043
0.717980404593187
0.168630429930647
0.527866423985919
0.188113438052974
0.239762959667492
0.57052841825459
0.36986339437938
0.339802146865951
0.144963114277753
0.42888001623636
0.306753782202619
0.0619281246921254
0.619212785196965
0.249789220097799
0.710191659757267
0.142303711476877
0.610777654075611
0.397494355155962
0.143530889807434
0.587447311567613
0.14772068279069
0.458975266443227
0.286016910096022
0.0392994177881788
0.494293883993181
0.740282763989755
0.268955721178925
0.149237306880995
0.347601430154131
0.156761465401284
0.386358173673133
0.66869129079002
0.536613292777763
0.335159684048471
0.297349440220653
0.55641644428623
0.326871775191956
0.30220723700798
0.499986714500659
0.202821259040531
0.170236809918931
0.218792081582246
0.207710559564994
0.440889751513949
1.11441923964493
0.478305555563348
0.555312016602287
0.23442693912385
0.823241892779395
0.424487042344028
0.242399933718575
0.101349274713468
0.252874287411956
0.833942642171886
0.17387390401805
0.104478166674074
0.692103637020965
0.803528571069141
0.0531181219945653
0.381885091160185
0.17493364755544
0.145730737391695
0.62831648070856
0.37949846517424
0.00572666584040243
0.256113310754163
0.35328376171798
0.0277983584171623
0.853042609672306
0.201727987749108
0.317778443186249
0.601166688037226
0.417201139860306
0.116908993429367
0.244294948102115
0.032164439279049
0.540542005253991
0.619058023589852
0.273569466575611
0.0340035718279111
0.474028738387725
0.374043260276923
0.430267628364807
0.483277961691612
0.155525395293207
0.53926461756744
0.498282722044762
0.171516318045322
0.584574732398072
1.0178658629769
1.1060077268988
0.557420863283296
0.36620490974216
0.655308857698194
0.356571198037604
0.781284111902963
0.258610780145545
1.99830969841376
0.353907951539596
0.672941471597863
0.0782506128084923
0.856775178538062
0.38625989013923
0.263407294077426
0.805555229210024
0.544483824366111
0.170061296659146
0.427902620891409
0.458367757560204
0.165318517316291
0.794234330360713
0.0454411075532573
0.196104029693872
0.335577074947123
0.842205005441603
0.201491734510819
0.44504927933775
0.25567996379514
0.397975274525653
0.0374932261975578
0.372430551014963
0.584261445159115
0.318618896404714
0.325790734840798
1.35249353310041
0.58993678377547
0.191063593462928
1.19301080263632
0.166401636921915
0.535691966037167
0.743793912577898
0.381516001149482
0.714732897962468
0.893322529733804
0.299244830527378
0.0716609213902163
0.383670502232636
0.0885866624041997
0.0365830569609057
0.118416652636456
0.812797527720459
0.236157195430222
0.415791568666843
0.02174424868458
0.97569994880075
0.372074612939587
0.382962281666858
0.120274439230142
0.416304313097993
0.817984650045569
0.702117045849027
0.0500157476686112
1.05998587689723
0.609733893647016
0.926519992335066
0.56101703620076
1.17386329951376
1.14983392459149
0.0997440670537831
0.35455156508614
0.541904220757841
0.549103096355865
1.3795325262561
0.580336173113397
0.958129875659107
0.52929867258175
0.728370230563786
0.318105950872786
0.213295366269354
0.470745287630572
0.231247456525704
0.341449634417886
0.231179442992689
0.321401283670415
0.843361063062821
0.0136413393780596
0.324193806702877
1.76190987817401
0.425203935791157
0.527308530775832
0.123894959209876
0.218447423598551
0.268941763421501
0.289646992594165
0.904113422589714
0.459198330177133
0.282641968627298
0.289129875610693
0.191645509605705
0.300984398185808
0.549347210050791
0.425732768476187
0.31381406143876
0.178801863167314
0.346132322114294
0.524685264319624
0.753128260841456
0.291518693153089
0.199184899532425
0.785782443367154
0.350983033688037
0.563582428182762
0.958801895348117
0.267076736003601
0.0596123188123057
0.128868363170057
0.417206260140941
0.0471218330297191
0.1340875550631
0.798507580865271
0.0681089899540759
0.865699901202448
0.859669275519557
0.577287957840777
0.0113537380952424
0.0490194960441123
0.512720360175433
0.0938369681200058
0.418781925425211
0.565582247959879
0.157969018068021
0.884742010710061
0.685601811923269
0.947365370058345
0.355244776261479
0.385110027083761
0.655364666194448
0.015676283445005
0.480940943021352
0.101863461236047
0.198658611568942
0.161880965798355
0.229109067588745
0.193452173775411
0.661239975611623
0.661090442081578
0.341123782026285
0.0180158929917473
0.136980610948283
1.25835954358448
0.584084121615601
0.730875152127931
0.470579948641691
0.0235165127552393
0.227579085851232
0.908177146287498
0.281210760486329
0.305538361401139
0.307003020902211
0.0556067779821535
1.22815118772222
0.599884302157716
0.449579439343542
0.451461420127101
0.519554054168646
0.728537414671166
0.317248593732057
0.0574573763109745
0.107844363661374
0.525408482358717
0.471902153881382
0.512021777593785
0.67805112522285
0.872846764949428
0.26487779538349
0.194010231369876
0.252740388074459
0.223825457692628
0.524545576610766
0.282422107945589
0.262101077892474
0.284215661003225
0.206015234858596
0.800182044167954
0.339018619311835
0.676504184062635
1.01288211886866
1.74516488593904
0.252598239061275
0.31528211293223
0.546109008948359
0.373820669110152
0.375167130004473
0.471698669623489
0.334084359295309
0.396406320066311
0.597126198889603
0.173615496595505
0.185610666558178
0.617068954800251
0.786205277549885
0.263198303566312
0.395984358653699
0.421265572771277
0.395382674912954
0.675279189088097
0.173750467436478
0.596566788737446
0.0293627819596727
0.278680891960605
0.896598400933408
0.440214452297732
0.377542073795737
0.0173965509827769
0.433221821756235
0.301690741539781
0.357185028104928
0.342771043888147
0.505572560142238
0.630363588739014
1.1598575506606
0.544184399536962
0.534877929176352
0.678872715988929
0.244906329422649
0.33415040222271
0.295769925643766
0.562738909988336
0.838027528512747
0.142223943026871
0.740376422045479
0.286540614599892
0.148232624596114
0.995255735459794
0.821689283837318
0.0696192658698118
0.323777346812277
0.712788810780198
0.349263388316858
1.19165178979597
0.245199025723207
0.337387258410885
1.23710921541702
0.530506068268697
0.822405907154411
0.353848972972615
0.485503525544618
0.390002677820258
0.130289386751014
0.0557458120520384
0.644464154726784
0.750971635268954
0.481210089170524
0.283173684973294
0.520871571007847
0.150240470513133
1.39179942718519
0.0391910809754636
0.0385940306838394
0.152148098703583
0.392745336668007
0.320192264112441
0.5976790140418
0.627813460733325
0.307885195589654
0.51801853165694
0.646235812056041
0.547710259922582
0.895322844491828
0.180645644476413
0.594212662314154
0.687831933954495
0.503294119995374
0.639929355797121
0.551055872501514
0.373467077468691
1.02916034763795
0.361021083201498
0.460780138559326
0.528642760676566
0.409530504241696
0.477025344156555
0.151351131095397
0.146197099336499
0.275443382816606
0.58913425987562
0.287844105309392
0.290839667375366
0.285778821181721
0.172215519645701
0.414811598307416
0.326472935557586
0.528090370148682
0.902076568211306
0.440117493133339
0.111308659212456
0.243790703521162
0.212807991871133
0.0741426006937645
0.468022567799207
0.821705436990601
0.202318057039678
0.607997174498357
0.196795935350382
0.821339764875864
0.821792843427423
0.0902039323060644
0.262793087664727
0.312601395272408
0.50749946166873
0.632780945211695
0.443393383311018
0.0598314175219598
1.11095209810043
0.127268815331965
0.284157013108403
0.359780786568226
0.231556277766572
1.76033346681741
0.829428448736048
0.0836057545212685
0.121548233682252
0.711563433972808
0.959728823170519
0.163800909786364
0.486721766640551
0.148761754972666
0.0306569908702218
0.144025318726661
0.0186570927999475
0.167777519290031
0.500322598357952
0.0311756115007933
0.127457647085307
0.782755582993035
0.0572131402117586
1.32019855337927
0.241433297656066
0.00421963491929406
0.478370803814384
0.468929408347406
0.54074570478568
0.728267819331525
0.687471696039315
0.838073958770795
0.412744784107133
0.952950035547938
0.957086305296025
0.196311640090105
0.150720177532069
0.18902097303751
0.590635267354168
0.398282531463584
0.421938256078686
0.334475108078037
0.592909540034859
0.248755128090473
0.607778557467291
0.134745974846524
0.170100280202705
0.00999701037350013
0.746101087661992
0.252507085272397
0.135757314515239
0.57502943020201
0.0263095707506824
0.20199712147883
0.0648734563421567
0.173510669809866
0.256330888641881
0.142518851794514
0.274205602380747
0.716949397920618
0.82519211334635
0.158771926867166
0.101085543737444
0.328100799859035
0.328909558113914
0.841243909728385
0.333661798162519
0.597289655249357
0.386891787301797
0.340061176046417
0.1826971568564
0.501267588882931
0.320095439897287
0.377292350082223
0.155878837229229
0.393942144579104
1.18817787296474
0.126060838846657
0.355327310017223
0.203743063282487
0.69415898342414
0.35915718926595
0.630592291135246
0.0537341997543078
0.44049267770628
0.478456427919814
0.192898488071978
0.107962035245015
0.787459895761382
0.575113869116824
0.0258069459591905
0.265996045072204
0.125380351538377
0.697422355753302
0.584444639236935
0.234315970220406
0.141177187962674
0.0369807788907521
0.346594049195361
0.115399055101762
0.501949473028323
0.46363166891317
0.0809076872516584
0.281318961251195
0.0962401304660771
0.702710343147099
0.371222791949997
0.363670772747792
0.493435407363634
0.227097148454049
0.572727071464204
0.414136499952145
0.0438767665763513
0.550333193918846
0.171074778070422
0.824257052948805
0.139178023873711
0.217959309004888
0.00585049485258407
0.364866080711061
0.32799702636613
0.34138244338188
0.073316553509517
0.135911851306135
0.296639639830139
0.325422337912969
0.200439763630674
0.367496617775419
1.12737889069628
0.0388282440382473
0.474605373265806
1.07427949139204
0.9339562608789
0.562983926934802
0.634060385813197
0.718853069940188
0.1138382772446
1.00487511556673
0.555450801292429
0.477968883528292
0.395579158345143
0.278750107782019
0.904503761889506
0.45153995560127
0.273545161288234
1.55167776471296
0.70665010790025
0.14932910883971
0.661242344831606
0.403632325920184
0.604111585620103
0.389508909508081
0.514597246852522
0.141547676290383
0.311539609009811
0.107258713629378
0.677982481871718
0.555387310797377
0.688451050493666
1.15307808124574
0.178003280138534
0.0801088333241354
0.320269433430588
1.15829770380273
1.01084332137809
0.0711910022190664
0.888434509598988
0.284798745584254
0.0504494358226903
0.399822287225255
0.662013091832457
0.377215538818203
0.401105509333417
0.092077950736133
0.270778543974311
0.210403990808933
0.149069478729426
0.102084753518226
0.375585212565303
0.77765289286783
0.382058754709596
0.607062079632038
0.0221146266582698
0.0638060667522406
0.18124697493698
0.466114143637947
0.830939422369386
1.12265270843248
0.449118573407522
0.315177645956022
0.776238194777022
0.233674562313332
0.103788606446431
1.39586630268702
0.558613911485823
0.785814041989885
1.89284274306981
0.895415554361001
0.835448655221987
0.0637912843120167
0.225407826121058
0.492926004841532
0.472090455380618
0.242948692961393
0.483544258525167
0.0712993991659433
0.622429604283239
0.524011143743943
0.0259695571844554
1.19713857148879
0.298019115820783
0.445337957318274
0.274487406463223
0.414036769329222
0.281149997268314
0.12170226578343
0.506583249682797
0.580335690424408
0.086693138915549
1.58831145705539
0.754292769045047
0.133351569300875
0.604879794199947
0.812333749571704
0.20006694853288
0.468050427807644
0.518567686914391
0.926380186616248
0.275923995405924
0.390679879909092
0.288624928517656
0.358750701675092
0.082696388740902
0.48182915069104
0.424800348588192
0.350574403762627
0.285686675133333
0.36499987352966
0.446953139840422
0.00164821164984705
0.134049022924012
0.489020261362833
0.599242864265202
0.802206167290205
0.457377020575682
1.04453442954751
0.651332685886993
0.243254711527106
0.640023313046778
0.102735403110203
1.3331595590098
0.870223903284633
0.0594219882089818
0.932161204063746
0.738952889905013
0.337719951856288
0.727858746731102
0.323171209271545
0.091267501107445
0.449992822502453
0.335348154937575
0.193836934753087
0.264117957087249
0.394258398423294
0.274742071978577
0.32504253564898
0.105856739422309
0.53756443975207
0.282000908407998
0.237231631551387
0.48262025646709
0.597064890890854
0.377054263903989
0.640773025579515
0.630278863417796
0.0101632971959443
0.798888609311499
0.32502961841956
0.125188703047593
0.136105495362944
0.581401633533447
0.28539502425999
0.641663527939733
0.658057674443552
0.906514663787453
0.210228145483403
0.216406618830818
0.326389496651685
0.332874146053303
0.273576448892165
0.0927468912327073
0.391809135946425
1.30199529872095
0.390583259586737
0.500978013949724
0.39516696236245
0.189900275554115
0.314077413805844
0.988868652636556
0.0154529689051562
1.03669481367314
0.175884693598906
0.0778678501564134
0.243970130306178
0.318568635722079
0.521353784169203
0.103915856512305
0.668373649534563
0.452718962581979
0.529781084321708
0.231029073364203
0.29396133980227
0.627058991868248
0.270738743046295
0.389937248076194
0.144573776763489
1.26032328662192
0.348854410829721
0.0908611773028684
0.945112613268753
0.364897607340403
0.11375929368003
0.412792212250948
1.19193543656042
1.2690501624822
0.00201474965229862
0.689699468637084
0.199389406835204
0.202799991633898
0.153963151086022
0.0879269385605239
0.727608702716316
0.258943996796723
0.573516915675798
0.09763877265854
0.0301021292325089
0.500229490338381
0.960032527868194
0.188266027425572
0.885781232818124
1.2881458383404
0.563974929590284
0.306442059924217
0.414582826741663
0.197095806575707
0.0151660684581372
0.00210328119987078
0.119616763414929
0.481675316792864
0.560885028612121
0.327569323922755
0.935076885318427
0.351604538886782
0.121882552643847
0.711479343284464
0.0625698114113994
0.471446291500357
0.0164967487758658
0.47168953149696
0.0583075909296801
0.494771640464251
0.329857950601725
0.0426813592147783
0.101195371274182
0.292078965927895
0.177190219906445
0.892452466515598
0.580594992203399
0.0345162663548695
0.150292734236041
0.509450403121593
0.351848153929735
0.129042127058492
0.679579070304368
0.633912721229559
0.20573879383918
0.301749057057898
0.144603049079898
0.265603134681809
0.468195475765474
0.888087590205396
0.371257277849133
0.456092625054321
0.144591845524978
0.383484468515842
0.351125850961793
0.822479972371438
1.01023029832019
0.377348267212163
0.449672110407776
0.374019511854573
0.506317495118412
0.118514762532285
0.518657186269589
0.467482031808762
0.371445024702319
0.113781327400634
1.23013196083325
0.534422884698412
0.0806588161109228
0.0935651958645518
1.04545414417469
0.425526967575184
0.766398672753754
0.273127244929223
0.659320690174158
0.784452254842647
0.434302333771646
0.227864896235945
0.231241142337033
0.255977535218575
0.0523417882140231
0.123284471139792
0.228611762509389
1.03784411700134
0.0884872815708247
0.544946876457281
0.473237267696931
0.476775477881297
1.08237777973905
0.140057812279814
0.253766144899774
0.186902760626371
0.409905468375832
0.511224336251731
0.242839778929893
0.448330186235607
0.565992641717701
0.3282454528058
0.259859245705401
0.498880986072321
0.430421262789992
0.636427261105273
0.512985979471561
0.319285496065108
0.369669057640622
0.290576222312404
0.133823368350355
0.394380061795694
0.152226993166218
1.1731305426692
0.487102230041934
0.0665186940341127
0.404856959741576
0.521611500001703
0.0232835862675193
0.0874526853993445
0.075235687041909
0.754240097632078
0.267041757355911
0.716519919012775
0.0122014233772214
0.19659773054698
0.579147027204716
0.251058810132546
0.600697750336168
0.559416610863232
0.443438453617942
0.233296597589727
0.868372218532068
0.49831861724785
0.664597051040348
0.0697839584130313
0.32454738014342
0.044932932142868
0.59583895970266
0.465746261069969
0.518076570877994
0.569222648934982
0.731964165406557
0.48599670441032
0.654906856003312
0.504263161720518
0.0796641429822501
0.351787167474945
0.283890192805095
0.0461485666511382
1.37868010171488
0.377986092057719
0.446632582787387
0.620628091838918
0.18259126608868
0.673169673016734
1.33748881656689
0.445849553175139
0.319215988078106
0.135855907987603
0.0681204070717822
0.595208136681452
0.984000326334069
0.0838987726092781
0.0271559503207747
0.338361662412378
0.319094081443166
0.5469611652624
0.0212401513876994
0.167234808369441
0.657684224279011
0.48559287243498
0.996534714556087
0.194787573215153
0.004940112344953
0.396789212306936
0.76265739773747
0.676741456179633
0.27295453116203
0.719552552263668
0.401847958735831
0.764986651575818
0.120462298573633
0.420476284513408
0.710632326867679
0.324233078329807
0.0340273612966571
0.971247470659189
0.105280297658786
0.703724293839212
1.11687501486405
0.249362642807101
0.291827461530266
0.679739997404694
0.308228822586266
0.172990117208165
0.624658788852053
0.0953199150503698
0.200152080890789
0.724093840865867
0.876360189141047
0.774554940300809
0.473264191938958
0.3402528628121
0.224504742922944
0.39520327604328
0.782536007576589
0.363976521411326
0.523516670951517
0.461368590908459
0.663373795697261
0.320080035720546
0.289146904741458
0.194478333781907
0.46561918912743
0.20708350152135
0.311503006310842
0.0454715147474519
0.869296185579934
0.53175652344586
0.668587988870117
0.615466600829466
0.190555272946045
0.315266508884476
0.753565894350301
0.260091652718082
0.860060258724382
0.427046013559229
1.15419515461501
0.587607477569025
0.31819369674064
0.224393976642545
0.15098649227624
0.2608436575914
0.791487058347451
0.415341111301979
0.189741940963383
0.0501266234916373
0.563007794119341
0.242856669648061
0.275360829138829
0.441899646123357
0.346980142424588
0.0366089341164471
0.826964795292932
0.188223901058067
0.787897543463727
0.419325072981147
0.385667361317814
0.360381569936908
0.592101779427995
0.0728148059962845
0.255733972012695
0.494061060291664
0.0520170358172005
0.524946224784994
0.246951056002194
0.503864280691298
0.154473519411365
0.120921546306258
0.469742225395262
0.36334722217499
1.14361878602859
0.502826703939676
0.68950553759652
0.476151447898105
0.786269428136434
0.292217934816892
0.528484354009839
0.681589906491265
0.399190140988536
0.33640880757328
0.131396692151744
0.0076676242047446
0.0276334509276433
0.343829233216269
0.576233061307734
0.209200409383981
0.660748334826841
0.548835793885339
0.0241507426170725
0.0148221783147171
0.310539923693013
0.38147731724623
0.720378764176944
0.216726130895147
0.166722376362929
0.654031334605161
1.0615451521868
0.19527537340691
0.122340712123803
0.604035459889148
0.542614256290664
0.619638941654602
0.184096010298075
0.0752032297343808
0.575158665222894
0.485289547895789
0.118193967313255
0.611564155168537
0.827259018333874
0.677564712023888
0.899733784237641
0.259300455782063
0.139771807484126
0.710902528566019
0.829515461822428
0.578765586968711
0.438161396352221
0.527126758930968
0.401175534689286
0.963509803970688
0.973450851572671
0.0216544669650658
0.229497110240696
0.409465320162117
0.512114600206799
0.591793184007121
0.719048073535778
0.311023857968543
0.098240513417051
0.401745555404887
0.713997468424902
0.0589998399209272
0.336811063441456
0.447651003134852
0.205098785688915
0.215009685772782
0.644227637648602
0.363129935524942
0.629384766908755
0.189692345813607
0.282962840166564
0.495021000376411
0.23115682781908
0.48563050112845
0.332307848214988
0.248005354957047
0.59718135204352
0.325561263770407
0.720129765258179
1.28112889456895
0.390342556639229
0.552001915348125
0.239942149295701
0.915673655034994
0.168867719886102
0.811108654798544
0.281773064086623
0.287824501865194
0.834906559482155
0.0692388657909223
0.0391640308385072
0.183036286409411
0.0743076578288399
0.329885391106692
0.0953178251181151
0.397051908122825
0.566210566002762
0.549474738090851
0.243952677703121
0.113408683090506
0.791872342373993
0.0955549469292831
0.895692920122492
0.75693973143976
0.194328687657239
0.330003611561441
0.804512405824846
0.133581619476097
0.181403821464393
0.110779366733075
0.376129996550288
0.0376324722815897
0.133009180243378
0.928673427779902
0.511140619733918
0.482364733388911
0.840099298951401
0.00501656281187866
1.12386732267616
0.886431777704652
0.812887262623354
0.23990070665213
0.491061768899684
0.596534175311031
0.190701708879385
0.739570478659394
0.999049362969837
0.445445497711695
0.418273708080906
1.22372151447964
0.912282633473459
0.675687198759235
0.606005080022095
0.437896533282954
0.627250220853255
1.47546620052061
0.365675982936438
0.271238051862069
0.554601864924135
0.228972544610514
0.433081336026665
0.139071566207887
0.919044303317723
0.698552316126509
0.581812373209765
0.534316871000011
0.37181030935068
0.388237859666976
0.645583432356623
0.812119706244232
0.801415078671819
0.440075302066541
0.417753972815439
0.22523818833106
0.133558355139892
0.414797017192472
0.23345025093585
0.595122693785091
0.509407901967714
1.22384593829027
0.183650027939875
0.251884744462722
0.552483755540696
0.517839046247515
0.280239733802041
0.775526782505385
0.455436458222963
0.300998668270489
0.361083603747242
0.141517300370319
0.431889505504327
0.274767406341891
0.153893757715616
0.0258365861668763
0.559374465565811
0.704887008886392
0.107904458304589
0.195516069875823
0.470242376150386
0.130217628400934
0.654228058786212
0.645593803171043
0.612126049674964
0.127458957157589
0.422597061068166
0.553235689497428
0.0762562190109568
0.186059787423296
1.03847772194471
0.516238428850356
0.36133189035276
0.0522167497362284
0.022284746249919
0.419749923442199
0.39706891277079
0.934171595479599
0.269957911211556
0.283684053686328
0.575849972574673
0.279086842915979
0.284707652859562
0.774528957023567
0.299092797505484
0.103307925076973
0.543622785556812
0.441478204141057
0.059881902969521
0.409950342256711
0.70105816557345
0.550251655949006
0.0891934337732294
0.814736349757422
0.451198162963699
0.414971585682036
0.600226206056523
0.0933872840688137
0.239180117621028
0.262301191755853
0.25266951496351
0.520829822909712
0.330305364253222
0.312985743153166
0.366868846754013
0.303097427685453
0.273317953320782
0.359674495981746
1.39206314491079
0.166455514060855
0.418414955877385
0.176375219047662
0.220565712919418
0.38966063821154
0.486598447054005
0.614669852590608
0.252044453137849
0.218692050870886
0.232105578943042
1.46356828163581
0.271650070489661
0.236930790306588
0.122836767187809
0.0143782240858012
0.094940740110806
0.328122578381961
0.756471272450174
0.419097101843174
0.603103991107683
0.0679480349025922
0.406253879896223
0.752898565521082
0.0905207332122179
0.485468545947935
0.184795323978159
0.711556672212906
0.48647472179231
0.531022046863334
0.0694171682384133
0.0280102867928903
0.74211923591186
0.157335165712616
0.351524927205721
0.113391362033336
0.72761554962324
0.762637464070795
0.452419623481478
0.147031284911703
0.469540471885475
0.415789730206542
0.589244090501395
0.480664052668186
0.594700450008418
0.442327795216946
0.0379349648931106
0.647472802018139
0.247678093165117
0.516613026588856
0.143075607778364
0.411232084381432
0.136752630601048
0.29710283554441
0.888287679202355
0.444969085394819
0.218364459163809
0.197501428028828
0.429338047659205
1.43919889424056
0.406357682609418
0.662987001115123
0.232782313455794
0.351223160639462
0.283234513260473
0.587448052819351
0.270336991425827
0.355919592883263
0.60809209808323
0.407755950891294
0.322167927797182
0.0414003164350875
0.720186493866835
0.570425706321465
0.420540284907754
0.406028705651168
0.262553057945686
0.780050852521929
0.816242097349757
0.768016656484902
0.370639771926716
0.310756133447274
0.355863761839677
0.595033286592678
0.0517186855791733
0.039010348978574
0.197026120042152
0.289307032413647
0.227165483386825
0.827873036342113
0.681721235482283
0.646470130004384
0.0256072938658119
0.625204926706497
0.536434507206365
0.80129166128206
1.07492129278597
0.16997619449879
0.561658124327303
0.512097580501864
0.488766968945249
0.245496837175036
0.604856548454817
0.445248618923739
0.0294315752177638
0.0769474072587761
0.427470869400494
0.227985525892408
0.355603850000804
1.25727656338567
0.162009252513205
0.133711942697488
0.054951555578383
0.198439369359199
0.16933111962138
0.00421558247177175
0.555140671961391
0.329502639617262
0.50682739187834
0.800732322787989
0.348078083239766
0.166840203913228
1.13721132952646
0.558495935808002
0.292790426107042
0.425154405095849
0.0693786287928472
0.368781820393232
0.889193199700384
0.089436361273138
0.567946551957826
0.0800634365443166
0.296109986344617
0.140897313231473
0.489325795468946
0.519320728322208
0.129987991899436
0.433106221685974
0.721284942916044
0.304403948412323
0.355140911806948
0.791166701938126
0.368018475956034
0.232962351529221
0.487290167390513
0.681257770073578
0.566796932291745
1.03642634157989
0.625204267164686
0.254010689618006
0.554167118329955
1.08881858114833
0.191441193307949
1.44153725739812
0.115604297456546
0.577230130290646
0.233239962033963
0.493355217695056
0.231869856469496
0.281577960611206
0.171012169622352
0.374327091923295
0.643515699991587
0.0842767308508381
0.146365666183856
0.00945059307604812
0.636067900741796
0.339505211851082
0.63638835726567
1.25896699378655
0.305283784628876
0.283546835858988
0.0119476385356405
0.164536659858007
0.19651742158824
0.642101248615385
0.227382532857388
0.46087044333566
0.199665348831392
0.153272842892797
0.392443452322933
0.25458660656132
0.564263345659811
0.420392701411173
0.612790604045582
0.590411366224395
0.106812048205815
0.806460509197825
0.775015364154949
0.990323270861721
0.579858270828201
0.597908324545359
0.229011159793262
0.148679485603574
0.156350163205262
0.25748524194348
0.545617682850929
0.426543694265012
0.029547625546493
0.653623568362473
0.579848690101466
0.451492251742858
0.368423602484063
0.448288726352189
0.238881474127293
0.252012724078689
0.888612768431672
0.715209275614138
0.219924636694509
0.826323084983524
0.720796178278287
0.155570178525538
0.31597396909181
0.359172772949501
0.232573243553261
0.538298651113648
1.06606961613312
0.393927846751533
1.16659946745989
0.671313676461672
0.196089961428505
0.174224105382219
0.245766237270351
0.418818215202058
0.467906358371962
0.3069011676568
1.01624558088634
0.33623954383873
0.431165848790269
0.349243278102529
0.253810533991782
0.153563193402439
0.187509074962516
1.61046923777793
0.763390661911816
0.632977607912242
0.37862321993879
0.529706465493721
0.0331420057173528
0.476217743199836
0.101473182077379
0.576662110057933
0.214874976024832
0.689598440919539
0.727292502982818
0.831709028505976
0.549599773582207
0.0219596686913955
0.509799646439597
0.320772089249875
1.16328374421483
0.286421374245055
0.388595894796351
0.301318242345235
0.792304354203412
0.229289045226389
0.0264796340920281
1.10740534754266
0.522987680570136
0.638381298981404
0.41177661160812
0.197735421823065
0.450390385504169
0.363320465515121
0.257282958046652
0.0162592632910165
0.107588430488653
0.351462192051328
0.282279069035455
0.0790920541979592
0.585362441010154
0.361381959789793
0.50458583975013
0.0767755269379891
0.138765320945551
0.675138551763572
0.742844000977661
0.0914514455026425
0.385393252998584
0.803001387845989
0.034377383876586
0.439044966497661
1.07891307719415
0.809880646345606
0.290589177846029
0.211278980379474
0.383641711773694
0.282887564253244
0.12110790781244
0.105112406883884
0.393974521265113
0.763689784281703
0.622345251134457
0.267901167624404
0.25255506479362
2.40852028338016
0.474683653882772
0.0741679582997795
0.642938471394391
0.727520152370222
0.282263719708635
0.588678968222805
0.186353011901895
0.0988953121290568
0.165158168268355
0.0965279710613489
0.331727805906233
0.0582108412765385
0.169765700940112
0.173285449379412
0.569037199455075
0.454196956623602
0.313208094246844
0.732152194341038
0.554219030367199
0.18531621978739
0.114141189288356
0.0465670820302519
0.338914674245033
0.392053030566708
0.888252643945844
0.426770512834836
0.283198681553066
0.450222276415647
0.489526044594042
0.0654054524283399
0.114061536070807
0.365974297421114
0.728325111053374
0.159233173421074
1.73401827978843
0.278637320477999
0.578472539192757
0.446995919473748
0.427523753063806
1.08239970438846
0.0719476208434963
0.62169465540633
0.070842823342028
0.216646944023037
0.194038898751223
0.508459529973113
0.593326443941403
0.160594575793386
0.487882659801948
0.225573069344109
0.924595108524322
0.480010616558276
0.120681968934929
0.190967967088147
0.0759378748691652
0.650651978740525
0.0336609428586534
0.541646377176432
0.839964323429982
0.774958444497583
0.54136283689375
0.540635448540406
0.323030589884407
0.230334371411828
1.49584158864956
0.114248336571568
0.459910679824837
0.382465772924311
0.423857040532947
0.231205493123672
0.35863238281949
0.477239296696722
0.256025933610853
0.430752769781739
2.55616224920141
2.05304775416826
2.04681584454862
1.14832644199071
0.422496007008819
0.775401617786714
0.111182106419934
1.69212601490432
0.328565235400849
0.120727269563423
0.765366148257921
0.742759455657728
0.567546831338457
0.817177997220699
1.43771644489673
0.507831411553947
0.122587914105416
0.736591554535336
0.25722720277529
0.212355130815005
0.160139712513836
0.473846234464795
0.0948443512552522
0.601295452800269
0.0478445191492022
0.296406789799206
0.279357405276475
0.356747214170818
0.173613578392799
0.548946985949691
0.214117845706617
0.404604453811327
0.709593285153098
0.092908960102617
0.529624666105602
0.108758889087674
1.18665067201308
0.356382959886365
0.250373370812081
0.467530926606781
0.126198222289492
0.559269641922213
0.195953433046561
0.448200777954936
0.0213856970608478
0.462463119573524
0.481721006622414
0.126554678464972
0.871081823693749
0.111413537011111
0.405062545306239
0.568343498849494
0.759613242779454
1.36483231773428
0.673022556717323
0.288389039240453
0.460332135196731
0.164253495198805
0.531533032938333
0.490637921137205
0.401355718550399
0.932818202692046
0.097405545875287
0.13492609846978
0.0556761782234777
0.293972445961304
0.00892108107344766
0.157671209760795
0.501024536956427
0.000512354243873043
0.421564871359206
0.544782718462637
0.227641798150052
0.125992934565596
0.399248459967677
0.858430217430318
0.00650152512181342
0.735095741918796
0.554714055920126
0.52591170705557
0.372850090126463
0.692883230675521
0.227311189681855
0.316833586430767
0.196220156311119
0.119172772344333
0.358803209886142
0.250086977128238
0.370991903801212
0.0641461105484388
0.528917502804355
1.06369358131654
0.0269992357355057
0.250362683903299
1.01738837212696
0.0884447983702449
0.290131020018385
0.733074297955162
0.106277632976916
0.0080848615729599
0.0360924173147355
0.846862287349095
0.278156120488701
0.724341556071527
0.84356319616394
0.599365807975021
0.185119105125358
0.0727807734916307
0.164086479556311
0.0579822259304007
0.309182825084593
0.469592070976622
0.256381975809255
0.653857573349557
0.198286599573648
0.587339000156459
0.261193631094902
0.0119212917174577
0.83805013185922
0.641640190041085
0.46165554911266
0.00772129523332483
0.202659897505901
0.959198459590934
0.524853915619909
0.331967198741369
0.55763915228982
0.7180017760458
0.53778170507081
0.863062931900662
0.102336285982109
0.0967168356993307
0.529954390215986
0.0508960958570136
0.660920709382791
0.306176433686518
0.502142879996262
0.49928237558359
0.483065429474453
0.511321548994654
0.550685504057004
0.44777669517915
0.382091988767854
0.348485678472345
0.819058998276021
0.862277750524934
0.0380747061316332
0.522866313270623
0.269205562482693
0.130835384895257
0.231959722010011
0.49758875294987
0.654680671473413
0.940503251087431
0.0219684783211909
0.30577133579747
1.09069872633234
0.433430090879348
1.02890487972338
0.0980669880480073
0.365668603655088
0.839655920559965
0.240114496791982
0.55687402754716
0.445728173503395
0.097230157788168
0.687585111037615
1.31833756434976
0.157630480119823
0.219167314199334
0.325894426550861
0.145728101257968
0.593955812929385
1.08483743974453
0.394078946193761
0.616928043208651
0.189242592806209
0.187159396926363
0.483756482115419
0.39894392103957
0.0389959033691826
0.733319341896286
0.905071560076432
0.103627368344508
0.83556749865171
0.642933634889812
0.26263877977046
0.293263618634066
0.206258813352006
0.533373738558752
0.485879844429205
0.39728227031908
0.314676825506277
0.200903258645857
0.686365868951363
1.04283979264672
1.18100467891908
0.279410439149367
0.197599692682433
0.0709423605688295
0.278801333166332
0.311545366582281
0.408014392459859
0.84061221578313
1.07517171475741
0.536385681389068
0.731162122517719
0.0706907281403455
1.12869875922859
0.376268547497751
0.411225632261898
1.55167590179303
0.255197685543036
0.347212814115398
0.702002763808389
0.285606817625122
0.117678273959306
0.612446451504725
0.684529043974953
0.674228186289787
0.0685475490762531
0.390054676097793
0.449200073363932
0.225153374439258
0.372533355496097
1.26421805229177
0.163462378534539
0.640628734605142
0.288345124500871
1.13655605327591
0.471010468598355
0.156875814190907
1.15927971198088
1.1564534696105
0.275959826802781
0.265049037189821
0.147290444890315
0.52831340021467
1.31924847650713
0.397501987067807
1.04500965070824
0.217472989966692
0.531923897568978
0.185377866455481
0.114798981326021
0.281700262755614
0.163503532449245
0.234425681494792
0.868102562423956
0.402959902650326
0.465046125112618
0.568271470035021
0.517289556954852
0.582516270029093
0.217219249419069
0.579085807662919
0.645187432536134
0.409671612324055
0.321007906176828
0.666891327410779
0.0952618452944823
0.400183561075092
1.42700931137696
0.0291749080225779
0.768870066065618
0.538603452081713
0.758586109493734
0.0893431065843083
0.239664780508897
0.195632681380526
0.664787242646331
0.0185864214428126
0.963255604343139
0.532643050927558
0.293528626045694
0.607308419561973
0.539012449102137
0.0396369141487833
0.181951907508992
0.363438400186796
0.4271618175147
0.735246574346488
0.747386948572807
0.547340375199589
1.01365098489267
0.327450662697336
0.284170754122875
1.19969865604993
0.795662410268135
0.162369992061976
0.419755132730082
1.10198016856464
0.450357565372447
1.00249243958541
0.372632429237856
0.485786770254891
0.604809595422115
0.427247657424023
0.896291634989112
0.315044086386286
0.941260425603204
1.12180516869718
0.279418954159348
1.04137766568773
0.5910097910101
0.449353749319012
0.293023092249508
0.680715144325919
0.11197491570574
0.639884225475301
0.153739409979339
0.138546619479564
0.19496346474703
0.361188889518333
0.630228234694154
0.281844733550705
1.20905013248345
0.49348403562082
0.705419468329459
0.269962853001423
0.468261196735111
0.252518841357015
0.385338228012692
0.00844812966804964
0.765194934716682
0.381676650989052
0.488686078922527
0.251938116637253
0.114568278184477
0.317826799478175
0.714614075124768
0.641607686576962
0.587468514365265
1.30993885192941
0.590261100641278
0.50407480169758
0.209864668706777
0.328771285795909
0.418574942331792
1.50556025105507
0.940487928379153
0.595918360782848
0.362305317401518
0.500129211441638
0.550019175232118
0.277806409118591
0.562467378057345
1.29106978729637
0.00496224221496473
1.11731701416608
0.628869240522081
0.966111056766749
0.138281632799494
0.889276459251098
0.847894213356397
0.714363173736626
0.691831667504041
0.62825942665267
0.484805534652672
0.512273863949822
0.155069962528288
0.306994278071258
0.415871653986683
0.247973348253246
0.0538987576375983
0.0394901443412309
0.0101924196812989
0.964607770471857
0.341926482457014
0.854508150379425
0.332404004082652
0.336129810181738
0.832845580358794
0.19781228165881
0.251397952903306
0.140523301420998
0.0170121617123182
0.222157800047418
0.482193370785664
0.173561697733636
0.0591765900793028
0.436124134505915
0.916238762180527
0.592244548232763
0.998575332062523
0.598849076357983
0.741234703595564
0.380749947876623
0.105003620831007
0.098627856635152
0.818254305787232
0.45082549973656
0.486845859828272
0.30669121499809
0.133254809879324
0.261642902642904
0.232799654753657
0.732328101597789
0.497712769749077
0.52763481705434
0.21056098431015
0.0799373898212072
0.613467214915656
0.472678020451358
0.589326944337131
0.328704254941669
0.396356705313259
0.0804185836000735
0.782738031348731
0.355273359961496
0.271887889445487
1.05411164111383
0.766084708243014
0.219402780860902
1.02190748991559
1.47940918587804
0.541749455149524
0.235716472532032
0.560571175270172
0.143543397386994
0.509836099409941
0.431654298581952
0.193249244296662
0.224335683271648
0.116844466842194
1.07904342950187
0.33321950147233
0.371856622610996
0.294418554125316
0.0185078461997884
0.486426409561052
0.30994387385235
0.775345420059327
0.0767584753281648
1.78092422075669
0.162038203667635
0.351788513667558
0.43380173973873
0.162336939693275
0.356703046221425
0.167461618558302
0.124979629932011
0.332628388055085
0.658962343754694
0.462437577078426
0.270800454170438
0.0646718430287675
0.380980977132925
1.22672476180549
0.846309646951928
0.677959017706182
0.0892212094592005
0.329052680763615
0.136533576388823
0.0435426843853199
0.45677703770774
1.56658783158125
0.0931978318340655
0.386579041817249
0.277689588355226
0.349827671484649
0.543954172289709
1.37256660411055
0.329492737675685
0.634612564142441
0.533197771059833
0.237885808720995
0.559205677972891
0.0994764411669753
0.561180693123813
0.279565621679056
0.662536002756508
0.562848143760067
0.616948679678266
1.31741429221632
0.385086916908183
0.669489320256673
0.76957363227565
0.479930667212241
0.442486804875312
0.93766001678053
0.265413119366093
0.710009057071012
0.466061764103008
0.380115530826245
0.791379500235956
0.49298070795488
0.0553638183654826
0.407613646522732
0.111691618816785
0.970173218569967
0.242606069109667
0.0517646434321053
1.17713012502045
0.14133128844935
0.637450026514547
0.779812407137239
0.337890284952507
0.551174456425316
0.00446564939054861
0.245043338804173
0.111737546356212
0.778090178570129
1.4909227012742
0.567665219256623
0.351453769806549
0.504664005058563
0.312763904457354
0.206264587892366
1.17403945735664
0.102703516376537
0.502497354735284
0.366176653747463
0.135270048468085
0.255741247396654
0.1851308384074
0.540002114522748
0.0910691456513487
0.0910641212440206
0.220232306491338
0.40178808738493
1.01355415479134
0.223140533994736
0.344579208990372
0.398505183176028
1.22240173687379
0.585450978529408
0.408855452819321
0.00179841667516423
0.363288374153184
0.032160696192594
0.71257704563273
0.338095806198782
0.734491754233711
1.88442636274682
0.841792337440527
0.265160319718516
0.567419503134002
0.279732751384994
0.528059450015244
0.322261473185403
0.338535496098023
0.295987287671301
0.362062989277036
0.842860462567367
0.380203381224202
0.257108346678881
0.413488808807511
0.236273933788651
0.416191364603265
0.43769184080384
1.3768531976297
1.11184528973074
0.356715349702649
0.399066567545274
1.12451140477388
0.257548437056649
0.813729587438502
0.0888963816071185
0.292712978102985
0.455392062096695
0.646023739926656
0.530720850457662
0.241541208798124
0.51297216174563
0.0730513121361704
0.520438779575
0.110267933252109
0.365941698961654
0.0442411968990097
0.465909032190848
0.563407665774159
0.315942021359029
0.377662863763915
0.401166596369456
0.799763188389467
0.199115521145454
0.943963414702795
0.34849439618941
1.45435875484368
0.187526637209291
0.0476007137242
0.2557189249634
0.352708381085658
0.0974188852538653
0.455213537803427
0.425114082224128
0.838616814393885
0.118838389551269
0.139807118593395
0.265664316659204
0.732073226386614
0.33543975091602
0.660664641280645
0.188944119364848
0.570282742678632
0.0827298752089992
0.879023267527705
0.470273768392924
0.340946933913939
0.0607839033684376
0.0163270778367993
1.22115411195341
0.788902640486197
0.0966061763650169
0.67668481478939
0.639815950087896
0.253596562990785
0.617015178173376
0.807359140966919
0.632196817662063
0.235181858833332
0.0566549874591302
0.471805129696064
0.364359881250875
0.445351173278439
0.385960844886255
1.00689443383123
0.423112781672868
0.155937919026169
0.747940554197372
0.137675324195251
0.793331624466181
0.62135030131358
0.427578738945986
0.150343594090961
0.1227436732134
0.409670381719464
0.208597145063896
0.367749582209239
0.114791017160189
0.716026293130371
0.91955078898874
0.158406655598857
0.454406748148415
0.473201757890547
0.19161674656634
0.385014441025884
0.0463323168008711
0.14413618323909
0.164014650891154
0.764173005297578
0.276976904512971
0.48127222180935
0.7736295601982
0.88500774181903
0.80636479179245
0.450590179089771
0.349856476325412
0.555568618817309
0.734269071900776
0.590071063716966
0.339328511843096
1.81577510948071
2.7434880706724
2.59524441999912
2.13480698174066
1.73358138797157
0.385259175637592
0.0130672179300878
0.573179986210267
0.286037275053228
0.160975917922565
0.743186785893635
1.15280763099795
0.580750084235291
0.312157493974519
0.162283570644279
0.273261683007535
0.262736584605349
0.00958333687370841
0.0723600675785799
0.464174153223047
0.108545898086532
0.480039781803873
0.483371615347284
0.0227075097280524
0.234353753178614
0.150718953538705
0.429322195101777
0.0588224942981144
0.203061265943663
0.999648103909121
0.0875162458781329
0.706422644891312
0.83337064029913
0.0363487787858552
1.05965512565582
0.0851241513653144
0.593516805206287
1.10573717850706
0.458217926513831
0.581015319192229
0.0693201982172607
0.463516940491574
0.475157962168016
0.202788990991626
0.192638499508673
0.101412123148966
0.59546262574956
0.83215735033901
0.431952423215606
0.300779048648633
0.37741673824695
0.641650426195637
0.793873708762961
0.0594414662004583
0.20587061535376
0.716597478472883
0.324342538761932
1.06334910480638
0.241773662827389
0.306539700854776
1.78125781579627
0.181763242778993
0.439093261286974
0.126262216275542
1.3928838184407
0.437378147891237
0.564140957147417
0.159798006160946
0.294816483153726
0.86604760402107
0.374724980698883
0.0589964264238698
0.359855137459778
0.0143848786834095
1.18532179561305
0.417766385432929
0.0581592344789499
1.16997169965949
0.952243320233715
0.611467767438724
0.917078105087897
0.404810045679478
0.0160931492185761
0.324963844810461
0.0337554361593751
0.162179419922433
0.61307422508441
0.462313786748918
0.217851008234171
0.653646915842608
0.0208889809843099
0.606886400457544
0.390910279460943
0.685126041189182
0.516776111914442
0.380051681252232
0.333929637794612
0.347374155879517
1.43584818478951
0.96291559046389
0.480531512762773
0.180339013403639
0.163532326261177
0.212307206160577
0.125696537776984
0.570617862726918
0.61757062656829
0.574534579151602
0.194568727385239
0.586105711451443
0.908480959885328
0.174698232075932
0.522824649537175
0.378574619826065
0.938333294501868
0.269610493949485
0.421104432987077
0.180758204699723
0.374751589291725
0.0309100772409522
0.56713905513885
0.274451433455494
0.134716276744998
0.753210047513574
0.0689610174943555
0.450010071352922
0.0433122291873782
0.0098582988671042
0.407432899577983
0.169029253003703
0.758479921771428
0.784381533093494
0.0568715821500017
0.710502683495495
0.759378366553798
0.396407258011887
0.655569907340166
0.488490346452237
0.778530843321405
0.0913872347433494
0.638479090557301
0.471790544731656
0.0243177524439175
0.17725604008505
0.269173960959623
0.635388111204999
0.305927430320419
0.517914650041135
0.646722982001984
0.441786988838741
0.359586264878518
0.230376644786587
0.809366564240544
0.390555464707596
0.436560058053178
0.581943417232469
0.201835182300207
0.515034387501481
0.226627602194615
0.124559517743393
0.517608831431248
0.545314905337533
0.256886322604657
0.393915207676407
0.153462527215035
0.15694935380809
0.524710992952458
0.762410074797385
1.25648313093001
0.678547298636543
0.553326252075703
0.0949979553198057
0.6344563072811
0.0626537863200275
0.262814542079045
0.352188765010078
0.460494516221718
0.0253504234917014
0.0161595297179401
0.392573888624799
0.43632262245796
0.10293886412851
0.457683906258418
0.178357350947785
1.0092954000695
0.515731577184302
0.50682936341008
0.976753603647835
0.625683915760185
0.543108415636501
0.575672245824816
0.844198505419329
0.310277602490189
0.595596605606341
0.118843741819353
0.299297739922883
0.289307102878258
0.3549399994137
0.207974377987621
0.798952297226201
0.225934347063874
0.260931622587309
0.248454617365521
0.641496617420148
0.648759821592057
0.337778735001007
0.298985655179632
0.914722474285901
0.395557853371553
0.143765953814868
0.222545520587986
0.311735477903968
2.07483950769485
0.209797323813392
0.513105784018506
0.53767923911447
0.138114483242095
0.168374474419752
0.0955112213754829
0.376375625801783
0.549418362045963
0.311596728053427
0.749741511488868
0.122041994080273
0.217747484809064
0.00801437343421942
0.483691745075001
0.628328281728231
1.15995205145638
0.498263440414963
0.223407858365926
0.635882928334202
0.158704420177181
0.2650600765404
0.414869989254369
0.315973896110184
0.587025233781854
0.519394659527875
0.331630923465755
0.310423227084533
0.41513296658771
0.495599721793704
0.439956283860637
0.280543376907548
0.341353921036044
0.750415316207304
0.398519731847837
0.0331726712831703
0.0345738220693035
0.27173467026931
0.486521915978203
0.127356680326686
0.941842711671836
0.332757296621455
1.43656474662097
0.0137773614332783
0.433681385184707
1.37029310239451
0.68949685584707
0.0333166657314275
0.0152990844137979
0.842824625282894
0.017751313456685
0.0530896750944164
0.642062223912846
0.532087787319733
0.175406804480544
0.39574801567777
0.0611042183105174
0.203872821366875
0.0459875923356997
0.129827709045954
1.35522715291854
0.379395545956355
0.59162684474931
0.346728246894854
0.522253660854016
0.57091735948453
0.408845587240931
0.367051306570886
0.456774602848669
0.221048379621045
0.0887450665049539
0.041818878838904
0.617575973858661
0.239904827267207
0.18661188395607
0.112385077687656
0.238296344763604
0.586574040181206
0.290579979826353
0.291807347186444
0.186512834285752
0.0205599133113944
0.204464504429518
0.024669303130164
0.970514907161301
0.245133659688457
0.204811573519964
0.188340174233891
0.223719263456107
0.439908720537032
0.430307935694936
0.431695900200532
0.0227501810847833
0.244218719055336
0.384148366450758
0.284822350468128
0.485006515530954
0.241611812130486
0.732466336808139
1.04146831604119
0.450740994370811
0.422944244376965
0.515182422371472
0.390455891087738
0.522325813919903
0.920827122690041
0.0312063947256137
0.856592407110716
0.474795190903749
0.0667066259712925
0.784847945252539
0.318529136226053
0.232265598174078
0.000851242298218996
0.867407162700358
0.102728747651806
0.801405822536216
0.0470476533834254
0.553867697907234
0.502720668302925
1.46465664865552
0.948842945012441
0.805290085632864
0.0354942667636582
0.025977466582287
0.296360286289256
0.710730166757924
0.062580865363628
0.306708611599786
0.401198463208017
0.889733071229931
0.230729271045748
0.291391228525185
0.263318170930753
0.872931125060824
0.229990010893102
0.212931687177819
0.357411576618286
1.06799699805441
0.576389246037127
0.355386348435569
0.063753732815957
0.193328197059584
0.564107403786154
0.0263746724678093
0.863949635384697
0.428046163970576
0.0285588922446559
0.415506443052526
0.542395843135178
0.719978783856336
0.123793231517181
0.553008867333934
0.613852199048322
0.00373249837717201
0.0625933540216248
0.199874611175717
0.0740664742403486
0.419131441387212
0.282266279982695
0.222192905461414
0.00707274427901607
0.5694055014478
0.178346657571192
0.303265556864843
1.38620944185928
0.414162004106852
0.0696097709754063
0.959364145565946
0.176263133492166
0.232323105581817
0.355139838027829
0.28343404010705
0.622827420956727
0.933676339763788
0.102754751474162
0.418334213891695
0.100300357775149
0.626089463690947
0.691950906902488
0.830296022430101
0.215874211276814
0.50195220485327
0.496696371862673
0.0360037849529326
0.661966079472654
0.0514562782947912
0.386603853519902
0.578182615065368
0.735349009066636
0.314890621915074
0.249274381954468
0.476101697239707
0.628099670876745
0.330779808319084
0.351552079225807
0.565604091444948
0.18609855666694
0.0893737013738063
0.11897122339317
0.512421473445224
0.129057399673047
0.235971854913321
0.296620836482761
0.33553051062924
0.593651105576422
0.382512043691238
0.60679930435675
0.270882337028125
0.566338687151703
0.0720151778957301
0.116256877875064
0.404423341255731
0.45663539916698
0.144215191588158
0.634450364977741
0.657900958353871
0.775403272987098
0.809710188469175
0.337353121710498
0.555886844095845
0.453111948300762
0.83713662992082
0.192483301933724
0.308142782203906
0.499771007893755
0.0162110459556471
0.536746840769552
0.246032547589728
0.499476733270187
0.235091710800462
0.87586873668435
0.367613356583922
0.0978384242497782
0.620881241674859
0.359726645787414
0.892211278792209
0.468856128422829
0.594245077224213
0.329106641935546
0.118647201342122
1.29492228685486
0.289877333726154
0.197711887202758
0.116209338388714
0.681125602683089
0.819312496808175
0.744152680437334
0.626293611942325
0.401993207911048
0.642588065334122
0.751247727520329
0.242065630456989
0.562630085533022
0.631666307498642
0.140058932858881
0.876079756198254
0.089496411792224
0.287325135802794
0.367094689743093
0.323794055595539
0.373316216075168
0.868636237159553
1.34653626789013
0.581357651380612
0.561415603625628
0.353276094682444
0.087583666397407
0.500175229071945
0.57283487158959
1.35526181331812
1.42589631011443
0.410784401976217
0.578569011625201
0.396370867576042
0.462634523206178
0.512244370762312
0.0466688472989863
0.497471550426644
0.535264967667348
0.535729952752357
0.603767168275991
0.419074749903647
0.323661467266365
0.0244084235859494
0.991831264398718
0.149647872047025
0.343130992645439
0.674129894011844
0.68694418761559
0.779218010247282
0.0777474085634004
0.378282334138774
0.0554833808790668
0.335657469837182
0.505090202782597
0.493455563366781
0.371244178379097
0.125551248938329
0.271442154538648
0.361530741789581
0.0186876142908508
0.395538885833879
1.0264298639565
0.360175394065007
0.103660621502532
0.147459217593971
0.156534898912334
0.626779911088409
0.0236015178805541
0.55358693287085
0.146158044596296
0.234785922634308
0.39574243306418
0.196479575493355
0.59036601841768
0.647101704110559
0.499377736528445
0.190068219227506
0.35153698067101
0.328868288405507
0.16089045542441
0.409573256472335
0.386810364122893
0.360392239041254
0.662922838052297
0.418335377700502
0.472386275709927
0.883957075173991
0.494494056067787
0.138652030843465
0.0823531063523104
0.49665000272656
0.152266448088671
0.69111955684532
0.642274068300679
1.04028434032897
0.457016634539332
0.349316571562719
0.263448372563669
0.270884850029956
0.815497200941202
0.793295095326502
0.130464077987788
0.0738754347663063
0.567978398955703
0.475863613772489
0.362103751413369
0.480222639345919
0.321514033691584
0.36552826060492
0.305963378275773
0.656106787935394
0.429518924114505
0.143272784945424
0.274940473093663
0.521442443332862
0.4723204271056
0.160712417107607
1.06386541755851
0.699455387743495
0.429606009073347
0.205385444618838
0.129207762788741
0.711507792149829
0.31272970844129
0.559872584437442
0.437902465715904
0.252340737131867
0.532935329032893
0.688033035464764
0.0812031385752965
0.205320166109491
0.286335388921372
0.0222673805611486
0.316231769479128
0.368483327353162
0.116844357655491
0.0903774686086006
0.177245394246009
0.106938265519812
0.212221996545451
0.521853602960637
0.871161823760545
0.637436009716717
0.309456410059289
0.551879890138022
0.309663308663161
0.956246745846586
0.752016348428578
0.408578151635767
0.205242664285929
1.27746604900768
0.81835864025988
0.315737678341987
0.255039601872833
0.408284169315085
0.12021365415948
0.832498104572147
0.72192141478634
0.304888875165491
0.533251006216482
0.405888730386461
0.291074392062944
0.218711634124917
0.482691020809848
0.470673066037867
0.400253530521155
0.0865204578238278
0.243835004234178
1.50398722445187
0.226042776630071
0.435166538972614
0.194006814936436
0.192890370360993
0.520452823046392
0.313215833363421
0.979458722091329
0.38600585969826
0.992979091979866
0.375409094347775
0.164105399080334
0.223845447034582
0.508283947896911
0.409701066927503
1.05741805906922
0.364894889179137
0.71597999202469
0.304729891260328
0.336447969568318
0.130770766915008
0.595341152822842
0.743602211438453
0.402255787764428
0.484374706525819
0.363363490315027
0.808740014391758
1.18974040425565
0.462275968006891
0.386084071714947
0.801855700086407
0.830666541383289
0.570659268612971
0.446621650865929
0.883788227499538
0.377459535857118
0.769892395604135
0.597826398016884
0.0835403475828112
0.0182463066708517
0.738360900638815
0.737896542301037
