0.610393783458358
0.361640336826024
0.920630329041703
0.375113665538849
0.727030619884771
2.57018982404722
0.527424829671013
0.632175889348099
0.995453638488707
0.394326270578428
0.82416689530358
0.442821680794003
0.508242001318491
0.837536601160785
0.718919106488092
0.640802021967078
0.678173088238795
1.57926676603513
1.17188280501963
0.30755174897468
0.953393620483665
0.881684324579092
0.508448943734225
0.685792666619398
0.583870735225531
0.452595593887352
0.414740461478238
0.764726704943083
0.532692098449272
0.334155488219977
0.483950539945748
0.378984957778223
0.6036268966772
0.752175512163756
0.722314272547396
0.4121517467015
0.491459754302071
0.64377868095237
1.09831399860896
0.664646916461607
0.64716278162501
0.604616262438706
0.769759260812693
0.795882604942761
0.780816569448311
1.23501347719864
0.420373426244839
0.982201926334902
1.05982531891392
0.827988607918334
0.586409878792787
0.880596116413741
0.634720068705432
0.441373058628586
0.872624831108361
0.331703938402042
0.829794549524775
0.978184034873205
0.723166225151031
0.688754267400812
0.386048386928069
0.510397282122382
0.567324642023588
0.904284283887458
0.754113918400014
0.371431913107154
0.608882219316825
0.695072206562759
0.58688455417245
1.20228137813149
1.31414354906191
0.492026613450245
0.482021620675876
0.867962221989787
0.659576240760955
0.326796048481766
0.334067250386034
0.457110569550725
0.465119049385111
0.599692203502316
0.681491829999103
0.886936471561291
0.925860323237369
0.44002272622839
1.30997869954711
0.654186811095444
1.36432756087929
0.490344262282144
1.11090088698966
1.2135163521459
0.69689966866192
0.880630535486091
0.983788615416648
1.52696285038315
0.505052356534486
0.957169655597962
0.81791530160983
1.15739322384004
0.444371720195087
0.380885333669254
0.444145460297077
0.825024510088468
2.08180112037599
0.524508197331744
0.736625791442772
0.613745575142753
0.317943806856114
0.840303289856658
0.523485540862196
0.818295162462413
0.504084384742039
0.645151829424705
1.21493285211833
1.74155077369619
0.400322238267569
0.713010561457711
1.062851602363
0.88427740248159
0.735231155280344
1.44096980282476
0.942820246337558
0.805237972817829
0.533517522427965
1.52517225595532
1.35472885375414
0.479335748849697
0.700018694455776
0.778248255294421
1.37191738597866
0.484312623912695
0.548244097207248
0.753022505658757
1.2785519354016
0.814469297915952
0.617631124823829
0.653523261882457
0.634676871328678
0.630699931023793
0.750210625833017
0.908025648126481
0.776251454852389
1.66159768151162
2.79663435160751
1.49336455114711
0.78788484203008
0.542823782973271
0.616164638778586
0.526966142084215
0.935010624217441
0.758338229444341
0.344040278242856
0.453155650813776
0.490464366386384
0.802099809221907
0.955981252726694
0.322126297107287
1.54524654254142
0.387910410513409
0.732824460111879
1.14797436693939
0.691441151339466
1.03877584130177
0.355319068345158
1.53319004191999
1.87186005546356
0.802544638231585
0.444198231644827
0.385725625951204
0.487931380226577
0.569356845899213
0.423348641053575
0.621404951332799
0.638846907575663
0.325327728276744
0.246314650380513
1.06122468999621
0.152964821738044
0.586988884674955
0.590654038808512
0.620419499891935
0.812363953420623
0.988453351219048
0.778894306573318
0.919587158965411
0.401650882469832
1.2254710944479
2.14069564220059
0.891232936972575
1.07623211026058
0.595789628294007
0.639619913815624
0.542670669299205
0.622966467939703
0.719530575974371
1.0426540378171
2.22618124872169
1.02326303338842
1.0288862234245
0.673784582646137
1.23407079729727
0.745260919664202
0.685790171162684
1.91605735477603
1.82205217840974
0.670571436914989
0.90426549161229
0.594105108826367
0.304570178951145
0.520930149587648
0.428630859786959
0.728708390421232
1.02708305535773
0.422576598911821
0.660144224114818
0.362048806481259
0.424504670836367
0.936813321566139
0.910881442824162
1.0909026750995
0.409685209610037
1.64486240301487
0.644373379513787
0.473144554666826
0.46251887980569
1.39108760157899
0.481344573840017
0.462713797145107
0.824734846277011
0.597287227891038
0.288261035496721
0.481663364247051
1.28072314152757
0.792274127954058
0.35824073456067
0.547346709510122
0.810551282114082
0.653935255094023
0.830045134079017
0.804951189352835
0.444748142584208
0.913193754145758
0.76795570146445
0.909694791694876
0.737691934329798
0.840516814143495
0.673595053409398
1.65782546766294
0.316795075136368
1.18434742369498
0.584223288769601
0.618416104376478
0.517795575893719
0.901883369740285
0.929464185740135
1.10358134430511
0.831001489523315
1.25003414253883
0.461329321756743
0.453037091659663
0.567834028965566
0.978344469112685
1.49629639492479
0.408104314497837
0.434891370216769
1.01895846907398
0.845916159652143
0.572072227808182
0.693087232426775
0.779148403682794
0.591421871260464
0.877110585620038
0.919868550973736
0.556445407620636
0.324059290628676
1.03979987378244
0.792411412399384
0.734927343052419
0.576668468746634
0.58439982925892
1.23332439128238
0.81891934167357
0.346030667143228
0.971958660880378
0.709157362943933
0.456760637074064
0.625904777819212
0.897786659229328
0.399880675636848
1.59202346018316
0.627987960567449
0.358602185575315
0.478109866075621
0.815584590505366
0.783157907818323
0.40014736701712
1.26502490112361
0.940657814489356
0.714204788774254
0.463254611950642
0.401391414267882
1.21134833311925
1.25707619649025
0.748486795464625
0.913471582601464
0.513543427304904
0.582565062314626
0.806344016254126
0.429893269006416
0.940778930833793
1.5516197743165
0.199811795221176
0.998644309224059
0.916769267244535
0.942553473144838
0.765809959959908
1.06303434330728
0.707881013427232
1.45935445290508
0.561399805162877
1.28805827335853
3.40281085487689
0.645830943342678
1.37629102794917
1.04758716931549
0.541810455157054
0.598578896445669
0.428954378728507
0.755000792422307
0.588896017562133
0.30350833311516
0.380885345009984
0.434398529792624
0.680921350915228
0.496981072717053
1.14734803711132
0.949958386318396
0.983842726350108
1.06283185215982
0.503877978530918
1.048918760616
0.206723567543746
1.62727945973587
0.941506702908422
0.750061836595804
0.6391303066301
0.435800206938301
0.459652080502987
1.00031602995047
0.84468992596478
0.493281738222324
0.657376672385113
0.594827005465909
0.320782407738148
0.764110737099976
1.31035350183837
0.530144781653757
0.589565263724187
1.46226367083049
0.758445807385143
0.577576628784553
0.97977886377011
0.920697361292455
0.703520171305227
0.979093272372929
0.107829079767861
0.908803952311855
0.858856178921864
0.454380998035788
0.391733316123261
0.961141192322621
0.690486654334526
0.481570995390247
0.694200072733638
0.575634157554866
0.342834617566619
0.580430974469052
0.199532639084635
0.53512091523286
0.687737245155276
0.71810488511322
0.455260733518105
0.808203571989676
0.755649046769769
0.773270519625538
0.497620096692235
0.838145831402258
0.730621592544855
0.943330060358551
0.968938528656431
0.398460612982627
1.63229044029065
0.499382032972664
0.769383514204662
0.299028517053936
1.72051896515238
0.723134124362346
1.59356037305429
0.858009101568389
0.8387815716566
0.487967535317174
0.653962860614846
0.984757844655924
0.681147370393929
0.728160460451761
0.996024395478838
0.804786347352299
0.625466539748366
1.1143163983824
0.269451227706393
0.96206821493261
0.742004233045383
0.68553078894592
1.10695142504589
1.41316761722464
0.677953882302814
0.424112933562352
0.821177279214112
0.826790775152676
0.742656118570646
1.14634720428904
0.974459878773341
1.64342040284047
1.09377905677356
0.639603863067118
0.692015809330073
1.37826992138551
0.48681601201409
1.38927622844489
0.684099976573873
1.18044236171537
1.0740967145878
0.620703720188766
0.716288964134006
0.768510773571591
0.374450211290729
0.456889463942089
0.634125610765417
0.303092774805461
0.971467271914943
1.95303176904924
1.02605497195799
0.395273712405826
0.287874609181373
0.540697119817619
0.905293447082397
0.598117638114752
0.481637769664837
0.796070380628851
0.954171695400521
1.00708374846028
0.99672632842153
1.45958543993444
0.86990436410581
0.551549401291204
1.26175838491414
0.506222096932343
0.379267054391949
0.993223501481756
1.09091846634831
0.908468754041262
0.4956132035852
0.793947099694655
1.27855426587343
0.590430467341163
0.724283315990793
0.72123160143566
0.568176544707423
0.58605699713372
0.47631341444678
0.536563545468768
0.347769360678354
0.57647085335092
0.804957115350906
0.642876421138259
0.6372047064285
0.65122303630814
0.853451992827512
0.646536893436655
0.569795039607793
0.265860565364238
0.761490851228852
0.490257434532096
0.404225083434424
0.908108863330693
0.609283070758329
0.542808395147203
0.467347017816773
0.462091384755066
0.753820024890449
0.667118168492204
0.449202585742374
0.468824393663432
0.612824264645483
0.585701433078827
0.844392844180848
0.629671440715841
0.689634681455019
2.4450533333646
0.664930925276388
0.668618152712198
0.556702940557974
0.582677083845675
0.611561382100677
0.773951442948136
0.618156946610441
0.66666221451456
0.846510760706468
0.804275879983777
0.560361337228373
0.271704143829489
0.856425061522783
0.46370800537779
0.188083739229407
1.16255451319864
0.578490025165751
0.544342691229616
0.395605895029315
0.894431862348085
0.679328181664725
0.420259709585432
2.03774069663906
0.377636076726706
0.379622332450881
0.709212014532296
0.52993751507121
1.18620268406533
0.606721231897876
0.539929612460306
0.884248916101838
0.559840826208759
0.923045051873779
0.694219195011681
2.3356332543618
0.474599488027841
1.82103404644988
0.513302768987428
1.0500614176371
0.536900420097788
1.07969215051941
0.434479927703949
1.15294494600677
0.468533280953118
0.378474467225378
1.47861677139753
0.428489913849767
1.01877736136019
0.667830373851582
0.431937236230227
0.770604426713495
1.13415734693354
0.313924930809771
0.717901739889541
0.863529536335203
1.42144333567941
0.923795670842691
0.716557998469664
0.589277205533065
0.556735596942572
1.20696549109055
1.73701199649158
0.767959837801839
0.394923353061736
0.456700929557257
0.452320423981647
0.804332675411913
0.641445279662661
1.48180573706756
1.35306704351456
1.02028535307428
0.944393772941354
0.585075499129698
0.996402173909206
0.740656137514046
0.692514956523583
0.67801918587191
0.305565505812102
0.82629992898342
1.39016055057195
0.835401782801678
0.793312278414301
0.939928694261174
1.44480646223517
0.986362228196511
0.662862949693047
1.22024216327608
0.625547295519729
0.391682862233002
0.633080004626627
0.397969653073578
1.19667443946948
0.464325327454282
1.30339187958342
0.481438758218439
1.22037109111435
1.86754398801557
0.35913655727609
0.339515878379497
0.5218034467095
0.969274607391656
0.58364028108942
1.04602926720727
1.02217236211992
0.716867905304316
0.507546696402892
0.542216667388596
0.641271011413604
1.26753287020688
0.81311633714433
0.49504852581261
0.689214187591662
0.61348197770462
0.802671505690714
0.576496223788573
0.360006008745026
0.447598879398986
0.580461346903089
0.485030658976724
0.427408017992572
0.697845365410976
0.61379092009124
1.15019668163121
0.791161056367543
0.723852264874442
0.593949280666655
0.437143934284437
0.812020509600251
0.970039951438001
1.24848621135987
0.52407036886697
0.523971207683113
0.36814803442455
0.576433573491901
0.615428781652618
0.863726840010605
0.805869402529425
0.480679675096044
0.988503049399851
1.5267505416709
0.703293710257627
0.48920035718473
0.910214398524404
0.504585721312414
0.396500483533257
1.2428890932949
0.657761435169903
0.605400354492183
0.468914551074998
0.362965691736698
1.20338186712289
0.908733555337417
0.695081975233962
0.988540238453987
0.671701745180494
0.87252771519282
1.30638713300029
0.629840236614003
0.668276966842822
0.881451320019631
0.623219976042085
0.489406966153073
0.607700837776286
0.541526045368978
0.46428853361416
0.345384661641869
0.534795773414524
0.547158234484153
0.62915097008505
1.45271659695974
0.504979616386005
0.490149364603836
0.418639602207318
1.23777470207082
0.53931278978473
1.2035409319964
0.266644557114528
0.666862252287214
0.373729658343296
0.535855905919277
0.641240245989613
1.36383429468514
0.805890326189134
0.993289219408342
0.581093314481069
1.17503500206737
0.581076679291087
0.581047085433788
0.454949570490015
0.995358065754049
0.841209536865756
1.44006991733078
0.627939627898962
1.24355264014431
0.669463541258746
0.644703520285115
0.963125152307236
0.330610335047818
1.00726781744358
0.681366105551009
0.222412978388773
0.502909728892399
0.903944751211246
0.639675593499399
1.13224134747511
0.885953069691315
1.14187174801664
0.77132445453428
0.315395379746395
0.966781805459339
0.504347775340945
1.45866738921019
2.35671221808732
0.235081131520546
0.713955223099717
0.702305568640194
0.472858871378643
0.663510598770592
2.69264148956673
0.81917305266235
0.516587455393965
1.68727150621333
0.634256127994516
0.687650542935391
0.636756097523962
0.935262866598545
2.80771031811762
0.594765714122958
0.840418868972807
0.38660667675465
0.624705736748446
0.86707215914933
0.922332224098255
0.813324098256319
0.326595161030191
0.464412220793486
0.536929285033289
0.853969803269927
0.271713628529784
0.553760967045329
0.535018150209553
0.484622778819146
1.52253431122922
0.416561859749602
0.643837613007754
0.486191055035813
0.881585038962898
1.00341732439979
0.296336168270264
0.421869130231794
1.40102328365385
0.521899220169242
0.605616919718806
0.491626544509672
0.293812706127504
0.675514873639064
0.870956319724895
0.772934520649801
0.614005340369861
0.809743852532127
0.28453402176812
0.814599021266629
0.812284163218715
1.72827029421558
0.977850543570811
0.899957601388817
0.748541016576774
0.86519558189238
0.633074858555568
0.717915144140566
0.668578697255906
1.1378584734706
1.86514578458763
0.912972257975621
1.30678014366549
0.600243235393817
0.527997871598722
0.662013504234517
0.367400266968318
0.478899093648693
0.610164825512273
1.53797332973734
0.809127072968915
0.77560889199874
0.585533391739002
0.525092536279879
0.609713545114694
0.600354508624303
0.464134753519883
0.375274678163611
0.769241173502143
1.34750384869613
0.511302204164189
0.566318377587664
0.67014355593561
1.36298345057974
0.980345391697097
0.816424112869002
0.604087944698596
1.38482339903956
1.21754733558471
0.889083768644658
0.366604064070434
1.16267450541989
2.26929338456935
1.1149559412004
0.764091240953681
0.639975140019212
0.678954471676892
0.697134484862393
0.501946494426397
0.658136203727998
0.303284236509732
0.659276416801054
0.636087630988957
0.395898968050648
0.657026026598734
0.511094374476025
0.952426297217627
0.676493228634519
0.641572103308199
1.6913708947104
0.795103003186817
0.792191788391644
0.624440251487228
1.65552246765612
0.348428342304545
1.31109812487897
0.538565607059662
0.892022563558602
0.585334199332717
1.03748038696529
1.00636856307346
1.74933203662618
0.596610045787858
0.938420344009261
0.983292964192428
1.24688964295431
0.479971768406089
0.933965656744822
0.496452263381917
0.621646882813978
0.63301122904849
0.417507084870837
0.617117370617326
0.933793114124046
0.792898045260133
0.989805323394722
0.620426833886905
0.426780154214615
0.582641576548379
0.671701135928676
0.468003921695662
1.15227453139499
1.36004266324173
1.30564263096228
0.259440802954565
0.787081610361645
1.08771588183781
0.71379533365831
1.68986986265057
0.754212644618512
0.650320162723769
0.718100458194617
1.80377584249374
2.55785440443508
1.03490251875037
1.04842738874171
0.267836740786113
0.673432000257661
0.649995288676768
0.445549740281794
0.564957132273
0.492807795028362
0.929868079440571
0.439204358992553
0.562519616578689
0.466858207230259
0.450229234817162
0.553165801859748
0.905755304816374
0.878038064731765
1.39645695145088
0.694456836582879
0.84584502996588
0.480518173347446
0.580964029387866
0.481796686466168
0.86263207270202
0.88590659083159
2.16585382294982
1.27937610988913
0.596221875707627
0.617111679308508
0.802218280657794
1.22837596924758
0.601043397588783
0.582311404916762
0.416782651528502
0.329678698215907
0.453986480934036
0.549824353491314
0.828370293336818
0.632624311277376
0.695782276131999
0.992050135529977
0.454025863006876
0.857079820677455
0.6321256045455
0.334530354363537
0.622295430177689
0.928975882084561
0.436662983297737
0.752575367405393
0.507121958654103
0.681432320272332
1.09862082926541
1.63742027627469
0.71678366973785
0.413461354114807
0.595098777864507
1.24545188928417
0.733930078270636
0.456391731923173
0.96312218000613
0.800854630346897
1.71141963795189
0.83301449877181
1.07325150306741
0.281769899551393
1.04604200329224
0.759927039940009
0.68417947977232
0.489186341324045
0.765281999199082
0.784701034033921
0.812873904306893
0.620579697285417
0.444961914607008
0.457850109132858
0.767524387733066
0.574591538934841
0.521687840211575
0.522026588219849
0.5727988848346
0.408851022251404
0.411194584434017
1.27738706777205
0.546247125165354
0.776013686162961
0.717442590210297
0.349327485632618
0.773484946985031
0.545587796766614
0.537164805112758
0.583053621551095
0.450111997056645
1.50395408621587
0.725119639103664
1.461456616942
0.858734864109046
0.797628825193485
0.853974799614672
0.509207559378981
0.639181535277025
0.623765763987347
0.384693093242408
0.419127010689534
0.893057282224805
1.52677662358281
0.827838276051225
0.784650040967007
0.629591728255551
0.635727845610737
0.964815684945387
0.741982606401262
1.89211431584661
0.69102271928238
0.602162017887986
0.839367680573298
1.20927590120428
1.31518534922261
0.779680824195892
0.801246935393349
0.586092869310696
0.33704535035006
0.546315754415543
0.436101436231913
0.644080881343936
0.680896985849795
0.63477633578657
0.684766193097124
0.661732924640931
0.480795886944632
0.407800088683446
0.522729101039887
0.710308105442958
0.634353515257485
0.490929949994945
0.594361623808515
0.459410677084364
0.9221430352701
1.09881766366981
1.22761329297762
1.46362971048488
0.698764445638725
0.597139312829141
0.816812318402188
0.307134279478268
0.982523173026144
0.619247554092294
0.922544790000631
0.579533467852919
1.03106472697813
1.07402762378745
0.390481082504063
0.895957363258197
1.668241498342
0.336179769505174
0.378965510079204
0.532270129154024
0.374201636297924
0.549281095152905
0.452704352580639
1.19474323697457
0.544544355751445
0.874115695779852
0.474357001627244
0.885633289132598
0.658663801681844
0.603015302985322
0.676437562038925
0.555105389752881
0.464280241037478
0.261984765938592
0.748626094273513
0.937337742691492
0.327804076412631
0.901983085717321
0.475360454098688
0.5228581438668
1.99826208519697
1.0711180713406
0.922260667993136
0.87114536475734
0.455783429446844
0.725787347561487
0.698546179765073
0.488096909924321
0.351489379983177
0.89268412632786
0.863749984936045
0.88419010707899
0.907131320611138
0.347255361437921
1.20511518010512
0.54723011214463
0.587323834908472
0.843807977423114
0.82091396608338
0.418632142641404
0.552523892572386
0.608727850553405
1.03957041123236
0.502472014140098
0.959958871777341
0.497406390574884
0.699924025182454
0.513605048809745
0.79589855391662
0.846074595823157
0.44614626135034
0.811679225606563
1.26160725223055
1.08199293693255
0.676493917897164
1.31388053996919
0.559714422933909
0.900622170273817
1.44694179767597
0.773867961192742
0.493134180745108
0.872614487640453
1.75480767047303
0.985181256320907
0.679456517107119
0.565171310302881
0.778769492133924
0.33148272239714
1.06634682441168
0.71460175513319
0.75211896762354
1.39855413057342
0.370579127295682
0.358102338484785
0.574498128598247
0.393096795476445
0.868424780328795
0.453545349701
1.02403771705241
0.412775737547667
0.588773449932741
0.47148240995315
0.800854044277008
0.729929800965609
1.29258615552782
0.574766064144413
0.642413746136882
0.579893212585118
1.32006034537372
0.655900418002828
1.83829492807361
0.778853050611108
0.972574118043381
0.723444795490925
0.316327770499541
1.14199242659927
0.778161766673732
0.614097518064135
0.599929124617239
0.589385024327921
0.436149626978269
0.50507678499664
0.743488575806315
0.475696915236919
0.611161658896629
0.68927921144214
0.618868722695142
0.91830319285572
0.542813965815734
0.674495661040714
0.678765996139023
0.407253294974545
1.65226805077244
1.27097318282909
0.589369459685223
0.631968957084584
1.03195779355446
0.825052014359031
0.467137585039289
0.458286900167023
0.660997545949317
0.60203331355692
1.74113647053741
1.58205260179101
0.66660522945477
0.78263227658925
0.650808530323467
1.68311721274999
1.56413923173608
1.58032882692793
0.816088866628601
0.740069286896959
0.414798878168558
0.664649339688214
0.621543096239707
0.771931242839127
0.547421980101704
0.441021957633392
1.00346355881329
0.680868001945591
0.496363696863114
0.667506127878048
1.33838900006972
0.523853141626952
0.384940991278299
0.662879606562789
0.93796906525154
0.592857932872234
0.338823407370572
0.359422207982364
0.601457477479159
0.518733909731128
0.890115652322452
0.656115362417948
0.853977616351613
0.50205901747359
0.634160394377628
0.869738927040569
1.48190401838871
0.787545385403938
1.13170610163624
0.570921268560145
0.696432881004943
0.421854422007935
0.855871123136999
0.431016307226405
0.505453965546481
0.55818873798452
0.676504892875317
0.601610207039847
0.815031805975217
0.718073467642553
1.25974295593016
0.595023468704562
0.855305506746661
0.589041216986294
0.78888339125544
0.952240642963933
0.522952153764033
1.12556500796787
1.21387922284682
1.29870530232022
0.751756760221651
0.96003057348002
0.438521928805036
0.891235293293803
0.621484019791435
0.281521092119375
0.575442709837001
1.08655787839918
0.970003579521704
1.02896709274497
0.894925260156191
0.767918154150164
0.345700142806503
0.487317657740655
1.03868695413133
0.625556485938574
0.73046093459497
0.723885335461086
0.613309751217804
0.745586047153519
1.22127483879923
0.332588510385731
0.44357038107043
1.21523495936186
1.07388390309482
1.6906920630651
0.984130597001357
0.660079172276167
1.14042703622144
0.952569507806708
0.648458900216677
0.602566094027789
0.534729706060102
0.445266275477224
0.518106282149521
1.22594797437225
0.517433176724731
0.671443736695816
0.873322014304478
0.561322492534473
0.788957475038624
1.11577871706374
0.808685912058361
0.36624494319135
0.506324627831179
0.491639531834493
1.17061277947249
0.994284312669539
0.22975443166341
0.486030329078396
0.325583944619846
0.893832993073548
0.627910518523496
0.462728587733883
0.407412316526248
1.73376216535598
0.461134384313425
0.766465869030053
0.314553685093884
0.468273324768781
0.413731286940832
1.35075773553712
0.371359998572081
0.301333897384364
0.77240372668909
0.404671957274515
0.658120473399443
0.432621670321656
0.525976789215003
1.07581490924164
0.712080315543482
0.770845120477637
0.669783410668731
0.409928724179513
0.735809929145356
0.666767393651413
0.594246797151569
0.713575269208845
0.59045027475788
0.416391259156883
0.542028096884622
0.482064496047017
1.1589546140193
0.473719480333528
0.713409824314696
0.783386663622128
0.708687953379501
0.594885308198168
1.0665009852071
0.468727333479164
0.538725346311284
0.781892089679743
0.565331298049083
0.684735000237549
0.320041542109745
0.92375952198075
0.587076227256617
0.616426755278357
0.708883134285839
0.608592817424936
0.738481949719324
0.578753528067817
0.545207819268546
0.67183356712015
0.745132478861487
0.614768904054055
0.653088818800003
1.78099967476417
1.50653212807604
0.537962738105629
0.583641947603569
0.512319192180021
0.631087751192215
0.70932416097159
0.335126442022323
1.29678764377818
1.22106843081897
0.435340722398631
0.587024686364648
1.35669702559956
1.39861140528703
1.4629873362292
0.293206699770775
0.692761646129868
0.784969557883201
1.6669843693393
0.411307064491243
1.23313827614606
0.570777512887694
0.94283522071285
0.50003203389216
0.572452741672729
0.514654298220323
0.419363535164865
0.75364389946721
0.355525482433498
0.496149461032539
0.410004760030924
0.625497760128953
0.26335293198222
0.510729584931106
0.520735128781862
0.769626468898757
0.497295673147592
0.516104253304763
0.609810555266206
0.704057151590189
1.31449186673462
0.452905852140204
0.344073498270236
1.14012671527861
0.554232012095437
0.642347542935487
0.575768581210477
0.338403406184556
0.445438066955608
1.22388073629507
0.373001163169362
0.729025192978181
0.91563345821814
1.19212962044742
0.637087990891589
0.572361435681707
0.740981916823075
0.599734999515635
0.491541435776142
0.649309677880948
0.840002645444188
0.743677194526298
0.92235873191731
0.470047009886803
0.545996454032987
0.350321308227403
0.379406976640532
0.97304654321754
0.463367557739682
0.685067777600667
0.57913809919847
1.7940205564197
0.439786974183102
0.795617720522317
0.420092977124934
0.421707855034447
0.603552366489625
0.829190555237849
0.664908771129944
0.984603568549584
1.06087777972762
0.483881159837684
0.600729628217618
0.577341302774949
0.497725781572685
0.885596930726575
0.518549481456086
0.482405758644897
0.55780609636739
0.523643368540726
1.75680999845436
0.263235600629364
0.806836720445789
1.09694948688016
0.45152550117672
0.593357854553737
0.638270369184456
0.608867750224209
0.578833570158505
0.702087805878643
0.313467114030861
0.59288912591887
0.647650860231256
0.762820297282818
1.9664227090137
0.744653334299368
0.276890349641522
0.660532177639177
0.973984613606692
1.67704110803588
0.704232295651445
0.461680784831442
0.707355556834282
0.521133135528397
0.580811204553839
3.02093347501452
1.06415506764881
0.628954457781021
0.701697217349426
0.413534998496586
0.636775959481209
1.43823914339805
0.572147614235612
1.30151330697395
0.854229991735476
0.51446710419433
0.678565262575691
0.524668497443694
0.488144633459669
0.453683859013177
0.632766604686553
0.939918336314429
0.943174124668468
1.32423023384213
0.837637477071471
0.667365485936209
1.31871298811722
1.35170951454098
0.680391266836524
0.638053755684191
1.62936067466693
0.630941296050019
0.555466328077152
0.592995366490501
1.31441458909538
0.583647075825332
1.10986027432685
0.343435519993485
0.953409521953651
1.04372359489133
0.328224902465085
0.650856685795377
0.682968411975595
0.890626079844126
0.407054584410264
0.921913780682131
1.02586338076834
0.530962256930575
1.30673848866162
0.3503205309816
0.350904981282151
0.39895311239302
0.650757060966965
0.444076991182337
0.738170672824071
1.03996350481154
0.938510134768542
0.379736078574126
0.512420363292034
1.06358304256642
1.04502364196624
0.46642928148592
0.775316062834407
0.739742296158094
0.929488313065876
0.735714955601656
1.13368849366653
0.45704044018184
0.836755575599808
0.468477217359615
1.48825467174649
0.581585336001122
0.622653479103739
0.978165956949531
0.608073450171763
0.608354761268489
0.888049929985905
0.562558811900546
0.272160214950364
0.491940685905533
1.55491535673706
0.986134765137183
0.306745136358834
0.658459214594561
0.704025064437566
0.709668553818269
0.317782701063818
0.773794218023894
0.600163604698858
0.65499614606186
0.552164815392771
0.377096664191089
0.745954746164628
0.699419031969321
0.537770541934499
1.12359535653754
0.294500462985649
0.467866402002816
0.318983797339844
1.12598646612891
1.34764000846807
0.433326393575745
0.423327266994739
0.916442361598038
0.295855415949116
0.782821301499583
0.645194434070117
0.756959167852663
0.594630061923238
0.824672874208617
0.59920375825334
0.579762771814789
0.450137162056044
0.926706941739786
0.457176306417557
1.0776939602625
1.28237238794256
0.591722265411317
0.831588139793986
0.434336259560735
0.612222804504492
0.442953387456189
0.658896951145399
0.524976780819579
0.580090627316582
0.838397978758247
0.562165581161441
1.37547115293593
0.424669164981699
1.43273063862462
0.821844461309788
1.92959226245236
0.454671580258894
0.326132078809423
0.74865195051617
0.538548818810503
0.480817514224485
0.488663435434726
0.726752791025135
1.27455749008802
0.799050619591096
1.24805533790629
0.411301182207027
0.745755912896385
0.667675449518552
1.33132868942697
2.52626342542599
0.859966329215377
0.766411388482425
0.311868946818037
0.858172802175598
0.7539604505151
0.660731934789477
0.898505046881146
0.801857138046001
0.726247403774946
0.674059465958073
0.64390507138936
1.7622439770231
0.814069956029312
0.928817729393801
0.778392933935397
0.937056066041109
0.300579665758416
1.16030565047052
0.583830160731458
0.623153912015042
0.617573187637284
0.713346273876145
0.947586609420034
0.604277702947253
0.385835406582026
0.662146906476326
1.51362555181835
0.875923993458697
1.13700575795313
1.13454166049584
1.39560817161894
0.474284515943814
0.928437144378293
0.960503252751119
0.371863744257651
0.70883924841467
0.493355217130056
0.497194287593308
0.952381065024841
0.518340598170817
0.959070856653018
0.54854019533967
0.526446072094243
0.383149932275534
0.773790264478911
0.442294155318311
0.400826150388586
0.311664980130621
0.982761135123189
1.23653098329699
0.435744236881182
0.90125060761907
0.42838021930803
0.668917404896667
1.26169612730237
0.478699364367955
1.42290174093078
1.55576425619466
0.785684965944583
0.534106717638597
0.582622117496124
0.612730654620228
0.543059239021914
1.03923013018929
0.35856470653568
1.03737181818051
0.505676979279217
0.661611458580352
0.854317297862002
0.376844664661323
0.469235590708267
0.861625474294912
0.490878784319273
0.717362869107409
0.831548767550575
0.86867400838464
0.530909053156852
0.664074503590979
0.864857074797796
0.35816455142233
0.748562976081006
0.401845969324571
0.602997339204201
0.818712741521011
0.235913136890977
0.644921301858151
0.565465523641749
0.735271452507962
0.540789712885627
0.53403249411135
0.4603084418621
1.18633497725319
0.320598326708867
0.696079667711145
1.27719872511324
0.302431880276692
0.325784146388648
0.966604865816978
0.435394449102149
0.919908834407594
0.996594140513045
1.07161961061652
0.71084401254724
0.64107248077139
0.23077280020766
0.717916015090689
0.609329476313631
0.718552884709047
0.591820262781323
0.882355364002133
0.440523144596155
0.283022655893934
0.419335426820577
0.919180858345673
0.366560548974197
0.283733182496837
0.75592417895413
1.51043558885832
1.29687667437557
0.4760313938615
0.589155074801049
1.00713672810001
0.127872488823249
0.77124849681963
0.79806693453892
1.15828353711561
0.412921743953937
0.533761400852972
1.38818409287908
0.643574645052637
0.699545295398586
0.669768037189139
0.691678026378885
0.403655083761125
0.534145385295787
0.533871276057274
0.291943935702388
0.823239993726371
0.640491528420912
0.860772440338884
0.705540404707692
0.833703080156747
0.56483864769829
0.368831750449318
1.22553316478651
0.517806595801543
0.447253112042651
0.841498957879438
1.02882525490393
0.955041910015444
0.967393857383118
1.55763935508023
0.518186957906301
0.426179055956995
0.739858906525596
0.435455274808554
1.1143074936712
1.6948360836592
0.997748365754033
0.466031915480471
0.899728834619375
0.755842924727686
0.626862687412636
0.286646527462128
0.678509993598794
0.403361292115207
1.37558055556292
0.489102668881139
0.612475543917008
0.666622179896377
0.531211285487679
0.605153713331892
0.803352742340545
0.883102270574698
0.6317608235157
0.842138600434301
0.950792927590222
1.48905367255286
0.741510675257055
0.556590954875501
0.391987642386395
0.696007628198555
0.502808220265828
0.754697273811242
0.706546708456773
0.259909259532805
0.704265149984078
1.41998561743539
0.587430738079862
1.24732695249942
0.63468033337473
1.6769823812923
0.248178950646621
0.455025106055774
0.793366377284088
0.509765656613032
0.2926547379497
0.618351397801128
0.902876897452044
0.651419742950056
0.896804013645237
0.713471136497237
0.389790586269787
0.558824383439408
0.442219512017587
0.431059174795323
0.434301140305718
0.961960485683206
0.333732508617727
0.519256463243409
0.827410108189063
0.488905603649869
0.355608266488046
0.482031498907314
0.496409694131033
1.77209877023131
1.38193359152311
0.621826556497163
1.60790830511319
0.856211633818862
0.707755909050603
0.388787645484765
0.672307266773006
0.855684515960744
0.807393806166613
0.951564529814026
0.709596551098506
0.459395222857582
0.467143932074981
0.726169817217675
0.766444472924478
0.586060189423222
0.469279191689052
1.32103737925479
0.890543075552306
0.74535052828926
1.02535813091878
0.514270831894731
1.26819712240286
0.654051263466254
0.650047888599902
0.536489203824226
0.68485464240413
0.51338056899222
0.74429229130726
0.845374674439291
1.01583008639822
0.260887012877219
1.12307799995143
0.61016480544745
1.02892564429282
1.03263235265823
0.713542743441882
0.671501765601144
1.12342780879952
1.24490211877523
1.59424692071754
1.14399588386526
1.06834555167352
1.43095733397835
0.661299643143552
0.31376184571321
0.625278390799801
1.04051802189767
0.409554406517561
0.412470924698615
0.757756830804498
1.17209900490147
1.53243555360537
0.463040240840975
0.439839000366713
1.75737150388863
0.699793301302412
0.4237479320212
0.692498495180172
0.634150979870819
0.301104750091284
0.448617046737391
1.16349452507532
1.17538607927753
0.451066013549757
0.888880240602634
0.678024831004097
1.25783481526611
0.762971399979499
0.65090713049607
1.19435085539566
0.667149538314161
0.615475836233816
0.922118679466151
0.714658206487172
0.848103669202763
1.30197619240881
0.985084014218104
0.666399868861707
0.556866147228923
0.782340679624878
0.889400952709626
0.783800951041089
0.365125590329082
0.425227497426113
0.543102073195277
0.835277351334667
1.49794215712035
0.540822855709296
0.645440039105031
0.857216085680817
0.623632644156328
1.26517166932076
0.763145461375673
1.02356862737271
0.95764266311178
0.676932664646598
0.862840670042533
0.724420642209729
0.455282349314348
0.978654504607896
1.76804088804613
0.60010609955826
0.506837488873849
0.444532027218176
0.641721791469209
0.472146890069785
0.347912554118745
0.437846325920219
0.503295903272697
1.08123874117026
1.05952410666026
0.89508054225864
0.529984395956749
0.691927277711786
0.600395695679782
0.44377578579657
0.980771858328496
0.662886126408947
0.587703625668536
0.430901543012455
0.603482274750604
0.547999733160522
0.889572307047986
1.80362126695911
0.835808316105872
0.646094765613554
0.470511745308792
0.465527234489475
0.759116659449158
0.313627382992494
0.248711242727788
0.529268513299447
0.411814220172247
0.718312141107553
0.323344478378443
0.327359509079964
1.79755995146751
1.65287336594468
0.544560431343585
0.269406416948411
0.38277177277751
1.0531002966765
0.266302449990611
0.484116821690845
0.464314775698989
0.42135013673817
0.413888072576039
0.668919469352131
0.753863194198066
1.86050435116875
1.74703824286477
0.438201810504181
0.759338114333398
0.391271343151754
0.456595900190448
1.10667429481999
0.72906545219109
0.529089659832831
0.711088693354412
0.754750518122832
0.478659030440049
0.931578027277739
0.621193197340821
0.629745632876099
0.513563737415661
0.472385793339393
0.685189805993737
1.30409547151566
0.78390500356249
1.22600302496346
0.893373336729061
0.568752206356495
0.54940158246777
0.640229054039247
0.826223133694433
0.438038297890949
0.458601750974371
0.587926537710883
0.664309772709927
0.403793551912581
0.88846222554374
0.525384067159063
0.325562152513566
0.854269380216303
0.52101546620131
0.947018897990083
0.378388396434035
0.866246723157311
0.650371205439582
0.816765569912103
1.62680346139136
0.554040100460723
0.754131964888339
0.577535681985476
0.596482178622623
0.832179842659396
0.742510825403817
0.594284871282613
0.626287317053945
0.456523949729075
0.80047268220955
0.978418868085434
0.49068988391778
0.369849176048858
0.646171132337678
1.7120166571443
0.264032765976335
0.655251361478716
0.434653206396265
0.856319536514441
0.944341535221413
0.413669598970319
0.615282352676324
0.893148187420215
0.952031402336345
0.557724097509092
0.647648698527674
0.844560851185461
0.617623261170004
0.662997842051552
0.436454655597171
0.540722896291129
1.01555401063181
0.803585337340682
0.971131741551083
0.576973189841835
1.38411478412284
1.08491013103479
0.674714712350916
0.657774679119388
0.504735494069061
2.90215935100443
1.5609802464458
0.828596279796962
1.02735832295848
0.521863082188305
0.842827865705149
0.275284837029647
0.751020601247376
0.394877801815572
0.672356889128245
0.909824535788802
0.788304368836203
0.845250577844148
0.538247157847232
0.533796353374555
0.572764484736401
0.843799324427754
0.408076268597245
0.466729666341329
0.944129501484365
0.966240290657616
0.422238081398124
0.658007068824867
0.304398520460633
0.553813563125777
0.695117012059565
0.51761845224425
0.891636374583115
0.856131202391237
0.567683538054728
1.15277646770647
0.83993279514385
2.21657036086233
1.27896341878062
0.814216856203676
1.50205672049138
0.768775535409786
0.378244729607043
0.506649756080751
0.595594739972597
0.714130090073946
0.776130402519834
0.59238642515969
0.348858968109546
1.23409431561651
1.02770507291262
1.25520130170711
2.13758440116496
2.31235381109694
1.78300789197808
1.36585848906479
0.794200724716943
1.08113477179817
1.19265317934877
1.30525120338362
1.03810262130387
0.580886246088533
0.60493617786382
0.493171616120258
0.971846578601483
0.945074530650123
1.26602948815628
0.513260005039596
0.654655324364249
1.26348119697456
0.862215588337548
0.909310025601146
2.25725454435896
0.582486913491769
0.80543843651932
0.849791161827967
0.588279925433936
0.815233369981519
1.00933729838938
1.17888262265854
1.11081925548109
0.443428750208948
0.911834564476506
0.593051496757153
0.767029096117254
1.22200782281626
0.805605482697096
1.21407234855159
1.02012496944515
0.318064562665376
0.470283029321549
1.41473918812099
0.578320991916901
0.727469677012371
1.89791160623422
0.453013105482334
0.850569828631641
0.514751917248774
0.596430604683854
0.535347082284242
0.437354755806168
0.451566443779427
0.707934530216551
0.384106329616777
0.605903737332812
0.832842045064793
0.960492052954301
0.817972201774182
0.461059077399664
0.517747428470945
0.265501526884614
0.592703904050206
0.564079952287391
0.428922891827709
0.687991316407179
0.575931582879821
0.318889054780583
0.509139429241739
0.604543063541051
1.48734128482305
0.888551998591537
2.61987375297754
1.2949551945848
0.943987196341873
1.1184296696508
1.02467324818721
0.31807465112714
0.380385333009198
1.14174084626532
0.68112511466353
0.716731758472541
0.683717884003965
0.483694832493891
1.01319156090525
1.46921022514142
1.22911152319916
0.681301658173114
0.731006743485697
0.470270383136074
0.615129364079156
0.600796143172422
0.603043605399145
0.396342320428984
0.804095709761734
0.307693838065902
0.500633675411927
0.632191467641634
1.07053551936006
0.92089733795025
0.367567580174721
1.39373998893416
0.78329843497124
0.362945512518019
0.500239834375836
0.295481308256834
1.10574797820706
1.19516324319171
1.16404461519131
0.201187622572682
1.79519551646443
0.774532029163589
0.513098578426995
0.528473423635428
0.406481722582002
0.410552301268637
0.621745467946299
0.142429169702005
0.410006601002587
0.616643368082605
1.16893276242686
0.795367933506351
0.734186331596299
2.60701768506885
1.07685752252954
1.05589164446335
0.486918576593731
0.308360921736426
0.320848692039962
0.578274546359611
0.625879836569694
0.930858841941293
0.726129359129122
3.34170211632273
0.658148176387819
0.489307007990667
0.426824091641064
0.597003189147636
0.93125840824561
0.546194559520893
1.14740168152751
0.403483119720639
0.712054288050473
0.705426481949829
0.608340450662305
0.721267666477866
0.450639835133448
0.27097225352388
0.338090605398243
1.11644245966801
0.167710050190684
1.2536057436458
1.00320195522526
0.27828655248656
0.420899459943459
0.655580119652011
0.641284665260702
0.872921774093265
0.505074515454753
0.349598154165006
0.630356257103703
0.639938160112008
0.855078315759531
0.532034347831588
0.26502792483222
0.416142939679112
0.815830591571659
0.664892639367479
0.890915948901747
0.839987537175655
0.736985232663556
0.507443260036853
0.931896529512619
1.66247185709702
1.24881041794873
0.501149664774142
0.837105824456418
0.465532208191169
0.79307409014155
0.415100922500929
0.529359254558644
0.732528990919347
0.314597497044477
0.670913252036075
0.850389896987337
0.343905854494973
0.658872064692819
0.416254320550571
0.536530927933341
0.672911124289111
0.657319561700889
0.492831016821384
0.635184233508315
0.444457244791916
0.815478121292607
0.719506632157745
0.367207050139984
0.728883869082098
0.931369133348574
0.966890726381845
0.316379799313897
1.49938062128704
0.6229318167458
0.73170132823814
0.58171342867586
0.889658020811457
0.536060495974913
0.728277557680949
0.92175862936786
0.923678987297832
0.952040389465014
0.854218578469402
0.430708742357278
0.868087774657826
0.544348526851421
0.757580172045091
0.601098714456535
0.774859550340842
0.758242968481053
0.788569419131635
0.620397902927087
0.513366604781247
0.990701957963668
1.1856481673202
0.691141002804971
0.964547147177383
0.807782448920334
0.317080143508481
0.419533680462262
0.815280949199811
0.177319046964275
0.486136413400938
1.48512870396056
0.741229900016832
1.7668279658869
0.870037217859394
0.710725150602499
0.561898585994946
0.468560413924657
0.67972480532996
0.657743800385518
0.461938537523759
0.793169223081287
0.464528683437378
0.964757517197696
0.735813644619613
0.191186242770611
1.02877557770376
0.8489637655163
0.491267153522648
0.649514007582824
0.393227637549571
1.03033148202056
0.394306091149126
0.408879297410468
0.542327744392511
0.585199274933797
0.387854883719665
0.76374720997152
0.417470816846666
0.939992151108423
1.10732606045403
0.84371723844968
0.99094644623193
0.366828156417525
1.02519315301768
0.354579855588646
0.503914732386863
0.737018760555941
0.806445930344795
0.789059210682716
1.09342145458187
0.684901811535199
0.860830120455286
0.803078049054396
1.33927678792934
1.12642114880329
0.556301429271738
0.729953715905698
0.770146857693637
0.584435097824242
0.396433824726966
0.67190633157863
0.679459330261711
0.60828211689476
0.32538902875687
0.579486251135632
0.745928739304963
0.540087137589624
0.867128333915978
0.466406920032564
0.886480485541951
0.392784025138214
0.643906714421513
0.428205563890177
1.1977851936874
0.914782438126453
0.43837760259878
0.546206529084694
0.440697573895297
0.446755183202045
0.9018574470937
0.458021616213091
1.09622942692509
1.40247614875658
0.624700055662618
0.300879135684381
0.869042364086142
1.32733403523796
1.07646672366908
1.13262235745355
0.769237067711849
0.724674058416801
0.919945203950244
0.443863796664558
1.08977734990826
0.361402173680619
0.354690822334916
1.37393881774584
0.788186254674936
0.554141582863432
0.368163839799418
0.333581745053962
0.725698962286482
0.681809858616567
1.0865761447543
0.527543106528419
1.14574413301489
1.65262107030365
0.725273497700153
0.459917195283644
1.16245635694696
0.916325489999065
0.73837123396637
0.400551987719396
0.24292779029409
0.701573180112518
1.96998750330741
0.845066724832865
1.60292093782664
0.745633273684027
1.18244349225182
0.971113362968417
1.01477522547495
0.868884174392319
1.13923443860457
1.3351292533887
0.904475740523629
0.972545541846724
0.949127283038867
0.469560408721127
0.694311851533308
0.356654565401178
0.70386866708588
0.550309944829559
1.63531281592638
0.864441515278189
2.78305584773023
0.393115822603496
0.767416471109872
0.60428110603944
0.622135089797888
1.27362225918514
1.34093178207641
1.12537633680412
0.448845221188962
0.327800128898742
0.645218129004764
0.788553196359946
0.500724399716739
1.07794114421362
0.618684997141453
0.48779971327664
0.884296585081247
0.679385410773126
0.787381454682282
0.423557015066081
0.469270013031751
1.09448872894019
1.05543079742327
0.709844248049574
0.383001503657196
0.600594909734849
1.06306383006473
0.553860195426673
0.535098157429529
0.696505031779974
1.18722539546431
0.661104319040671
1.19734608404507
0.781256348149304
0.687361222915051
0.432387364177506
1.12572843290369
0.882112321666595
0.915031714214063
0.737140384518995
0.60907462597385
0.849832851491699
0.812834804393572
1.08768201508593
0.690320912551576
0.666620526438717
0.870646533553285
0.442659498803882
1.17461919565195
0.297760489801599
0.716689242494775
0.790594087682263
0.519206357224887
0.741003045214349
1.35451242195144
0.400523580638446
1.03615567145526
0.76893401180011
0.794524491031382
0.291203342172967
1.29866786557335
0.494672182352608
0.318364796890766
0.246476647103423
0.520681073950816
0.730698400044905
1.32767686830498
0.982532309284969
1.28931304208282
1.19193784061481
0.87963805219645
1.16017872501483
0.226817841517516
0.64098525601829
0.800354726836598
1.0770316508645
1.04730056508337
0.899331194734506
0.211491262521668
0.44892739480479
0.651385564913532
0.589240971084151
0.595955257819652
1.1766880710084
0.94390606229625
0.507852746968165
0.992333344487014
1.26655934086584
1.01820303299404
0.584754489905897
0.785090377208746
0.673670196114096
0.56803325281305
0.720158217100814
0.84088239002779
0.568958745119735
0.603518795124988
0.961356652236863
0.593374806533679
0.871798726232462
0.878472166505282
1.41290301904587
0.771259349750961
0.905752164796773
1.19933360699626
0.724724836261022
0.79627093096708
0.406513361775854
0.482865993591227
0.731566472742837
0.447333999113791
0.56824080380521
0.569606836662514
0.825872480199803
0.873165033533552
0.692418259179218
0.445132078418096
0.746817386476953
0.491166748899324
0.781781484019361
0.728902020760992
0.549023708819305
1.123929826888
0.388351377080136
0.580842024682265
0.780706926399206
0.603169724626279
0.601381820236948
0.934032002385056
0.326577089661769
0.62589236988037
0.632332705526236
1.10499386139967
0.723488219613374
0.788636162302131
0.694341290023929
0.759590472484321
0.532912986907444
0.367012726755061
0.552378521532048
0.835507467124575
0.624359157617221
0.887363950517761
0.655136686846795
0.845048166956773
0.480096917381292
0.63966846264237
0.75365718436261
0.932011367686875
1.03134946668237
1.0802778728774
0.796793705922451
0.756614761387945
0.536045925160672
0.667353485725156
0.58217735703629
0.337499984840523
0.665738769023162
0.831870295625062
1.16693379390221
0.934419518950773
0.903423773522552
0.709470965668727
0.882261950075245
0.449283864810442
0.638190920890278
0.355344942844646
0.729280558283759
0.433301877232
0.361180012552503
0.552189619164017
0.768352627804022
0.910596302242948
0.58892132369423
0.342651100509832
0.993015300127264
0.920209552668127
0.865096873614737
0.910982734029148
0.731465531549384
0.525367964599049
0.997052590886072
0.777235200393212
0.55581325646394
0.309689619885357
0.790834930754426
0.301646627198748
0.365547974250138
0.66070585375752
1.14284142129021
1.94633533324013
1.16205217461724
0.599655054794553
0.560554280572296
0.281280865738565
0.659198155198763
1.09512364301892
0.676138085613732
1.06342722120439
0.593754042609122
0.462383342929562
0.932749550903128
0.611747416344774
0.402208837525981
0.713191372847314
0.381019053456426
0.748297307547571
0.685620118246931
0.956427014996806
0.519832215813557
0.330035320639389
0.918482158032074
1.11433994359959
0.697513003562343
0.864205268816817
0.849324721271587
0.943023357942572
0.444001666718696
0.958392288282584
1.21409545360618
1.01554802918876
0.751519241413657
1.04934477087586
1.82224072975426
0.691547845172481
0.396024126386769
1.13513065649448
1.34048271128528
1.07464697632427
0.807888950211054
0.476141284696899
0.593897462582055
0.574682708549053
0.821568790434985
0.795329101448909
0.868727353653052
1.24090071534916
0.470215409564216
0.46454103416683
0.795304776537184
1.05056018361754
1.46816378062639
0.740126387836523
0.652871511140013
0.497266716037589
0.69027786352977
0.603774210153272
1.52766055196464
0.527616098408574
0.679974307560951
0.584516124268467
0.638861199080552
0.975784603473632
1.04935074417779
0.407262472152707
0.897965875447352
0.596231317107022
2.43556094959485
0.776344540174134
0.805962111342884
0.567696506237938
0.612618215180952
1.43305457486129
0.79811305573359
0.980607553954348
0.316420755356915
0.607920990223047
0.293949690798757
0.612025978589219
0.505053702430037
0.785626424878395
0.817447842462627
0.402751341574683
0.852913548399699
0.454963079685329
1.03000580627526
1.60412189197634
1.24249931104551
0.574594064631936
0.407007692106241
0.338042273409012
0.992867314567294
0.199031268142241
0.53638674479425
0.696473052934796
0.982130339925799
1.54301543839308
0.779280808160418
2.01072239613759
0.389801884554656
0.917263820349044
0.969927677341492
0.696972289363304
0.261864722252656
1.33074461197744
0.660649869719162
0.443397912677766
0.347465545115605
0.463086414989875
0.557921270909532
0.798318473036194
1.06735823683526
0.741135368105703
0.502741274397572
0.650357868718021
0.54375467141918
0.716827186880108
0.739804509081979
0.520901013117148
1.8018638725652
0.636322971419923
0.649271220690939
1.35026636278759
0.616936837553901
0.683972365842638
0.615726741205103
0.686311429202579
0.640277260706409
1.03392991764875
0.977771098535886
0.854829857182675
0.569019549133207
0.987872016949405
0.747682341988711
1.29080862620869
1.45568825506581
1.3200440205236
1.23280195780668
0.628428863945873
0.855952592391055
1.11531695335563
0.413200807660098
0.568293262054665
1.19175128488731
0.644576633169899
0.20516631222897
1.18156232341081
1.46936107089146
0.685613523827087
0.58623241404875
0.48777260049663
0.449541449298253
0.424801527803003
1.11152534080951
1.72722212757269
0.971359148515465
0.996177608515241
0.411314570554692
2.02148497991134
0.770499892541064
0.589839853213364
0.554582949402081
0.729948016782528
1.34799239143528
0.374040896322698
0.3637996185608
1.0238312017413
0.407097261477249
0.543918156763998
0.881842360221848
0.623395612677908
0.867571005500121
1.21815816265425
0.967744690274897
0.514753957052229
0.88963795669162
1.04524415638831
0.949899888104454
0.459008453534543
0.61317187356813
0.355688784105566
0.519989587118128
1.29435384745498
0.808371413789181
0.786230429655821
0.556491448334976
0.822269922978718
0.316825536480831
0.508086134175374
0.863106313806738
0.5076950956512
0.803150557903967
0.353458281361876
0.994436542796005
0.566195242119761
1.01033570904872
1.13779273919332
0.456433292554095
0.882115012195504
0.594550426233471
0.936849837285355
0.381075705701554
0.747242335370335
0.441726946325532
0.501515152075891
0.697511730135873
0.672202443187179
0.580334123511079
0.585167713961437
1.1162428138821
0.742121219901919
0.381025049238637
1.178427166406
0.785802212827492
0.665285693168475
0.527045185445229
1.27356627893645
0.62540604911481
0.969286971239528
0.942705291967606
0.282014493210711
0.851946216356827
0.874358497672002
0.437261932550183
0.850359950025887
0.289150675247285
0.706026117370051
0.275958052344688
1.50221516576344
0.749516146356563
1.05555494634613
0.850907994794356
0.482911067476951
0.527133492279641
0.151922903023065
1.09588242273459
0.758270788918463
0.62583982314659
0.894941162758505
0.743363340068615
0.727921726924138
0.480002380638296
0.637066796330386
0.744314587687248
0.932524356705414
0.58846356837715
0.773567555714683
0.611718395189292
0.521328721756145
0.593785087046505
0.416534428150607
0.467018417579478
0.41537035340633
1.52601713634291
0.46731108675226
0.873665254731955
0.846957039077489
0.548766261853562
0.870400276532073
0.569845629833031
0.324392622740362
0.642191442230284
1.44425534444969
0.354604712586358
0.743310934300748
0.643724480817163
0.558856475547732
0.962584296607634
0.515721233354518
0.727339397200835
0.586438958231615
0.685397837130419
0.784127349700833
0.377212485196711
0.7162340711319
0.509242907647948
0.41227820663686
0.627446183483447
0.391432892263353
0.667629698715607
0.428216084846424
0.744380893590133
0.720668935435149
1.13870236924185
0.573752858963506
0.669312695856786
0.667618492934763
0.401847636869855
0.7693541729679
0.407258962484421
0.937496558526648
1.3854292866148
0.94726627702539
0.374374799552715
1.3035684453837
0.533398181317582
0.379721010828866
0.982879575352383
0.570773216516475
2.05771328834293
0.588848641164118
0.454071645907169
0.685856762778501
0.514441424874703
0.28043490263518
0.477322173791965
1.2501235226225
1.24760246088705
0.870518462840529
0.873748516950431
0.54979516397993
0.526594674301768
0.810822259747882
0.657268081389051
1.03852331601626
0.765908078842063
0.452064862563137
0.348305128161106
0.602264794837353
0.619138786324087
0.93627169927382
0.904197734381393
1.00580341951417
0.84602856295654
1.21572647515657
0.608639619203402
1.07077160497311
0.848081090232821
0.835988514034724
0.673723142354354
0.560294905979098
0.542433276389693
1.69395161203212
0.411697762120623
0.623359127410332
0.463633373504288
0.867184706079298
0.475251945165925
0.716227414429626
0.550297946420705
1.13480610602046
1.16657694155825
1.17372946696758
0.347378857151922
0.95779963128697
0.336943689586407
1.54883821612013
0.228492472392828
0.768152639976131
0.932559746532134
2.4339670495763
0.642216269847962
0.540648175855408
0.802087784888896
0.573982526360524
0.382445669738208
0.323072939602452
0.660927148311984
0.885287372777377
1.85653228324522
0.973281698027855
0.744299881568355
0.700482689650955
0.920777048204361
0.738933312363396
0.737595284824402
0.3092523453063
0.463223995585362
0.781571788453569
0.879060880592124
0.202218782007249
0.786298232006492
1.03581314512841
0.484079142039002
0.538642952008067
0.79075612014473
2.37437347295029
1.02674340508931
0.350148804494046
0.325616117088361
1.13343860385368
0.731162670473244
0.547350993365322
0.502599541575849
0.864262978532415
0.678629918199216
1.19470973701155
0.822829932324742
0.53495956503769
0.590013490919358
0.619705961443014
0.424217938236959
0.834816185386988
0.856091840508804
0.723809747542135
0.695812847443184
