52.8822539041655
54.4732891340592
46.459933008118
59.0533460540108
53.512385181142
55.8661963181938
47.5172100454399
47.4563802199864
53.733657923696
49.2027290359559
47.1287775720712
50.674921894963
49.1665389335389
48.3802751968962
53.6346656690866
48.8507333054757
52.6659188166582
51.1942132421249
54.2268901515751
50.5177262779861
56.8339368623639
49.4282419904778
44.4094889219882
51.4972830306358
50.5801339611087
60.9464662226757
52.5012295903297
55.4693252864532
53.1575051757347
52.0919218911422
47.3258373004311
46.6002648091402
49.3128802011136
53.5646905605224
43.8548143430633
50.7829029039505
47.9896493208989
50.4737873476831
47.8721378844341
48.872463877119
51.9030912921735
46.2065813122315
43.7317980433818
58.1118697558111
49.4000351854329
44.6389607825598
52.8932776510976
52.018539864496
51.1330775354365
45.6097292523597
54.7466490578509
50.4198416721929
52.5017018691687
52.7937779040758
48.8743439071381
53.4798347030573
53.4222550785672
54.2897072901971
52.60686919786
57.7328641964799
49.2775180639085
52.5078065593568
47.9384971048519
50.6251242385183
51.4967850423109
52.4220488343376
42.7538300625321
49.7522811696023
49.181077477274
52.8408185317708
51.1808005787019
42.8266075246842
52.7688103522364
52.6686985978433
54.1857951074408
50.0756549776945
49.9934861218872
55.5616148953361
55.7373624799315
52.7412037323861
48.5198981463808
51.2341134010976
51.6269010525111
48.355045888962
51.312845703472
48.9801299641155
50.232976024871
46.6094555307952
46.4369445877004
51.2066934426835
52.0230786072203
50.3524232795475
50.8890716180143
52.4276043379226
46.8546322087752
52.8017556892369
50.1485161179473
50.3676318309962
48.9043244138776
51.8580247329226
55.4657987894662
51.7815536010854
56.7491318384683
46.5129721234279
51.4701237315954
51.2807039814243
51.9101689015555
49.595530395203
51.1166478052911
50.6843931969875
58.3093990266223
51.0439786220694
53.12361101906
46.7466213354564
46.5386056947999
59.9670952513509
57.5940404031271
53.1560772833635
47.9997977654758
49.5495229145122
50.304537019523
52.5952021954141
47.8877442228685
49.9647146814161
52.5532026866074
53.4314931559903
52.2775064133079
54.4608928410225
45.8020212543494
52.8223172485081
46.0998559778009
45.5614245140458
48.8075889336212
45.578822541708
45.2899423715397
44.1244467221893
53.8738807536478
47.2868620200472
56.9410056345135
47.9552878404858
62.9653093783124
56.1253968146218
50.6907216413259
54.9708973288077
47.9365186892783
56.6163820410641
49.1791220272454
52.2925576515103
51.6593959080047
51.4771329540017
51.8857034836479
43.772637224849
48.7373270226398
47.1751443008375
54.368471448712
51.4181389113807
51.4161296905643
50.644678402924
48.5658592031024
51.2311232222273
49.8715011599752
53.2033971088303
50.2888784594183
51.2565210934691
51.2664390832783
49.2249160247352
53.5079454647015
50.4906823366137
55.2709571256231
48.1793621465416
53.3313276729072
51.7922597412452
51.3527349024606
47.8190645354183
45.6437111690085
47.5865795930113
50.1616739260835
46.4941739431538
48.6682807727109
50.3261590196756
48.2066936469236
60.2114325498124
54.9981898144453
52.1939579030494
51.8514408459758
53.7122828465305
60.9900740973621
47.0182719540793
56.7914327483483
45.9589128710185
50.8812963735276
54.2068763910267
56.5762899238399
45.5436749526652
50.7642665696079
50.4676856460904
53.5424762845716
57.943583529927
55.1235017535054
48.9938413561334
55.6499123974815
51.840528281639
48.2503196141698
57.3206255362648
44.7068786008482
46.1474863208941
51.0006108005735
54.2148830016558
48.8150980276109
54.2034808876452
45.9516208257873
45.9645328564496
48.2817615794178
50.4592578507521
53.7517388457077
46.0165849873089
58.8049043045679
50.2728171425021
45.0464482945727
53.9537321837104
43.3051874272029
54.0135350595031
46.9192848032369
51.7319676805043
54.4200987485976
49.7224000697973
50.358380161962
49.9336858690173
45.2547001520944
50.5758728692458
52.7096512145085
48.2728623640505
45.1281377167931
43.6056819314846
48.8654714460956
50.4075703360834
52.5831881686775
55.2248648138444
53.1650709288823
52.5058581861093
47.747942220523
50.6299429460723
44.4971038183854
44.8712155335539
46.3105451999399
52.2587950384347
48.2914112813468
57.5794109202235
50.9579534552771
46.0007868617043
46.6785222083218
46.0804987129568
53.6882467315537
46.1285624501015
46.6914164156243
52.6412174933406
52.2407972356674
52.7041802756688
54.3068593013685
50.8251604207158
51.7660632343952
48.4485392100884
46.9221256437279
54.9090803543741
50.0894382215813
44.6361708760606
45.6652115386219
46.0967737456007
60.1574312759519
45.9007620016366
45.4612327366252
48.9472628266691
51.4813380616217
54.3250793129456
46.2377725434324
46.9003309121284
52.0649374921296
46.9073896021151
50.3119560281326
47.3846550922841
51.6397186550735
50.0020527711776
42.9729053474238
46.3769784941153
49.3410208410324
46.417406050449
45.8355117281204
53.9118013596484
55.682973368389
48.5814441136851
46.2279467623914
46.5311891307799
45.1891342619747
49.7546546269596
45.9688462987096
47.2275718941051
52.1527564053821
48.3004423769616
52.2292550473628
53.4808023203235
52.7382495722763
59.0733313125131
53.8775868423887
52.3152123987849
48.3797348763301
55.2064660702489
47.7691249773983
49.7732002720304
56.5861042108841
47.2657085621801
52.3651749825843
53.7658382051902
51.746430904513
53.4016738511256
50.8963705031624
43.2625882028667
46.1798166180474
44.5334714484971
47.7991534618691
53.1331719699001
50.8898011966911
47.792481276852
45.5684371378659
49.3613197906338
52.0148371362074
43.8404001563412
50.5512830393245
52.1537544589241
51.4038070285241
54.2277127232322
52.300265114424
45.4888780199816
47.955869436424
46.837389799915
51.9976890328817
62.8583107487438
46.2336098855379
47.7635070420088
58.5144013656549
50.5602458107203
55.6865080292387
55.2371309027038
48.0226881174788
46.741045909098
50.5332766643049
49.2373566271682
46.3010992201636
52.8480753896987
47.1785755130547
51.5630548300762
53.5549319206994
56.1371235717562
50.97001561309
49.6315290757918
54.1559455122928
44.4641998986034
48.1525515117969
54.1489954173834
51.3873547570719
53.0578399238125
46.8994664111928
53.9306583968274
48.9520205897845
52.6345930425882
47.033329870262
53.8944669202808
62.3122753369452
53.7357677332455
50.2637454144681
56.9853518331678
49.3099204504702
53.5538782641579
45.5150389195334
54.1379662960844
53.5065040773666
55.6081969022189
51.6233112939166
50.6569480067534
48.0756009270885
51.0257055164657
52.7293689996506
47.2065247933924
53.9081865810684
45.5461505731231
44.4640286115383
53.7455810052773
53.7522302494963
50.0935313600212
53.069413124383
48.2080724710885
51.83290710559
57.337496385718
49.2965943666564
43.432719982909
48.3116748720832
47.4788961778815
53.5068182060774
55.2104141411498
47.8341524216758
58.0521588425822
50.1544039408152
53.7984744858132
50.3443418137769
45.2659046179616
47.8850628046962
49.9471036969596
59.9697305180884
48.5863911416596
53.2003748238402
56.2222244670042
50.5892147140288
52.1187603134797
48.6330925630735
62.8608659585963
53.4137882129424
47.926440963433
47.9950456892386
45.9330871016124
50.7821277464109
49.1604892232895
44.1960200778557
57.9603514344486
47.6531370665269
47.7290498703972
50.7751854852337
57.892451237129
46.2133612760859
48.3572882114912
48.2770074043338
54.1558581731557
54.8666680326543
48.7326260137973
53.6912779487725
52.1061759120363
51.3706759768142
52.1979454679646
48.563006401648
51.4743310472901
46.291094276544
52.0425261323291
51.619188920844
49.6529309407432
50.6271237788092
51.9854359996551
49.3420401028737
50.072633438193
54.2871705348104
51.6551490295261
54.4539619135186
49.5942933621836
52.4484984999444
48.6062365857026
45.1969856030119
52.4615918509012
48.089153918576
49.5111157335354
47.8559995603747
50.4996765520949
52.5837058568393
49.6052164178549
56.2835403184979
54.690375807936
56.5018983788935
50.3922539845036
50.6929808644472
46.8818099613056
45.1646440466373
46.7021297276419
50.0256597963523
63.9146253628243
49.1591408737745
58.5714582663743
51.6007912240773
53.469385255123
45.9902902617471
44.3249171523638
46.7172103170519
55.1816603119287
53.9000554218628
49.8315874973249
51.6326712173311
50.3496092064662
50.355809728304
52.4201692419717
51.5158221162515
52.8057808095634
52.0909675827168
48.7772634835476
50.2683037788125
59.1100363128348
47.6376680856137
51.5214998759867
53.3102721538109
47.3415955294405
49.4914206000861
51.6768116224695
43.9559157485115
48.6602076654183
48.1300031784823
55.281456955183
50.9036672501877
55.8348461051776
52.860763518107
51.4351609985072
58.3147554270662
47.4084555390342
48.5686494041877
51.0246077631215
52.9086730634295
51.7894780840842
52.3297709905664
52.9395175185408
57.5562203656335
52.8156850424792
45.6760723484529
54.1642647826725
46.0009752275548
50.3360578909782
46.9677923195262
45.6293197156927
56.4582751979097
57.5571824267249
48.7112721832507
50.5339261595168
54.8767408057677
53.5425534680392
51.8610594158445
52.1769471331299
50.8007531110183
49.591569374137
50.4163407777041
47.3073366539576
51.8737829413395
51.543277106215
48.6197772960576
49.8312630046117
50.3419070983395
48.4588524126646
54.9919503175705
44.773157991297
47.1736092513984
46.6447844768603
48.5069165118934
48.3845859110049
52.5246241522519
49.6670737902602
49.4427860970475
51.6853448729629
49.4839927467644
49.2972832407199
49.9705908032407
61.7442631549671
46.0038441956072
44.6965250706579
55.6569700703411
47.8468486612593
53.7807208108307
50.0978108657768
51.0186565460042
47.1393430480864
50.0957665056104
55.3628482334786
49.0914023378647
50.3519708338772
50.7953416432849
44.5463779569408
51.7635946303401
50.0319679809927
56.3634516765203
47.7991637778947
54.7477915308154
50.0012008743229
58.1998509831754
53.105226570201
54.4041896544139
61.5879420963807
43.1597281214302
52.1659654816081
50.116288953971
45.8256669875681
49.9262275106961
52.6974762504195
55.5925554377465
49.6202942101252
46.8211901319149
46.0880555852122
55.0865457554181
45.0697755656288
47.2036050459249
44.8703779917021
57.4251056344742
49.7734005256758
49.4298230872376
47.4422642562527
58.2536771902742
46.9039981942767
52.4646915459624
53.9635356081482
51.7943898330862
50.3074883909717
44.4447168198172
56.5214817310861
50.7020466884455
51.1909539234802
47.8486850092788
53.9932008903417
45.1737873585979
52.5063976090222
55.3558160237904
51.9503297618382
46.3211448306997
53.1065143972987
54.92555442959
44.9521270912342
46.4881570880868
54.9212915538538
54.5550733320854
55.3892801658364
48.2671127671966
57.4900497808519
55.1310629581345
48.8299143524944
49.4060501693181
50.0246914061948
47.4547240009367
46.6937010308234
44.7545631916011
54.446888357638
48.0480069733105
44.8468060829676
47.9150622077629
60.5942870296987
50.6087043080719
47.8979497103765
53.489770673532
53.8257315928819
49.9365932877016
47.9925107857457
48.9795568025618
51.7084120412759
48.0875468868208
44.742439025631
44.2261667094353
55.1797122876367
52.3528646484903
52.4552695665166
52.8394839337311
44.8080343171797
50.9904498833175
45.2299184573363
54.5803668596971
47.4958504507394
52.8216100845079
56.2594417827897
45.6977404406542
53.6826670897587
50.9588115952908
57.511151020489
49.3435537605739
48.400471191156
47.1673077871431
55.1093703173884
47.4407517727525
48.1476967633368
55.2483684459767
48.3648736040075
51.0418287021953
54.4005510942507
59.7494256363087
46.6392531368264
45.1155509178338
53.911286028039
61.8269905239804
52.6608814594974
54.585183556982
49.7397467270364
56.3306399731132
50.0082144211281
50.5182567581983
47.8324886128211
51.3423836919462
49.4524622148741
48.1179232889825
52.012555439608
48.2697042421984
54.5165534353523
48.4400550405179
50.1941752990449
53.3651704569534
51.2209450838912
60.0540159869212
52.1735517437638
46.887400698835
53.2427208237364
50.2126355740802
49.4161481882829
55.5294466327637
66.9763153622504
49.9583121260307
49.3266477711435
46.8112073661166
47.692973536341
51.8042848046881
48.9202595227629
51.4134876574048
49.3853852730015
57.8923309595896
52.9186587542618
51.7796846831127
47.037752631608
46.6457487030204
54.3160034583168
52.790556804748
47.5378382494817
48.3571545777929
52.9490443261184
46.146200446749
55.7862391197878
49.5956452291248
48.4703786673726
50.5703346142802
50.6098574643129
45.5226948747165
55.8306382802639
59.3788871146396
53.5422838474138
46.1026449393131
51.5091700874011
45.5122518492216
50.6106469212926
48.4914589777102
51.094404385409
49.8259222571042
50.1940337964016
46.0535917242252
49.7106652120279
63.2100951571191
51.3329663094826
52.1097186790296
47.6014209484674
50.6878421630962
50.5297039448622
52.5597785613468
51.5650039689301
47.5024425836608
55.2888861898101
46.7631038049071
55.0374394106201
56.0017128894579
51.2408398034366
56.6968542833103
52.2645244530623
51.4913637700611
50.0998409862616
47.33859418057
52.7194967480527
49.3059337900852
44.8390655432876
56.9532897040769
50.2491224434016
54.0933701932018
46.480958086051
50.5950301595691
45.793589028502
52.2204785742925
45.6431281397561
48.7859093696137
52.9086099666171
54.0287161149793
47.4536531038107
49.2457072715852
51.4001326999823
47.129957430672
51.1384049491134
45.2623948133882
48.7582902923272
54.8368813843659
48.8714160006892
55.1433188635981
46.9054830152631
52.4343708626357
48.7650461840864
46.1604950776463
50.662867171546
50.8702250093464
52.1518258244096
49.8101772967626
57.7072703059421
48.8509217571621
48.9556843909874
49.9909682051816
52.4364646127031
56.3842005151983
55.7805035585273
52.8707092225952
48.5176917478676
56.3376675766216
56.8028234931061
55.7057394486897
60.8770511262678
46.4292039815076
50.1511461261352
51.7042342729688
52.1034281693746
50.5298821337764
52.7458299722437
46.235305054382
51.4262642797703
49.197478153388
54.7190979461938
56.5942880751214
55.3402610894747
54.273837963812
50.8127170735389
52.3139927506774
54.7438149213471
52.4045933318068
48.4268168365666
49.2206011275579
47.4135633114297
45.1692517816348
48.0292663069885
51.8226158691114
45.3895135115282
51.8673410223757
46.1496927489942
52.3359781398989
46.7188868268066
50.4820214375082
50.5907174600635
47.1961692970754
56.8239806408943
48.4765957438515
47.1616399210543
53.9641144152935
52.6802681938698
56.0095821169829
54.8632071010145
46.9349678725772
51.4349910001444
48.1871416830061
47.2996865260139
50.7238776257655
49.96024377175
46.1494434073373
46.3231149776418
42.8216027538181
47.8741603198334
54.31202059185
48.7257218079139
47.277180660349
47.2881161148153
54.1609603965805
48.9792423777638
51.8500458803539
53.0437210101555
55.7232568975436
57.9248109924979
48.396139227595
51.8366051185641
47.7599388281846
54.5614856847465
44.1490690535014
53.6430914653278
54.8948808274506
59.7755774663321
45.9038877848928
51.4049025651137
53.9203826444525
53.4547527734092
52.315682354149
47.1499491453666
55.9295486870519
47.2381684317269
46.3994923970577
50.0112547692164
55.3625145051583
46.3737880737524
48.7804135652077
50.6157583768788
50.0459406091704
44.7910989439761
54.5191983025581
49.8607853884617
48.6008454070556
49.6326378416442
54.1605756707099
49.0432436041953
49.5545456031739
58.0890950204265
50.9913222236564
53.8140529877516
50.9665115522655
55.8476749901184
49.945394671538
52.4163553753504
50.4173586258628
54.5893050081137
47.7691976874238
55.8261511928375
52.2886045684211
49.5231866580216
44.8764879802348
52.7728096234068
48.834553297384
52.2112903203943
51.9560566486523
47.2468195638416
46.2117217131309
47.6095682758891
49.6351065572205
52.7093605661862
54.4544029851174
54.1192845701838
45.6784242270486
48.4330659863824
52.7929025649873
54.7637134113435
53.7991149868205
50.0864329434022
49.1336060050895
54.3961658936869
48.3112807233897
53.6375530129855
53.5257797500054
58.2985296467103
51.2697486886148
51.4765865330515
50.2892088748115
52.4846026190345
47.5541189280823
49.6403675427866
44.7152181886587
48.1527613618941
44.855023027492
50.2314008204808
49.1332440853566
57.682192100098
52.6776957528641
51.2200598982081
52.5073688456156
52.2996042579113
55.5977179910847
46.8815453963209
54.2417744493295
51.6743111096011
55.4674430338144
46.8158642630736
46.4938512980985
53.9578062791221
51.584170752214
52.8049573992982
58.7762320176746
50.6158109448791
57.1609921294727
48.5394939164032
49.2409274890344
47.8249828277531
50.6493177145191
47.9023306810105
50.5934317312875
48.9187037128268
44.6550135231275
55.8788722814838
51.0587133684374
52.9790308917198
47.6634905112382
52.8960216859712
50.3333828752599
50.6599055061887
50.2198659685378
47.0976425747343
52.3653384490012
46.8591737477711
47.6789209243142
45.7433336766443
52.1061503758543
63.1018907582954
51.8002880133345
46.4601154634332
47.4895787196414
53.6821930078958
48.0503233929559
50.9433766681007
49.2077734757583
49.1365781287278
55.4464289005421
53.4602408872161
52.3283430951226
46.37291018907
45.8633126823427
49.2443320853844
55.2649778218121
48.0773245211599
47.8159796209698
56.1638691797796
48.7488695567154
45.6084582985083
46.102257814194
53.439566432809
49.3093680440792
44.7360703417911
53.5740170359606
50.2963612561717
48.2523891088994
53.6429432636948
51.9906139629618
55.2811739549871
59.1975365132332
47.1881010837893
54.697435665544
53.2698753454574
54.2021164389789
47.8327979979518
44.8591864027389
49.743004315579
52.779914981576
50.9216667213027
50.1055792616814
54.7601416053735
59.6381111137769
52.7816052918878
45.5879522909345
44.9288179361648
48.6858244825303
45.3833103250814
46.9525192429084
47.9089451944919
50.8615412997424
49.2798922419354
55.0376058488345
50.6701317108041
49.3854453333296
44.3409321631461
53.2490588596297
53.8567549067106
44.5347573819661
53.0936477185593
50.6643632206095
46.4921660764628
47.4588709854557
54.5441755911889
53.0679868263738
47.5269797172525
52.6914949992373
46.8456938005163
52.7341150591031
50.4766952678907
48.0401039154269
54.204895298865
52.3145408811989
49.7750733845956
43.5683017224854
53.1369825726977
46.0151771056413
46.4376736542321
53.5887321761791
48.5429944162485
47.2910305185068
48.0403721680249
57.3733786924209
50.2594743015159
49.4460722026875
47.0408412673416
54.6501468184766
58.8389367488093
52.5750003245529
53.7310334585099
49.1039640923806
58.9835506188736
54.3666708432005
46.8036614848113
51.0553033072039
47.8494592065167
54.1144564312132
49.8286830347448
53.881044959776
53.6309296608567
53.831156178033
47.5239150104032
53.225225589388
55.8020813342125
47.8114928873199
54.6318826339516
49.4537063158145
52.6430304107616
50.9292898816366
49.1893693618392
55.8897204611804
47.480660957064
51.9067408745803
52.037339203999
48.6043723845657
56.060695838714
49.1380190051307
50.3896867024362
61.2117227809186
55.2394469241804
57.0956792993499
45.6568008253476
57.0936911981872
55.1132340144308
50.0698857759718
47.2268489119113
49.1305208193573
48.7846160792082
48.4013782397426
51.3369216764228
46.6473464712745
54.9143480168956
50.3017808096786
48.5087643733802
56.16440333538
50.228418612599
51.8346854222362
47.3822023638336
56.5442610085099
50.7988192782283
55.0572445334746
55.6611821451761
53.448552752936
46.4345928067463
54.2383767239168
51.4178273866282
50.4405392183609
53.6699044016276
50.2083831617063
48.5031727822625
45.1265303857978
54.9955849441028
47.3709317986354
46.4484616500672
59.9778984723973
48.5935409008817
49.8797860993993
45.3219036009612
46.0804901177721
51.1341871141627
51.0439529819942
48.1333614409682
58.7821674736699
52.6942401402345
51.2354583084421
52.8444051669687
48.4341145262832
51.5266072845725
48.2889269730612
51.3657913892636
46.4659531796318
52.0233517460736
51.4168735480235
48.5475485774
46.5841349804211
51.615937848172
50.910627624447
50.4211478077259
51.0059218087512
48.6212583984159
43.9801069355708
46.8146724784148
46.6498277744119
46.4879192406206
56.4172137998489
54.760990335129
55.694020945803
56.9907629569216
50.6317218781503
53.7650065640335
46.9390870272637
47.6635556576581
53.0474652068039
51.529635261154
45.2130349272529
49.4736625781665
47.5626787228643
54.2450305535256
51.6465579264449
52.0154201671658
55.1366195693751
54.0829519414487
48.2443894085588
53.3195816630866
50.1700220417343
49.6058621653147
47.8448268454237
49.7746401324993
60.6394281367684
48.9389914261912
54.1889769816719
42.9633420350763
48.3194762383141
55.409683772365
53.6578117412349
49.3159712559684
57.1927558864706
46.5713856069841
47.8131136046983
53.726093145045
55.2213797770799
47.6088513741098
45.001087545552
46.5541517214121
50.8779554454092
46.9352255309451
50.0438880683386
47.4110609950706
52.6928770019404
45.2496684901228
54.1589843120493
56.5383297514748
44.8688948142962
50.4748136739187
52.4607515457195
53.2149955846193
53.5114989446991
50.9499814574275
54.1489223184828
49.9610875224669
51.9103474153035
49.9818039516291
51.677083259892
56.6220215689675
50.7374019155523
49.2897701670311
50.4624851365616
47.8307628271794
47.5767647844169
49.5691585799964
53.0388789262458
50.907904199389
55.7156529616584
54.2343526019661
55.5607849588414
51.8001426680119
46.4722928622206
51.3077057999378
56.5738780902252
48.1047054854747
50.841507030209
50.5141046451039
52.3272899267246
48.2553236262637
53.9295274571882
46.8594337001537
42.5050409906863
49.2624464896335
50.4502292697536
50.0671768752401
56.8784678658672
46.9177570855318
48.2828316197089
51.2208299201827
50.777642744808
61.4564177036863
52.5977485042807
58.0268651324422
52.2922449621781
59.6586449290464
50.4510772132162
47.6303689721836
54.6253646196148
60.5198101795094
50.3689852242327
45.3556347906281
53.4549198516366
49.3750464936138
56.500941128341
47.7542637489355
52.5179340641066
54.1513254173207
48.6450703025978
56.3503803608065
53.3875559648846
51.3256058017606
49.5801469469094
54.8179551985904
51.889222397155
50.9651113341108
50.6672685244658
50.8327956004928
49.0662813758473
60.3032423350717
53.7897299957741
53.076189476555
51.973680401544
45.4499342169972
57.2175047697396
51.7840795227574
57.2727175862655
52.0817971452819
53.1246189236057
55.2897963746448
48.8292790868121
54.3373583531153
51.218160663522
51.7967251840286
48.9755913291133
47.5993838166092
49.8537129125361
49.1568034056546
49.1602097314324
47.1373190793368
52.0745041495477
50.5042646203138
49.43598716887
62.0598624979659
57.6405004151834
49.1553746340857
52.1072366288543
50.7230970228839
53.5070898570291
51.5880303298486
51.8755105644505
48.7603026243218
50.8658694084515
50.5320354034111
48.0355547478034
46.2615928048837
47.9132814000148
47.9822085608059
48.2685882902749
45.2194891847203
50.6232231841714
57.5129094274309
45.212813259211
53.2173265077977
46.1576557696365
49.6859670917997
50.3877106033518
46.7772512320598
49.4457520571805
49.7850014300774
45.4786157315089
54.8885060152228
72.7925926732829
49.1892590856096
46.386287709059
53.3293685002493
52.6952276318839
58.6381737705256
52.2028515723604
49.4398245230313
51.7330503221508
45.8246258327197
53.9980186467398
56.4150791118155
54.0525053999853
52.0880522999734
52.7642833584088
49.2377659305262
54.1041661827442
53.4907071573678
44.2556315695318
53.6145598149001
51.1240972314504
48.3513400682681
47.4045764308482
48.4689726747594
49.6092353880285
48.682736707513
54.4570876924004
53.6256877689965
49.0342229441248
50.8619053518911
44.7067386693277
50.0032058633876
51.7051042707692
49.2572042353802
46.2452803947525
50.080361277955
54.2944680303732
53.5626239351889
56.6163982458155
51.1066879317213
53.4804950066033
51.6185915269658
46.8719412267279
48.4885364025869
52.8574758913631
47.1797481250064
51.2293182820602
50.8941353799718
48.6931901147915
52.5856605026917
47.7539027397747
47.180431414163
46.4429644218584
53.7792910145185
50.3083112901364
47.2211325932155
52.3828765190804
44.9114675216514
48.3711832708328
50.1362166295541
55.8418636038855
46.3978399539275
54.6584649843966
55.8236363472276
47.9265380839873
51.8855345283945
49.1261618795853
49.0473320877862
53.406387740795
49.8558369349011
53.158655553647
54.2162062542648
47.0656816756096
51.1070319091656
48.960644815926
56.1874499205138
51.1022515668163
50.3421169082116
54.2954828160758
48.9418239559679
51.8435870559034
53.1661794188988
48.5992539091931
56.8081357454735
53.0518893467496
46.9356261350512
57.3181024618882
58.0364614162527
47.4537547229905
46.6285288080827
46.9416782433261
48.981727849842
45.2841499366027
48.0527744460667
53.5786107899703
50.4705493094928
46.0984939296402
49.8218051363757
43.402207913063
47.4014977983504
58.753949037045
44.7702175619019
50.0291472579548
47.7655004212425
45.3116021544787
46.9682950862911
54.2157259174036
52.0362937269363
53.4419122713191
52.0774484087839
55.4966778495439
49.9860747722598
52.7818827268369
52.9281975293579
53.5256182475755
49.1506340401499
49.7050963873844
48.0997691171539
54.541655051229
50.3158747006223
55.4182579637878
46.4057005678973
48.1461380471938
45.3686097003139
50.4891801969619
55.0023720161219
45.9089641015907
46.6886507814879
55.3031031362768
52.9940375708653
50.4398731064885
47.043255860763
51.8475030674486
53.0065528192108
48.0759204704774
49.1318637131275
49.4230736733125
50.7500351448108
42.8031775344455
47.9366296231431
51.7085442540309
58.5303171263003
49.4464940043304
47.6631362974254
56.5904228681592
59.6820673953677
54.6353266506531
46.5998287214788
51.016567773297
50.0265479228115
52.7366341069568
56.9761054689186
53.8464417644904
44.448070458388
45.7288372800473
46.7307372610807
55.0480081240038
52.5856795690027
52.2078255300969
52.5648533370151
49.8332816953232
53.7807557076994
48.9550862870215
53.9059119678094
46.9819496471863
46.1697587325847
49.8591003428029
49.0363287182285
52.3570546046817
49.8689787911384
49.3916477286255
46.8271711039203
50.8212336234251
50.4415517941396
56.2698282159512
54.2418676130859
50.5301693084399
45.1675686480884
45.6929155347162
46.1495659253627
47.4952278237473
51.5584181673098
54.645931109892
45.8352767161585
54.4939982459169
51.6094621432905
48.3490664238239
49.2645822248185
57.2156527305044
54.198979380738
44.9072779977481
46.2189937162274
52.412133794872
52.1008702704301
49.0786225468066
50.7885907729131
48.1486144439871
48.0298418549177
51.9784509748426
49.5439709399551
54.1482591027156
64.7946688328235
47.1424936955304
50.7086734634737
56.2730272276675
53.126653162914
51.5896022274593
46.7802632546654
51.9151850757742
43.926097200648
49.8257560553147
49.9732241829223
48.2823101519602
47.6222247093579
44.2332477218478
51.4275846417159
49.7501632099866
52.5314876989435
52.0164568176824
48.1487906572171
52.4277179621058
53.5461880561438
50.5234602283059
55.35650804476
48.8824975185119
52.4565858046382
55.6649632520938
50.7323741774503
59.593248894813
50.8521875430888
56.1588513824529
52.4248865988349
51.9999248018202
51.3178203697726
52.3882689638306
48.8964251421677
47.4547824770353
57.9350035720713
46.5416540168242
48.6589978420865
52.7656282163158
51.6141574483945
49.6975872565123
49.4640166056977
50.9947185902554
51.8852297747301
46.1089999470012
48.0768458502044
43.4744295709496
44.5468046972746
50.1375171435019
52.7221552943087
49.9094555818841
54.5782627289055
46.9983074950832
49.9539253789705
47.1722170154562
53.1187853057425
49.3019505006629
47.6589197544193
54.5986734772389
50.8300011342954
51.2425047163177
50.0321730007566
51.5135858154162
52.6277280827448
54.5463048757011
53.49401472659
52.1460668050296
50.7721426967524
50.2570899394446
50.3518075261369
52.0786576795824
56.1500228742884
56.6806430202713
48.6087745383125
48.7975608906182
50.4285572303588
45.7627028088175
46.5084582057777
50.5762650513471
54.4833695648879
50.6984595126524
45.5791564975868
54.0474280509675
47.4611706930433
53.7317965188082
53.532786062559
51.0611623229883
49.2042174921224
47.7942400459849
47.5778451042696
46.5674540023564
46.139454269717
54.5787188700286
46.5468541309146
46.5521984728859
54.5402466299914
50.0096803967485
50.3951875675392
58.5672702880165
54.0181740987702
65.4346122472553
56.2639285342768
51.8087740017013
58.3915936450117
51.4130697125167
50.8913975046842
48.5098860542425
55.1408806125427
53.9155603184345
50.9384296294564
50.7182753733132
49.5499387051939
49.8347344637866
51.4128680328154
49.6914142742694
50.8517422565605
49.9087122399719
46.2234934174847
48.3640123810637
48.3334097954499
50.2331560038507
52.6167531181699
49.3842574830201
55.4712207218766
56.7438236276711
49.7543856463301
46.1805037278682
50.4819724417951
54.2195862524331
52.2469085863376
48.5056079483959
52.5527718540031
54.4608759430606
47.737636281554
51.0996103434143
47.4820734063014
48.9542887427602
51.8292964508521
52.1143417553925
54.2767119383656
50.5086209129199
48.1207190747293
56.5067797523996
49.8057053212009
52.5247851769482
53.9324039964075
50.95422444312
49.4702799475045
54.1485694546861
50.1243461563317
52.3224326205747
50.9984755188924
50.181863822738
50.8915943689029
54.787493319644
50.4419391323989
55.213205018824
52.5471972990531
50.9080258403455
48.9125295521862
49.3395707500633
45.7300581660896
45.4940468071553
51.1323221810955
55.6521613938193
53.4211597763612
47.0600069661838
51.4233333960525
53.1635463798356
50.510377180252
48.1785794116309
47.4478019093711
50.139421506767
53.9863901346274
47.3236952559562
48.136489602407
47.8456044924907
48.4582617778125
45.0526553038321
48.6763347056206
50.306742654247
51.9261154982644
45.0976593446972
48.1317047070091
52.3589978770272
57.0440251488063
47.7866057720944
51.1993944491822
54.547330523076
50.0945448852378
53.6441800662916
51.5903778652345
51.677151710169
47.9872453286684
46.1474551599454
52.2202009593804
56.6010939796325
52.8178739313049
49.3286336919067
49.072850097816
48.2071138383812
62.7131642008182
52.4812224879526
54.2423069485509
46.2759364172051
53.4287630989247
51.1327068299467
48.9563070016308
50.3511855885398
55.834174340421
51.9916408949633
49.799878724616
47.9780873637796
53.2351155044294
50.3597870479055
53.525368943325
53.6240445728846
54.6650871991114
45.2202410317688
53.0215715704103
45.1834677362778
52.8943790965698
51.0391548464291
51.3965154764336
58.8216032142215
53.4085487907013
53.348539592885
46.7957032178786
52.8412189824698
53.6465119234277
51.0838562498503
50.5571824620298
47.483573784932
51.406685290916
49.0763965117169
55.5099655251559
48.3162206659116
47.2658096133421
56.0004852918175
54.5818717137449
44.0552035710101
49.0339780049267
46.7256301213847
53.4058447157557
50.6205170792612
50.1485514263443
44.8745294445234
46.2505206057178
51.8077525298491
59.2911200831547
47.4376943136065
54.0894802403915
48.7666824407502
48.0429176310586
51.9468336835382
53.7195103937937
54.2363287052424
50.1382415577954
42.7127517402903
51.0775581436392
54.2941030290338
51.0671407635182
53.4402195024281
47.1845984535252
46.1175975038734
43.9691039868582
50.6467665572424
46.9595675241383
42.2840511157633
49.0647633827956
54.1381107511597
45.2722465074527
59.6722347554941
51.7935535544191
50.3396306445372
51.8149925105136
54.4088944454939
53.7936001158817
45.9834879568305
46.438635238021
46.9976029536771
60.8852696030752
52.4325934241375
53.4880914874184
50.4329295964226
51.6642005129935
50.74568777585
48.8472017818636
52.15975631049
51.1968177265098
47.2650590720192
45.5006128006347
51.8572062567092
47.9760985924079
53.6670365100078
42.8311079418248
45.26817192207
50.774899454072
47.3906384958842
53.7164802194685
47.6572796973565
49.9887272820055
47.7192171563782
47.3160857884926
52.032476342433
60.2806013213422
52.4205721381397
45.9992221422907
53.104956123656
48.464324224579
49.6087410442919
50.0361880493098
45.9829493417592
43.5016428647886
53.4797326573087
56.4532118353076
53.2969427273561
55.8000300028232
53.2353069966805
53.0451248182028
46.374617934827
52.5339824049646
51.9418415638431
52.3842169769422
54.0863393859395
50.2091061106286
50.6743817845658
51.9313762135932
50.2464949047907
54.5428955496727
45.2298244492597
49.5426277589061
54.4034183718416
54.9372922526538
51.9270074519326
52.7556175004711
47.1439222030548
54.4905448027292
51.1075210491828
50.8898065876315
46.0388457911259
49.8393854240287
47.6173545593297
47.207319724388
56.0927072185139
49.3600145502374
49.8131061154797
52.1026896330275
50.5000565041496
51.3052488768109
60.1838606094451
50.8538596439843
48.4344438132536
50.3620058239632
45.9646603903721
45.8071656505437
47.2364274661614
47.7138921366532
54.2501854227627
47.2004466742326
53.4356990770947
48.0000862170115
46.9575682106993
44.3638402433814
53.4273772851441
54.6730649110734
53.5877598138196
50.7927611850938
51.3849610602791
46.584775710226
45.8389803248208
47.5341967719549
44.0173576768892
47.1666094758506
53.2236968024493
57.1504370833185
50.2320350074224
55.7048022477557
54.8646534903946
51.4354505980579
43.3893078764972
57.5596839722758
50.0466444733457
51.1267634027317
66.3179908489811
51.3888730954005
51.2061832866193
42.0721334588806
50.3986838358765
46.6800520294413
52.5021138189333
46.2281094793046
51.4136863166812
50.2316027935377
51.2653893234387
54.9212678461431
59.4068067983499
52.0933455991448
49.6352490867103
51.0551672596348
60.8454002566345
54.0370211745955
50.0707484241782
45.9767477225823
54.9286432800571
50.5504667192555
48.5633305410131
46.5076011232455
52.8557106855835
46.4803361199812
48.1158189405859
50.6831673434147
47.606533876781
47.5356752639631
52.7296486801679
46.4326911270443
56.2758938413209
51.2694694468496
59.488208968103
47.133528658945
49.247707519318
50.5919285902924
50.3774071799232
51.4957577261612
57.1549955915105
52.0498742509254
53.1700085930395
45.6220929215663
48.3273477972093
48.5887347635368
48.4618935603705
52.3528679727259
48.6772964898052
46.9610443356021
59.7013060153057
48.4973579859708
48.7280443613228
45.9184410870042
53.0757062884025
49.8584690799446
51.9186679570883
51.0926025979046
50.6988120386801
53.1636824556665
53.29713866772
50.3274110820896
50.207658119357
50.771085594398
53.3970331355878
55.3049100013982
55.0549666463788
51.7809866068145
49.3990581502028
49.8024943099639
46.1394115854558
50.7544509639903
53.8717429644211
49.9382485968375
52.2954059968911
52.5292652884407
56.67172112178
47.0616442505387
54.4138854251956
46.2987026643313
51.0008793545332
47.8000688934669
56.1319355199429
50.9174964909565
52.3167693446016
46.2452479481836
49.7356514596278
52.6689656259752
48.2623490286535
50.5709384441435
51.1340308963043
49.2799168887799
54.7363813126539
47.58164840908
45.9016329612691
52.0355177184902
48.850155567476
51.9336092221947
49.5194257592488
44.9171688449147
49.9659119381461
51.8717200482931
45.7772376703405
44.799666348052
48.8111766908422
47.1936027122409
45.2559219202685
54.0019019932266
47.5964000591699
51.3164693407189
52.3585837183594
59.0001129572422
51.835185941272
52.0013573572596
62.3320009754772
50.9685175539184
50.117960675443
46.8066339279878
47.5104330385386
49.7047054125624
50.0883197856289
50.2837091446593
49.9080038080956
50.3941504549909
48.826169683296
52.1518459700791
51.942388786559
57.1854740984803
49.3489184328209
52.4824615156471
55.3629534238462
52.749860058806
53.7297511181579
48.3946737739311
54.7699047835944
49.7817500019683
52.9923069364827
53.0542854468794
50.6056510428272
49.5122461917952
47.8541380876045
46.9453279424964
51.3080329319375
48.9747550942024
47.5945107412602
58.5378624493478
51.33807355506
53.8316610944639
50.8233797977636
52.9741327916742
54.1613334387833
44.4104744991979
57.220198849192
57.1541867893018
49.8803913654856
51.8075846701418
53.2778414606205
45.3439684702016
49.4722681865577
60.3774558127042
49.7751409053568
49.4332724112844
45.8715661804121
51.9758212589734
47.4322098546519
51.1916799343557
68.1281863184263
51.0502964187022
48.1833694148339
54.1750594388441
50.463705916084
52.3829776509226
46.1749793463275
53.712675212277
49.9966643719402
62.001796556884
49.9679020602721
49.8278695487413
51.0482445768434
52.8195571438143
53.6740117675484
45.8947015753393
48.4468341447456
48.8159918888148
52.5683580845092
49.6971020253308
50.8187639371091
50.1365998379985
53.9563489564432
45.0338380015177
52.2031622342191
47.8722308262043
52.723336514373
52.3364583570176
53.8027950401833
48.0773815150415
46.2481187533797
56.4387609711244
44.6963377787571
54.6183929778406
52.8880645564972
48.2466519967148
54.4671046155021
54.7245248303604
55.4001664800777
50.9355448590574
50.6270224324049
51.5150022858007
45.7825894917756
53.0256993938224
47.0417470867523
53.8151353052669
56.3629991979676
50.9270144470975
48.8887947227542
47.7831288281545
47.3000049913075
50.3335900642316
53.8670134633597
55.568204488225
50.441599692818
47.980636233393
45.9928181733306
51.9286176909405
50.3556900143081
46.9988521410387
52.6776028032378
56.0804544181476
55.6564677337931
50.6445443331722
52.0441786888356
51.9434152301082
51.9884530558485
48.5901588251887
46.4881611669221
47.9844258243554
52.6431588854434
53.4137051954673
46.4422222256708
51.3909250917705
54.7254826864649
51.6662419829748
45.920124627068
52.3883735343053
49.0929304030133
48.9765080049443
52.1454721880334
53.8611062897382
56.1235974422947
51.3831257874161
53.2638357195256
52.6886372390619
51.1584555479823
52.4530206984462
54.0175068674994
51.4963659280056
51.1768125065011
45.815182806064
56.395638135624
45.9659341774871
52.6243799929512
49.0875326445478
48.464007353794
47.5935076065275
51.1248216907421
46.681780061303
49.9440751364054
47.0946764835819
50.3144311546786
51.8945627720272
45.649768157233
53.0744629437026
51.2445162542888
48.0059898960629
51.9187829398566
52.2955537858648
47.7401343813045
47.4662715157621
47.4127367212432
52.915663561313
47.933261373566
52.2273930169577
54.0395571002602
46.3975690022956
51.941605747149
52.0750002387303
45.7637052109288
49.2152897822867
49.265192610717
52.2938612547686
52.1389747495666
46.0172620273121
55.9326467116556
59.1992582301536
50.8751400288263
53.5055367490348
52.8289454139888
47.2391016078249
49.8778235889562
57.3724437100555
56.8795668164313
51.9136783073613
56.9846684553011
43.3693199509607
62.0414299831659
50.5857142044448
46.8988932035998
46.604494334885
50.2395409246488
47.2064028629084
53.349715981675
50.4766697770958
45.6898333072007
50.5918600402627
54.8447800378173
45.3533090106133
49.0726520984964
52.3879827461923
49.5096782500139
62.4253704242534
56.2976160669046
54.0007515385604
58.1459727290763
53.2923853511922
47.1221059434459
48.5579340375253
53.0211462870283
55.2881903867346
57.5045141844653
49.876459065432
57.8582237272778
50.447435579835
54.4338218653986
49.4175178450765
49.3535874173149
50.2189746548181
44.8098207313535
47.2626917067678
58.4643693219344
58.0896661304785
55.0825379495889
43.2999433963179
47.5354689537895
56.8156819511371
49.6303140654143
52.2057578248389
49.4597835170521
49.2322607250802
47.3916735447151
51.0179941646409
54.4046835455356
51.1806292573645
49.8584189040772
57.3948094556958
48.4087143025817
49.985403731271
49.2451584634871
51.9779043142672
48.5568061434335
52.0082686068878
49.4548247773343
48.181069424061
44.2118688316084
48.3262503966677
56.9033714395248
56.94404540374
53.9364052232606
51.2234669970107
55.5277375726501
51.8263074586205
56.4124892038228
53.4666197819313
45.9528067409229
48.5369699220783
55.1447748013695
49.7064091148248
51.3862926357898
49.5731293960061
51.1413701643663
50.0909193491429
51.2544904293918
48.5581998053179
49.3944121807765
47.7653535230156
52.0193236425985
54.6457750260816
53.0070029605639
53.3485357918011
48.3976809945524
50.3975713938377
52.9701011278776
49.4937607151792
48.658653883942
49.0482814711431
53.1813566341875
59.9243700615719
52.1937398903761
57.4915933616145
60.3301905492118
51.4670902753806
53.7028148113145
46.8743272323381
60.3810637211959
48.7081846627704
54.4682436145721
59.0261543320564
45.1742854600883
53.0614781872222
54.8866993511512
47.2234532462808
53.4073921056934
49.5200775965123
55.8735476564501
53.3987209727507
47.8772757134548
50.340785185208
50.2300638119399
43.3384179481309
50.7002419855106
44.8458980518078
44.9029008900416
53.1646976185326
43.8162053184219
49.1339844795037
52.5433165434619
49.3671100849036
54.175113198422
48.3665131609222
55.2507073675644
52.4779141800834
47.5886746176134
54.2611589297118
44.9824268148293
47.5593820156451
56.0030751096096
45.4410915619643
49.1093353823505
52.4985648706578
53.2710643294703
50.2962777460763
47.3367082781686
55.343038191223
59.5544150451071
49.7585808851405
47.8846910787423
59.4423341296688
49.1575023949441
45.2723440629173
53.1506972975266
51.4172709309926
50.046220138547
48.4017203807345
50.6985112037029
47.0773618758886
49.9377828701731
49.7999614850125
45.9465236800092
50.6178340383603
58.2188595876525
48.7374296858371
52.9572614246307
56.9971205571955
54.185954930715
50.6003087604894
52.629900951975
46.304183858471
51.5533610910293
51.1617143477436
52.0997168848848
49.5198112309054
55.2245094159004
53.5984688879052
55.7848836773756
54.1058976676877
46.7387426790935
60.0668516271121
51.3209028908294
51.4568700414016
57.0866831919852
50.2413759999168
53.5665021775911
49.0190806879355
45.3002358402698
51.3847997681027
50.1615640234739
55.7793852751409
43.8326984746226
51.0774167278494
49.6305633219129
55.6031758730675
54.4936332120291
46.5168284513608
53.9555902110155
48.9364844018573
49.0796620619937
55.0663571255419
55.5793876048928
48.9803250390989
50.1793954775565
46.1212979436233
44.6087848530982
47.2141530932368
48.9908411292355
47.0137988274367
47.2546572220786
44.9351463905982
55.7434226810046
53.3262513557341
47.8516568790394
48.9571494814064
50.167146650555
48.3969643668716
47.1569733808706
53.5174727505507
58.3283289528394
51.6726188758437
49.8618717167457
45.5185754180601
51.0509814787708
49.6155100376572
52.1153401747115
50.9068000953774
49.1759936828365
51.3874838335317
48.2016568930934
51.3873075511997
46.8457699170533
50.2445729705221
51.7857803332968
54.0113225136744
54.9696434177815
46.6086738322323
58.7498503383217
55.4494313678744
44.9938329096399
46.6983377099415
48.6748081692821
44.698461098687
58.6959414616774
55.1653034361239
54.7251528040508
54.4242178979254
52.9627815332154
46.9782952378187
46.166496498552
45.5565326362482
49.3332054523593
52.1240079995789
50.4409501853633
53.9734417095916
47.225329171178
50.0448080723491
49.8792280097661
46.1909075190056
49.1418518975589
51.3365897872358
58.4196417907235
51.9355340822644
48.6113813146459
45.8527767570555
50.0807077210756
52.6733857591647
45.5355676131221
46.9407016436817
49.6813643174906
54.9133794825082
46.9082757169559
48.0496296132423
55.4864558818241
51.4647886770311
53.4796202135494
46.9501233872
48.7252285373536
51.5205433873959
56.4646593965807
51.8796249751724
54.8484528818893
55.2273615607503
53.2687722314119
50.0399840903524
50.5886186731403
58.6860117378743
53.5876103731897
44.8319449511127
54.3993515031455
48.9185478728502
46.7226968604705
50.8745740967536
51.3458590997782
54.7097815739713
51.7478093676765
61.1237801167836
53.4504558068273
51.5782862231189
45.8026082862699
49.836905769923
47.4317472304408
47.2447773210807
49.8365695689598
45.5265669493309
49.6279855909842
51.5985094116227
58.5921019722124
51.5340041919321
43.8852118670208
53.5287363626286
49.8374122810462
50.0268298747242
59.3587639660957
52.1743444765636
46.7072670452407
54.2784128028505
50.4751392231926
52.7732483365129
49.6324066059596
51.8677899302535
51.821108364859
50.9694636005773
47.9092544715276
56.2503406295297
62.2455690868527
48.251660401512
47.7034721014628
52.6027288887841
54.2045306767231
48.5955580263907
47.8242363667235
48.5266961458073
54.5621799438288
45.3241087692559
53.8343667101329
53.0487574110284
51.7233642107823
52.3435153508679
47.8075319924204
54.0702334101366
51.7689975136323
57.1882838082442
55.4511713586993
55.7700988809519
54.6246807248223
57.7383207023979
50.4424919054817
48.938895275044
46.9621549706947
49.1793127292485
54.8708581210353
50.4401462696436
52.9019127444835
49.2903606110767
48.3151487454887
48.7870593544838
54.5411887433646
45.7120973069078
52.582429700177
61.6835278264689
44.1472520593934
59.2539589062208
49.2028601316103
57.0869627362033
49.2606280968151
49.8944675891613
50.8182572354164
44.9099880672277
53.1600509079454
50.9513952028628
46.0818101835526
53.0995282827939
57.6127665763109
54.6893176488213
50.6121859931535
50.0373667101241
50.4822224131896
52.866155139525
52.0312541434499
54.017588872813
56.0242579878049
51.1314126350547
48.6024467361058
47.7298470353794
45.9485999081138
48.8191059503208
55.1063996356174
54.6525164534981
50.4134105700122
63.0115125322704
50.7379726179428
49.8600262444597
50.4879978166531
48.4053200562925
47.8920441122126
46.5307812829757
47.6338174017012
51.0719757043358
47.8582206123449
49.2844243033417
48.3384616714236
49.59960956474
45.9291624297562
49.7544542895498
48.4491076421189
50.807389730073
53.2074658209241
56.4712437468865
47.1169387939321
54.999676914492
54.2599733821904
52.7520425208564
51.6607118337446
56.0244715047948
49.6877267653343
52.0403887325681
52.7705260889967
47.9805017514724
46.2332891499778
50.1068483047431
50.3119747257463
58.5420102155253
51.8580528902018
51.0946463889144
52.5436152665893
50.1072003514366
53.4777123504553
46.5398293838192
47.5649047710949
50.5225697023146
49.3374819645363
47.2649191077775
57.8137459998161
49.1051580247751
44.961088507012
50.981553060933
46.6084716001239
56.6168836962427
56.5520391726525
51.1720601518184
54.6045245424735
53.0035406816831
53.0405397898697
49.6773912060536
50.5848272994295
48.3077472888049
52.5896084464895
55.0716334426385
47.3589856562464
54.6350560867111
48.0329930159826
51.3760317473249
59.7060678292726
51.2960440451414
44.6200539717153
47.4205151353743
49.8384367055833
55.2942253948169
49.7535669373909
48.396659748634
52.7389882535733
55.3251434732568
49.2790342025578
45.489158743339
55.6216894805178
46.8095840291044
49.4103796694935
48.5905909691505
51.9703592952547
54.3435026845546
54.9024305455631
47.4358391559711
46.8162714578598
50.0475898621117
51.710515805111
47.8322959842726
50.6137621959927
52.3228612297066
56.6535503575439
49.7519955686431
51.2842995847501
51.5654314329758
52.7363774183751
53.2730385644138
57.0031548874983
48.0095383815737
52.7308641634825
46.7132764672106
58.3734547819241
46.2654339648487
50.6676841135556
44.9312869655623
48.2971627660802
52.2238928004432
53.011163765071
44.4448394624525
48.3052190919865
48.9597229226098
60.3149826522241
44.5316833348114
51.7967621115544
53.5445210603721
50.3313567348035
49.4045156650506
51.4287081484932
53.92482463185
52.4580331022555
50.0080860382119
50.3688069555828
52.9225808894697
50.3500962899748
53.3901445222305
50.2103533881255
48.1465675810038
51.7603074701923
47.1025130496109
45.6562143579143
53.7971306199661
54.1423306991383
49.6095076138649
51.9621045872053
52.9246419786571
51.7582329002065
51.812658812787
53.1583408335441
49.4087881577602
51.9019891681452
45.9991545273618
47.88690185706
51.2540597475916
55.4159848018051
49.2796342299132
51.2677384936523
59.7059503317386
55.3693864406628
56.3743979163264
57.2084512503517
54.2184890958979
46.4774038103335
58.836968871412
50.5137158507954
49.6821296940146
50.4693443768647
49.9065632979335
48.8096615331217
47.6314577916711
49.5915128822512
50.4148972592082
46.8268657144675
46.2087218874917
53.3831031167606
51.253214931228
47.4500405921778
55.1758762306344
46.8800720521205
54.7192899688625
51.0597666626066
50.8057607479955
53.401335037755
50.2823094849577
44.8847539318683
52.1513183679444
45.8293936506029
54.2648836216424
56.0156889770496
51.0907467244626
54.1825805879088
51.9353953044749
50.6980619558413
48.260110484846
51.1469185255436
52.7682089854858
51.5721506842144
42.1639825700695
53.7791796102412
50.7473334749859
50.4031625116409
53.1523739999059
46.7070176252786
48.2789211345277
44.9674854770224
53.6754074561508
47.5642145330402
50.1786268168898
45.8279885705858
50.1548693123427
52.2299237328552
48.0726471993911
53.4638909989533
51.8885485160124
50.7616388202395
51.0412775934797
56.8218401979138
53.0683947887882
50.7474349791201
56.9382447938165
54.0469778767365
50.6691832812846
48.6008958216258
53.0975981315788
54.1918363447383
55.520237685112
44.8483637214186
56.9154874707246
48.5874359269833
46.334305698799
46.2598289566318
52.9329849126467
52.9047037456717
49.7847534632549
50.5206548740615
51.9717025754819
52.7736617348077
51.2153262166566
44.8380117992715
50.4456384210864
53.8942772179171
53.1137721646417
57.3921077045439
49.4650138845485
48.7857672496005
47.3951217598431
47.1828823542539
53.9420915382575
52.1916965213603
50.4827887049813
45.7249024561199
51.5578873349262
50.1585261271742
45.3436399552134
43.5257649470293
53.4452372940715
52.4322385226046
58.6479994621643
54.1137714367725
52.2032211680218
50.128192808042
51.6132944624205
47.6184914629871
49.5507642499721
57.0899495077041
48.2277196099059
50.9468963108638
57.3041388553984
50.0633906288576
48.1224539223739
45.8870236604471
51.0166976460163
53.8234151203223
57.8641491604189
43.2085235247419
45.3665214049714
49.1287762913359
48.6085998679893
53.4451352349171
53.6143745778118
57.245049236079
47.1936701635228
53.0670040613758
54.9918028263573
47.9450787145153
45.1360806993449
55.7946895625439
46.8968695881698
51.2370932660296
49.4799801040549
49.2361213868341
56.8929334965079
47.2698562491517
51.1409768860523
47.7876865684212
54.7499190088827
47.8559539796309
54.2692776666627
51.559616910902
54.0962290006892
46.0624222391188
50.3716869094712
46.9025540455336
48.9020634064975
44.8210979587831
50.8547064156741
49.9456349758047
51.5744533085202
47.9081877896381
51.4316913536727
50.2995771888665
53.1638079501735
55.890022674416
53.3250809228745
45.8827973961857
51.2964082513309
46.6846066049296
46.6697436738523
54.1924181486985
46.2607262958969
50.0589947645966
56.2065830797577
52.5638102483958
46.270495272394
50.9879280466362
45.8151795601217
47.4822476119272
48.1067016279809
50.9566204336486
52.4888253817333
50.5949499196239
52.5053656740653
56.9274134737453
54.3349996183913
52.472922519136
46.3690588053864
50.1131845687505
47.3874557017068
47.6991498748233
51.0904972101798
52.0534631883316
58.228784598763
45.0573121978879
44.070445865842
48.3298316647198
52.8519667532594
47.9928906025098
43.7687378554103
51.3178966798645
53.8737331370259
49.4946522932424
51.8821325123615
54.9251035350259
51.1185040646138
50.9517274220447
49.6615253789637
45.757410731383
50.6581758588205
51.8190798198994
50.4080670484517
51.475981539101
49.2393668942207
50.4216051090043
48.9106156808443
53.5201854240005
54.6146684660608
52.7718699395651
57.1485365889115
49.6644617238067
53.9503929760862
51.4975165110921
48.7597505303966
50.8735836869225
57.1979417193369
62.206906678966
52.4743971157771
47.220675410686
46.3120566162204
47.4086754896898
53.7589377129051
46.556926081083
48.632082641864
48.213099986045
48.8914598355843
52.5302206906652
44.7340281782938
53.8758463488316
49.8530696534167
53.376894208532
54.1039554239547
49.7642413544301
49.811012258667
50.5547490547203
52.6931710234292
53.0958711751198
51.3599449995913
42.5854188866765
50.8120460129461
50.9780900620326
49.5222060590997
55.0047201623481
48.2825422315586
47.796666841568
53.7265972451441
45.0583952175936
50.0324728433334
49.6995627043617
50.0284622710693
