0.45010028353112
0.591488287177259
0.409743097512626
0.317465413008679
1.26554597574087
1.09096120632659
0.562487495036644
1.00188748841378
0.832738939878834
1.05563937791077
0.660517631939242
0.635987815864349
0.327883573529202
0.470355684558398
0.760884124989097
0.600899734694561
0.85951293592879
0.235472418113101
0.414029149283417
0.455104263795437
0.776009470742956
0.436930215629821
0.46253593883462
0.314258484550799
0.365696046473656
1.06281805932554
0.321425715971228
0.992041269634825
1.03252498478529
0.336516640296686
1.1567537910378
0.768052160363966
0.784027503151065
0.562503488396622
0.355293855533587
0.16683209769019
1.24796394904539
0.99057761988525
0.517306107799653
0.674378809073206
0.39301540899463
0.632011364123549
0.440377447953907
0.803996576008436
0.767034077416036
0.671555211955129
0.357541324997838
0.784747340402312
0.81447964784713
0.99137128562128
1.01220113862562
0.287635987491745
0.601093067929704
0.316914189243336
0.503194013130621
0.601032727852753
0.723858060639026
0.332257980300611
0.579011705202948
1.12795327364843
0.417121014608298
0.703121071709804
0.769427328672496
0.738623336192813
0.734290818169589
0.593684913353389
1.20414103101764
0.609626080462755
1.00138359355646
0.827937942557215
0.867995656792597
0.530284944465385
0.68236457388696
0.763341266233353
0.62263718661373
0.62944387529883
1.05227035954652
0.301700547009655
1.16106577528425
1.04151638406065
0.942451778052156
1.06067596663264
0.774398290774248
0.664475335198792
0.446080157419186
0.470323479188147
0.467687334156688
0.599998723887716
0.824146095013808
0.98373845190922
0.661737527113484
0.970198994236932
0.445364511066614
0.58282147304417
0.472946803780309
0.302959670167159
0.432240060410787
0.804846725765303
0.750599752963753
0.369645789660185
0.752079918442239
0.244449215960665
0.772665722336269
0.945009397334334
0.720346770203356
0.48115390389385
0.716983429403544
0.868686502628003
0.662911114825978
0.289032978056695
0.664751477358374
2.12670455030349
0.381910182777705
0.630703557317875
1.38821014080806
0.756346712758332
0.441477689508656
0.387108046670995
0.518402833778122
0.837219747915558
1.06144208471709
0.58457814181467
0.463257872256961
0.471777759669641
0.437545120542525
0.932274342682066
0.842304847276903
0.961782574606548
0.597829369398067
0.764492548278238
0.994902188412287
1.02255319753993
1.24144398882018
0.585269503893799
0.489623467859346
0.995639105059227
0.491136384895824
1.18829235070299
0.396780717506319
1.42639777469433
1.00692940098082
1.69764583798495
1.15743201955194
0.942748817844278
0.482774656356012
0.581055710682755
0.401033143301047
0.624588883133189
0.909583418616159
0.522106893586429
0.933666049830264
0.430307533099547
0.644112459813279
0.72440959750783
0.402545750663344
0.407461350222988
2.03788946561808
0.534008063813851
0.277432409164034
1.84995248115568
1.7038802903049
1.1637665848053
1.07792447879944
0.364769444813029
0.547351642511545
0.983647446159138
1.12594059012298
0.812492610157792
0.472637736628094
0.797167215962996
1.58818954702771
0.513850352313644
0.473529416758738
0.790517292247851
0.369703166740006
0.40346991430911
0.779956964030166
0.675609172556972
0.777230843455601
0.45285214599824
0.640183881923457
0.656782936784807
0.777898258059512
0.2919977773109
1.12489928408076
0.327598367936946
0.811386828510791
0.824539129996982
0.320346097752483
0.83974488698605
0.326716466925273
0.519133920267898
0.580266126587808
0.677404237745857
0.841583495625
0.351103685355963
0.699004011791545
1.16773087406546
0.579659492986407
0.586033384922419
0.463056609035179
0.208599009135359
0.320307527188873
0.740086301435894
0.819841726638934
1.13526605201627
0.302950490650926
0.285793720381751
0.736781036499325
0.52959644110088
0.593083013240977
0.492850126454718
0.259767941155246
0.240781406065773
0.774405619388394
0.551622621806418
0.345804849323505
0.464258357783869
0.441667204473847
1.00707515455375
0.491579092054379
0.433476015390033
0.558419330077499
0.545980763029637
1.09672745030843
0.972398887222284
0.751598297481865
0.844674913392611
0.717789603649565
0.730229457519083
0.60951779726258
0.427636455343464
0.504257037455647
0.698256463448776
0.599124922577771
0.322541913463514
0.709952109680245
0.637690458139585
0.464765381553396
0.718696519340929
0.65373741246531
2.31410581308996
1.05456436116945
0.335941907758204
0.576323808921584
1.38382912467893
0.576365319645417
0.667520247893183
0.724291937279583
0.312557615712263
0.33913663994388
0.394489855178377
0.710854632044664
0.882277604471345
0.243761987966424
1.58384607112664
0.551971363365317
1.81825316713432
0.827501342101967
0.734667140570362
0.606277313609618
0.469697625306768
0.95572106072577
0.576214658813447
1.1984596098075
0.695292691188973
0.817695272386866
1.14925127665236
0.607733452682585
0.775909868541489
0.924954089056586
0.825231578057718
0.41980188243629
0.845809890361995
0.650434000618878
0.270367458187294
0.623593358373355
1.29094737590907
0.440488198423454
1.2290372075066
1.16718631747508
0.668729756222067
0.712999802838385
0.404603971837835
1.63546955720025
0.309306096898183
0.700461968758765
0.60845942075692
0.608345474307965
1.09409451307072
0.858235424043425
0.398945913200363
1.94579611453425
0.687069845866806
0.575668854346861
0.461380648105114
1.05212611620288
0.514747773856241
0.325763419936441
0.294789014288866
1.09132892565927
0.751511334976723
0.687168140906139
0.439642044127132
0.749992480392215
0.641248758478324
0.690503923359775
0.575873607849037
0.246796722301969
1.7065863255068
0.876129311038395
0.432908980916983
0.781937572776589
0.823174079625277
0.731924221357145
0.340438351257282
0.468170708457362
0.572632978572444
1.32671960739059
0.689931463158853
1.58090439945977
1.00232462253301
1.26030072053969
0.811975988206616
0.57547016989684
1.24949152154975
2.56752673220418
1.37535321075176
0.50478523053435
1.10777044128042
1.1104410055782
0.816431442820341
0.745586745775678
0.975493679055095
1.70911701223802
0.598038711002877
0.434351479792122
0.385893600820183
0.867183436191952
0.369573187531734
0.578554935045954
0.815478282655802
0.379846129382333
0.576829224022641
0.800882465862758
0.360297988707143
0.565636656379155
0.350201824603067
1.4206844458757
0.447188178935375
0.741362353429661
1.4248341693877
1.28577089635232
0.643444972867855
1.25071745559591
1.6991537421307
1.9067017127203
0.820165984353386
1.71469439032164
0.773346186175244
0.861114757640257
1.05425057414639
0.905866016669527
0.487224014663066
0.665308802557757
0.6589994705742
0.344564770029641
0.598160318144764
0.551069581643836
0.595982515564084
0.612121945729621
0.617208092442479
0.5230380399409
0.374561698706593
0.512052047421259
0.870485556803327
0.408850172219322
0.650987786392823
0.926054864873194
0.462168544995716
0.654195152877459
0.89012943057375
0.398426070306309
0.381178106113876
1.06450601369817
0.93047907809041
0.721019517236723
1.58822054948568
0.939861542241966
0.886323933168217
0.60857481205825
0.97996247890488
1.06477277569499
1.74454416077724
0.746241051192649
0.536422089941512
0.449144780981441
0.73172690321893
0.700864407588448
0.427206251879884
0.545403608644307
0.667642329302929
0.400255494865472
0.446936725336992
1.54011461965332
1.00977147312565
0.235010363083229
0.622797607910789
0.488172034911664
0.796941838487453
1.10664468202919
0.738224690750509
0.677694970356951
0.764846127278104
0.290940403422027
0.395797649926605
0.53451160950369
0.68405651633421
1.11173475839468
0.834222587301316
0.534842090097018
0.477560395632504
0.502703013464371
0.691502833870928
0.756210833798619
0.72196905727406
0.881279532522173
1.40839049754272
0.783405287541589
0.302039393566305
0.879798370432325
0.58220041601155
0.519893558578632
0.455322168434097
0.620226760073114
1.10246077025629
0.837849372498501
0.522823993285924
1.15328152028834
0.343116175899279
0.617245692224388
0.65204779354204
0.534871610741351
0.580094381072239
0.382195423036237
1.14660903811133
0.891981542009532
1.14697511147324
0.783356974618577
0.812554790241101
0.462030301771413
0.723837146712413
1.02869349658428
0.50599472936736
0.375784571412475
0.661741343129735
0.947415728191449
0.761602318134782
0.393399681601488
0.558530253030011
0.570613253433042
0.568463439741418
0.546801790203739
0.607095305213526
0.638406860892427
0.570267542738181
0.518168161907642
0.465157696931591
0.843548284094931
0.740445837142712
0.491201088658577
0.764142323605475
0.618946083741367
0.887404539047087
0.345781319304088
0.781297402179021
0.370138863365397
0.679959121367274
0.359648923533107
0.822071613795076
0.282911198595804
1.03631815767996
1.56857540094122
1.06803867915928
0.973340389323087
0.378916359629113
0.864797399855898
1.05192086827994
0.869512835148019
1.47940732848893
0.929810456582558
1.28357482210128
0.611920618809159
0.744175779111906
0.55767362546231
0.451014618519614
0.508107056809258
0.524229658353357
0.573464575254435
0.730954697694561
0.762592244421305
0.545401843126976
0.517829636925031
1.14617711104693
0.818456351141356
0.734342577903775
0.492403486077245
0.331500386007322
0.64553399953058
0.80943030473882
0.646196136536702
0.82282790456318
0.801872330399216
1.25452003579607
0.947836420870079
0.445129599879665
0.625396568128054
0.590559235980531
0.952144500194912
0.607521789868888
0.737126920727216
0.145936299556103
0.640304679877753
0.320717427079397
0.310666803709037
0.537439322857933
0.515873607520881
0.522366139327911
0.481885679578707
0.876640625230585
0.418859549873464
0.276808735687642
0.35162209932351
0.583858985298791
0.248817275668953
1.07271244275142
0.687849805860118
0.504756470117342
0.891143258716034
0.457384106040057
0.569893778557427
0.550671546720623
0.617169784125755
0.570769227845563
0.651295912702648
0.807845566881028
0.699014223920696
2.25851036046881
0.556704973716922
0.461354893837827
0.994836995705962
1.15467273517628
1.07202282922655
0.981710632277407
0.647472407202006
1.21506050185304
0.56498175922766
0.59259132574607
0.654262424845702
1.4159455076766
1.84737529594082
1.51232235260611
0.561207144824363
0.763476972694039
1.22190516507559
0.56802714543705
0.766219836320339
0.466693723943169
0.798987440550853
0.997196002289321
0.854263391975895
0.489104901701176
0.789934143868834
0.844472008045761
0.611567350990107
0.828260668683753
1.0746502222911
0.694489380157909
0.640739790339241
0.65963757700121
1.85264000039573
2.40584974022088
1.33223509782938
0.857773624899228
0.500249182925936
0.624367161531142
0.329551977664991
0.422952738979758
2.43623105819015
0.858116998232087
0.378740935411821
0.356451432839842
1.42514564885832
0.73811440093704
0.738520521930242
0.474307313863054
0.687889432237448
0.540770137275567
1.55527925751607
1.45639124345616
0.419626852651468
1.38695071554697
0.432777536888391
1.20943086246331
0.85673035351365
0.73113551621509
1.10879387019688
0.502714633713805
0.406418495372147
0.801565764185222
0.437933401878992
0.378670180067766
0.31336328168136
1.15842882653505
1.19601849603959
0.73724824224313
0.401497642220135
0.767469660543505
0.460227133510992
1.21701615546414
1.00295154922179
0.88397166187304
0.666914297513584
0.953129156081839
1.02286018036748
0.761647781066598
0.765034556839801
0.429833770358555
0.780630964367105
0.670558734453986
0.601967308735281
0.933036064660512
1.26402079275522
0.837990356455831
0.601938566636477
0.380549812300608
0.871420488335431
0.425865579053658
0.588704581421541
0.698033514604142
0.886221051852954
0.7320555582167
0.594334197073198
0.534298316026316
0.41963625664573
0.524395139279652
0.88470037123025
0.885531756557759
0.468630839466905
0.497724719378019
0.147034186122092
0.611711346624285
0.532682205023925
0.459630168383376
0.826664621739654
0.727622964612596
1.29373647930558
0.587006528263908
0.490264278803997
0.264952461058538
1.08657688219188
0.551690873311092
0.549990247860481
0.591205631918087
1.25957628407453
0.731128761371395
0.21518550705921
1.1451392393566
0.483496438489343
0.479162205874795
1.1412505544733
0.609343774789369
0.536879475160842
0.447554394939482
0.574894419259582
0.443041316821671
0.285209750319034
0.527508461894524
0.922463415281867
1.32645234807891
0.449174130735792
0.687453198957027
0.696375297139443
0.713729571350606
0.297799553657364
0.77613031501425
1.38843074279558
0.457151725407997
0.829259119977862
0.836371020040271
0.834367575417544
0.754371216451494
1.01441546942723
0.699891387362606
0.944118198628558
0.718830802887421
1.77570547939882
1.17716474364023
0.527899290107787
0.585264707978412
0.697697618107127
1.03101880600279
0.522470034566569
0.948108533288746
0.588109417429384
0.727943645982197
0.634372536610093
1.23427399245979
1.12832445367988
0.930606241970165
0.371916620881244
0.579110254298785
1.19422400107549
1.0621987543194
1.20850624904088
1.03226610413424
0.833272256386368
0.87132422832162
0.362126970566696
0.695062170229024
0.756098072111193
1.03173517592609
1.05037841072398
0.94105487683643
0.360552153067205
0.620632567603857
0.199790822393186
0.402132946842921
0.316240165952865
0.442060150174103
0.676266991084855
0.308781339757173
0.495655363528677
0.720374889343043
0.598627094270527
0.919136057563157
1.05520608994653
0.541297379385779
0.482161431861972
1.06899446794287
1.10688903110663
0.437559200975879
0.890904689605231
1.22639258289678
0.501539947949385
0.58692743513073
0.587132035661752
0.441305098039384
0.771881916161502
0.987825833798342
0.443959113974403
0.385252813041117
0.453688550216268
1.14421374284636
0.583661546977141
1.07217816558498
0.765410126456766
0.970658745771295
2.08893717028248
0.610175930845213
0.756790366161555
1.21999845089608
0.385803158304765
0.704721698203838
0.516859656340382
0.515042085564587
0.357024401572146
0.781836687874784
0.448286968876335
1.00698814308431
0.708222011260919
0.797483139809643
0.667979701917604
0.820441366122687
0.604899842414302
0.482946662697485
0.883995207575575
0.708971980249065
0.673754895718875
0.728383026223506
0.556292085277345
0.733603685472689
0.694857512562044
0.40517343452113
1.09609346117608
1.22195236924028
0.502909315795823
0.473312907090478
1.1203152476903
1.29554866718929
0.403510820732656
0.834734009562934
0.476768138161755
1.01605775660472
0.973571982165465
0.457223831353108
0.449395151937871
0.685509721762705
0.567577747400257
0.295427134372428
0.649833254880059
0.410817065116816
0.492332733445884
0.6949606040037
0.797196405702733
0.389206286823108
0.597435295511643
0.771934982792952
0.966560282652399
0.778900299201487
1.48167089010167
0.532661748884545
0.646452404954799
0.380503557763826
0.563601405435737
0.821501609242307
0.58859540668579
0.73737601128823
0.903020548648115
0.535128989838175
0.621343869528904
0.651146921684428
0.732803954866884
0.440324280406595
0.5339311172204
0.515098003177371
0.390555285352914
0.614058928239223
0.531228510840208
1.74663402914509
0.869536926093618
0.743458034389694
0.434313568835547
0.386872765003818
0.748980270341922
1.05476781480678
0.842185728436702
0.585368260103112
0.520346465397749
0.574911400383729
0.653381058019409
0.430508248320776
0.459918067668917
1.65028698839601
0.360883496812889
0.312732508045748
1.27824809547742
0.870522445645235
0.41439199454683
0.695171294767271
0.963859524144275
0.938894114926095
0.546957835616436
1.71037778390443
0.504394761891837
0.193950182126678
0.44349235258616
1.24519182735802
0.485869015366059
0.423037441113135
0.481402874474389
0.635711708666789
0.328532000848569
0.391267418602588
1.13447816064897
0.418908722363675
0.672853556164115
0.624496987807107
0.518125749161768
1.01454133175081
0.550942604249889
1.41997781651117
0.523118376855505
0.382023617889948
0.361655728833809
0.597504062433111
1.13681792519633
0.971882164351512
0.666037963953954
0.853438555278119
0.290773049732767
0.59068561892889
1.26939307706597
0.489430972135972
0.980281052681708
0.361653440191935
0.767314526239487
0.370068945035978
0.62299799861097
0.530593121009464
0.436168357142685
0.820204322669916
0.709861483876615
0.597654798420106
0.934586973005002
1.54348417115877
0.46625444033169
0.446737272450013
0.404776683106399
0.600318219678881
0.633677307482703
0.799717778931423
1.4090518243266
1.0083583296322
0.968587592416737
0.848178985944116
0.881312083134766
0.312017546117304
0.533590308864368
0.395505612971773
0.401673283140435
0.541545030543185
0.957014968753114
0.529257352729135
1.36607725658904
0.636709308811953
0.926017976814906
1.83622848896441
1.07811226616367
0.765003004609021
0.566872459877382
0.932094530976177
1.04004188745237
0.812849605530114
1.37038460834735
1.54452848816124
2.25858005199958
4.18682529160447
2.62969623568846
0.377018506590842
0.642433818644147
0.829689256284621
0.584194967444189
0.752358378058273
0.757713503425047
0.749678961937614
0.861068849774899
0.80318610924792
0.363594385409371
1.13356109953869
0.764858878349582
1.32409535150196
1.18842119467742
0.624237330288403
0.456504616243014
0.579935583434791
0.430425635578744
0.794750733772145
1.10388096126558
0.996206812987534
0.445658593994811
0.385070088497017
0.603898230498656
1.44790575913234
1.02093316034508
0.83191689868196
0.567693922487135
0.683060945974019
2.53832808592844
0.554538137364186
0.809639594837104
0.737120983971781
0.449762708909604
0.538331330556549
1.0450736235825
0.759185107915742
0.468464266227901
0.735850571671442
0.613096363187737
0.468999759502156
0.505166354047758
0.567864489265542
0.48337946184747
0.321237771126255
0.812759572675452
0.884745089863117
0.471621912074368
0.472946699138105
2.3361032139289
0.974945400446793
0.744088161211873
0.625592609985032
0.703501337373871
0.595628709501624
1.20142424769037
0.663583701923123
0.57874279538143
0.993073140018178
1.00499361224717
1.34821805280506
0.474599704684403
0.490121052964009
2.09953033690102
0.781581735678656
0.413776306530201
0.905460376151516
0.909506897944798
1.46307790830308
0.488423791336159
0.290021470659047
0.454541269770224
0.46232766313953
1.20295477923487
0.440926760091663
1.11016266599441
0.586731823135709
0.460609845970751
0.700026208574255
0.788788189418194
0.299739353434457
0.706714113078504
0.834550956146443
0.611052273528314
0.932636952270996
1.24020417440494
1.21559592998064
1.52451107712196
0.556888236636938
0.907506285128869
0.610647604440567
0.952256768181576
1.22349053612097
1.08361720527183
0.750507162236532
0.89124599887363
0.492806919678136
0.435977445699966
0.759759480801595
0.792476681711828
0.499648431048925
0.372037178273373
0.779126917677111
0.542567657171109
0.896473152920656
0.84904899523131
0.76033578105468
0.614722967252431
0.570065232342069
0.948119370202172
0.907758484273238
1.16275551757207
0.711727117190017
0.892290458898398
0.579332679925779
0.647387673148389
1.34654155449286
0.79907270908387
0.848955031327827
0.526339919309881
0.969924150314625
1.07617828100197
1.05171317020238
0.40382208476289
0.885900222777237
0.508504129548137
0.937534904323784
0.397674283496649
0.938677862109638
1.11034193718326
0.711337112904842
0.524028024019572
0.984099100411555
0.603807246428195
0.610109872426967
0.847930428529962
0.814889269638754
0.727077903272593
0.593257615671624
1.02972572503983
0.583387821413497
0.78272179122589
0.402394324226771
1.16263521565314
0.990356050078918
0.484425255095485
0.4894091634189
0.671819754592722
1.30716488855349
0.498398947082615
0.768721097438438
0.609276713656919
1.02145986591111
0.508537012271231
0.499165444232278
1.45798617341428
0.893225074525784
0.840847715606588
0.786271165715354
0.777113563845982
0.758550504009225
0.720212689209485
0.566902887424194
0.481067089150392
0.719498258528996
0.294568670073842
1.19311520692404
0.366808860923948
0.721428255168546
0.68356478455108
1.05964677511292
0.580947475083164
0.741767176680404
0.86730702991612
0.38662322547157
0.418118611493196
0.416650204471078
0.602729085351004
1.46049644432732
0.79471929760171
0.510260418028837
1.07678348788591
1.10630796473544
0.610440489133056
0.97069765003647
0.441275791421487
0.789643839544356
0.677054210223576
1.04248831731655
0.45311851910055
0.537390827492904
0.572548581662543
0.509231962693387
0.668131970263326
0.638724790330371
0.411711181207087
0.378362463335754
0.791516192353441
0.429534585174666
2.58896301205056
1.20484135854471
0.662071890471677
0.687936122360862
1.37252496360833
1.36350714376168
0.604298277828775
2.79907882380247
0.389869936687525
0.913209572991106
0.714794997476577
0.746237532925364
0.566378076302456
0.516612124429741
0.48327833023294
0.889854336215705
0.772396752415056
0.658797361716102
0.979882106271981
0.340854384598884
1.11742268653413
0.569595432992592
0.976265393957766
0.601673641393876
0.584925591382076
0.433061360636915
1.66029980802819
1.16801250363624
0.579360085761542
0.900816735643638
1.08940954382955
0.492316311333806
0.46857570698394
1.02533329684688
0.722009935058206
0.631994408063114
0.804473249409082
0.480529978288726
0.517660622538131
1.43164400887195
0.534994513178598
0.632685568265172
0.333180707938958
0.605770255019405
0.636105735766303
1.34323968158476
1.03113770933727
0.344505886836967
0.622208499854393
1.41920856708377
0.473732402226012
0.462250628871515
1.01596854558975
0.646568650105481
0.717726031439033
0.490100995320647
0.874068232203765
0.328937089632266
0.494854452120268
1.19656822882521
0.441762190755643
1.74179095823506
1.10732305697339
1.01962122590071
1.11169702891135
0.447760982519841
0.735381719828318
0.242181464806539
0.805057025584951
0.297135082875216
0.807357161704457
0.359239446911375
1.02983192905773
0.791923815479564
0.907655057531762
0.715061951813443
0.498574405012798
1.34416749335963
1.36610062596887
1.22122130312058
1.22583496089337
0.557695218456755
0.642716381155527
0.501020121838379
1.24711878676625
1.07215247368987
2.20884573218828
0.893294697300039
0.904476656011368
0.645179383800796
0.789066227043694
0.952990388952511
0.909976845930926
1.72517140087987
0.394059662851102
0.792604883944072
0.482457360080979
1.09801285803952
0.973295622301086
0.607629564031354
0.955063034675797
0.477522701158106
0.811143251134444
1.4902480890947
0.855694892844638
0.621645414673096
0.746205761259199
0.934861366012086
0.538589199575523
0.591586252893363
0.761436159415771
0.873782198973784
0.518292488770203
0.302503370713675
0.485429815920618
0.64741121990061
0.589235723806417
0.939324957075145
0.726638420201029
0.474517818883687
0.662061710451889
0.548813274942462
0.387372950646597
0.70971569168525
0.418434325347094
0.358460062297948
1.20355543656541
1.31720441970877
0.589204687402538
0.618907891123614
1.58396442757317
0.386395979807903
0.590436985975088
0.443656990535305
0.817336855598226
0.544107814130841
0.762806298390034
0.345337198307072
0.377664524691558
0.432084216348161
0.472727663473582
1.27038341009893
0.595517044116928
0.917843775397402
0.275197987674421
0.606935650790973
1.12129662128547
0.621367832802539
1.10151472170997
0.87685735559553
0.737544167695655
1.1203586183284
0.747235692236627
0.694019307896576
0.564852889961204
0.406831109620692
0.82427739682605
1.15485856854392
0.588802550414903
0.743627124214171
0.22316023351013
0.532835402310449
1.44798609321515
1.00964333420707
0.525739097891267
0.421720276964921
1.18722467907383
0.430039279550534
0.71257715517899
1.47568674672593
0.563374006032187
0.840643778666081
0.650082514523018
1.28241216386426
1.50161506280233
1.48361358709074
0.782820786205701
0.735745287483415
0.784449349505959
0.497442662258141
1.02336680421229
1.19292720514745
0.339051206594703
0.705602431180565
1.01832463650083
0.396140468530813
0.360803226758432
0.74388497044177
1.52669641931848
0.844759976488368
0.854224848630463
0.622618312010907
0.607053901570685
0.865216429232439
0.9023092318279
0.75868866262534
0.451495528731562
0.468833779271454
1.42435605117764
0.92228028624589
0.681704634262151
0.716084529290545
0.585936490111515
0.768664533376435
0.645237348261933
1.11107328400083
0.591547480740822
0.711233490273841
1.50553068244676
0.595213764890984
0.749220911315425
0.91518059157989
0.646867657052647
1.09069269969867
0.747063683402417
0.493861342592884
0.515035276312749
1.07185787160688
0.393349711856287
0.48836610652754
0.703515959136082
0.632109074715625
0.620497017276202
0.763546722312157
0.726822628815624
0.794054883664397
0.510494567885517
0.871173439743174
0.239984113443509
0.669535232476237
0.68026921524796
1.73251321302628
0.851913688004957
0.311382095908936
0.466086739096851
0.771194770551971
0.599335914109465
0.689844508578868
0.322358285921109
0.805756638082919
0.698679461020724
0.883381613372111
2.40179260692635
0.273070098813957
0.723549228262496
0.429891125061728
0.909339364343361
0.982229621249006
0.654619552384294
1.79016124493861
0.892977304883351
0.832837484024602
0.945571140968667
0.500539227432743
0.567114157338852
1.15607495590806
0.370915132320143
0.883024282990391
0.599199165741137
0.498798108668719
0.342991786136424
0.614236047394202
0.37199830805663
0.72162531199243
0.447092887598704
0.780868191841411
0.610734463508592
0.591347583096647
1.22463981528166
0.751628781423445
0.46585864195916
0.463620466305914
0.43385578344788
0.949814272281161
0.81054211759872
0.896409228125596
1.64188426583952
0.517520502970242
0.623041092951448
0.975163854676978
0.674755625941612
1.04290624961381
0.383391193539514
0.346808423046282
0.805387694611593
0.768430627540159
1.46793186083003
1.11981047595463
1.18034607105816
1.32483485550734
0.91949370819117
0.480181662774674
0.38201396720941
0.581518430451056
1.09346603413694
0.927672049724595
0.456231494101625
0.964412164756757
0.939825959838886
0.289236360493419
0.557637292725278
0.582254355996413
0.322079870498718
1.27578756283068
0.679806892968674
1.48470863874098
1.87870178986081
2.04664585130127
0.590304015499274
0.419546441767804
0.624601886424979
0.428094112235634
0.683540810477027
0.597791645866766
0.4945412137199
0.630982328791168
0.772017027997895
0.365824504245279
1.43278381942747
1.11861030227368
0.508917474134163
1.18109858001163
0.85789903881844
0.236358444238381
0.781646307844202
0.8363343471841
0.943088478071793
0.348770965104337
0.724216114663313
1.1898343578031
0.226261003720672
0.425735920912758
2.38002124176754
0.774907707347119
0.69656242185954
1.18708464591485
0.393724629922821
0.40667528381534
0.831330487500514
0.682992211081545
1.31738602485568
1.27905163144914
0.817110800281781
0.913693194969676
0.852493117661393
1.87602483094887
2.26662398531965
0.809026049418989
0.618194547657649
0.631565398018108
0.357958639958896
0.860738084831827
0.564971894668927
0.356102519845476
0.769234012027801
1.12595744572216
1.01530179955312
1.66036286675983
1.45406223699209
0.94232175075783
0.899146694803976
2.48226364513536
1.04202754246599
0.616100783243082
0.917193210832086
1.00436837064982
0.576931204946609
0.943467531237288
0.679583482100851
0.560496013177026
0.979500906265354
0.813232347814722
0.427072856007101
0.644015236074849
1.32024276761666
0.489390695688849
0.90126882905231
0.521136448936192
0.711754704410348
1.35113711528246
0.964239905288517
1.50935512704096
1.25872679103875
0.603695764773663
0.426033093177375
1.03858205183118
0.533896491331997
0.431243997626738
0.421618252109288
0.703119934229813
0.693286718544972
1.73197396162632
1.2512196739606
1.28108258083446
0.481785221014206
0.842048476263032
0.386738225145747
1.99971207100615
0.645613138890527
0.463093988311769
0.813579550057972
1.39031075991567
0.897713965214294
0.778862350062872
0.541519325374178
0.632865956952727
0.712762913811498
0.60330234929681
1.2833762051634
0.44978501239517
0.524013466187031
2.0972233913451
0.771146467491614
1.76754123312155
1.05836103998478
0.537309119409118
0.495513708378119
0.563235923912061
0.80411224655356
0.689687512090085
0.64831437307022
0.214642824334553
1.12363278540966
0.806738577994154
0.958097154454785
0.730173010715604
0.571511910255557
0.463969255369007
0.42755682721583
0.782135436343442
0.525348222780924
0.398091050005707
0.815192905755405
1.14683702713127
0.285428567506771
0.644788642963251
0.570687997286435
1.20919692949059
2.04339394396508
0.630411088012507
0.416696729642829
0.503111276758463
0.329685042807554
1.02668661628707
0.56133783770318
0.987505839832865
0.206937272767465
0.769229284014888
0.712777538199963
0.560810909941925
1.28924060047395
0.306333868261135
0.460100654228051
0.708410708766355
0.423154321313906
0.465704963501277
1.51263834526032
0.807034375669691
0.439301997580951
0.271680720620208
0.763295191576379
1.08823637778703
0.858437295536232
0.442871849608187
0.929678859345969
1.94714869243802
0.495778383070723
0.565553499812124
0.715460404619078
0.691198072212402
1.33404117959711
1.92238499611522
0.982292227816411
1.11850520322575
0.933905846243012
0.765104362825633
0.7289452559071
0.438537386447436
0.525868413406821
0.410363171255972
0.813675335893733
1.22124267684717
0.633459302339493
0.684013717805843
0.346328083377195
1.19126425517982
0.583136161663219
0.814647363843061
0.533675917961575
0.538722530786117
0.778374425805913
0.774686483656031
1.88118330845919
0.625322327516259
0.440263228585399
0.856175720359613
0.855352702606613
0.336919702294574
1.05547142166278
0.677883663514472
0.571124985605516
0.671759384678646
0.562850071200933
0.943626995763643
1.12527942083824
0.983260480942204
0.807641246924015
2.19450828437979
1.00803633253554
0.547049806976611
0.505039557964677
1.40223069242052
0.418093610392728
0.933850324662463
0.426587848273928
0.488012324804021
0.863064261795197
0.686835481835358
1.42524338490563
1.36376213412428
0.54175240315152
1.18669084122173
0.689061717650369
0.871815087912676
0.426789112019858
0.399241116715838
0.50814100174912
1.61586140762066
1.01382817182676
1.41798811359687
0.609336422861188
0.497542720914703
0.710651265376272
0.662941080830152
0.520650803904927
0.478192166108937
0.462545412978605
0.444845493838537
0.846100466951464
0.629648577327312
0.487819039749158
0.237282554838327
0.248695806066364
0.410771085913353
0.964322448349871
1.61729602318174
1.11679199258591
1.58993084635342
0.503746770298899
0.554335347522762
0.671745187655173
0.666126545186352
0.781394254341801
0.42013232673979
1.2724298883568
0.437178333344892
0.210065615411877
0.194557405786556
0.79871366947038
0.945841728296139
0.457688122944223
0.326095530056572
0.680572261287319
0.798526180811356
1.40517259196962
0.563682943525783
0.772396366669808
0.225139816133938
1.2698937638032
0.839168599494765
0.813838595762574
0.409917485944572
1.03308048994936
0.637354258825525
0.611983224674941
0.727175123601106
1.35734076101574
0.917766531329932
0.765386010666867
1.13766093194972
0.294951284047218
0.76155388362785
0.851468819141553
0.456773832888252
0.662122961957149
0.594573238155332
0.709407513926889
0.748439343240878
0.561686488376741
0.603866417027853
1.65919354070875
0.688791122248998
0.560406501957133
0.536460954707413
0.592207640543025
0.731104145371736
0.324708863278963
0.775794772985547
1.42925067014005
0.825161195764989
0.409739424424966
1.00248531544357
0.385384440729899
0.504730872758489
0.842802075581706
0.821060492418657
0.427998656618195
0.208817452127475
1.51568973089664
0.729635966758312
1.43699050002797
0.456043829696099
0.713547216795517
0.400208914166346
0.442709683665929
0.429711917602034
1.25538217628363
1.45457983286001
1.01241137485241
0.705555230687877
0.771023295993984
0.771697335470344
0.231959440287487
0.576907208385724
0.796932987088039
0.462483462853645
0.660367126969125
1.52705427504333
1.02902364515818
0.484703033978806
1.21878359730128
2.19121897302534
0.640768968088954
0.741171129817026
0.438656151883276
1.07866690166704
0.722585792740482
0.765681852636006
0.478612214894505
0.419911908863766
0.803430039620901
0.727163219048275
0.697840708293354
0.514269221888548
1.56935679716262
0.620525014352194
0.6997285894499
0.503058431925974
0.531038757311571
0.576296671071396
0.576625298685243
0.926281119650146
0.422602094686608
0.758760104355663
0.456548051020622
0.53516411538768
0.618454512141642
0.490865889771216
0.621771241202482
0.683067679407497
1.25621732186927
0.412582227921119
0.61976975060938
0.762928665885699
0.581162922032296
0.468070409265304
1.19991039403497
0.541714586417527
1.32680534043231
0.477036909495258
1.07309093104468
0.906608996881662
0.775653132695414
1.58488088749922
0.48792626390917
0.745589583481831
0.673344467251325
0.802172779551626
0.818596835031661
0.627840625603715
0.572389369009768
0.55860557541712
0.32135830166773
0.214885613142633
0.488944372513865
0.501563979143153
0.673534817333815
0.716745580046787
0.555115076694985
0.455796785324178
0.44452257724006
1.43704773833302
1.23055729939374
1.4638668291475
0.69269344419634
0.395647960081875
0.839289299880934
0.783199549123706
1.2169130392764
2.76978664484785
1.27832969912805
1.14858176882007
0.579897206500723
0.438785348615634
1.30984916216165
0.644618393591639
0.306675137484656
0.577420823729749
0.559764380371738
0.546924009190163
1.0435656756151
0.597022613782337
0.87475047167247
0.869889142795438
0.617341836488635
0.853275078750832
0.645626220504188
1.12800632897714
0.817713931472486
0.775315810384264
0.642851436000222
0.393798645608318
1.54053427952837
1.91606894060644
0.998072183118688
0.654027546592155
0.642199352924546
0.96887514610764
0.732044039915878
0.612742848497231
1.44047867190622
1.16575213764302
0.674092705328741
0.269691175092246
0.642852141853322
0.881462033750968
0.529174118660578
0.716312588963166
0.875022915847613
1.19128881042282
0.621357362526358
0.580313464598726
0.491743462238094
0.584554887171833
0.946641235352814
0.62029876094975
0.630201866067838
0.804303359674009
0.499470450329953
0.522278068168223
0.412509149626888
0.993412399806794
0.824680662002247
0.525927168336406
0.568914970028215
1.46729601048003
0.49741143411733
0.365097865154474
0.69058370840448
0.68133982716807
0.648093784050948
0.581466420408695
0.428969087679842
0.408337044124507
0.598155945482681
0.547737510058299
1.45751699734822
0.992397459846073
0.579808457836354
0.62735336709015
0.707017805390058
0.69303580709537
0.314781828703289
0.524305509631368
0.470051365869873
0.587663959066857
0.96961251821344
0.408296705411405
1.21506366219479
0.466461377704588
0.648336379044852
0.711251619944822
0.790030373194569
0.855744256046777
1.32133907580465
0.778912702155302
0.787753130861361
0.418254774817469
0.547160352071589
0.370321166777138
0.760831955220822
0.656296444500566
1.00854391239826
0.667849839871804
0.306829664518706
0.293125859310266
0.61162513754202
0.412472611159137
0.615023520400832
0.717780413054648
1.21294904023529
1.21400847180442
0.681884146086246
1.03780577547348
0.950147636859954
0.669819123631154
0.8046176089216
0.442357918237821
0.656437424341308
1.15129039960934
0.699382353414978
0.51437965570385
0.793460294013298
0.725437761021057
1.17359007693102
0.436086470615475
0.928765783248635
0.496964606876726
0.875998396503088
0.777038020666475
0.560024550591726
0.977397894501734
0.742783968756271
0.426844984326884
0.504513816681897
0.390868112920879
1.0111409674431
0.619832668129888
1.1936638500623
0.679018249863602
0.275524044035965
0.696464098711869
0.686379664741964
0.732810615212947
1.49791327517179
0.691368764964619
0.79561233971049
0.344923173075682
0.830498453292175
0.669718909156292
0.71738142185793
1.07320157486635
0.743181824234064
1.29151959496863
0.565012568236059
0.312567159949321
0.424152719060415
0.892442693607056
0.745271493021137
0.705226692182364
0.845798479745665
0.460042167192268
0.786291107481305
1.22046890825315
1.09292216037992
0.755438514828068
0.605146071335128
0.56121621530634
0.444912423833346
0.403109717257465
0.45720544761075
0.904644503173088
0.600602907301511
0.447424765790278
0.301799770725196
0.755748016299476
1.03813510568275
0.632462247408119
0.893783026393905
0.430390693756074
1.16475232264209
0.723010590782148
0.533385570954742
0.797588145403987
0.786060744888003
0.711104151031594
1.10636277559305
0.714264617828196
0.414154334704175
1.15285201323413
1.15741611846244
0.512814100797355
0.314956714569994
0.269998357668113
0.717077520612904
1.1174998647073
1.18049972228668
0.644347496600803
0.392130729668274
0.525603865377044
0.73686399576743
1.83253615356888
1.87214349032616
0.667118447564966
0.934457822126082
0.594192573056903
0.426666928362665
0.595482706133569
0.56828875601294
1.51156422734339
0.655643222503348
0.208391296675505
0.551910018079531
0.443076387911309
0.651257030006259
0.330502850846983
1.67988162047051
1.23735728143043
0.651056328500083
0.637849645569639
0.802256297914804
0.343735261255269
1.03350136108141
0.845424963761239
0.566387171060361
1.02681200216702
0.351902045738088
0.680454885542827
0.502973801246321
1.25904572921794
0.362747825229844
0.438279020004018
0.996515042811255
0.696514137777672
0.366706264845537
0.839366206150301
0.780185360681329
0.699024849472626
0.730218430377382
1.09499190549737
0.552127650206105
1.88037570349707
0.708930181184376
1.17451130331147
0.901392847138111
0.72748910770027
0.54062660039314
0.705167992988674
1.05887742232238
0.650272872924895
0.967644095306726
0.453758292337744
0.858678785595398
0.433746048161992
0.604582109813464
0.877714463296103
0.782989369007496
0.748219856677939
0.960688835657419
0.433570144689578
0.569193626094549
0.638478335550964
0.863368261704683
0.348071286368254
0.531281300373214
1.36061575492161
0.396676522430996
0.352552076228954
2.00737959898583
0.968634678845683
0.877386835327966
0.59163782443359
0.154144156458082
0.546762146665146
0.608944371039384
0.823745218021759
0.372511833024656
1.00766876085601
0.794146399002554
0.88681972858295
0.80997020124173
1.19007516145814
0.557689227488843
0.50063566755301
1.09867649599025
0.576075420440716
1.59568882610983
1.11938056463387
0.165395049446756
0.963877151034477
0.442680151965904
0.794165573457077
0.340420505285209
0.691296255714099
0.471389050688326
0.416971259009871
0.595859512858628
0.391360461943511
1.01084831681937
1.03337789177154
1.29071390329693
0.508550113075427
0.638345876469231
0.557091376626218
0.902776799424375
0.83014081130193
1.8767979019562
0.566113128742172
0.916428121340826
0.430886930447456
1.4400191474732
1.30713487974813
1.12613089695289
0.355885449770855
1.47500209315042
0.799957161755139
2.0596984706503
0.393424101664709
1.30079391957425
0.405471177635845
0.804577490038902
0.871181919903102
0.444509375668078
0.727232337487658
0.952280177420465
0.791193169410799
0.872875784572073
0.46092945171793
0.462970015491066
0.530211762084458
0.546540641320653
0.992213133763169
0.489733991882933
0.595245869722977
0.387635358912066
1.11142429714338
0.801621406603651
0.56788603463637
0.477284231141677
1.35688594349509
0.549305305538538
1.07589181201
1.49961143233518
0.279867046598623
0.627342819949936
0.482993734765086
0.435749817330213
0.652401106494108
0.265428751288355
0.392849351080119
0.475682587737554
0.383442200130228
0.487408834935019
0.496906570950323
0.755341809418919
0.414072809439888
0.427011562942173
0.691209452671383
0.492175532592504
0.888616793265442
0.420830442480095
0.423754440054332
1.18242594847713
0.644026423828194
0.779890621771004
0.811831985163794
0.443461868661415
0.307499646284777
0.859955916125914
0.553439036733866
0.840194933718665
0.595147724066418
1.01996768669948
0.422871022950088
0.845161520647049
0.751037269242886
0.455310832496335
0.762486551645743
0.881471952940737
0.487985352326792
1.14636111627986
1.01934649979479
0.295102437879651
0.666433951120481
0.87140133391247
0.662127997808894
0.558487265275708
0.602246443522296
0.487593077943163
0.794544102525681
0.786454174376147
0.413298218775306
0.664972163419352
0.600179559795135
0.80779687933613
0.747693821302385
0.43678536771662
1.0916244267881
0.676472211302305
1.06291480847497
0.826237696278082
0.489984224138932
0.884819746705238
0.386495985624015
1.28329540056408
0.754166308605398
0.707924610346517
0.633159565837894
1.2501869884971
1.79048389329093
1.97992861413302
1.05720630242465
0.388597796380108
0.650871863478152
0.69660869872775
0.230048901860904
0.609100148862587
0.686375877869794
0.446301496835934
0.651614555764834
0.789907324326943
1.53251760237017
0.808479706412559
0.628969882007824
1.59290786922915
0.782169545944005
0.635388054862095
0.591880729185666
1.26516584199296
0.520737662226026
0.698422809268868
0.159412091221133
0.588042133392593
0.904360323071473
0.691881165464158
0.296653045733594
0.598465569401315
0.985275198914202
0.643100025512193
0.501450532274523
1.13685978106296
0.558587145001107
0.443872694652732
0.594001712205168
1.76138516923277
1.15819859549078
0.96186264549751
0.429380575017818
0.341973051486529
0.719928163454584
1.2189713087007
0.903644528703513
0.950568756372945
0.704431249363147
0.585570088122459
0.398256995110406
0.601836769007424
1.32864406814374
0.502667294684403
0.435234823246992
0.400882808411837
0.45194382466834
0.525612528545124
0.647245939923249
0.47642045495944
0.495117612521203
0.67909897291546
0.713825850485281
0.568351003987399
0.461712212779271
0.407734882975474
0.438689637422319
1.24427598496295
0.510450778752791
0.746821370998877
0.751240936972141
0.576443081478172
0.411004942164801
1.37695256384216
0.693738256747286
0.606958186794136
1.42362708370468
1.0746577435615
0.508841914058923
0.764984851045076
0.697093929553485
0.548114794734738
0.807003654889939
0.260878387767936
0.557717033399819
0.709865806552982
0.374626133754115
0.992654387179933
0.305365391124451
0.537011259054193
0.69509483842568
1.02550880827842
0.770218323695717
1.38314306779341
0.811203436019603
0.690600236867064
0.672319370116243
1.11789999825562
0.409953047352025
0.35239546943263
0.727425868951669
0.998076344689943
1.08179271394869
0.315000448850748
1.30197603223229
0.381804269975056
0.520262830899639
0.540656908351205
0.925539468619895
1.15861297107877
0.544248499223941
0.682279535071381
0.347983420770614
0.321928402686638
0.625776296819458
0.540519551568881
0.014083526700295
0.900275862445016
1.61209907013474
0.837973510069301
1.70854515701533
0.582942703580538
0.491125925075536
0.903010358493241
0.970301295012499
0.351294469896644
0.424487851340667
1.39247206428519
1.36339210866153
0.868458379467495
0.67746089729566
1.4129938772811
0.517523357480188
1.71287224529342
0.834372090328603
0.40700254948878
0.741531329323254
0.740851283696991
0.462941484950992
0.661723568632122
0.888706462022201
0.352202711432375
1.33918951186681
1.34417384567883
0.621784134026944
0.351354581278376
0.691688633665753
0.930203068471718
0.508656161198038
0.855314804290485
0.761099794687209
0.738667667491667
0.732461491686319
0.743662660653594
0.787239558412019
0.781868316202346
0.858674974945875
1.12775481666485
0.607231059557805
1.23036036045146
0.410303447100428
0.396014902151773
1.10201219042004
0.521346110402806
1.77465535266556
1.0947590361
0.832165836330598
0.575904187560237
1.01957530664696
0.663628465104339
0.456644116915666
1.60548849743769
1.2089439590418
0.350280418609137
0.662282918188789
1.09433193103031
0.62289318586451
1.07518663608041
0.605615499827961
0.502023132385036
0.815030782426935
0.501515462817736
0.748325165335111
1.96150820671875
1.27151689485711
0.56840747456543
1.22611239371536
0.493980138057362
0.682302145983091
0.289126565957074
0.732279059824541
0.776678197398831
0.484015466290146
0.332024797260909
0.344078641078603
0.617496665212329
0.980644370376918
0.901240922005377
0.848869234937753
1.08124791348344
1.09807327592179
0.554214284029351
0.567380969917275
0.912451443560001
0.676384189460516
0.940295873556064
0.655543998297533
0.620106345686776
0.399809485025864
0.569088788798442
0.686000214172715
0.488775518193405
1.22429582628745
0.592261239173631
0.682365750313552
0.488951260607026
0.365807118529225
0.671319461631532
0.6103629042671
0.766358212423855
1.09492212699274
0.510002922600375
0.35524438225674
0.787068451156433
0.811311946392228
0.523031081784484
0.668962260555334
0.707438711979372
1.10576812168727
0.927893943300401
1.39281939616564
1.33382621481432
0.627441878777104
1.16117556914907
0.368109779035218
1.01258795850988
0.632088802038627
0.466994887221474
1.29832768107251
0.517438939259464
0.390990724863249
1.20196095609857
0.574734951740696
0.666360751670759
1.11802556480943
0.495366767706321
0.765543980249398
0.646643460072504
0.550217657350743
1.07950088779214
1.0656878998556
0.740510502180044
1.35574933496486
0.782758869164129
0.681648900457667
0.650794965827562
0.372401426288992
0.453628891891461
0.382216255907278
0.546094193039319
0.797728234886794
0.93166142076365
0.594782356341885
0.555044709563132
0.763076085820059
0.408215754549347
0.804201207972597
1.0936276321829
0.982124451351541
0.634153406931346
1.61045413955873
0.677328786782134
0.873774037466843
0.530174503231357
0.699127025451041
1.12374728915767
0.963666159748798
0.669370591303019
0.395185032461827
0.71472088480302
0.88242635082425
0.641781300018972
0.601786357753575
0.660252072342767
0.326877022619693
1.56029177843534
0.606639359757318
1.34483278291789
0.373278127453075
0.936952619861841
0.939283869480145
1.33871273664961
0.626960710771634
0.959515546385441
1.04355824854383
0.784270930678304
0.595592655062433
0.639672423491112
0.688830456416984
0.381643316817087
1.512210607015
0.537025330117561
1.44335310093794
0.655456074702346
0.554929621971459
0.213168234838758
0.580752139861797
1.21390778250572
0.649152734089677
1.19740062875139
0.370431730470006
1.04536243459807
0.7896197176045
0.523776155492704
0.969205912493309
0.729491289786637
0.702186536284682
0.328655011655125
1.07805883026404
1.19582493319413
0.232442173684513
1.81986237029434
0.495194030624594
0.67383303487147
1.49015697365249
0.411054054563318
0.558182404734094
0.436817497951546
0.560107837415039
0.529963464937123
1.02031894968278
1.10852702218064
0.651923784426641
0.809149288516007
0.506340431500114
0.219358366397697
1.09567345986402
0.495642652626884
0.565711509476235
0.589080856301517
0.338745002265718
1.07911416712518
1.12750045246033
0.516951095192037
0.707525465344289
0.714192906389435
0.805427908412179
0.271286628900648
0.882917799172902
1.44685811787431
0.464619951910503
0.699335431273573
0.694365805103765
0.884461520164839
0.559883552571219
1.20916450672406
0.688540363205146
0.687849295766201
0.741458572759866
0.493914403455184
0.608236629508003
0.684216619796318
0.768588468532962
0.893959168000105
0.914699092075651
0.619567147472929
0.824119531276206
0.620275232148418
0.428357510668563
1.03213784531079
0.467722619126214
1.24784903446328
0.195716829657191
0.467415434913348
0.541143446431773
0.526123773123112
0.786883979319176
0.68158563203804
0.41208298654353
0.606934808273567
0.417979494982529
0.630704617677211
0.584690877806099
0.252722588846877
0.630644832980238
0.812725825844979
1.07747606155346
1.04175967756488
0.721625505590791
0.468678929495229
0.951367487997304
0.29456112252794
0.566362540868301
0.946346519018458
0.261883139754363
0.934377358737432
0.600105807417074
0.471106048024392
0.687615760001115
1.09653481226694
0.815923452078946
0.896757475461612
1.09555478870612
1.57144881942837
0.592995304315954
1.6025530698344
2.85886550450189
1.08603886716549
1.00260564413245
0.802601186488435
1.44452567105789
0.869552883361108
0.759449813321769
0.872096711262149
1.06433228186243
0.419045835931703
0.540528895189849
0.634009920808568
1.05569003952104
0.52233232216988
1.75657045593836
3.32259736200416
0.417455839803779
0.340438505811673
0.452417495566507
0.460071784654582
0.407355938064942
0.850335194942205
0.824253900945166
0.410817724976033
0.33716553611096
1.51691882194055
0.608631413019323
1.42075458451652
0.340259305062253
0.17341952902711
0.967418991159237
0.323502812073987
0.549476976007429
0.55917705081055
0.63076213272504
0.675486222806295
0.6248644159713
1.0902916671828
0.515001974013565
0.935295572129692
0.569294604425014
0.438725376823745
1.04264334274038
0.479373522376468
0.746015627774228
0.568028984157526
0.883149283358584
0.537542886594916
0.693941793626523
1.50384497425801
0.879216229283293
0.725953265308823
0.751268295537698
0.849518490310764
0.588340690137933
0.677556852884712
0.543621989639538
0.981415999167341
0.963880697253962
0.783021283951394
0.428691691778486
0.212529579637422
0.56173570380656
0.487501698066481
1.00783271747634
0.441521267036873
0.942149776984856
0.554876439955244
0.71672531954706
0.36414760665723
0.73760026196913
0.451127206076348
0.646787219804518
0.897554867436116
0.571670606912531
1.9815280733382
0.214906374723614
0.825054275850642
0.788444685446785
0.883453069177645
0.900514563943236
0.877440763031056
0.562492287623509
0.702662525768885
0.300334755671005
0.930723428040133
0.66040232164893
2.74861178161622
0.473183008417678
0.460662406506783
0.624660883678016
0.534977880549334
0.510554798865649
0.555700833421889
0.524309190178564
1.29556024651826
0.697843841043585
1.45021726292301
1.43805634389596
1.3722295057079
0.513837361866055
0.920194444425425
0.612399577843882
0.670890529440601
0.454764859260005
0.432557441252203
0.843796531386281
1.08269217847883
0.965132330472632
0.536056086973892
0.520296935529614
1.3096545466644
2.07310754315909
0.558484558015855
0.578098524505986
0.370408538919964
0.578250425261351
0.381302060095985
0.854089293535357
0.749721726476958
2.27124857684766
0.68682939099403
1.92269863866989
0.682726892579326
0.784840433398819
0.494773284554407
0.619269914392542
0.753570007678455
0.432749240616065
0.766264251185402
0.850487887444658
0.421716595898443
0.510447721222942
0.535358470169346
0.577913757919564
0.932585443698043
0.306455672953907
0.785047160123072
0.445626992175181
0.733152367266367
0.947064113419431
0.674388386387621
0.658402545560087
0.69782489228346
0.957373150925681
0.492444611640277
0.659794256790268
0.749681283549597
0.73794858564286
0.518524965328882
0.698480118839558
1.19305353976088
0.701536519950725
0.668967538156211
0.477379739393515
0.694744473150233
0.471048062181583
0.460195111321548
0.403133349555403
0.549895296483038
0.611167943332154
1.40718949819706
2.4393145911
0.492696372184434
1.22113309875455
0.660895204425069
0.766573932018154
0.615798682385739
1.2702813145672
0.738277033456044
0.510536004369664
0.410078959827766
0.483295196416786
1.59618803600286
0.592702394800631
0.841638741441854
0.4016467428143
1.5573836324796
0.73358631799905
0.863100730197488
0.574894183389851
0.546051007055362
0.705775573253249
1.23693757092179
0.594261567626318
0.317549209154605
0.894849804761917
0.707402206199336
0.82713250814796
0.898797042585592
0.55473355250548
0.775058284596867
0.307265388222214
0.367333907416885
0.520995354912369
0.692549292583894
0.665974330436113
1.86322625337911
1.21321795666021
0.479884239752611
0.468854956314443
0.45122747401664
0.504925191033594
0.510341535482303
0.872970932635085
0.659736823630232
1.372951848509
0.586209324365995
1.774099805908
0.732823083639164
0.449711156259583
0.518254107885563
0.57299283636111
0.499269343671486
0.366813542764785
0.443750917104476
0.386541334153698
0.677714212731837
0.645224020107247
0.693376801577363
0.734024735695366
0.519794798739053
1.27014474785395
0.386183448368593
0.396736071481001
0.391980524058714
0.79084069380307
0.30731232896599
0.437386034480361
0.453560810251415
0.536575104570563
0.610408066009772
0.803236636511187
0.423977390060643
0.629072146130747
0.628166935643005
0.651648117012926
0.487787066985752
1.12384883587367
0.598890553232791
0.946787244130473
0.680102125801455
0.6511374196327
0.48630462562585
0.346633016504573
0.545611989431094
0.793786537467347
0.705402045089495
0.723244667115883
0.747343880676466
1.39120388021127
0.509556399445129
1.46818730267783
1.06031334159955
0.639290245246113
0.680447142874008
0.908867822097001
0.247539186065596
0.962918505209642
1.21141536772119
0.800237633999975
1.13174833548723
1.15185724354213
0.681327967935383
0.968713006520845
0.477904135985576
1.01741639147287
0.772153864033867
0.723179160383106
0.396618901823629
1.03392565789418
0.930740143458596
0.672790787075102
0.877196087122839
0.988119387311133
1.05597665252714
0.745425507273473
0.304954468450733
0.484790619773598
0.709773371804499
0.796181897277116
0.894303976950112
1.17962300743142
0.933096335076038
0.336823677823874
0.744355837423295
1.29747465176643
0.306337244968752
0.803547196000781
0.505475707367669
0.388318397348468
1.39097088054047
0.768224720303285
1.64716237403668
1.08614494062968
1.04093220467966
0.759648365424828
0.511404144378272
0.694745386943911
1.62836133010979
2.14636637950725
0.646145527985333
0.52024105450746
0.460171789091016
0.527502078085063
0.688282290948558
0.391334471827334
0.600391761582851
0.772433653566496
0.597346359224274
0.563584189616159
0.548110421842323
0.370256263586959
0.623936376057945
0.509687128260893
0.622342904763232
0.618498879767106
0.607565691793865
0.543097346400731
0.819715966184884
0.584928209979831
0.603671441519464
0.55070997024491
0.852410552089183
0.649740341810995
1.76131495302698
1.3096351266665
0.760993746656419
2.27368604546852
0.524816261247255
0.563348324130543
1.41326858877699
0.813381352377871
1.02487092538632
0.748629025425227
0.735290972330298
0.358314127891601
0.38222452976152
0.401031756364044
0.553505431964439
0.664018136134528
0.486974980951769
0.550058487297244
0.42178880651555
1.26557273379635
0.761260322893336
0.631316920415137
0.695444613492444
1.00849652035633
1.0605153466645
0.458806560724855
0.546435630373835
0.461160574914712
0.490696070504862
0.426228379873624
0.874110767630026
0.585617104731536
0.488969912837274
0.213019960734037
0.507918313532042
0.386934717582735
0.740753127022605
0.615452043743649
0.488907755512414
1.2708199455225
0.972351550402109
0.578555798156803
1.67838816589082
0.527610808281926
1.21462902461757
0.546105837155488
