47.6303036779801
56.4619541698245
56.7014582091377
46.7458968998457
51.0067876778356
43.3058909110016
51.9885217309778
56.9065574831194
49.6854185451769
45.8285555246744
57.1361581307715
55.5729320916336
46.3390307633584
49.7350200556347
54.192045227328
49.4293172402696
51.1135969252455
52.860280924783
58.5326863529752
56.2572445568526
47.1194351918249
60.5851204543604
49.0446340368421
54.4129045172685
50.5848056638271
56.3044572285463
51.5213769162688
49.4087750993071
49.1159848525404
50.683218176359
55.7030638018074
57.7626691965411
48.5612981513472
53.5681891899921
46.1292591650417
54.9976210130552
48.4670240749452
52.2901652322788
55.0637103133869
45.2476483779757
52.6272508306201
53.8668422453689
44.5519566438103
46.1572299619097
45.2788103984698
54.1036602508743
60.5476331104747
54.6984195427556
52.5075178244549
55.2980267246272
49.0937862814334
48.2254466520614
48.0068973369198
53.6546025407315
58.6106787610921
53.3733276820783
43.2090644344799
50.7644290189349
43.4881245480407
47.5115141221697
59.7032659014194
59.8588472517578
52.6359513800325
52.3968989966258
59.626404133729
50.8976088176465
56.0218196413414
50.5126475780046
48.4321594054314
51.7205054013848
47.9088979753479
50.0893669610589
54.3851911937507
45.4569955998348
49.3626155415921
47.6648957481903
51.1307438445057
48.3772999440256
44.483718646924
46.2325537860538
46.4576809530896
47.4710189096774
52.5358623437127
54.0667609963058
50.2388185560202
56.7419484476418
50.9427847960714
47.6262566820563
49.1189669933428
48.0987039857579
44.2124340166652
53.862537254191
51.4857253228259
57.6765922108425
52.2346745454842
55.5874048313164
47.8187605377066
48.7257057660496
44.8839549263071
44.259307556068
57.7631738484696
60.4290480748304
55.424750882562
50.9785069358497
50.3323264797314
47.1915501683534
52.6639110414357
52.660390847594
50.2125705485585
47.4765739852478
46.1911689766087
49.3989182504011
47.7317128951786
52.8940197688822
52.4607234017046
52.0882315978447
46.0280714933587
49.4874295795705
48.2452513150079
51.1581792185942
46.0846124410508
48.4109510668024
46.389231464537
49.7971497951621
49.5487939247706
42.7674849883047
50.2174573405021
46.6717596853563
57.3460775823695
52.2387375961262
45.6679272365762
52.7577017053144
54.1852932932925
50.2131358387389
60.3528896829823
46.116657007336
46.4645269512733
56.6817738196455
47.8637136771626
47.7613065042029
44.1021633633424
45.2467343332804
54.2621664598271
51.0863720158237
46.5755632251848
44.8019289943031
49.5792434372855
56.7271574571482
55.1985647844563
58.6271310091201
50.4473985763562
46.103355482937
52.7815589668707
57.6031271713208
45.2580185032069
56.1220857815399
47.41125755218
46.4631953788136
47.2486668197198
52.1415088839954
53.577883439977
48.2328115572823
49.0496620463582
55.2708516096033
50.2799570687353
47.8999703970425
59.8121404750956
54.0841748800171
47.5018009857583
49.1530426158493
50.0975746235031
46.8769918324508
44.9108635409878
43.2760458965335
48.1688965812539
51.8599767494776
48.3728400045199
49.1588868922244
51.0183492910459
57.5904327562262
47.649083583582
49.6800761670166
51.1727854055894
52.8665220565706
48.0437597632516
50.6481350920534
49.8274257306788
48.0561138752563
52.5993950706491
51.2445233658593
56.273689855648
50.0591822921553
47.1679268060766
49.8696184022674
51.2170744613178
48.1174174599417
53.1746448942297
50.3652439539252
51.6037575549127
47.8211657729821
43.6630295304251
50.9737059214015
50.0771390181768
56.4529916616842
50.3761308391515
53.622641366393
50.2917459442324
50.4394739887228
47.7422570910108
65.9061964798772
50.9777158030359
49.6767809394027
61.1634738025428
47.7779920139933
49.475863178457
47.8218908491606
50.4596280235653
64.0084500542965
54.6175969599308
45.6666249170484
65.365021160568
48.7941016510056
45.3772666072237
48.0010077269059
54.9391024404795
50.6456163692167
54.5153040485875
50.744569179178
50.2742350516795
55.1268609410365
48.7982085218894
55.2864237981835
52.3380979909567
54.1679215390575
49.4878393249663
48.6342621056526
45.9507338739902
52.4968666970275
47.2924387068657
50.6567025858763
51.0560240573577
49.4093443130485
51.4116003910369
51.6598762975471
49.6727594785394
51.2469985223309
51.373248988355
50.7846181662366
51.0565729052485
47.7297293441971
46.283032094027
53.2221112747374
54.1542115741576
52.6192076735059
46.3289420132411
46.1828906342802
46.7242603159531
50.9266309577655
46.3558830235383
51.7749347285594
55.0504611043532
48.0926045490628
49.8078781498907
55.7826567589194
45.7788200311651
52.2535734846123
49.2956382063733
46.2150825154853
54.9871333172198
49.7576214863409
48.7978341879597
59.3821802067996
58.4312965140132
67.5713683473301
46.2023614021972
57.9437052571384
56.8077324285843
53.7186920468731
49.2983719686452
50.1364750959292
58.7040915891443
54.2002186652467
60.500517616221
45.2094472584973
49.0415561424495
63.0063605757867
48.0947701509067
48.9282764426353
51.3609920115316
48.754154132126
47.2176102649571
44.7558084234868
47.0870885045306
55.7600291862846
57.0707214736479
46.3143810955635
47.1033370338994
46.4416232667344
47.8359745653575
58.468920498194
48.2997102746625
56.2825397856396
49.2472739032968
52.4384563847875
53.896730647881
51.3223359947415
48.6970876524828
53.3323719701796
52.2608125966696
47.356608868689
50.5454578574376
49.8658641337318
55.62293843067
52.4756213181949
51.9803518291021
46.9568434826698
48.0020900887822
51.7584888596154
57.7625498531876
54.9020896889251
55.7149304603348
48.2285159782569
48.3310169674322
66.0314349222228
51.3199442938593
46.3525892225104
51.1087690235984
54.9070258099287
49.9947041659086
61.1902036572109
50.4859849192981
50.325960728969
63.8550008680058
44.8855478886366
51.0765106683833
56.7260083557451
59.1264931018797
51.1899091042351
48.7323643077687
51.3715120022619
49.8056873314417
47.3805062342561
50.2866467831019
55.0753117512891
54.8596099234893
53.7360155231363
60.6646618941187
55.0080511655733
51.3926692639505
55.6480849646444
49.9115542341877
48.2561996281091
46.5543806849058
44.2504765428334
51.2552401281862
52.6406241256888
49.3557055581483
48.8011137480831
46.1909901875082
55.15653521284
50.2233025637926
48.6012833305741
51.2872949790416
49.6710945568921
49.0830174103039
48.3815575472609
47.873226874744
49.5913047307236
51.911466963213
52.2034012947005
56.1299320625183
45.2814630290834
48.8084938221629
53.0394239885974
47.17949959418
46.5604628992221
44.0641024082752
50.1151337131876
54.0544470331703
54.3881915711537
50.7628379267604
46.6051027614259
51.5217761600047
46.9955323301808
50.4391095568197
44.580401982064
49.3668541522376
45.5413179053099
62.1869196526777
44.915065855268
47.0300178362959
46.2018993328612
47.9416303778255
45.6213579044657
49.2102750401333
55.7248104201495
47.2671944961118
52.5720552595682
48.6996028871478
45.2670636312009
47.4983276991576
47.1353958835678
48.5817537896061
48.4779108416756
49.0493988542198
46.8668744849703
56.119568260275
52.6786787295979
49.657747029378
49.5340752860295
48.9000157539038
54.2783660415146
53.8014739190183
45.9660081049381
51.4313613548638
45.4559129924047
52.5302977259655
42.8472507937379
49.6173936430734
52.1553342163776
51.5803745382365
54.854042485891
55.0858707806783
48.7620140584565
50.9585343661461
45.7834012388035
50.0181224853524
48.7784518215545
48.5875538626646
46.5747863405311
57.1936192163701
49.2218683645451
50.4168688477694
54.1090881999572
52.6790171718979
49.662392732807
53.97082417054
58.6953321241699
50.6928200279414
49.2992976823085
48.0230091257161
49.9938404374062
44.0914817862734
42.362732666055
47.633790726881
52.3612539184807
49.4126002794256
54.7074854267866
47.4314458827678
50.549540601541
47.9123664863472
51.0431012165212
48.3494962820353
48.1427004265455
49.1745394094212
52.0424030832573
52.2410177529554
49.4157193197249
46.7792970741959
44.0972756821985
48.8761802068899
50.6998404402944
54.0500716059174
49.7553498755543
53.1121147651128
49.5634645662849
58.0942848445766
48.2203116581787
48.7660721906587
47.2795657911149
51.3646272088915
54.4702259679939
56.1632585056511
49.5707120876701
49.5713146621849
49.3375822023935
46.3197359362582
45.4636325014598
52.0118658027956
44.5528206042851
54.7528465633311
60.209739535123
51.2645059060975
55.6520762328547
48.2085909997546
45.1086873080872
45.4812814571927
54.2473291910276
49.1915751557779
51.5137724900753
55.5357425240977
54.4999003755224
53.6401493516905
49.3194240523871
44.1696133298238
49.3928739921354
51.5942514502643
47.1644488549571
52.9306237242793
46.9406192783134
59.9986749629331
47.019671622687
46.3006373532508
52.5438848112887
47.4073028389479
53.837266616307
48.6240486786096
52.3020224708697
56.6075016256731
49.0534539676354
47.4798355638842
49.661377523767
44.2587931136653
52.7008259006513
50.2676573974273
49.7020075207339
49.6502030056168
53.9401054755678
44.2495259864118
50.5915383282625
64.9816647656604
53.1144796073998
49.3299326481108
48.0047780135916
45.104745691954
47.6646021626671
49.6244992873922
49.0311562305691
47.5020866838048
52.931429533842
49.7075856059867
50.1729301834611
49.8727879639974
46.9424422114815
61.9993211231447
46.5734972527109
47.5167152178779
49.0316761146207
52.8004477422782
44.2304746361336
46.3240094185686
48.4273490462784
44.6023910678099
53.3849085723644
55.1774593159312
49.1352780714708
46.1466039574229
64.2156003542886
47.2386182086748
53.5656032611762
47.2752350030263
47.7885917844133
51.3502125938128
46.2402194880376
46.8850584584224
60.3260114282393
49.891895982055
53.7294455230962
54.5654436270787
49.9073987474783
54.2165689103701
49.0008167359278
50.8816825566735
49.574511645595
49.1458093387299
46.0711198917765
53.4811512573011
56.6758221972778
58.984329495524
51.9511746929401
52.3646173430563
50.1453242922133
51.8440796328926
48.9404647336977
53.4922278049522
46.9221156173821
52.9059807654776
51.5101989386097
47.8187123914339
49.3242185850155
56.6130191135092
48.4332388401263
51.1206705693583
46.4175502020882
49.1088559150751
52.2592331614555
43.7573420087878
46.0078206688015
54.113775944121
58.0858382820638
45.4042008174372
50.6828762953951
49.0525945059138
49.8939019128896
49.9416924429299
50.5852687596486
62.8931253671606
55.5710715784433
51.1227152003661
45.680637145882
51.9253107754067
51.5698562811763
52.5286094338712
50.5577320583506
60.7591118244663
47.3246454226103
48.1364441744641
47.7475904807739
45.8231032889024
47.6210052180858
46.2800311372916
52.5396630480004
48.0977130689045
48.4278544061424
52.2111674782448
54.9019366079858
58.3859747234684
55.1292168877599
50.2025916441701
54.366254159551
47.961928182555
52.6288067241729
55.3524278743736
46.9600599634146
52.7728859981845
54.7252662908403
53.1784352901931
53.1226038364137
56.7232583934342
54.661872274636
42.0554400244036
48.2913356483993
49.3045537934454
44.6360922340365
49.037204638841
58.2506971736897
49.333377990669
63.3143670716534
52.4292032122181
53.6362464948499
50.7331346775523
51.0024344702587
45.4199497890744
48.2600725665498
48.5950747655583
48.5838701920761
55.9306528369968
45.4955605764996
45.0922466447106
46.2562962516618
51.0093140831503
54.7186479029632
49.8973568114153
47.7942441469322
48.6299628836801
55.113210940801
50.2766185034683
62.5900118204577
54.5522738261486
48.8702516254563
52.7869775752856
50.0420376830952
46.6105521307062
49.4718146463246
53.7894853411628
49.1075589967133
51.3881065342538
46.4515138374469
58.7473144810725
56.9523221361476
52.9409347517366
54.984030540469
48.6160424970673
50.4378751072848
43.9648807553799
47.3705341638544
46.0539278517566
44.8980414550732
55.4685093581845
55.4353929905846
56.7334437290301
46.4101329136969
49.9358919448708
50.376147081618
48.5608829430442
52.7658018760256
49.2436038079588
53.6827926797382
47.9837806167449
53.446705141228
49.765749885472
51.0118979355243
48.1976663575211
52.2556334508791
51.1397390748917
48.1807668380545
54.6365362142027
47.1830185515055
47.0370876329565
55.4236783066786
52.0272456072472
58.1386491479687
53.1597566016042
54.4417412246859
58.2821861608317
48.6904537572387
47.490026248403
52.0964931063918
56.2795505262829
46.7610931411363
46.9910171356206
46.038489911747
55.3046098866668
49.0800957536342
65.0978256635563
52.4526765371364
50.2778800005036
49.3463971495899
52.9041842409695
50.6411258823486
52.3208863437451
51.186809732635
55.5241421024195
48.8633673720608
55.7187927180008
50.2169772579706
51.033987711476
47.9478049985812
49.7521479095419
56.5137421763112
49.1559219118589
43.1640250377173
50.3466511133431
43.5185703796955
52.3734370383796
47.9571670547853
54.1966762568203
48.4810031385763
51.4290717068283
53.2029773698538
46.1614491934671
48.7205110078613
51.1230152617946
67.1134261603051
56.6045203671754
51.86208183419
45.40996963327
49.9890930866096
47.5530746825314
61.113667376804
53.7102894294891
54.9636679131679
50.7299778583273
53.1836167214253
47.7684913629254
54.5378262321153
54.5553788931278
46.9252661276279
53.4289492463257
52.7435205844754
45.2501106914211
50.083507141044
47.4030714078564
50.7656688474182
44.0474775435424
54.7374643285858
50.7678216246926
49.9615555423408
53.721432977205
54.4972240223266
46.6812323709855
51.236814316598
47.800171856925
50.0521802581506
48.6244508782477
53.9672951134232
44.4067625248247
48.0028055907458
45.7670382991918
53.4899264617275
43.1744804610628
47.7473824947223
46.4360113308583
46.5777865939805
48.1291307765886
48.134027134386
49.7755567847481
48.1927883315797
64.3600046015388
50.0062741023868
51.8259549010607
53.1660366927624
46.7147016480187
58.5154688239552
51.7963904795447
52.0004156244215
52.6538013062625
55.5095603290564
48.3714484076196
50.0119689234146
47.302787907043
49.6302968541753
50.6218908409304
46.6655196470812
49.3160538852201
48.7153108601917
48.5842000778456
48.8069556908139
50.919038646387
48.892433433105
50.8784234389262
55.2166545638566
50.1094413248767
59.1585550347788
56.6696358748548
56.40714520811
50.4273617303776
49.4812782772002
49.2284900802299
52.4372681774945
49.1303617093149
48.496304838007
54.7163216515266
49.5562890601845
54.9077764264959
59.4746500155498
50.9617418585828
47.3834437738094
48.7350338898331
43.2608267375023
54.5830554581983
47.8887297062587
48.9080971844964
48.1913556820364
47.2206641550694
54.2947955178801
58.5080757512419
57.1806694482086
58.3833009033062
54.1248174224154
56.3941210886166
49.6621673100676
54.8538380148443
47.7454644746841
52.5051443852706
51.8587858918525
49.0008319495845
46.9108630376024
46.9318481040093
46.825737567687
47.5242639859134
52.632488387188
59.4622010873134
46.7270589942058
51.9856409040332
57.1325952148808
45.3070974666174
46.7275193331499
49.6052770685473
60.4156514500506
53.5275221112105
51.991762998677
53.6902314893664
57.8775223075216
53.8083927474348
54.6402636514182
44.6019451136528
48.7874531806092
53.7832845085321
46.1529023404793
52.528663189688
47.7877602294686
49.1394988950043
61.2876285064934
51.5060759930318
51.9450956281764
48.9473455111903
64.0180566440326
45.090677621732
49.6375462406356
57.7514381231939
53.0615340932208
53.8162018888817
51.1867461243502
53.3018983222199
44.9014852361633
47.1717610174497
45.5086555536904
48.462730376343
50.4916247245592
54.5197413063631
62.9873139964472
51.0931222294531
53.1067099340378
56.6139499131027
58.0599905804327
59.1383638373597
50.9274374715948
47.2735294601017
51.8102089211573
49.3130802702965
46.7499256505256
48.7015859003622
51.3095955077182
51.1332554175685
48.5862550472307
48.9395913848937
55.9858099219747
48.9484168256484
44.2765863765993
51.7959602015688
50.3644745116281
51.5084500157886
54.6649108001441
62.6471383701146
47.4801092480434
47.5324684755022
52.0346159702149
53.2260564240427
46.2991334456715
50.4448229140433
52.1850013590799
48.2342880475845
54.2766328500545
43.904428919518
52.7934591504737
49.1216447920579
45.2302310582034
47.9032031074404
47.4803950469568
55.0500912223369
50.1849293529613
49.1722196002929
50.760672010522
54.3343933019261
53.6720755187069
46.6502876589526
54.5114431793539
53.1561970803657
47.9852586317834
58.7847014476876
50.1631394349029
53.3175857206032
53.0048318308756
52.1553259298063
50.8311359202865
49.313166257739
45.9772144277406
47.9734942331263
50.2979209860286
53.5524649704667
46.896443399249
46.8171451621677
53.8833011156306
51.2958371205462
48.9900081255826
46.6425127687009
49.0293763517441
48.2546284479604
54.2633695282339
50.1707887933931
54.3347440675876
56.921935187291
50.7036634460355
49.5995994643377
54.9179022794188
45.4280018010442
48.9803371325124
52.3487565319383
50.8001771660335
50.7849441319406
50.1778808450013
51.5591420871651
54.8045340787549
52.2802875611858
54.0540177520774
44.2411978978477
53.0960440807828
49.5847514865141
56.1528491222036
50.4247036472415
57.711737581944
45.7831793617591
51.6686092350619
55.0352894914167
45.4000274266877
45.3200857853654
45.1836802713028
50.5809064195059
43.7011381785947
53.3567538927775
51.3970343518164
48.7569700139885
49.6963775531714
49.0736080530293
50.0976009700462
54.3988226425631
46.7811410646219
52.0927186388191
47.9212071755437
56.6332402945093
50.9395740021424
52.3121264573434
47.000429762657
49.4812180651544
50.0811528353313
57.8731007032799
47.1588257916168
51.3724465087572
48.9625748042333
52.3917031727793
49.2228933426401
47.7800631115873
50.5256342703237
47.262265652384
48.4571659093792
53.8351788151915
46.4061488597816
50.1520919748283
48.676122084775
52.5994993628111
47.2953595317221
58.868077555664
44.9581684220578
47.2254444482196
47.1079519029625
48.5310422636786
51.0099195497467
51.9494019904209
54.922857128204
45.6399674952521
55.9844856654684
51.0042494771818
51.2722380417029
45.0772965701705
49.9161284690761
56.8307633240589
51.270641499809
49.1091729124324
56.585281093986
44.4483203209738
57.8127903451813
55.8339697459338
53.6007734351949
57.6576798888781
45.8288805986853
49.4724985884558
49.6833665040927
53.4100549189522
49.5612199158111
53.8582298540415
46.5279858658688
48.1948997511307
52.7858553751861
45.1110516934985
53.4944671832488
52.4911565032632
49.2006776406715
47.6152996210393
46.4218252353353
51.7466914531387
58.9182462952971
46.4454794881143
51.8577068945747
54.6568468790268
52.8387669096044
56.4046750654898
46.1634599143007
53.9899003295793
51.0183085907923
55.6267414624874
59.1985799793717
55.3642421053595
46.0311522116934
54.1932936078914
48.0355929553958
55.2312695769554
52.5598661402498
50.0431933683291
52.0452607781704
56.3162908290646
56.3980602965486
54.245529183887
44.9545390508738
49.5785064746613
53.2647501979067
48.2465809103003
53.7891195270515
46.8758322697669
46.9780255891964
49.4394401470527
46.4546184037633
48.1873424830501
50.6696975578333
51.4177930462151
48.1829304879777
49.735267983843
60.1262185670434
49.3158549944562
47.5532987199208
51.9192485041588
45.6398190597068
56.7229126197347
54.4796714959526
55.9863339959408
48.160636022877
48.4336020623261
50.5058442287221
61.3531828023159
51.3393082071768
46.4457343409443
54.3681251059193
54.0435259531646
47.3508320101015
47.3397909592901
53.3602845227743
59.3530106600606
49.0076627546061
54.900103135014
51.0964312959138
51.0239600726167
48.9908105420112
53.812571555272
51.5807813726358
49.5832624430225
54.0467740256942
48.5403880187057
55.6803554790046
49.4699637896198
60.3309412244205
48.6592399721999
55.3164952980299
47.2687243843821
47.667020302346
51.1831929786622
55.6805485303771
55.1049233797184
47.0738209486567
48.2675279222394
47.2913478357947
55.1722065860751
47.0374081820758
46.365485107121
47.9136224460937
52.4608076309141
66.0197237175819
56.5335736387022
49.2649089497908
46.6286672124192
47.3218221278517
48.1603881975436
52.0551742025364
52.2750617984201
47.7525430861667
51.5810814152744
51.8097539808809
49.6427509563305
47.3135527096695
51.0074953101443
43.1724558619369
56.838304195192
51.8788444495464
50.5469700826044
50.8036802513264
46.9329173228779
56.8859615350737
51.9354152028659
63.5549082531709
57.1009106492744
44.5600312914846
57.4087928616175
46.6402488989877
57.3369089911432
44.0140230229309
44.8989849175485
56.8171639466183
48.7071422164814
58.8311433413312
46.8673813182104
55.727915276428
52.37639588866
47.2775110833549
47.4304573559166
49.8226477562687
59.5386617069864
46.8344957996947
49.8354173245762
47.8894793782121
50.9054873148367
52.868657547282
45.443601979134
51.9680438430983
52.4218334866291
45.5533128721274
47.5621425467128
57.3893759504329
55.5325461148011
45.4467767551868
50.3322946371666
51.6613577470484
55.2506774759281
54.8020055920027
50.7202568793123
50.7803741113933
53.5982214959927
42.4253991830985
53.9185060136803
53.0936483214733
49.355693572778
52.2363333321157
50.3941764702656
52.1503009205266
49.0299543766586
51.5277167198758
59.0641777095986
43.4515414393226
50.5197121642523
55.1778857829316
53.9197383526616
45.5171714617036
50.4434269586486
48.9314357048439
49.9649528176587
51.2388743999359
54.6970388504698
48.8775334212618
47.9810387113056
51.1923237077633
57.1891390891964
49.4331305261246
51.0749637181919
57.3902544213949
49.9692461272511
54.9579853534748
51.0296724150747
52.0367306709925
58.5695692899823
59.744065548632
50.6417865636721
67.8616209852411
54.8001491623209
53.8680310840806
48.4462874236508
45.8896441277531
57.2304500623892
46.9949587440031
47.5527073870688
54.4649143797621
50.903445853277
49.3149153594724
49.230728399046
48.5244975232211
50.3708371785472
43.8612733571299
51.6753520094626
50.6822467132328
52.8229913656036
46.9988229164078
61.6236344569023
43.6130203236027
51.0073139911749
45.542423539886
45.9027294682172
44.343284865389
56.4105584272933
52.2684900510482
53.2489910109223
50.0887328936437
56.3159907875904
50.8815673128803
49.9441463504302
55.8130623903415
51.7855489643167
51.761053262821
50.9627623968888
50.752480064867
46.79163450407
53.0155680925594
49.140353557287
48.6398010560696
46.1225657205608
54.9111334093119
47.547117540278
44.4266720089455
53.8592934106267
49.726701971181
51.363204268403
48.3539669689738
53.507271168486
54.6162580104014
49.4235327081256
46.3651908527994
54.3387329770035
52.9105073925876
47.6596373682585
52.8688983228884
45.6506544206641
48.2890144445252
57.1227811543964
63.6014903434682
50.4134336600508
54.6956661818353
66.0161756633417
61.861413951788
52.2629466725526
62.68616378296
51.6367229761675
55.1299395862957
55.0822390223251
54.3330184754154
45.6085280795162
52.2771171510603
53.5317661998788
49.0121156295531
48.9009346121969
51.4945493980876
54.3062334368444
46.4894090931954
46.3460069718034
49.8593668378203
60.1883292571357
46.0906328704247
57.2836998690794
48.305958940753
53.463375954657
52.5650557414888
51.8783020827278
47.8948368819828
61.5876823509193
44.8367189233559
54.692396009428
51.9974784067063
48.7163691445194
47.2245717570846
52.9816787235287
50.3243637016704
53.6422416755927
46.0151952230008
51.3540040314905
49.4712871147354
48.7385812994465
50.4927231849379
51.4970436969533
48.2134251259595
47.7718985289008
48.6846987594935
48.3145695360452
49.8535759210289
48.7571418944037
48.323049017431
51.1045808808669
57.571024042874
53.1716696879475
47.6111448051608
52.8670607192248
49.4235445220723
52.8400014646924
51.3924157679576
53.4329428872919
62.1785303432827
53.3655075416508
52.5583027372808
50.1767979015828
46.9249565914455
57.7494550756719
55.4199034885076
58.4239686614419
54.7526196940892
50.4064843340863
56.8826741673819
57.4596976156023
50.5552379779572
56.2380425999249
52.909432684536
49.622932410929
53.230715014412
47.7439308215023
52.7554800182017
59.0657107605542
56.9955016566211
46.2091281007563
57.2469471959995
49.1924419256661
45.5000423104009
52.9821584065223
48.7720994221484
47.8857905065994
47.6683198826599
45.1437164080974
58.925086507212
48.5215341355023
62.301341840617
47.8981616623644
46.0828671191676
49.0736295801766
49.434810540343
47.6245560249321
59.5434208402784
47.3224897346513
46.4123337754807
48.4216730832605
52.7597275811502
47.4202548387785
47.966772685395
54.9670784066452
58.020967396311
48.2802048456819
48.6106151237504
51.4996188413959
48.208845815392
48.3432324640546
48.9399288815316
51.7865768245706
56.6147381060025
52.7002586909135
50.9986907818617
52.0099450185657
54.0650365416132
53.4403477928992
47.4479860684137
61.8038462732796
51.7132209925218
52.8310671784707
57.4081855967421
52.0738012257982
48.1163834963541
46.9952923579285
55.1318856263766
48.4748864175526
52.5518194561574
53.4977320597073
51.9065755735201
52.160214384078
49.788136287759
55.8172097091943
45.7074402195157
47.2625851054834
51.6149692309674
48.8506212915028
55.20511301162
43.5109927933096
53.6420233033602
48.4069843091271
65.3003812532487
44.9787526468855
62.483225662354
53.3895618604663
52.7626556227765
47.6644375680387
45.7819971026676
48.076878431936
54.3718325953752
49.7580055241429
43.6891330302603
47.3298200667351
47.9657693189344
47.9330447442868
65.3840979014552
51.8733467634725
47.1427943106934
54.5799112182582
47.7144167351412
51.8315497052106
56.4022561632788
45.592730523442
49.9928977645763
57.1666586284973
48.926805332525
44.8683505185551
52.3699216459541
47.0457033097965
54.7676604073733
55.5065403266235
58.2142031017335
54.1438480937488
46.9250315568502
58.3542879610233
48.7662528516561
48.6035947559059
50.1201167278014
55.9482615258964
49.7716572519249
51.6784956147093
55.2234133871603
48.2699094733606
50.4289319296711
50.6755975004472
49.4599304842914
53.6842308608935
50.5063325893148
58.1801316079804
54.0260989808976
49.7093970978397
47.5435532961589
47.4346512363259
52.112827418261
51.7756394868625
50.7399729318691
61.9894738719595
48.7454758777954
58.0848878756223
53.8859683542286
50.490925553706
47.8212848626658
51.3600983655648
49.9397573899899
57.1964389320419
52.7766161006007
44.6672623009361
49.0937196100288
48.5312951021843
47.4930604749538
53.5464491023099
55.8275216303508
47.7253512619132
55.2373213692916
48.1437830371772
53.7606001069015
55.0646788508015
51.738829366084
58.7046290683186
47.995816181036
48.3055833408128
50.3007806809592
49.1958707779141
55.7564592016537
56.1359460878733
53.9296473080694
48.94050784491
54.0646948194073
54.558839539265
46.8076984573952
50.3496576938659
47.2000280259469
54.5995900774678
48.19874226931
51.7464008588016
57.9343363206306
51.6604020371324
48.3070719637338
52.8932454356063
46.914278662472
59.7258100805734
57.6779159696799
54.2649440329826
60.9554931308711
47.2415549472204
59.5139350903048
52.2071940150358
52.4322775253171
50.955592421731
49.4705419933628
62.5489354501834
44.8386475693413
48.949244994265
54.4690005479651
56.9834386998993
50.3616048821396
51.1424605582998
49.2831770472513
50.4232145981955
47.1006957236188
53.8580202356331
50.4799074081234
48.9417466621306
49.7022977787979
52.8529711083371
53.7393422991207
50.7520333032174
48.2507858155572
45.8458198372868
47.8571089795847
54.2366658476299
46.1964812716417
54.7323537870095
50.1417427248337
52.386338188118
60.064157898077
53.0686913415252
50.4495349246214
51.4231637638424
48.1188165704095
51.2755497437319
54.1327563578609
54.855659603936
49.9875077384923
58.9962292572322
50.1856849461288
49.7728222083476
58.4589624527455
49.1944153731922
51.2396290766288
48.8008357598279
52.5994913409871
50.1168884386087
48.789198506361
44.8974673438147
49.5040923187626
51.1382212304976
52.5074814888593
54.2656646822877
55.9951837444976
48.5407413029793
46.025818743969
46.7334375068697
53.4309708113664
48.9519877286651
57.1993689511006
47.9317965861752
44.8211659707289
52.4711358977935
50.3756768303337
47.0242431195927
48.9823408268354
50.6553837598422
50.374902962366
56.212375869148
50.5293212156593
48.2680397337721
55.6036700304749
56.0626537834475
51.2963389253552
58.0460064530022
47.3650120603805
57.1699526843314
54.9069471666994
49.6723014858368
48.120007067229
48.5854027474959
46.4153318822496
49.7402903759505
48.5212270533317
48.9449393387361
51.969139299231
47.2101419448159
52.632838776976
54.7994098927441
66.0362922754012
50.5701186646358
54.2179428763509
49.7613618459887
52.3296563292431
49.59516710214
45.9516102965652
50.0323811210144
48.1991545115496
46.1313827341833
49.5043679937017
50.2567097257096
47.5912569086059
54.2718051505204
54.7396907945659
50.3670394523572
46.3834394395547
45.9378349314242
54.5303133661646
51.2653694981062
51.0920406837237
45.1135836314507
48.4121334767781
52.5754515878082
47.5273210485867
51.4817548674458
50.209471303154
57.1910422858017
52.7131998477824
48.0079239698761
48.6475284944331
48.426300268484
51.4766727321353
45.4644468106304
50.4837482555003
52.6485434800244
46.9989827228151
63.3432202979935
49.2828914270499
50.953404487358
58.524727630117
48.0208770427377
55.4987735948379
51.0344683079798
49.7158645010467
49.0350679921215
51.5689153888633
58.8039546726133
48.9463630662305
45.5657439373905
48.0370545017323
58.1118203456412
57.7419223382419
48.150929315572
48.7835098808451
47.7790070902018
46.8928688396977
49.7201621453932
54.1696608182172
51.4221399680079
50.7149027837947
52.4278768142488
55.0654934740102
48.0540518887662
53.815609869937
47.4734191491196
46.662015838658
53.2137630184993
61.2160859112267
49.107599396319
48.2961892483564
49.0991830475576
48.5822310988302
48.0329221226581
49.4713895415147
50.0743895285793
56.1880237082368
52.6849368907315
53.4985570039977
49.8176900945799
52.4191158927088
45.5089256984977
52.6307150106997
53.8226885076596
51.1164687330899
52.7767521501972
51.5807815815587
49.2911370406665
49.7388781116974
56.1128604976413
52.5756986737647
55.7738610477155
46.2497571442811
47.1774683571828
51.5356398574786
52.6922263649553
59.694088734838
53.6596954382456
53.0374041012887
55.3290185687463
42.2604570980013
46.8163173362708
49.402853767805
55.3598169023782
50.4674566347484
47.088251548776
53.5439338297179
49.8510781166939
46.4527455774795
43.8153129445727
55.2684548158238
51.2291751551375
46.3124178342461
48.8398120621843
53.7646444297064
56.7579341428298
44.1588312253291
46.4509348662168
53.4022876291008
44.0411132896382
52.6325575161786
50.3990207072873
48.5225861133485
54.0475876159438
49.7820559252459
50.8883698924903
53.598490124595
57.4569484464031
47.7800634847718
57.1563968047759
49.7220431999112
53.1273548827975
49.6235756933129
60.2236380593983
55.1122407141062
54.7222463951971
46.086031947277
54.5451381268652
58.5329826799524
46.2942336276686
53.8838752857152
53.8517068469487
52.044221661585
58.8862401853663
47.4666921602714
48.0015282940761
48.8747681991035
47.90345890107
52.0750034332255
57.9162045683218
48.7135321781997
50.8974271540389
47.5907063797957
45.2574775196948
55.1945883533466
57.538410397478
55.4598144904303
57.1272808862255
45.7879297132211
49.8838342837158
47.1069033380229
51.2069929352823
48.693261224341
45.0684489325988
47.4627711592318
46.3290758129864
47.0480640088581
48.208831524972
45.729208653944
48.2871402492513
47.5504494145015
58.9701640522597
55.7725015880903
53.0028371025566
60.6632457292419
57.1491213121896
62.8853698559792
43.6759160910717
45.9150984067375
53.5777193488615
53.8461891144609
54.3248540710602
44.1969993167134
53.3624740095662
48.7525328487501
49.1909610837299
43.3842179646242
52.1934031416904
53.7978095622609
47.4214539024215
57.1802739670782
52.5791007008871
49.5960890301513
53.1293034497349
46.8876757042341
55.5775361957909
47.1745185605441
43.1002225065412
52.3409350757437
49.6781924842306
46.9895740840268
48.3670799954201
56.4933780627158
44.7828714200763
49.9873637280234
47.7558370415866
50.0877413595087
45.1902210659598
52.0843742087244
54.6658442792409
50.5939255634125
50.9343967255691
50.1406727103868
51.1195601316515
53.4948038947887
54.9394279126758
52.2889824424415
49.0884555874885
51.0683882076934
46.6551880973137
50.37030891712
49.0470312904448
46.9246693440751
50.2556192916625
53.9478347367573
49.65702767726
52.4272037228407
55.8640415792865
45.9968362577069
57.6208894138414
48.3850173285412
55.1003437893922
45.1485252828688
50.4522394755602
53.2546535967981
56.1307920904182
48.0146926347591
73.7387369526367
56.8464128337644
51.4825001550189
54.0969525950733
50.0238220061521
58.3184968892531
47.3902607666659
52.5679023080387
63.8969397977321
48.9494067152698
55.9752704707479
46.9095415917103
58.6395217226572
47.6496443350866
46.9056168611003
47.9573332949216
56.8514500283995
49.6377893669102
49.5098952840071
49.4881449372672
48.6068370173154
63.613838166025
51.1420691246783
50.6084954812956
49.4189592531623
44.6967198402177
48.8979893253254
62.7534469220227
46.9994515762647
47.3594372133644
51.0683683175132
49.6791414453213
50.735308105894
48.0096269939548
41.6172391698556
47.5316534253106
46.9124321067279
54.5765153234021
44.6017958462666
56.2377069046856
45.5586241986191
48.1772178361948
46.3502857628055
53.1598784096649
57.9377748730622
52.13469446262
47.5206545258644
46.1923258020368
43.9209004621207
53.5837096821516
56.3854836339679
50.6624122304164
48.1683785738955
46.3590234800639
53.1167744050229
46.7320410117198
46.2644386697848
47.9422052861307
53.4252047753485
49.6862013234529
49.2868586944973
48.7956647158603
50.8649469326433
53.6975984683931
61.0820840125492
60.3704690971153
50.2825586883757
52.2890533756069
49.7084431958411
46.4683412081348
45.5809196838246
45.4474487123441
47.561548260118
54.0332832819244
52.7205972132201
52.9388295148431
43.0872148661861
47.4965224152889
57.1420543208178
56.3320156304955
44.4329256836412
57.5945238365036
51.209037767154
52.3029117631212
49.842958821173
51.323969434251
60.9451302286673
48.3185829331405
47.4518358507491
52.3144636137442
59.2629120218932
56.2125685324746
47.0091597372128
47.1025059201285
44.7352684841518
49.4026602793521
59.3143804668117
43.2865825205056
53.4603145865564
48.0155882844178
45.5783561499491
54.7571736643428
44.7365617426845
56.7098319108644
49.4597798294568
54.96409886918
49.0584558569758
50.3800046523095
49.6593608106575
53.439196219207
54.2113444851596
52.4134936710822
49.9275426533412
47.0027614972091
45.3818934377173
56.8885630192736
51.5067705246006
48.6871495639009
64.0103828073565
49.8436641360619
51.5979539316235
43.8589589995941
50.455659535137
50.4327581865651
48.4847879793317
52.0653162537451
52.2282488427513
57.5206679131786
46.9436412329826
48.7739620461978
50.7806794301603
47.1031171044681
45.9565834744544
49.7664866230419
47.2887652442178
50.9538959048853
46.672526854262
54.9422445000476
48.7246375304678
49.9010107263676
53.1250243863955
51.1618441183338
53.4214683391984
52.6931216413171
49.8638573466413
49.6204934712218
46.1308350690607
59.764216595535
47.0982714716963
46.1340026172392
49.0486213245644
59.049459964053
47.7764496559687
46.4307046761897
46.2356516427721
48.7149575115201
51.2039526438998
60.799560552081
51.2555259415208
50.2125251432277
53.0340693834022
47.7100031604678
48.4289637215411
50.2354593855585
49.4403682585731
46.8289071258267
49.7196276968113
56.8443175539477
50.3285565798242
45.6941514869576
52.2275078776436
48.8776007024066
48.2651708852412
53.8351138723961
48.255377425602
53.9967335567843
49.2099169914692
49.573625393294
53.9370921168556
60.1458223863093
48.8703029948182
46.4636718438601
48.2632536370149
50.2140839094573
56.6703974684261
58.8627914525335
48.8491037874961
59.2332247032313
61.9877653690696
48.7745479594179
47.2329479298431
53.5526124966205
49.9292030208565
54.0532010395895
56.8962335967693
59.1463468682483
50.6717340795381
48.6139781503675
46.5158985383279
50.8808562100487
56.5387311323195
49.4657078312212
52.9824680976913
63.9253899475942
50.9105250511249
49.076905704388
53.7869394585396
49.0008956643515
51.7976793197947
45.5241958543349
57.6441016436756
55.6796712322913
45.3034620145302
45.9517522772667
54.0281268322761
47.4093119474418
51.6146578106002
46.0958004104962
47.9807156115144
57.1957994054273
51.6894232877657
44.8766849214136
51.4015041408944
51.9669875036947
46.7496340492013
45.9939523218166
55.5808246064276
51.0982232223309
60.7253208612346
52.5804076797249
44.5157373843405
56.8677514483404
50.2206704417564
49.9608977672629
55.5157189463931
55.1332795443075
54.283101722239
48.0305659781638
48.5924888680592
51.3953443266138
49.316931387595
46.54147341459
48.8324341181502
50.4769927631366
50.8739395861715
49.6747085354594
45.4973667136545
46.4997564980803
47.5940391930868
56.0037082298306
51.7506826952889
50.6289648777899
50.9141901683239
49.906639724552
53.857566416046
48.0482832558167
51.6851178916457
53.3455074126858
45.0193423778728
52.8462185325213
56.0550449004731
47.449670119993
55.6341014470169
46.6759300272445
57.085153014741
49.8313166826814
48.4980125725034
53.4829408822323
45.0630503662499
46.1701423038568
52.5237046169725
50.6393226633361
48.9433209799051
47.1175648855406
44.5029752575359
44.5947024710947
51.72754635138
46.3058315742821
51.1605547733456
46.721538323169
46.3973970989584
57.3402481807471
47.3315115605356
55.539653282012
50.9773943447014
49.7187834432271
50.5173364913704
54.183698830935
57.2671388525925
54.7136101265802
48.6377890936256
50.2321692614403
42.5345319066546
47.4999697430479
52.5108831196025
61.7783261081413
48.6911209489334
49.8018036469065
51.0467737335683
50.2477390588181
48.9329810137227
54.5848337884407
49.7969390731022
61.7042419058444
49.5201990021931
50.6925374555512
48.2549670291726
42.6074225511411
50.6683525768903
45.7512264569422
50.9218227235414
52.0443871102916
51.0405350315631
52.8022887193635
50.0142352824071
52.7799359648566
50.6203654262062
50.2312587821371
53.6101361195442
64.6909834425636
52.7378705435676
56.5712209083386
51.7893975818336
48.7589572850641
49.4562729430485
46.9454878056736
65.7091519929543
48.3612056635478
55.0212379203634
47.4457866486309
63.193623796309
53.4128393325077
51.2836716506399
51.3457999653756
47.6633299151319
55.8694270786842
45.3908453966319
52.4093952276962
60.8097524945534
51.1359120494684
51.5886088353419
51.4752152251967
56.9600739966372
59.2376650845775
56.7338827385174
46.1225777735223
44.9476034188337
49.6635773486132
53.2351920840726
47.7852871471443
50.3427251044672
46.3646203413779
50.5702221886868
43.7692186547802
56.6945467255754
50.9551671813439
46.8448107700698
60.0139723382574
53.1718257487685
48.1036894755424
45.3041170485754
50.9343497855765
55.5569907941647
52.6064754868054
54.4619393505688
46.8235202121223
48.5307483125517
52.3573763337785
47.0393831570206
60.0200661092283
51.3688858450779
47.1399200185334
55.3089955216324
62.9600929041411
52.358565918
44.3436665143897
48.4410334757021
49.3942768771591
50.9368785831497
44.8847266193236
50.9536626044645
49.8557848505634
53.3827675454593
53.4325776189842
49.0225185458005
42.2743102854327
48.0387416780497
47.1756982864827
53.8311984057037
45.1812616529628
46.697755608929
53.4527349201217
52.3007417341808
47.0483697381326
55.1304690830314
55.9741478332642
45.8499449028939
52.6806975064467
51.8490730953159
53.0605999380232
50.8608204421097
51.3249635863043
48.1989480440454
59.170886229883
52.015651294248
45.2301757828864
48.0590710699943
50.3234537180156
55.3875745316627
50.4330037842882
57.4988048322738
52.2557336160407
50.0236976846386
52.0118142411408
53.0108527763195
48.3121286270362
49.2029744484955
50.1576786409618
52.6663690444798
50.2105602277752
64.2279345010722
61.0081743063477
49.2798870888297
48.4184453655818
52.1826678548044
50.9365241800559
54.1454524282405
48.3866434547409
54.1805790471164
49.2153138279192
47.856621901429
52.9141249244398
47.4138451130663
47.4289782392835
53.0684156888773
41.9863295531927
52.9170035647385
54.7619434804823
57.3638555754691
51.4163435231367
49.3450791744251
53.7154313281451
50.5763011496476
55.1526639029889
47.9669471085976
47.4851936205723
47.7466314504528
54.0269442131356
56.0475425985327
49.9128205245735
48.8243619448349
54.0834656504264
59.3660328220825
47.8052132322712
56.5055216638359
61.010640084728
55.7116741275395
49.0801776909313
47.4853414390199
53.5882877014291
57.931075671554
54.0802081111174
51.9361426263845
43.8210785198737
51.0089374861594
49.6842217151212
59.154350573115
59.8275793777215
46.3499696865989
50.2237474488539
52.0177889920629
59.7729587129579
48.8270298006611
50.6996951892529
56.844357818371
50.9517842644189
46.6002598873487
52.1456506044825
46.7484335120086
49.8919769068523
47.0697171137156
53.9462338689501
54.5818015803942
60.7444229838099
43.7801603059068
50.613925461436
48.9578458198888
50.2890138020476
51.88046210724
49.7693466669822
52.74486916405
51.0292100509709
45.8592441368184
49.6009809221265
47.8659302370789
50.2887656554626
52.3776592505073
59.2608000959366
48.2270993315188
54.85429375177
52.5948259194913
50.1138378998466
50.682771909633
49.8652702108137
48.1407520754305
48.555438778299
51.1849364980843
48.7338241524044
51.9410559135608
50.1857165678456
46.5415264993148
46.9150777596489
46.6761453517837
54.4279557380623
49.0859414132055
52.2559147653734
48.0193324538053
48.7314298633046
59.432632947204
54.0853890423608
53.8783375562157
52.9039738718708
49.4954796717621
54.9017960416109
47.8718639757765
44.0689027879618
46.7054293078369
44.1133788768874
52.536278469701
53.435158277911
45.8107543561027
55.6516265032221
54.3869008983538
52.4472070270984
49.9813915614718
48.3904156186322
52.929287762568
49.1598857458647
45.6497864727091
51.9719838489224
52.4982992261621
49.4992893555757
48.6178080618778
48.4144576424344
55.5954844257692
53.9252018320264
45.4595510617177
53.1095432226973
46.7977145762143
50.7285129947418
49.0143643924843
51.7723414751982
54.4565445996598
56.8537167281824
51.9413494011626
49.4788389338025
49.8225058595243
46.4511337064177
60.2070336418571
56.6275699853202
47.3306993896995
46.385415643597
56.1280075600583
50.5498120495697
50.0268073305998
61.3774528411315
50.470534995759
49.4831855718538
47.5842225135467
59.453243158424
50.1648018307499
47.7290458063412
54.3863452360734
50.86001493267
46.4799439949816
50.1875469790707
50.4388545049692
55.5163711744829
45.7659372602207
51.7261111347891
50.3069366475549
56.1109990232916
58.3663721552654
51.6275735691615
49.4869876075608
55.6229499540138
53.8496742489874
58.0010023142003
50.0851320140229
51.379403960682
56.690130788744
45.7859906970188
55.9143197927879
48.6504905750304
52.1671832814825
49.8868911451989
49.2683962647645
53.5918966016978
46.8621643167409
48.122666686613
46.8589283545954
48.1302564969232
54.6807284576116
44.8593716033623
47.1880380942423
44.7953653659784
57.3491752582242
45.9264674452382
51.266946386115
43.8991471334705
48.3653344147771
44.1646835992358
58.6600303473646
48.7745629848815
50.5632227056201
49.0836610833634
52.6567922257254
55.2048343978219
55.4118934026305
52.8092638645832
58.1830066806709
49.1149501492233
50.9707789278299
51.0377502859782
51.5793330885809
55.0719518872316
45.9806834824208
58.2897046639365
57.8275365923472
49.6114083558121
55.1780058245389
54.1034868270928
54.0224156876599
49.6263885935767
48.5640759204745
53.3381134360209
49.7695534920442
50.6947427749004
47.4466378726857
48.5393953177423
49.2211891559858
48.8793305063709
57.8376007797273
61.5420418816095
49.0350880640108
50.2251890086226
47.9500691967808
49.2047310159251
46.7216977220673
52.8669757779752
45.1440002815929
46.9034991871347
48.984538134802
48.15136845192
48.4938869923019
52.2659036785174
45.1954811862488
58.4957431076521
49.8719691802391
46.5810592366543
54.4920930217482
45.3857407814449
51.4190539871882
53.1873960957186
52.4126587824179
46.970977107972
46.4031452165871
47.3922292472233
46.5740371622499
55.537163505819
51.7610314707851
49.1547776155519
45.1345297752817
51.6197651281618
50.9860115785716
49.967199088538
49.1701432845825
43.2188399921103
51.5392146476233
47.0136031694616
51.1626196095612
49.6303084994354
44.8549071734223
58.7052834503678
51.1746027218271
51.9185638914114
44.6844759550301
44.8320453682984
50.1080381331349
50.0227610416852
47.3427769368826
51.5069799925835
45.8662277309903
47.2944192177938
51.8896636554259
57.1210275890801
57.2491401866255
54.4591734150437
48.0301920827366
50.9640019695327
52.6975789920274
45.2520391201009
47.0088182020397
46.6955509205128
52.5136218737633
57.7588940333789
48.5931551570362
57.8105528905218
49.5474548145434
57.585178926411
47.3686865297449
50.8167969466935
49.7095879344334
49.5579160624532
49.0569814645824
57.9003001343897
53.4550473716628
47.0028286551239
45.6849951895837
51.8157122323104
48.0576640561081
57.8398126246173
49.6930737145284
45.347168866628
47.55443271413
48.5348433724597
50.0358606263127
52.6945066367785
49.5048906844354
46.6857502712494
50.2297444194781
62.4235319071371
46.2694117348715
49.3072281469708
54.9323902220296
45.9425089994888
47.2651155282817
56.0899457035211
50.3722289522626
56.3805948539062
50.4416119561744
49.5124034616073
44.1236818262151
50.6202686399878
50.00248438081
47.1961149100745
52.795902598455
49.6915340187109
52.7214886333153
48.2402412500381
47.6322083861177
59.5593870279233
54.6945127232106
45.7435338609292
52.5313770067723
50.2934192423862
50.1710692440839
47.9215019346732
52.0808663612152
45.191006756458
59.2149584162794
47.0319935404286
56.4525725597569
43.4786869601064
47.0132225221237
52.8427589761226
47.9487668224471
58.2396714737813
50.47808711838
49.9870541083394
48.319484073746
55.3044310610077
55.7284650083954
57.7932826382829
51.624966416884
49.8433716974434
51.9720540417508
48.66275249857
47.8448792154052
47.1746909714963
64.8214375330694
47.3261158036448
50.659361647401
57.1908441693927
50.0305852069842
48.991422201296
48.1401892305342
47.7873933003732
53.0664641621558
52.963446422222
46.7359002677282
50.393174864285
47.9880236862695
46.8299446596706
57.2337351473795
49.8512472525515
54.1028239383993
49.5623742643283
48.447167507505
48.2568222202458
57.4963383516947
56.5334568049995
54.4393841639125
53.4678173030175
52.9123363083295
56.5755381700438
49.8439555317572
47.1846179377139
48.4021092625965
67.7596772323501
48.8830626962455
43.7473596338015
51.3033914817643
59.0101741069736
50.0540538531892
46.2576702633649
51.4957589374908
59.1300861442767
50.8393812831684
51.7048034981173
51.7984328654956
56.0651298140377
45.382893746328
49.2976659821201
58.0727457294527
53.5046772958912
47.9428260218534
48.9071550518933
53.5946632752683
45.9021815266598
55.2189453887304
51.4438692540567
46.6125346178089
50.5410629354122
44.5630010276926
50.2284429282657
50.2197468752391
56.0250479014919
47.6871560192316
51.6026178057989
51.8661111175772
56.1516395460726
45.8590783392869
52.9022597805755
48.4867895029354
43.7862177570354
51.5842094889584
46.7165345516859
46.2558991250755
54.3454680281607
48.5348816881987
50.9262345871699
47.1655700924153
59.0264362274382
56.9212754465224
55.5262607672828
57.5459117255235
51.9619358749291
48.3868830339371
55.6777776412355
56.8848505527771
53.9329128641301
55.965019586017
50.6846147603858
53.2500037864371
51.1220624470018
49.0705333341813
58.668021437765
53.0684765491134
57.6048092041612
51.2562968713102
48.6431569009779
55.2022750225023
53.4405261766555
44.6875494141969
51.4980698634847
52.3797420968448
51.4174091837077
47.7540628022726
47.8723122898765
53.5217646090189
46.912317446027
47.9153711202116
48.8991752257865
45.0801242011318
52.3427635440719
53.5726690109289
52.5643484424216
71.2992383642165
47.5623149801942
56.8975088322852
55.3217784020288
55.2233935542657
50.2407840571836
44.5798474492952
51.6938142893756
52.2074785847978
52.7935997040008
50.4005331341376
51.7706541811016
49.4161351860898
49.7101842921207
48.6183732311935
50.0314674666652
49.6362972413091
55.3051970689651
49.6913395701215
53.4893304923399
48.7787694130409
52.5456758649903
56.1564085481219
47.6719194088653
53.8955438694718
45.3032017261781
49.1186632438589
48.5544053399336
46.4672698664315
50.6163516890546
46.322482054568
47.5682549221997
52.2182687632889
48.3545135809147
48.6541959588825
50.3722479931539
51.7834068861919
48.4808378528539
55.8458858828727
46.3291394402228
51.4667839025692
48.2902833987645
47.6143845389759
45.4186555124779
49.3942114265129
50.8995762066619
48.9825965535061
49.1587679733516
47.1207862208882
52.3445522211765
56.7278391506134
46.8273600982262
48.9153004968977
57.7982290971124
52.447179277305
47.4670458410427
51.2919218396008
47.6991461286642
48.6447543422445
49.0675865269209
50.6001340928022
52.0284934877252
56.7506150625992
51.4435936438142
63.4212816632983
50.3561185883203
48.6830665375148
47.6164169840347
48.441590422428
51.418929200175
61.8176868477569
52.1638439356883
53.8912685295732
53.2823330192466
49.3568332402939
47.7365861859831
54.6192918149767
47.7289835152675
48.9699441269811
48.5561812994751
45.8597305403826
46.6054315183311
50.0545399644388
52.6452980944304
47.5001724457575
46.0155221838469
50.6568614952225
47.9700743417504
52.1556052407895
46.3777528160486
52.9523308895198
48.9469497253503
47.3310946066221
46.7196416518283
49.7731339033025
60.8892069503538
60.6998239283281
53.4040687583093
49.090737866447
48.3847978204055
51.7563224092398
53.1533265332822
51.950280526612
49.4022436038777
46.590853459173
54.8397705048771
48.8445011395512
45.9118044458687
54.4434708173772
62.2365848824457
52.1291371063896
54.8888621242487
52.4732431939237
52.9212192840699
53.6232116379603
51.8852483472076
48.1637772316594
48.3291100392602
50.7334375180805
44.7294119446232
53.018247714673
48.4963256697498
49.8202668175314
64.8584420824103
52.892848113198
52.4057171182788
51.0253611966344
51.07991734818
56.3126160039267
49.5277441064752
46.4902743453803
59.1030602952435
44.7981466362704
46.9542092500969
47.6091263824674
46.3052352925868
50.7046190104768
52.1280232034361
43.3795515419554
55.2060615642515
49.3531548166892
52.442371319873
48.3147804796683
48.4148004589628
51.9905065881343
50.7670871811154
49.3746197945571
58.1928821337105
47.9267332816713
49.6933356398125
59.5556986159647
50.8669462005589
52.8682588857191
51.0941888643265
53.2134422144473
49.7909982224118
47.4205519165505
46.2788592888423
52.7585013324956
49.5847720869985
47.3750380277231
45.9740604780232
47.9599745690382
48.3331420291257
58.5339571997394
56.1731200127763
49.1869837936163
57.9719943212814
54.949377812844
48.5747769715435
50.9433974029655
46.1040026490722
54.4683331454237
52.531766716176
47.6905933478098
49.8988911059545
54.7981616639733
50.4451640303808
51.704061205656
51.9095235059664
58.7622190005026
57.5850156331323
55.8017423006337
46.3249824260624
48.7033584736567
49.9695107351835
53.6233241304532
47.0258567653034
55.1342045557825
49.1382129452031
45.1891077460273
52.6875528544602
48.2517122684576
51.0349079406371
52.1889642331093
52.3754759969483
51.7786034720062
48.6566816479371
50.1479527362188
49.2556371980221
52.7898632309735
47.0888750878892
57.0838873282779
49.5932649374885
51.8715380663471
47.0943760405458
49.0004521747958
48.753885284242
49.6203799722377
54.0224835490455
57.9752999910465
48.6040856967366
48.8059218520336
53.1388040116921
47.890487767445
48.6834593906044
57.044164692379
53.4491398507158
47.107181467237
50.1030867425264
51.4314514404071
51.1880071324936
50.3593989381865
48.4445761528557
47.6334220514336
47.4787330871039
57.8833135113295
50.9681704097285
46.8271767068329
47.8280648709917
44.4493724782377
44.8097899931418
46.7134823813854
48.8982360518826
50.4211106710608
46.466382983556
51.0533117406478
47.4981493445855
