47.3697614575619
50.8768650678257
49.9103951634537
51.7603440143866
50.1705089704086
49.6553329297758
50.1329117609158
50.7163471457501
50.4555845146082
50.2742094918075
46.4610638398624
52.545096745802
44.8843530831058
48.8342312945268
47.5728630922509
57.3986562843561
49.815402658393
48.933521058885
49.6735074003943
49.9512850025657
51.8939012177304
47.6143593733562
48.2577974690356
51.7807460655621
59.0906150251606
56.753651130523
50.2026260188733
50.3223366549895
50.8817200057475
54.6550568747405
51.7021912695731
47.0799292845716
47.092595646864
50.517322784031
57.7569184264252
49.5407828844773
50.6137756019218
56.5923349566858
48.0203435928081
56.5843920190674
49.9625774710762
49.5414096957533
55.4147792476506
46.104057573445
50.3910548501891
55.2686177315589
50.9219408201329
54.225429597607
47.8215894946649
62.9272455092668
54.1875465907583
46.3102491143341
48.038548818523
58.4044435464464
47.8433455146218
45.9183343055405
48.4342346156993
49.6809873798707
54.1302165901153
46.619438929973
49.8873181529298
48.5458714880758
54.0056274355129
58.5480187421464
49.7747128310649
50.5147168422897
50.0469725191208
43.6015880222927
48.5930895367697
54.5509527527324
49.1681970568558
55.3899303982837
46.8367970864197
51.3840799624541
47.4573292292302
55.6745260927426
53.5037222314569
51.3382483699465
53.1498047667844
51.5210673349331
45.7706743824094
58.1845492561395
50.5038408097876
50.8613613073987
51.9968316499138
50.1965302919466
47.0985772610845
50.7847074232018
46.5105791156147
47.8501124607359
50.1661777450142
46.6823841392524
56.7808395671689
57.2908126969581
53.4916953002648
43.92345531995
46.1476252512934
50.4408704693347
55.6734180127077
49.2356556641635
44.0244036985737
48.6102189430719
50.9575276937405
48.4505484161463
50.6392810538706
49.574273425865
50.8794979379905
56.4302355007289
50.2990196370848
49.576150496598
51.1314237617854
51.2039534973104
48.2443492324544
47.4467380872045
53.0955986461868
61.8720400339027
53.435402676256
54.0755506645894
51.417446734172
57.6692487867357
53.7541381822974
47.8338145968815
49.2482624240711
57.2045584566724
53.2487247584426
49.383918378123
46.8231877337453
45.13538875334
48.5114894142163
73.6408736501929
54.2175402272146
48.9364162234946
57.7691458635746
53.0496004438244
45.5663345213522
52.2419379045302
47.9100191383105
46.7368486921222
51.2124051989322
49.7802723987326
48.3660367029766
50.5855903228999
49.5359329130058
53.5414638961167
45.9080260120102
51.3422600002739
52.0040347840739
55.1273965937389
49.7709747296392
46.6931059005432
47.5321432979703
49.9719320008035
55.0585179521958
49.9208264334722
53.128554207358
56.4618659972895
45.2950739657013
58.5465029269516
53.8470284039949
48.0187718268045
58.8705444322865
49.8389863369009
52.3235227753544
52.4059225132913
47.8659644601724
49.0494699281291
45.9279481457868
51.6733020660787
51.6748431829111
49.522029619967
46.5535750965746
56.9731762781692
43.9794357642082
48.954895560598
51.4187283460183
59.881407372202
50.760004020639
52.2191674151764
54.599786879512
59.5860852078178
60.3141791818756
49.127751752029
48.5108538872065
58.8367424911098
48.0744517873518
55.0420197646791
48.2973261789864
56.2698377317228
49.4115683559645
49.6496319250793
51.7841061841113
53.210981955416
50.0730320890891
56.0284386784187
57.5324768479707
43.953781340747
48.0447075419312
52.1225237036263
47.722859738294
51.1743045528105
49.7482676084544
52.4190170720473
50.387776196511
44.4362497257807
58.4722754394698
53.9746905590384
59.0479768584934
48.384518213563
48.6022777149339
45.6475933986393
50.7427566903034
56.3236693327165
48.691543708491
53.0140190761293
56.2578325069342
44.0648011256735
48.7759406127612
50.7479169234533
44.2427322681102
47.5444864109674
48.5651298562497
44.6670164577122
50.1516854278371
58.3062498736958
52.4674492518928
50.6176514959217
65.6489529489089
53.5413509212632
42.8663320982958
46.5689777811361
49.2410499805939
52.7084911400951
47.5028121617766
48.5283954314893
51.3776852043622
56.9854982823885
50.71892551035
50.123256039912
47.5915357907414
48.9539932539897
48.5103070197129
43.6445058927516
50.7103116243331
51.5952355410874
45.7801299354041
46.1701568737259
49.506420533512
54.8341835740766
49.469539680254
54.3503545820524
48.1555247783573
53.4847491052326
57.5282283026149
55.7329644985809
51.3181063932801
45.2383603141964
50.5198718883174
45.045892548879
52.8024214513595
57.3329682041282
51.8064742036461
48.2064294398687
48.51438463918
45.2563590621317
46.076989627993
50.3013171446463
47.804462739867
50.1265865125035
57.4576192883959
56.487027686344
48.6446652106167
60.404651560758
47.6466524521522
53.0947147789216
50.7415367372416
44.0798217087519
50.6469382467276
44.3722340989468
44.9736514607497
59.536147281357
50.1820106280017
47.4911661931749
51.7697902384636
45.8811837537082
47.0589909476446
50.3889402812627
48.9225176569075
52.60338705204
51.5711466384997
50.5755029152157
43.7732246747778
55.3538219435708
46.5909662463567
57.4037476608884
57.1245666520088
48.6453701782221
50.0898616976073
49.0621605744869
49.0584393939346
53.076658326745
47.8347848206427
50.6099091741229
52.7459602039063
46.7796094591963
55.6804811896862
53.514347134971
48.011576187102
55.3170738893679
50.5733486442236
48.4114321576818
51.0756016260873
43.8754126508964
48.0822680390271
47.0610432888989
49.8580598345125
48.1796658433856
51.674584954629
48.4940210460776
57.7450655803207
54.743019299074
51.0394619471228
52.0959052192599
52.4991865742023
62.3091552840281
50.8304325156151
47.0371726406747
55.9817496520343
57.5155169460261
49.3913543193288
51.7339539529395
48.894316899217
43.3901913293922
46.4663562202003
54.2701372525472
51.5146033413719
55.3332612351655
56.6092197996141
55.1194587034004
65.2926522731633
56.0056116831261
52.2535432611257
51.5947148897907
43.1376144610994
53.4165867927827
51.916309733291
46.121755455323
45.2338491697639
49.3548657917667
56.9663274650051
50.0276559126347
58.3641546590198
53.499266864721
47.8098990625947
45.8693320652381
51.3239036075043
50.8450606635966
51.4867675815132
50.1333301936308
49.0944761412131
53.9387020213968
55.7548534794693
59.4131593059452
51.743517405219
46.1555427898184
47.5989071843173
54.4741037572199
46.9033281899861
47.9363488690502
53.5351660832619
52.7030050263144
45.5296042756608
51.0278730338069
53.2543063132783
45.8634662425553
47.7472607798572
50.4587892940888
56.4846842924337
47.5937227943221
49.7555608403219
54.6803770578536
46.8564740102545
51.4887418874458
48.9986181777073
45.0939968602925
62.4048995019267
50.8834867999952
52.5895957415146
55.679158338178
48.9551858390691
49.9471180140168
56.7706801827918
57.7271520182866
44.9406053862425
47.9104711433657
45.9042221720339
45.8828378300229
51.1699235793156
55.7575576636776
44.6022736171757
59.9435052687902
50.8553623931192
48.5319141332819
49.8255755193133
47.758258656893
46.6893256513786
46.9079434634324
54.6751317880995
51.8064299272589
49.8149990013078
51.7787605547147
51.9113262259268
57.2916435627726
47.020704229185
46.5160016742995
49.2458170431993
53.555341044087
56.8528265557105
49.5251315015016
50.1630156816995
54.2134741363866
50.5456943210534
48.9784674955118
51.803062612052
49.5469348668863
55.3346231756704
48.4910201547826
47.608370759245
53.7292349406852
56.162507564213
50.3716019557065
51.3216729425887
52.3672506738954
51.1541306293278
54.9481083647197
51.9983734883213
51.7170426862133
50.2950404421771
48.4102422612939
48.6855446661773
54.0707760009021
51.0915331542447
52.5685007541955
45.8833456713678
54.6560612419254
52.7364897570747
46.064948406874
58.8577611675938
47.0898056771443
50.3632544584487
46.8880240556801
50.2721592479962
51.2033054928539
50.2189489904739
50.18515088051
55.6077196717287
48.7379545870559
52.565150345549
55.8913345272995
62.5423170101633
47.0116586615622
52.6156976079428
48.1073277933576
47.9238015402126
47.0668227364258
47.9555297650973
45.5845925533681
51.2268508855899
51.8131562047252
47.3500129753876
51.0340582283744
49.5067407271573
58.2207380055851
48.3495992241671
49.8959535854823
54.0377919083835
51.6848044269466
47.4182868231047
52.5088460484439
47.348793819584
67.7448600733357
54.7432555093617
56.5133845998851
52.4563158329351
49.2933123680019
50.4747876030314
54.8630571885161
57.5818716876694
52.3435461053155
56.2749736672437
48.5754234713973
49.9740671847851
62.0263296010335
45.5578124236071
51.3034690257578
49.2344951290972
49.6661852009644
50.459692352137
44.4664289780109
51.951284750416
45.2685316365468
51.2237467395844
51.4021892146771
59.4470470453245
53.6014363575888
48.4951333175774
50.4101168537424
57.9602486275759
52.6368046972665
50.4346808525364
48.6301946350759
51.1470499157821
49.1535158879961
61.347620982575
50.7827258244744
53.9182149911663
46.0757966051809
53.8851513289295
54.9793734404632
54.2960269523112
53.792503702407
51.5009070595525
50.7994816009461
49.944833603692
54.6067794129364
51.6709013321591
44.9563130767767
49.9205193702166
50.7157211856707
52.39568607457
49.6955072409762
48.1978655133043
53.9979881856357
56.2382839475277
53.7337520243095
57.0580383548916
48.5919838257277
47.852248483139
60.672959479919
46.5786539790977
56.7864716367705
45.3583804484611
57.6489097580821
49.299235335487
58.500557412063
48.1174440727044
51.911099269512
46.3655784044366
53.4994231336205
55.2773778753063
52.1985429649968
49.7932680398014
62.0266750754712
50.4545525130064
62.1003934406618
49.0964587368408
45.0121964809415
53.8757789643634
49.230047030704
49.9996850391039
54.0711165285028
49.3674708632686
50.4749469916952
57.8205479503479
47.442024306054
54.0661332390014
53.4718755657577
51.4256423719033
50.4950900957478
49.9219790711517
59.2116982999024
50.8724562379035
54.9102684551388
44.9673997112621
49.543751291273
50.1887153871804
45.4970702628973
48.6337948956169
56.3293024836358
50.5152227205147
49.1515749250281
48.8210369847254
54.4019056354258
54.8222281227363
47.1696783719382
53.2825413316124
44.6483949347941
52.6131592481141
46.6769894021575
48.1984243643172
49.5093758205946
52.6265189451211
47.7942397540157
51.0809582012125
50.1137831801444
46.410342014684
67.0404467402692
53.0190944412562
55.6685423515903
48.997541983963
49.8841342365031
48.3587990501333
50.7180517523798
45.4402148160155
51.0665122166924
52.9116382177902
51.4438377433637
50.6070126568696
44.6266142031865
46.8628236596608
55.8220974278034
49.2648034632134
45.0943996307903
52.0332771390812
46.3964115949016
44.9857395600294
47.2269617684587
50.920539167511
48.7345724165491
46.3388455083293
49.810737319875
49.6288832283283
53.5463255213056
51.2501877606906
50.2818493855678
49.206990723551
55.5910684664115
43.4330174423134
50.7939132872482
55.0841861916532
48.5528562479297
56.2609129199587
57.5172714974429
63.5484314529035
49.2350155256209
56.5228068506157
48.6591752212772
54.8899745273884
53.4923864649186
56.6551797490874
50.8210753325141
54.1051979614912
62.8085287290549
49.5314628408931
45.451155182664
60.9680228269136
57.2472880840965
49.1187538395737
46.7384208598885
51.8655273154247
54.4209518236464
55.8645459601574
48.0237721286882
49.7673398476498
53.2537080593518
52.3272735029936
54.5031416619739
52.6651912667578
60.7933526809938
53.3127889627456
55.7371267670979
55.8273927860355
52.0749651998773
64.6226717382456
55.6966344169955
48.9161474497155
45.5045499544551
45.3948941377086
44.6290583596456
45.9418080144488
54.7373430141644
48.816998741432
45.6820815831485
48.9406839627971
59.6011370713814
62.6951324269946
45.4549956509086
62.6005577521823
52.1641150866519
56.9469279484151
48.0432528464148
45.7649929179986
47.5791849059267
53.2062407719352
47.8367894461327
48.583892161634
47.335280164099
48.5874438166132
56.2959214157324
55.0606415087021
52.6422827730686
48.1254171845611
62.5336856262051
55.4022565203368
56.0619845109757
47.9135472412681
53.6282187831232
47.1747347494492
47.9788138031793
49.598074235032
50.0057345280778
50.1110512045759
51.4469013194723
49.8971846040443
50.1287182199468
49.4038319544516
51.0200070981073
50.4374637366756
43.8829036748661
54.6904247767137
53.5540884274392
47.3631906412057
54.0834243411919
56.3987256995195
48.5710045424358
52.3735308766048
51.5716518218129
52.7399393000407
49.6132230919909
46.5543306425713
62.1014712809142
47.083766766258
47.2924589914272
51.9302334648628
46.5686041560523
57.1029007578044
50.6792477898103
53.5903747725323
61.8058871561342
55.7751009167863
54.4187856375224
46.1795430969085
50.1103472795168
49.3217751177622
50.8917903832495
54.1103650139153
53.8613596986647
50.4942800649479
52.0464070871826
50.1504114714805
56.2032329377295
52.8413910593128
52.279385558459
50.9225350130958
49.6461701168454
46.834985879921
60.0511095679111
48.3348519893616
46.8518402132545
59.0363868791592
47.1956686783242
61.125212166654
51.0880180050242
49.6527970924271
47.6443271652811
51.69349384205
53.0825580959414
49.754881945764
50.4265766047493
60.9699381362656
53.6699398052091
45.4609998587867
51.9838105361291
50.1884782197911
53.356263330956
49.4528302211684
52.6806126859959
47.7128727880474
56.4605999194063
52.5694773919237
51.3500737344306
53.2640927915897
51.2457493461176
49.6392113164631
57.4825838983833
51.9482212712443
45.6819423653052
58.7530792119388
56.2635856631507
57.8897012282045
54.2187367003517
45.9845475253152
51.7874362963592
50.7150377813906
54.0164783247961
51.9404570471143
50.4965925010825
57.0758982814596
44.7566301736205
46.8154471237038
48.2204836863349
50.3591689614231
53.5151197294308
52.3333994891379
47.975548494125
44.5354523534063
52.6998147340328
51.819009120225
54.50209480234
46.9062358171947
55.4530145729133
47.9177706154656
49.0407820713128
51.7260019227445
49.8154741105846
51.3863116558694
48.3840752832185
49.5214883197946
57.5657321559276
50.6823004966714
55.2040151221782
52.841881846123
48.4547916182928
53.4831460057523
63.0798194504932
51.4162749682682
50.9178058696571
50.0677786855078
59.2883562735393
53.0043458660437
54.3103185649464
45.4297194758689
47.1515878877045
46.6438356827963
54.1873915492044
46.714740031647
56.7454219625618
50.4848266106085
51.6569846104108
57.4712565211948
50.747540333531
50.9514428524529
49.2262568832855
52.4787213769896
63.9645641464305
50.9870463797159
50.3758180419984
51.9537093350503
55.3016019280233
51.3773888336499
45.8475011016704
53.3048347774392
48.0777135642144
58.7119158875063
52.1465542871103
48.8811554522586
46.7870379174522
53.6473186915609
49.4026256038742
48.3848226647875
48.9363031137826
53.6317323096627
56.0748256784966
53.03982611904
44.8316653591944
49.6183415391549
49.3905963879623
47.3401169258329
52.9383994782212
47.5223837259654
48.8642649553238
46.774047340839
50.2835547480133
51.0999475864871
57.249081179005
50.6602325321292
55.6365540622089
48.4084670917131
52.9277298769077
45.0809128526843
51.2087806660721
52.325632780857
53.4296689980446
48.4538939106104
53.3682546023515
53.4395991379983
47.5103260256172
44.7530192666757
54.233508073465
50.0080557287539
48.3433884080955
55.2170100716865
53.6927557073924
49.0591938845828
50.1893413815433
55.4076872640573
47.8294546845162
46.5946202649624
55.6119062322669
47.6168366931733
47.6194010347329
63.0171447963792
47.4232883098604
53.9425375070948
54.3243116989299
53.1400525663883
48.418991327
47.1706292646744
55.8141433767564
53.6898961392091
50.4520027309336
57.2243444667419
52.154930387452
45.6462736360768
52.5457322780582
49.7379465472796
58.857610438285
56.2117542546596
54.7724766633693
48.0093436374505
52.2013418247673
49.4461323102832
49.8851000113159
52.2996013704998
45.4495875046029
55.729392769848
52.4722955218087
49.5670934624247
51.0098995482171
55.7116667006616
49.7722719601203
56.6432616135542
51.5070646281018
48.1463905551171
48.1841642346435
49.9540507308012
55.2027960103947
49.2863278937455
47.7715620853685
44.8214579562544
45.5491412619103
46.3811600760397
55.0138621828416
48.7386734885273
46.9944561533618
44.784422715274
43.6308092845055
53.4929203168687
43.062292162671
49.0829948981791
51.1613088158064
46.5008223069846
50.5035044428247
49.4824134405173
53.5293694995696
58.5532246885865
52.920462071821
56.9227627601149
51.1009660022466
44.3054699911234
55.1817728509961
54.4355361009566
50.4779903633514
51.1258549107869
52.4861759749582
45.6770317053946
56.6021080370016
56.3450690106559
45.4036558939541
44.2360294707878
49.0303513483481
49.2264918796162
64.9006366629935
62.2269897842065
56.3750456846882
52.1076873695447
47.4021449905245
50.6421764582466
52.8888634349438
46.9163874839602
51.4043792098946
56.1982190568627
49.2319631888464
52.8962658249144
54.652705686474
49.6792689279951
52.8809332876948
43.209254817865
52.3291817045381
46.0227242088788
50.786668492713
50.8714350009377
49.9309019395987
51.2758313625305
60.9171008458387
49.0617323755513
62.6946391850957
55.9540125742526
51.5499882580261
50.3007633548603
56.339478552595
50.3640441961116
55.3121761478098
50.999930580495
47.3674441186599
49.1069766507022
43.8130494584396
46.1057573392114
49.9278864361224
52.6612276320595
47.7101842643889
56.1674074854163
53.0903102212297
47.8317190374856
45.5338024866369
49.4711407220675
51.1803166778425
45.3509437991787
52.000658981612
50.8784317661756
55.9316539795671
59.7813971310375
50.8141585723833
46.0519346226474
55.4194750575857
46.4440328978661
55.2780585184766
47.739926035154
47.9630701518637
59.5393755152081
47.9784804999651
46.8896152373939
48.9197975841759
52.9578688652201
51.9527663104092
51.8583197009087
52.2587772967402
47.5510683954967
46.3335442773893
54.1172204959369
49.2407929440748
48.537542235435
59.7188826638115
48.7330703512449
58.4372562966771
53.8382071997763
49.2477474659131
45.31047713799
59.3539344511427
51.8395812896083
46.9569750853188
52.5323449168935
54.3524081081505
51.6791290556734
47.7399462993357
47.6952786066282
48.1024498138274
46.5139881150211
54.2435286227756
49.8987293416831
57.7051343289688
52.1819345919966
46.609872194708
46.9942578225276
48.829087313145
43.5238218668707
49.4530935935793
56.9981394602824
44.9408529457768
47.6261336248623
48.5522485636423
50.7337693259211
59.7489735026489
48.2173004872832
54.3233623531571
53.5432379248068
51.6258814956196
60.6733589381967
49.5523014946879
58.0294958782264
43.3951534076013
47.3802972941241
45.1192084282144
53.0587009283912
51.907513067068
57.5505940294653
45.2566243582745
46.7382291803357
47.7937594483762
44.7223573078141
55.243682080231
49.1115408358723
47.8199095954815
52.7763968364152
45.5865599386293
48.5536651641754
47.0381510605695
51.9587088395628
48.0049737684537
56.6432881713595
49.9834022307605
47.1867424897973
61.8270222455948
52.0313212350711
47.2929186284229
46.9768040237892
52.3727580319253
53.7413640793753
48.4983280216072
52.5335459971094
57.8114322533313
47.690755313511
52.2894154730364
51.0063544620457
47.8530578844897
48.3982536608206
50.4207465509369
49.6669591923065
46.7274014209887
44.105472893991
49.3480277957593
49.0592751711885
53.751281146196
45.1943367561319
50.911030839994
52.3696033739604
49.4684999704768
51.6672234980823
44.3302587828102
47.7472520543464
55.2384973116061
48.312562032716
47.7717654567601
50.5415144372289
59.9978910276804
50.5227478156683
48.0248852952652
60.4348308560206
51.5440246191986
47.9625044566986
48.1450017602927
52.8899990446972
49.8489604986073
53.7244008594395
53.2677404746293
54.2599337205006
43.2160955817225
52.2591799518341
51.7647227992831
47.2486125540623
56.1483080080295
47.2752685953826
46.3788595466437
46.6652905147201
57.3337294978351
55.4920377467494
59.4111726388362
50.0573355014247
52.8400994784267
43.0951390814287
55.1782423082668
49.6713707085747
43.8534563032831
44.9943732992067
43.8328227187819
57.4763933649936
50.9847155659177
57.1202943504715
49.0303711443146
56.0772186281883
47.78191443806
52.2003629573817
53.261783917953
57.1978591905938
44.60984619521
49.2577759305518
59.946818401031
48.7224659078373
53.7691252154203
52.0623202076386
48.1790686758406
52.8590435924159
46.4432480218248
47.8328418973318
53.5843593591876
55.4292259792329
50.5805721884339
52.3418524134667
52.9718090853912
55.4996830804202
57.226746004052
44.713391649274
50.0056491084513
54.6228788562216
46.5611000494196
55.6484962601554
48.7056320808088
44.2242696226268
51.0772741749501
53.4539890292943
59.6818547324695
47.085913026063
59.2085264848419
55.0838531300687
48.720525063889
51.4686201790196
51.1371899797053
47.43394989921
52.5402716843632
51.6663681438509
44.8048848218187
50.1732194005077
53.8147148034437
53.3224336514413
51.7510843548115
54.146526785626
44.7662721482198
49.9192112406658
50.7848934284459
50.1539614425836
54.6642430370536
57.1797666223182
55.9310596354564
53.0182503738338
52.5299192371025
49.6319003994732
55.0970776928764
51.7072535836323
51.7392916399355
61.6622506109808
52.2301741660032
50.2853047821851
63.3055060606941
52.5902178311492
57.7770399132831
49.4587572917664
51.201273989522
60.960064702289
50.5466635888542
45.2517342118035
57.7979733232118
43.8266177924811
58.4738627776175
46.1820306599922
52.0141317513991
49.396431638681
49.6403378015909
50.8796139694791
48.1034466439303
61.7907268550714
50.0936809077615
48.4947884606082
50.9626173170348
49.0087863681747
50.2184941999934
46.5910394111715
48.9556498143858
51.7486199589762
52.2675251170547
51.3563548220414
50.1876479548619
55.7924750686719
47.1707659702005
53.9743369954249
47.6021961044636
53.3478633948414
53.5192939586556
47.728748990053
52.4464207141083
47.6286496997561
65.1626571692709
48.3782116734245
49.1714774009261
46.3760739959826
50.0869122025472
53.6593515054583
44.0385342908934
49.1299748567302
53.9791316650536
45.8678345003945
53.146529682239
51.7862619106682
50.6532557637265
50.2266169254092
48.1106103280213
61.5020344226611
56.3870811480009
48.5629925512529
49.4185340691214
63.8023285861801
50.9678757244354
51.5148862781599
50.2798021111093
58.5134404455476
50.6958144233459
51.7186646762057
51.9307442955519
46.0428631670122
51.5117572416909
45.3042736105613
50.1861240358857
48.7795515632277
48.4314703515637
63.3974543588348
47.0609927642098
51.9803569339415
45.72261000114
54.0123696960231
61.3032182580291
49.0282511951673
54.2095638049576
48.2441423314153
58.2593773478641
48.2124648237122
46.9649000461944
48.360048627569
52.525090305651
53.3771230811963
49.8977004113605
46.1474860805721
45.3985710268848
46.7832476744334
55.2906361344969
54.7074202941521
54.0652330328313
53.0294726665423
59.7473192531624
51.138878180095
62.0027835753029
47.11408711913
52.0609933290947
50.962964954832
47.821790579908
56.1862542676553
45.4066614868732
49.1871425538138
47.967930608001
49.55525042819
56.0790702445506
47.0643246549155
48.9222040945599
51.206492928773
55.9866808115596
51.2800653009826
52.4954450418272
49.7837011099086
50.1597231821307
47.1808474498731
46.9988063650655
51.1593478904024
55.9643957914097
45.6756875527439
54.7043632229994
52.767782094859
45.1686536552434
53.1386097704723
49.4232893948665
52.4234060965997
58.1704215424302
48.8343219156527
48.3285866840951
59.4086870464957
54.364553166681
57.1787324772895
49.1765131618557
56.6406755161398
57.1570999375323
55.5003188866142
59.4990763893922
50.7986978006088
48.3436520339231
49.4391584846706
51.0293449176827
62.6109304096348
55.7190431666594
47.7119778498078
56.6694721473026
47.1349384791776
48.029185769816
49.6182218136894
52.770397004728
56.4281920067392
55.3294866450596
48.6985556053721
45.8082531007956
51.1696670430432
54.0926746268257
49.8995239241163
53.0622658614647
48.0381506004048
46.5745013426571
47.9828841810233
53.2050939077051
47.0182464958783
57.7480580456788
47.5808428757845
58.85319379338
53.4108144672232
45.3859876582756
59.5460408717731
54.978679471504
49.7028685861724
48.9237399933963
49.4500874772377
53.2678510252697
61.8160587424445
45.8195833537774
52.9583728374416
46.4431273109799
52.2525218816127
47.0242615964642
51.1493370800805
49.922420333164
46.338428258727
50.4316817307395
53.954991256715
52.5435032922633
44.5740125209125
62.5894989065309
53.9807371843656
48.8955907388846
50.0616231787168
60.921064415229
52.5030765318428
46.5885523256257
57.9409482571159
52.216453053629
55.7356836312957
51.2217283681272
54.7505859881671
44.3673051899671
52.3178932107067
55.807808575893
53.4436971196392
49.2485801859755
49.7872968887944
47.8392763783724
46.0339127011941
48.7273405649522
52.9577783755263
45.5236128677221
53.8561833557186
51.8066094188486
49.3231169344552
50.8669861515147
45.9448524000611
50.8937234722289
58.1433779522849
45.536461553383
48.492631926553
48.8298091433028
52.1330217396738
50.3675991817845
51.3281854697375
59.0098704440724
44.4959707015518
52.3204288770497
52.4803931405228
48.5777138627433
54.1555045941854
46.98063284577
50.0880727056239
51.0515319482233
62.7461175460547
45.7920699352717
50.8486318839502
44.2182754102542
52.4428354808942
47.7346544234258
46.7670499879242
47.8002158565468
43.8166819617233
50.7286820251623
52.7109148141338
55.516314752646
47.8853923496805
49.0319027929583
47.8916108107024
53.3961052283619
48.6890195000567
50.2851084822265
49.6853423861193
52.4593418591465
50.1023000881993
51.292085611333
49.9761248919583
60.102972938297
53.7178768913442
44.8982558890647
52.2493688044975
49.2994180116965
53.0448999579162
46.0324985090167
45.7606829347163
47.6067267254064
46.8864476496454
53.714247359824
45.1762814229108
60.3309835528581
49.6086606465764
49.5304279395586
48.7892756440882
51.7792270358971
49.7662512072008
48.718737604321
48.7617057087657
56.5306194014254
51.8608638077557
54.8561130913049
52.7998478746377
50.6080698057512
52.8282278866471
50.8469979693477
54.9900437989063
50.0439797727761
47.3556833390379
54.7290947823841
60.121891039831
50.2239433202679
50.7902834614384
49.0128801052926
55.647067284544
53.2639106672233
45.6727572162136
52.6120654740338
54.1965229249829
52.1085887785069
49.243399971372
47.6272404743759
54.6713986530185
58.0155039359758
47.625460692875
50.8381841351835
49.6006724249834
49.5995843951021
67.5523849681394
44.5380902520208
54.722581916822
56.1574182593131
57.5300120440001
48.0263860339045
50.316649410714
54.57978613516
44.3262731195898
53.31833877428
46.3352766480316
49.9447543264454
49.4247059760253
53.0280299558579
55.4537260816808
47.3382163304754
49.4379968232721
54.00774597111
54.462951090361
53.8397311463936
52.6625080241772
57.4860313927328
50.6842593636156
53.2832642811569
65.3104514031915
46.2335911131145
50.0057550829549
49.3060974583956
46.8118750102739
49.0896189063922
54.1814000459028
65.3037033721792
48.4222205486328
47.8920590568246
45.6258142369468
53.2980908433588
52.195655583569
59.0463357959241
47.2072142070924
49.3570235683617
53.5575177682098
57.0432030090974
49.0630335394203
45.9753947428767
44.4949313772382
54.2820084574044
56.9395604800995
46.5961899839731
49.6174624728501
47.4399793509419
52.5410386560539
50.8568225858354
52.5123837998404
46.6571003832765
48.2129186339973
52.7118128242845
47.7944456493401
53.4878019201759
46.2819638461142
47.7432091469386
50.03712810762
49.1638509184775
48.7882626887492
58.4469254563356
48.9303430972162
44.9927079165169
48.4906664693893
50.1248905509126
51.5701535364095
51.598062245972
44.5178975339554
46.9056183786576
53.8607589460355
67.5858318284829
50.8826443611602
48.0509717098944
49.4522115777328
56.2302489167938
54.8351485362198
49.5387255256022
55.5753517204345
58.9026112503868
62.5078886498323
48.0950416966069
51.2663388766659
48.1814239154247
58.8297078687373
52.5469906502291
50.6662813873718
45.0917847875569
60.4593831447898
47.9618006788458
51.64826261887
59.5145657320916
52.2720349019865
44.2117235614136
46.3371002353471
50.8773759111301
53.5757572006107
49.6166049576647
51.5721466131271
49.0960476427337
49.2036026058617
50.1477079257352
53.0432624030536
55.0377348866012
49.7201049829712
48.4009051366207
56.8690829060407
47.053444588457
45.6324663027606
64.8776604396115
48.6598771580979
51.0664621748794
51.9617199766713
43.6480706386157
56.6602146043162
52.5429282440889
60.2574508698667
51.1127529348043
54.1578059499355
53.2803607825783
47.1582699631343
55.2964753771789
49.8366958413053
46.0112304505405
48.4324935141154
50.3986613891608
56.5896353854467
45.9356233967829
51.3043337841935
48.4476480580284
49.651923643494
47.4360594980178
49.5565172972616
55.6626865746065
48.8068279028975
54.8962673876921
48.8336010990194
45.6530599428777
54.6411321143986
45.4533660955202
51.8497860254062
48.5585475659127
53.9928925111847
50.0572667383244
45.8271885946235
52.9973283728519
47.6576733452642
49.661501524334
50.0764127405613
52.1788040568718
48.7311389545016
56.062143287508
49.5555200793318
47.345053758191
56.6258870797995
52.9620603737844
53.1462476040406
47.7208717236372
50.3783584776407
51.0280567057783
45.0238389233968
49.9101983113607
58.4084601720321
54.3007042736548
49.602331816423
54.4022812590392
49.4617016057657
52.1838912139336
51.5039972526228
54.2194547439325
47.7433540062385
54.0204059056706
55.8574552487128
56.3058043827211
47.9712288273753
45.1271961749949
51.0077188183667
53.9071153336055
50.9053086395262
57.5576908864133
55.7126554088155
53.9035671902324
54.3238358643613
53.5208193630579
44.7293825063965
47.3917324200434
57.8969048388829
57.1843578444107
52.2539666920327
43.7132308161886
48.202907519154
56.9384571401151
51.9756525782138
46.4090666902241
54.4893946214641
54.4463316530601
50.4061505651066
54.0153525708222
48.4194075216051
46.3276610150514
44.9642076586664
49.7849937830765
46.1051792928805
46.8308558013162
60.6440239998298
54.4152731205822
51.6318220664179
48.0776234266793
48.5907162814765
44.7547053630785
49.6981442391952
46.8535361292958
46.553585355432
54.3796278687293
57.8437965629102
56.9322558459689
47.0974966710604
47.4188429714408
46.3145484870987
45.895787900141
45.7379904988626
59.8042844112451
49.6912921346105
54.743538328107
51.2716763881641
48.0947864620514
56.7205120687918
45.2453057952221
52.6108408823222
50.6469783642704
51.2847333624976
52.8152301012935
50.2586746493145
55.9568364420069
49.9694964403003
48.533464046301
58.5865828940171
47.2656130458506
62.8129740688364
56.2824812469336
53.5224849088593
52.5959146551653
49.9514249804853
48.0722152621649
51.9203598164765
51.0587409194742
47.8763274790814
49.1689931154091
53.1476938133521
49.7825238161758
60.1174099456104
52.2893878784518
46.5076543432697
49.7349976583741
45.8804865798102
47.6373387571097
47.7283319345678
50.7523263068711
62.2029366845087
48.8401679045578
57.8497865575525
51.38336521953
52.2273895894535
58.8642144849374
54.9762749058431
45.5966716630782
54.9025720121502
47.8638713442814
51.7834081471061
50.012822744384
47.7121424611133
46.6710095041043
43.626098200061
47.4845973616476
51.5144420723102
51.5153987791004
49.9617780311431
50.07046340939
52.6986116834014
50.5493673262335
47.6933671111596
47.3706868444446
46.9464258506353
49.7879832141866
43.8435637554132
50.9209928774644
54.6636915863173
51.4988729088987
56.2280143860299
47.5824834188552
50.4304922670049
47.2760070183773
50.2901326993938
48.9263543779978
52.0043248846611
54.24243930965
58.6436462446588
47.7002911492569
60.0717140600527
60.934418900619
56.6490075161286
55.7856138629275
48.3882360830167
49.6274165748504
54.8200680097675
49.542566447309
46.7653542995723
48.0834691294039
56.272245893327
48.6448635922614
49.9285572837201
56.4782754659421
44.1811416923152
52.0799366888079
48.6621410160876
50.0101195077811
48.0198158955534
50.8064234338724
48.357898132752
50.3611845373591
46.8459686783444
55.8494982589938
46.2020340852261
48.9827125719972
53.4091424544932
51.2820043745665
55.5704616630541
54.0393657410058
47.5330166497168
53.3397014752057
50.0998006319352
50.9534766593154
56.1425320827858
53.0701598359092
50.8359745265731
52.1305658259164
59.4692721290241
50.5668798662533
56.4751407396134
57.2624699197865
56.9462663649028
53.9364838510024
46.5732627945658
49.2319489399355
57.6616558417753
48.5643335583352
51.9224795732082
57.0901888170708
47.6897276052035
49.2615649770513
49.6939272968653
59.0701575902708
48.6822013467202
54.5005600212654
45.4103602870731
57.2853091220456
48.7031740718696
54.3455998795163
53.3563170917713
46.9770837271868
56.3796307656149
54.7853135564973
55.2356311626029
46.5720045469942
45.3802390247426
44.5131597065477
49.6465110479697
43.5483748865802
51.8012236434462
51.4479286117478
56.2597707914685
48.382649253297
55.8030274310291
50.7097386838738
52.3319973796299
49.3403854885826
49.0190823177226
58.1120250762635
50.3735594661732
60.9973808659446
50.8295761526267
51.1856257468147
52.6977605509391
49.7955069430645
47.2444737292022
50.1615688939904
49.3334966637307
43.1640091872417
63.18396518031
48.9037948482998
46.7338210368128
57.320301422831
49.9857287989489
53.4001777529181
48.1848831531797
50.5360182061601
44.8681731651777
66.2253038941804
53.3875524117187
54.433503048968
48.2385589631864
47.2254509912437
48.4207338919765
60.6500398246293
47.7055745593813
56.139104307568
48.1768574413267
49.38687052586
50.602602198202
49.3474774241252
48.8541310831124
50.3097758479293
51.3801577112598
58.7296334837482
63.7214071574199
50.2739919064851
58.4663770196074
51.3512018668062
53.1306295579126
63.1928077919393
56.7083507964
53.0824069202766
47.9651123826672
54.6383719097893
44.1269961666051
47.1494358140101
50.3223446480188
56.4326718085642
51.1997742564607
46.6368528467824
53.9775402685853
50.1098842591766
49.3093132038727
57.5509181895285
52.9174293118157
57.7634434198587
48.3078336969517
48.9965307526784
47.3889568583386
58.5606158293174
54.695957283059
42.9577564265718
49.274317992907
51.4311421395302
55.9339936797083
53.6649609722361
51.6872996994292
51.3690086410542
54.6835420868835
52.5638235844575
49.5029097581427
51.9330286744347
50.5736876564877
58.2281848997315
50.3870804675731
49.530699871318
46.4564826966467
46.9565986514326
48.7534358795887
52.5975612738714
47.8757552668819
52.2324224069039
56.1265899177389
52.7813686269786
48.0397285313041
51.845302638964
54.8929841285534
52.6342272221408
49.5395555704906
52.9836282097654
59.785359918193
53.6120425172079
49.7929598950059
61.0578809622734
48.2981151495268
52.5917743798475
49.2788173014694
56.0109344944007
50.2694594200773
47.5012113183957
52.9079544609433
52.2107519351311
56.8422114762782
47.5334582077061
44.7766777847789
57.4146233981499
54.4399859358932
54.2678112347513
54.1389617741545
47.3423424494025
57.2626828191937
46.549428779728
56.2538028470583
48.9889775775088
49.4323391385057
53.2775028419654
50.5386986402916
74.0750311554032
51.7776101536377
52.5703952978579
50.8298003567907
47.6253701182998
52.4891422077229
50.9833256568122
50.2823797756209
52.3977413930824
53.4128887351
49.2084147665093
45.9124109949525
47.4646142455691
51.3233905326206
57.634082727511
53.1772167657729
45.5283191404835
49.298974166804
57.841832051229
46.171158262287
53.1264807027942
51.1681104773149
48.9039044738585
45.3952759754578
49.116306942101
48.1352302784232
53.5630576196586
54.2143557621094
48.1082581807685
54.968482108473
46.0215088259174
47.9101019494643
51.6259448822223
44.9815919616047
51.3304583102716
57.1212842174791
45.9668383699304
58.500508238282
49.6038477967277
45.9314511457392
45.7039886068375
48.0076172923507
53.707192694305
52.7996741280067
50.1352189766387
48.5872632245646
49.3339648673016
48.5562879758043
46.9362932310667
46.2313986635997
49.6044756743759
52.5984379475196
48.9907235146078
60.8963768363048
53.4508450975369
49.2948696981861
51.4825315546018
49.1912475187042
45.6645942462215
46.6103336588674
50.8619958019147
52.6677518917089
50.7163959716993
54.1079124659264
44.9172392835305
50.9466616557612
48.9654223486165
49.0523194867439
50.2854744907073
52.404810110562
48.4100457006795
51.181432589397
52.6153076870227
48.725406105579
49.1839504197424
53.2128261917766
46.664817522345
49.4522115795473
51.1795447297399
46.7276414890455
47.6406006963771
56.1083739235265
56.6963934836361
49.1126895961415
56.1867590113644
53.9363408940319
56.4921662801885
47.4808712875411
50.7638822943962
47.7952515655662
54.3171580893981
48.247509246797
60.2854289889776
47.8431297997119
54.2734646114295
51.5126790949527
44.5816454797244
45.8392291945274
44.7268025265307
47.500466883202
48.0704566645465
51.7483821950371
48.1530468183056
49.0410141676965
55.7846519529626
46.7589946261265
51.924237018624
50.7085585685529
46.3438933104696
52.086969267219
46.9043629156538
54.4642779686681
50.2959780688808
53.0169495067427
51.4775290407173
52.514059983709
45.1615623137152
52.3108875491432
45.1435007326228
47.5679790276493
52.6521716582495
56.4311807642868
48.8809885730472
48.5427560264704
52.5535074626915
50.8364632889088
52.0498472426762
48.004086344091
56.487203589972
56.7487689179862
47.1046421623339
61.3082331138302
46.3368624057735
45.6233070813516
48.3714386532603
62.0032480618751
48.712147698927
51.5251220126907
47.2956663738403
56.0722707723078
62.4998043440741
50.5077201330255
53.0289181121101
55.9119531078712
51.7479353536359
49.1527597531967
50.3191947661114
53.0959876597958
43.7045191102672
50.4764108125274
48.823293592013
51.2691403997044
61.0798267366931
53.6513907043697
50.2582202375108
48.9115044972489
46.2571545070741
49.4347205416055
48.4935388235413
56.4082813712689
44.9750888996236
52.7164200652546
49.1319078355402
47.6602592402423
49.9057277291625
48.6952776710224
54.7879619664178
47.6542944309717
57.2454480569265
49.0872462823449
53.9177968769909
56.2194600331539
52.7718525953901
43.4848718931109
48.6594846417139
48.8497172497198
52.6469828332836
48.4976943223952
48.9288862732109
57.5453422418931
51.8782093140846
56.5805693642188
52.1059371116641
47.3989544725355
55.3108560700351
60.2368253223361
50.1141554338885
51.6019039502696
46.9431643070942
50.315411865431
50.7662633104872
50.5221032611405
49.4474498409843
44.8932014818214
51.9438785448355
55.3136933312412
53.0753574923887
54.3897699293066
48.965542955948
57.0308750247389
47.9865098836633
51.2075644789916
46.6627918061187
48.6311374359124
54.6832881337741
48.63536630322
49.4460384351677
47.8760947451094
48.9918078180777
58.8524521813692
47.0942804212639
52.2979698950966
45.8456694995035
53.1073997448761
59.2865611990531
48.1078640209071
48.3804011625848
53.4658651091065
49.9616923867358
44.8027404193348
51.2073177093388
45.8427569123805
48.5585257173548
52.0922445365144
49.4586683015644
59.4331644407124
47.3197191809219
46.5162048975468
68.3529795629431
49.8796685253779
47.8810345700043
52.7160520240096
60.1315825166621
53.8167748686713
50.7826559371754
49.7529577485097
60.1595533164299
49.3377290861891
48.5489939264411
51.8950805823144
47.9929675742566
57.7976027386538
49.737069133792
48.7487161780743
54.8926330465565
49.2975505929289
50.6715694284319
48.5178866128608
50.0213060353099
46.9621628385379
55.1105553470506
62.8200598208287
56.6710968705475
53.2378679959146
60.9224140194931
48.5622215245058
61.6430917424941
48.231015769135
49.0818415278938
45.7848373650632
52.4150473575362
53.9520761051637
52.4430945556589
54.3652461940423
53.010765161796
50.3239628531087
51.3877660284357
52.4101575889862
48.3850909589458
53.0331115214568
49.4351112840911
50.163204865175
53.8527501002502
48.8507610253809
62.6918333210612
52.0209628432795
47.5503658295571
51.0645297883323
50.4417520568523
63.9690946945577
50.9913729169962
58.4149975391471
55.1556604399544
49.0703420807123
47.2579766306319
46.1611240305882
48.5727719816932
57.7137834913818
49.4815681838215
48.4364755658903
46.7676342324074
58.3642361291867
52.8006693056516
44.6393686458582
57.225092514003
53.8195717553227
47.0482973091493
53.9228029551511
48.1521020586603
45.8687579895875
48.7446535557601
59.6686641228907
51.1484916963863
53.6092174200758
48.0260413381466
50.561901394721
51.7320692481946
57.550014204996
47.0873321576713
55.5226639836105
60.4873538472861
47.9414559824744
47.5222175170027
52.4230733162962
46.3565302509727
48.1351684195559
50.0695720671499
52.8575696843845
51.3168456044908
51.0113986707597
46.4908638999994
43.3329401839025
54.0133988399231
55.8255592233885
57.4182281881726
54.8635948872536
49.3442563615444
49.7059164767702
50.1098992049379
50.2197002476193
54.5860691642297
46.8787542694113
50.3002450806495
53.5011086379892
47.3893924776265
49.0079451102437
48.0468604758712
46.6952775186107
60.1145280616972
51.5559955285892
51.8840876203658
46.5266833290485
52.003333925888
56.4223500870183
50.3554227762748
56.1541147019916
47.6245476946076
50.5588562992268
56.9614712423695
55.0369057882304
49.4431979625262
55.1809967274665
51.8085150623482
62.4603110543939
46.2298592533559
47.4728715659448
50.8293212067843
50.4606280344675
56.4149174720591
56.796672627038
45.4916465228925
51.3177238889659
60.880762116068
48.9781336630869
43.9815780124706
52.2155899806663
53.54611291304
57.9090510929723
54.0798611315684
47.7827521121806
44.63075156603
51.1919776877468
60.569208655383
45.9873114477935
52.5708072970743
51.8903136818556
47.8684784777253
47.6012294999884
57.404327538118
47.285885720078
52.7759684210268
49.095530506228
50.739520265713
47.2863968744692
53.8290631954191
48.3274058450645
50.9427187180845
51.5370785239083
55.4954465967875
53.3632067619147
47.9222497389601
55.3121258854208
51.4885638908567
49.0949431863966
49.5248083215025
46.555902171384
50.2806762080934
52.5366727782205
52.0144814449908
55.897049607897
58.6326475445409
47.1862824016575
47.8980291300895
47.7317072319788
54.8597383520054
48.211178445554
50.0929448838186
47.1464373175844
55.5865476846347
54.5228850876766
55.4385861846939
48.7548662851696
48.8783191894335
50.0466868018082
59.9565891772007
47.047019336481
50.2510699663059
53.8943537319915
42.7053267359636
52.4895799086489
49.3191148361295
49.0249760906258
52.8792338486456
46.7827168511164
47.8333409008692
54.5993269408161
51.8566432469484
50.9729111831053
51.1939272927556
52.7086744693387
57.0495966948477
46.348806153439
53.8606427340792
53.0340894403802
43.7155445343931
50.0809507462548
52.2162634316476
47.649180437943
47.2863993761385
47.309897738364
48.4748631442025
50.8673309342222
54.0047446593155
50.6497285738911
50.3909386132878
52.5116717042476
50.6387264102482
45.3395737441766
56.0366970626385
48.8475776820874
48.6065018083066
53.872779416453
51.082953265441
51.5044341588034
47.0217696463059
50.0913430037787
48.455496753939
47.6686876710521
55.370708569089
45.8905565629439
48.53951712681
47.3237625266508
50.4897889765031
57.7902707354914
54.3276232334066
45.9144311365532
48.5030996398132
50.4854371238449
47.7680935016363
46.3402513346997
56.4777521294213
54.033013074976
45.3919866014524
51.3629014468619
45.5918765617412
55.3156889361991
46.5548813907271
48.3827227783421
53.724287601319
48.5943361450664
52.2247376334962
43.5129587857753
58.9925163635222
47.9127736871681
48.9321733068653
60.0144932568422
49.7520841529698
46.5827413973414
59.5525963994702
56.8221439197896
45.586965716123
53.4746732580154
53.4077157863253
54.8645789333674
60.4760115301332
55.1770836354779
49.4663205500426
46.7193452848091
60.5597395459055
49.9547624220452
53.7855185697277
54.6536752124451
46.6462894485002
46.7858582254354
56.2705003349931
44.5801032633451
49.3394634119943
49.085447924181
66.4838575592364
49.8802993293206
57.4709310791296
47.0649149344232
52.3586166207154
48.6341466667217
46.2556042321579
50.8216136146686
54.0441903685039
50.1124304429398
46.3313023289346
48.4147576305448
53.4258931194105
51.7219129889694
53.1616542784531
62.2440668318574
45.6614154297195
53.3297154310253
51.220955532271
52.530199090596
45.9409989567509
48.5414492402338
48.3112485242366
50.6881106419083
49.5514644745323
51.5450744506317
53.81956300113
49.445789196206
51.6919003199243
56.0114099090978
48.6809747919834
51.8068745126335
53.2332375666154
47.4091416266276
54.3382749906459
53.6989757295758
48.6604671683198
53.9802608658003
51.5199022619533
55.3098160262373
49.0571357259697
54.3454217323864
55.9152337660195
53.2622001019845
49.6577240596278
53.9860960302254
52.4781716955407
49.5082512139498
49.7055208524265
48.4203420137227
47.6537709998991
60.3542104830617
49.6087748777754
50.4766531402501
53.179767081758
54.0683521313074
49.0827069927659
49.5697486744485
49.01764542516
46.2400513880663
54.1434475941946
53.3821774252613
45.2354542815021
48.9388371335754
49.8129298963335
54.5940403161409
53.0337236879092
53.1564920270483
56.4297953748838
46.3272768187362
56.059431972618
44.8664243263576
44.2445122515174
53.100057739309
53.7929891794239
49.1370388376771
50.6470521329522
53.6346795861135
48.4153840039833
45.8186617444691
48.5813367066281
52.1093510310784
56.1113048522268
44.8488556123099
46.6944058381844
51.8525085040939
57.9299635747491
48.4609014840475
55.9256125055825
50.0065808064655
56.4213131525753
58.7278200833039
49.874591080267
47.7224818376822
55.3366929180225
45.4764015899246
46.8927714395864
58.3223891070699
50.5614419137067
44.5188238463912
48.9456241470528
49.2384404163957
53.2753726737482
52.1437671000858
48.3750126344545
52.5893291962183
61.602777128341
54.4799644670911
50.9712663475579
43.9210977633013
51.8250829270642
52.3849458170143
50.221768750001
50.6021694977254
46.7225854188714
45.5411254656366
50.7444507826171
48.9478766770794
56.7536600348565
53.1439825143299
55.1495774542649
59.1328792563896
50.4011499913882
50.7984907325576
46.7810283267325
56.7788396463666
52.6066419119963
53.5672213142563
55.003275137033
50.2059533299086
53.8798341199591
49.8386678051082
55.0579147523214
52.9608476612069
45.1985761518418
48.4667561786205
54.2825510205041
43.9184839186465
48.9041173852158
47.4002666745078
49.3166001376299
49.4806506155643
46.8875483204929
53.6704542613685
45.0980551699269
49.6178294276397
52.4741933826517
58.3175704561856
58.7712204046113
49.2440474230703
46.3823031883037
44.4295483146433
50.014993274247
55.0575402704909
50.9905320692752
54.8123069948897
47.4918311831901
52.1484404892778
48.7812969299324
58.2569420200844
46.9544280292124
49.2181295506144
49.4226664386275
56.3143640518411
50.7645232487434
50.5177584534584
58.495161234896
55.8043204086557
55.0663681706665
49.7218433525403
48.5547208587858
51.6985461609363
54.5170806534611
46.505454287011
47.4080954051812
46.0437240228106
52.5633799900401
52.2626390658744
47.8499750321038
56.4380598326103
47.951268401457
54.4812672219247
51.9777332625493
54.0295952614541
48.4751395376808
52.9314791444046
53.6956673241428
56.7297278807586
48.1786624104772
50.6681166068413
50.8350881802391
51.3217274295902
50.7442209121414
51.6325962164562
51.9379810844715
46.9370316935841
46.5452450391634
49.0113268628748
49.1943148787224
58.8353943678163
49.7405399053752
48.5875004439197
51.1657966082083
56.3765736369551
51.6637618263959
53.8418172728963
50.0389421438583
47.9864636206834
50.9831373579028
54.2552459181444
51.7114805912523
46.6330089695661
56.7783159323134
48.9972824151844
52.3883273773822
44.8668335700432
52.8501192296234
50.86686422575
55.2606902088644
46.0750188095307
49.2895140793305
52.7434032863662
53.2978216904305
46.510873120148
51.3746488371003
55.3579838967102
58.8474058500089
56.4923067860694
47.9841310754757
51.529231291155
47.9043723606189
54.5228064567527
53.7825166984238
46.2684028823172
53.14062679992
53.63196267343
48.4781502532909
51.5202500526617
50.7786377134512
58.3985424509904
59.6308028449886
60.3287108443889
51.4547613731045
52.7035577670209
50.1290591382309
47.2606479214552
49.2411287958007
52.4646758184543
57.7574415394129
52.0513691485249
50.6437093136533
49.066075271809
50.665475395645
47.1626367299077
46.9551473976334
50.2335100950775
63.7574000985784
57.3085904239722
54.7111731616928
52.5578762675487
55.3952219970929
49.5264094483661
49.1683661838335
46.2984718342524
46.598090348826
47.936038062306
56.2147168086933
47.2984406343473
48.6491070902684
48.6559345837209
51.4755295845998
48.4456912501153
44.0141440578446
72.7429406638763
65.5034210625582
51.733520013035
52.8290851355268
60.1579086947932
52.8804962878771
51.5009589191073
49.1155951131356
50.1084725335149
49.2630832287117
47.1436034786448
49.4312298230576
47.1856435564703
60.0372622466208
43.4807049854684
45.9892424811369
52.2357574601375
47.8974120579558
51.6023309681978
55.2767501988385
55.3794206801927
45.2206783793608
51.1585979207415
53.1764434801128
47.3698687545194
48.0349816675296
47.390834823384
46.917175067474
53.0893134430717
53.9542264090569
59.160553074369
61.2177832357022
56.5851400831444
46.4581365090465
65.6519470173259
53.4787804776087
47.1249623338562
47.5990942815382
56.0301784774763
54.1492229644141
52.022588071115
57.1112012510073
56.5720174363547
47.2777161534035
53.3080581470938
61.0334710054242
53.9905207485867
51.2311495550863
46.0583738582062
44.8038623022209
50.5824717758956
43.6008223518995
62.5283753143847
56.8395239220833
49.8764307242016
46.373575486485
46.9284129112012
51.5862608375514
51.6907606404435
55.2114770555566
66.8168043014655
49.1533017469289
63.1321778575358
46.4674785204698
49.2779853313327
46.9926618297958
48.2753765551967
57.9523518640026
45.8176861961189
48.2301499697873
49.5185241667347
48.9000441221076
57.6422725475599
49.0034263242019
57.9629584058076
47.3378174151084
46.7379684691784
47.0802484789289
50.8330905645416
54.5525729864027
52.6342817097875
49.1785880569829
49.0520815068835
52.6857694739753
47.053535916433
49.9564065843516
52.9360773134391
45.8707934218177
50.2984673175995
54.4071998080547
49.0721983088065
53.0350904608499
48.3214600381827
52.2016676584421
58.3780786774533
52.5652359850907
51.4864143364424
47.38548891159
51.9359809941704
49.7247815477009
47.2012264399982
52.7382123485469
52.3781481244335
48.6668272182143
59.4845193232537
58.8707284076397
54.5737662409392
52.9975515449241
58.3315444592434
51.1794209964355
50.695813679556
53.9191711767333
56.8454469166273
52.4470697133055
51.9844435635505
46.8712105058813
53.5044239206166
57.9282772401729
52.7465105072421
54.8101181953255
51.4092946591844
59.22386952297
51.7871336542343
44.8018563630276
52.7313209286493
51.7113764192891
47.9481117966296
53.6960159584238
48.522134259488
47.982670707092
60.7442798363258
50.3082070739299
54.2123013970743
48.7921920404362
49.1493781557331
52.1082610388699
47.0870580592122
51.6627572528414
62.3552200747529
53.6841949139164
59.7650243875749
52.582152113902
47.1726036459373
56.8173005619798
50.9881081148824
51.0847496333306
48.0224643490109
49.5983663095563
44.7078926101089
45.0849479428376
53.7954928420309
57.8553777823472
47.7031373551703
67.7144444836415
52.9603635130843
47.8625648089498
47.8297791217669
49.3562155979197
48.4324948810981
50.9314096547178
55.6087077750895
48.4413650319419
59.8725164985563
47.2222239277303
53.1647954096511
49.4017144317541
49.095312489054
49.9042368115694
55.0569414103099
48.087428114572
49.5026897121295
56.379093161292
55.1181738404824
51.5614492792544
46.2606403584089
46.0679199238022
48.3887321449069
47.5760531046743
47.0632591888164
49.3849004145264
53.1214103204671
45.4039495191511
46.6609180583866
55.4317159395235
46.5936533634901
50.0380606653469
58.467295630935
47.9682132386769
50.8435802237336
48.7638941347401
59.827806236081
48.3890017057517
47.3741316369892
51.7407814644363
49.4012080333906
48.6185355258886
