0.613410758958582
1.22298606753244
1.33908986615201
1.38709447080922
0.670425327965668
0.744222963941276
0.657014763789897
0.564359271407899
0.550471543542765
0.561029055314906
0.424931662285013
0.328291529046627
0.778084574478871
0.38384162256597
1.08904541491554
0.810293583228593
0.796689765707908
0.542693414346951
0.995919966285486
0.763688556728288
0.634327133671425
1.02338999447034
0.536780015688831
0.97920263777077
0.771780200018591
0.472810006576199
0.649193045050949
0.874268515647868
0.673069959133937
0.648396320109442
0.721616701450229
0.925756980663284
0.607999339059946
0.540189312447339
0.601265474216178
1.0983708298638
1.15776090484464
1.75452226706721
0.535858356336496
0.92910623573844
0.840339330907993
0.787208913222976
0.991042520380266
0.780439096607725
0.755371145835615
0.192925719187213
0.711457800071791
1.04044382679893
0.613243369141407
1.10173118080338
0.572701493194003
0.325023204501751
0.602817712939399
2.35409927622168
0.642558126878472
0.907181260579818
0.447998866590105
0.516742990860891
0.304616942464807
0.651934868824261
0.468353778303864
0.364787060369998
0.571828715264729
0.54622544321603
0.603786582849201
0.693733529540538
0.424993563495687
0.59287058418057
0.428112910097916
1.10587925631897
0.374606448809437
0.93619908648003
0.492161056240986
0.346418751984376
0.505692588394337
0.975943719023796
0.50642960208391
1.0718001518562
0.285482335866814
0.483539615921379
0.952618286523566
0.497843435316653
0.739999516786179
0.748274099217945
0.7629130395569
0.63828766339785
0.461201689357315
0.803910466151447
0.56174240973747
1.8395838726733
0.561230053972193
1.22329260240013
0.729225883342176
0.139942756401338
0.690437749873983
0.579017854614391
1.64910152393256
0.761877313033387
0.837457372282339
0.500677795629438
0.296490709412466
0.448220547156025
0.493565650998792
0.383849879741561
0.509397440491514
0.477649830916699
0.352788328558228
0.479928515611364
0.897241055662974
0.485850735332661
0.831364956977982
0.935619613855671
0.502316379225073
1.04436658082795
0.696456264450084
0.386100638178848
1.12742105551977
0.823651516996497
0.656869402276418
0.516774820146554
0.252084094689577
1.12977485232361
0.779530118359784
1.46734838900602
1.07923705756099
0.352160001273805
0.712979849337959
0.71216982842289
0.282726135927233
0.494191897734366
1.49251834687426
0.960571384003587
0.753216305488335
0.788663460151648
0.557044454236715
2.59898616184774
0.620867909808999
0.671904984101642
0.725939209877163
0.199303652471167
0.583347944356864
0.884109091638345
0.533897620972811
1.81434098881949
0.925409465485521
0.792254752965472
0.536605430830836
0.262897484621032
1.0869910870513
1.11739715861343
1.36271297141844
0.455656619236733
0.560555517132432
0.736968750674962
0.945652538348949
0.728356825496826
1.16374504338111
1.27911667862438
0.602302538283883
0.509159814210886
0.761167337244939
0.478757864194204
1.14871902346518
1.59648211949723
0.582078227534129
0.505527823932171
1.25746033536634
0.282572838637798
0.589114280057675
0.257068128379886
0.78238226941597
0.574704614326353
0.530137155531096
0.440012058966073
0.687403805041082
0.458185279012023
0.942632866645943
0.706749408089544
1.17816972357465
0.593716335655316
0.529067399429205
1.2628296798786
0.764403614719913
0.327419427945125
0.521272545192584
0.611873171472461
1.24136303474563
0.618038607453678
0.409246184509341
0.646916692173519
1.9169195123424
0.50149462533279
0.644328812882987
0.712103659448008
0.816559459059425
0.342491597732688
0.361886902637639
0.602975639605647
0.66501565855894
0.33992952299974
0.612935948449506
0.833847377352916
0.662843735777261
0.64356113605755
0.509023160401941
0.583743837154823
0.319740707494375
0.695436542003873
0.644608995138561
0.651232464757454
1.34915124591324
1.22663496137167
0.883185573087137
0.460081044104029
0.827380324444192
0.372856816063164
0.807167599508397
0.583431996625856
0.656773535315959
0.746724627537332
0.780839743535597
0.860777932762082
0.738330958660068
0.736719407998214
1.03864075410278
0.679027520257611
0.755310581702803
0.399851192864255
1.77767414071376
0.804519246851688
0.632193215930401
1.48087754682566
0.680331196251052
0.894163280730557
0.602925254553931
0.848707196611523
0.281143747166331
0.576504510138208
0.64601558088504
1.03749650779336
0.661166642949231
0.500306860904187
0.669473917959495
0.368230281532342
0.500519294080811
0.372279029352304
0.377156990566428
0.675546950630241
0.265388396795123
0.452600022183525
1.0954256764899
1.35430249988907
1.74729301502321
0.694660192223516
0.72152729895572
0.435296481121413
0.380437304376754
0.459276224261264
0.431349705708868
0.72723674199169
0.504041968244989
0.700130787603733
0.832035717419784
0.894995896212607
0.798737353355432
0.52086512848282
0.569331738115131
0.636840621694816
0.846848399500097
0.387802203528106
0.715606408522703
0.307047629703955
0.891824137904554
0.362018774829217
0.386848125495673
0.595401392423695
0.599919354621245
0.363004424826035
0.749736348544234
0.831993773893746
0.784845838233144
0.836453163067278
0.569180706701803
0.626494252186134
1.10896283147886
1.49644923475376
0.838489515507147
0.645184266071562
0.680830194204272
0.286713739533614
0.626715438800422
0.946763660432329
0.632688413344771
0.691943325648354
1.03540570246399
0.773565905534508
0.714861869734796
0.535007077977492
0.831569423230569
0.443812747097948
0.464457486929447
0.571579958134831
0.359151449633908
0.721371007401719
0.18311374630079
0.508716820558073
0.773363992402549
1.21382108130696
1.63606192299639
0.560523806611213
0.643397551860574
0.654483178744603
0.629226611029612
0.615602827180567
0.906063158002287
0.883279089783134
0.557474502887582
0.796963093434806
1.46808207963593
0.429868157008714
0.656182342133877
1.0228519976132
0.397033091965559
0.467823789933764
1.07051643005073
0.697293592225398
0.906607432923668
1.35989611559899
0.306880835920389
1.24145710874953
0.925525752963988
0.488080225509968
0.568702834567307
0.430803250108164
0.602898689395707
0.495645444375659
0.348638608096917
1.07777542555108
0.685039242170939
0.862717998872399
0.694233303626604
0.343739092492151
1.06899660728755
1.11654147836096
0.5991911663219
1.1973385284548
0.618079835781569
0.770909735345074
0.270155448655318
0.561694634146001
0.442483865226928
0.895085572687446
0.495233310009816
0.628901764932622
1.11357294676692
0.343787611784291
0.525480210883166
0.776516767936346
1.00755153599071
0.650726375547602
0.908409500283873
0.762370773365933
1.44615317395991
0.483652092325801
0.373599392394617
0.758928821402339
0.773125374109775
0.563022240806313
0.496109036635401
0.797882611542195
0.906810417064419
0.859990583423362
0.423713249551877
0.535263447885159
0.579784398965283
0.288645781728593
0.561318524660022
0.874222392078765
0.706339351790439
0.944465865804814
0.360656471046656
0.345830973741756
0.400814246505053
0.653724856604053
0.714944697799351
0.79294070140326
0.639099183691378
0.682663019485397
0.362458305987563
0.589108327520967
0.315533878808616
1.37248833248431
0.929243675132315
1.11854386134312
0.90659470473891
0.819108291071786
1.03487562022789
0.689602595020558
0.672045082820414
1.23539908355288
1.02694133553239
1.1437170368316
0.742487316917674
1.10340077490674
1.271996622747
0.35742328460868
1.12999312065761
0.597988155050628
0.748903248038244
1.10511715778704
0.964139427454442
0.953862792240944
1.58825451667541
0.472782490205491
0.83259166471827
0.693322970835376
1.16824830532506
0.498736629770236
0.487653465477324
0.457165708447505
0.625383864736999
0.491774814235503
0.672240903020201
0.537596178499417
0.583383321251264
0.652081938874178
0.406857664394677
0.797027742393345
1.54107308334152
0.626393923060379
0.768269009262189
0.628428271654806
0.662202522762222
0.905391327631783
0.45973051651605
1.00288225195335
0.570449393280952
0.887351886481629
0.83857234806298
0.352971573057679
1.13247010649785
0.588203383683168
0.917725737519735
1.08958598955019
0.406741097518726
0.809763643119214
0.556603987892196
0.455335446883244
1.06423793174481
1.29400940381298
0.956790483775339
0.796542000969925
2.10158763667251
0.444343570815231
0.698883229238254
0.787709788514385
0.978387537999458
0.706621499251057
0.575188386858505
0.553358829703712
0.672612929073556
0.466177667588355
0.519335948072389
0.437622301207859
0.787496927610208
0.613502456500305
0.745155004304001
0.897657054475421
0.472030515459965
0.34871672451034
0.990926280392338
0.414771578256946
0.454486656068438
0.408235925132636
0.374358381015034
0.704738217654686
0.827657256373508
0.640033574747243
0.411970434298314
0.627131637373308
0.801362591059399
0.732021834803177
0.809194823535449
0.638790593569025
1.0297304380617
0.958627934887876
0.56917356091656
0.535087476276694
0.579917924051709
1.0047182962813
0.919599577121064
0.551242913409456
0.515010519801525
0.587805940659465
0.564204577720916
1.07694265816337
0.722752272495669
0.719386004499143
1.02954932419883
0.583330892756411
0.532610511407547
0.778436725267874
0.511233928966864
0.797236836537879
0.382268982730687
0.592155074250426
0.573590476851433
1.17207817861956
0.325277733977867
0.929887890324255
0.71256691045574
0.694412645482342
0.75197922259435
1.05503191094518
0.562511670770783
0.621938649919018
0.607315248631702
0.640013148684313
0.407878521296913
0.688196882012524
0.653171793176065
1.85395160923136
0.328195775819551
0.334642512197999
0.995079508947174
0.720532879571969
0.32675671138791
2.28772302743387
0.620938724176216
0.832309882820366
0.315009079302618
0.454078269038424
0.727009857380141
0.625826419977963
1.13891536009361
0.827402929428476
1.00402346339897
1.12080528327123
0.685037574545452
0.472636792443318
1.12777096202778
2.12996223598584
0.394441142844215
0.406106225556955
0.772146622601651
0.59934986542278
1.47921591801692
0.524768683173423
1.31958097572152
0.565402217231282
0.519195220572129
0.484856458660355
0.911839143294515
0.372259187780977
0.587569012268452
0.656030908113961
2.13526199272158
0.567364794890256
0.694340355052857
0.801563130542276
0.616337410801984
0.974794267258143
0.484064573759382
0.444387576255022
0.714919218220336
0.695347547903747
0.978192568987136
1.59333687919427
0.950595716177669
0.739183248293802
0.448377466161996
0.35824646808719
0.601954632071312
0.510798631060043
0.705217030533354
1.29165560672671
0.482994355048475
1.00485613628064
0.684491141083684
0.425017677979544
0.444535739851545
0.58086887590709
0.713670595800328
0.642743174776906
0.839034054365479
0.860581456828689
0.862805476790529
0.625866673131474
0.487744199608937
0.86051535036769
0.544780671301482
1.31062525926925
0.951561565792183
0.572590199779379
1.09981254521819
1.16746593659006
1.19624012324839
0.528033955662292
0.814575884718884
0.466180196464605
0.459570758964815
0.84627728676814
0.869827792650781
1.3388912933978
0.602540397006447
1.05054692442564
0.47953380632098
1.07205993976577
0.304597241481608
0.8818026171938
0.557156277491568
0.816406859166913
2.41749239814211
0.585169997988462
1.03998320182409
0.283612070468442
0.823490654877828
0.843588960834365
0.64521466280947
0.78174009226304
0.818825005323286
0.499012468965985
1.01252671744889
0.660746667134192
0.454481598585635
1.08148858340554
0.42524078638211
0.496993970517068
1.83493574851292
0.344322044318733
0.635584626520208
0.390016835263643
0.645995430571462
1.15236491632317
1.05721291531912
0.631764981727843
0.563322765752181
0.401741043766522
0.707213841302039
0.59858709378668
1.00894619847458
0.870750472618933
1.00751358683039
0.542727093477272
0.730602075380933
0.593969883174821
0.534475548170879
0.780238452446012
0.877844557755771
0.820085773608132
1.17118853980884
0.546972403628997
0.620903928048032
0.395314563918879
0.40136343275518
0.402724581559595
1.49502826233727
0.607701755447188
1.04989526521188
0.375107384039327
0.894192608811973
1.81376440973803
0.587712628658042
1.05122034848555
0.912360900602476
0.86608074483935
0.453252634257963
0.425094449231795
1.19966476275249
1.02260917416833
0.780538697682926
0.594353809210978
1.03498776303987
1.42756189920115
1.24183814336097
0.835944090752488
0.716200067490842
0.536344624600548
0.301949913473872
0.676095896489233
0.715929743926873
0.817630005404891
0.760952385478567
0.958754053879722
1.2363253575718
0.345389570178166
0.928118176914809
0.810112411146105
0.308545144941052
0.591639911183267
0.942474979003042
1.21584932261898
0.818301433775547
0.767259056482693
0.864395665186787
0.317233890493701
0.259468099279026
0.496550768157518
0.331149213710615
0.874392496819522
0.917151334044216
0.639967055890662
0.602486998797001
0.368932888805923
0.729013399931154
0.924635436535165
0.547129444725829
0.557058806218627
0.634875145722197
1.46089505837443
0.473808908160639
1.33002815560363
0.657558521283953
0.485159220719466
0.654023328395589
0.594955979122455
0.832191314783045
0.388926293619905
0.638468549752889
0.644784623230554
0.57145163345816
0.75039510922487
0.943846421118854
0.45128683146283
0.404436657623664
0.582696354707074
0.522359982497684
0.676104094181726
0.755468250841736
0.4788962118874
0.494015659476355
1.39102026688701
0.664484464174391
0.598470992433434
1.13550407076786
1.3174809262894
0.706708030214106
0.365958361736286
0.475781020887727
0.883290926713635
0.676549860972739
0.702094521123943
0.634375086288917
0.900290274668893
0.71509602621535
0.568712928563014
0.598425841165411
0.445018148753673
0.893227902301593
0.67380622498609
0.310223275031403
1.29185274796693
0.911928510657069
0.450882888402524
0.60240863376983
0.596096112748027
0.496476866926297
0.426414301629521
0.508524469832522
1.2606731092143
0.631018213995955
0.517684079582222
0.837410735348652
0.693224232972743
0.630442138078001
0.498259767958409
0.503515027940375
1.06146356175608
1.23730921179893
0.549332654201456
0.627101256807675
1.02982938658158
0.368574765540023
0.963950527240721
1.30856359225493
0.4246066736539
2.03681920126199
0.69769736065493
0.557629719597776
0.521710703801636
0.258160049400962
0.589039668466955
0.27490778113734
0.590849170782528
1.02645245518227
0.845589537640577
0.691444534962766
0.502970249624324
0.545741089029777
2.39194423217435
1.88763453547779
0.420200327667669
0.479502144440841
0.546659051941964
0.767878981346949
1.54636613572214
0.859048226508367
1.02723922081334
0.643336350408218
0.452758389752405
0.407013761433122
0.232907846114992
0.794335383875683
0.374157353538424
0.634538683036773
0.664662224427209
0.678663085419511
2.14907717079865
0.343173315242692
0.627910346224473
0.796184446799485
0.360307609893348
0.678150300125995
0.604023885101358
0.56474798856657
1.07105573802486
0.676385210132037
0.456437720682412
0.710454967443967
0.570910766256777
0.76017074101629
0.415762020051225
0.593517001587051
0.676999867657534
0.71072179766574
0.744536231161055
0.567578253546362
0.590043377394209
0.400341433841065
1.06824218090239
1.16702221090403
0.770474210375433
0.655130794281199
0.442043398994365
0.511893241602402
0.232725209272678
0.3231449195629
0.949118478602644
0.495645235831121
0.983943689853408
0.834045922065195
0.579020482106684
0.691154432408588
0.351765012302291
0.342113184304195
1.18383004855701
0.324855764028354
0.617691709936426
0.55646659430879
0.619140862356438
1.2727498545404
0.686079980760928
0.743933770342401
0.490323336655588
1.20123328393098
1.75475614912619
0.863375088213722
0.681770458918577
1.03045524637921
0.777488862949347
0.538363904927775
1.09131649815902
1.70793328860769
0.0542229721840789
1.04596846229395
0.837605788775937
0.383576646163681
0.752559624250931
0.728811625077332
0.487623387840628
0.438974082294336
0.259015922759954
0.58193420260645
1.13215098468568
0.46456313890262
0.591442804703956
1.08179214913599
0.670241022880298
1.34243596811936
0.792052523643114
1.04103785958715
0.575120585279342
0.443114929893031
0.70127700016099
0.632921943057055
0.375759702565481
0.581322043180713
1.10064139385517
1.14320527110325
1.32724936272128
0.707526804024896
1.2981912029922
0.441509111350254
0.801563230535156
1.09878906976115
1.69564254384199
1.02002403128099
0.872395522668936
0.404775704302648
0.671766150585725
0.761726253177188
0.383265214940718
0.622741777418436
0.375531552696787
0.80600494310432
0.756656185263671
0.415299362801978
0.788507399974499
0.511652716649123
1.08536797792852
0.579085565618594
1.93175916320748
0.515974835932585
1.18524849147658
0.854840716072556
0.742978911435459
0.724381258819402
0.550147559782626
0.767966615269829
0.554043925177849
0.518373811496105
1.36077463250372
0.302946774006277
0.891715847641885
0.622483648994386
0.786946526219058
0.825304956820989
1.63694272809133
0.605322154891212
1.08701747266936
0.375060182737159
0.546056046644978
0.672025631269825
0.416896848150349
0.536350656682067
0.882215985526161
0.472908934146821
0.641912517149274
0.315883619537127
0.789028239852061
0.830190443837213
0.800924337424676
0.421128614049528
1.59493011965341
0.647714701041879
2.03582020819698
0.328079365802838
0.593066582605624
1.01705555362614
0.289384524877548
0.549211744392785
0.981901394317552
0.386669853102675
0.858423487637773
0.270697383010052
0.277063851501206
0.980975716682318
0.428913733180193
0.377830296731071
0.295752574158031
1.0037070615318
0.775031348102001
0.782704957470635
0.553465263555302
0.423718750377113
0.741125295638511
0.724854945752375
0.454686975433137
1.18416964565432
0.360552681141164
0.567319337484339
0.407201019712451
2.18504189008971
0.876680339958618
0.638098051317121
0.955910646555852
2.69070560922776
0.354241347935092
0.448226923926023
0.5148821771726
0.484174875841309
0.372913616378678
0.812521263969183
1.55090154576016
0.716781591349442
0.486618106304118
0.855044595246844
0.673122591059193
0.421092043428581
0.66291415049626
1.3038420913847
0.519210928125906
0.615337825698168
0.521327315972127
0.782858339019799
0.279286855835626
0.374795066286843
2.4849382022049
2.59072715607822
3.18218027478409
0.560899431119317
0.367700652172554
1.05905502978319
0.519468600525724
0.269151848235261
0.545695592098793
0.620879744043756
0.581727408445087
1.4002202844227
1.05968983912637
0.91564022739227
0.955169106857794
0.324593974389749
0.394549829262121
0.501624773380949
0.543241757411675
1.16088315321468
0.969791241527101
0.518796559678151
1.87987563603905
0.876751140980423
0.60863484302592
0.898322030328883
1.39937043139525
0.270693761575143
0.893714527474557
1.1589268771732
0.523844609356789
0.702607386860882
0.483428672970068
0.458489102940687
0.627702296264953
0.430574176012025
0.393612580118693
0.489417115125959
0.408020327613243
0.461737938080882
0.299195727082714
0.482532882657342
0.669132876670945
1.1541689195431
0.564121577410804
0.492478522969324
0.695392375024698
0.491486685407617
0.315052019786593
0.627048092614086
0.781284110209976
0.324928743387962
1.34589709805834
0.671182852188987
1.00026193088716
0.878592858155711
0.788429975102839
0.595371800321168
0.658861110876714
1.4461992281563
0.85625150210584
0.847458528073035
0.7836678310029
0.82054724199626
1.05257743135088
0.833342482729534
0.850523934115612
0.596730724767522
0.665983113435214
0.533452335010997
0.660175421371143
1.71346093305246
0.459161387343774
0.617540169686909
0.70566518197737
1.11009398758546
1.58501899522246
2.191450756694
0.380333798657362
0.845013037188178
0.351143321202524
0.369593601635905
1.18695480190315
0.710180778708677
0.550507599982747
0.271108521774601
0.364510351611702
1.26846555100876
1.03338731096861
1.22461716500026
0.571316657932858
1.14306840830123
1.35806549916151
0.478830501505516
0.834154001627097
0.382019540075636
0.30878295423245
0.343349916869029
0.685433912737088
0.868421896100522
0.883007820615887
0.904877993074409
0.839052203742917
0.851544692599422
0.358717098166488
0.31925189882128
0.488088576116689
1.58938074425971
1.06839834258423
0.371872673704648
1.01124611481866
0.825523693707904
0.512282921396641
0.681930295689841
1.01223152188968
0.580809610707218
0.52262005793986
1.39036284639528
2.27581679702364
0.273545061277328
0.476029410567119
0.87190199332206
0.608599117537573
0.621717697853883
1.12170750905227
0.623447740337078
1.52714932357761
0.515022332083857
0.531750341167993
0.568933933117091
1.24182949005505
1.37919352492642
1.25525452907623
0.93331585323567
1.24097168981453
0.858623715155505
0.751109345018447
0.428146695974938
1.41175099312278
0.577887044530116
0.411737389933361
0.474543437903464
0.528047455230654
0.51169421381366
0.468021590682845
1.2284232108777
0.548605471749446
1.34054125953931
0.484964048255405
0.954298197448948
0.649388265587359
0.617296785977023
0.430157987001698
0.737238555240976
0.658369129245644
0.756383880563147
0.535726795367052
0.824069759296599
0.578888737192928
0.451292300027664
0.696365915624263
0.664423503112061
0.584473965864702
0.866534262531761
0.561833489599634
0.652306747298163
0.279758084992948
0.525614431012681
0.529655603131893
1.03603676731221
0.456214226416894
0.962588849888009
0.926659834708222
0.60046558282736
0.774284392938147
0.602589717572993
0.298992066594865
0.879944248228265
0.896241385831657
0.759094515970637
0.902199548024805
1.02298463734889
1.04763798511563
0.480578341001866
0.540559151165042
0.955839607421977
0.627315818176497
1.25398014318492
0.734881397916199
1.0349266087629
1.0722795919516
0.60925736467935
0.451404887156881
0.839902802547315
0.440525816059752
0.797305078655451
0.385043330033256
0.629161447140606
1.09488685657174
0.946870013308854
0.519115889397392
0.424770216723702
0.894360854397976
0.296751354617872
0.519593839714902
0.433325537680362
0.418383691957013
0.897455986488849
0.287741145041814
0.526781398795265
0.815328127854173
0.992211981004887
0.827579470558653
0.703900023894132
1.28243112936507
0.211576184985764
0.477294257351411
0.59291138151913
0.389411496626709
0.831483159561823
0.480398769233059
0.73797882212244
0.89907199725096
0.436288154001904
0.648410548222587
0.476534549629635
0.469210537152179
1.047478678617
0.840291822127229
0.900850320255965
0.853808471528633
1.33197649901364
0.655483820162155
1.39282927294882
0.986679828487887
0.790727317026705
0.36582516968046
1.4235490388057
0.962106008651687
0.57894915098057
0.400135047443543
0.818844726763294
0.531504458717101
1.18517461583654
0.608053894944538
0.771413994830227
1.31824037047639
0.387586283068093
0.837583486991744
0.559702191974477
0.56603101620646
1.34447550209642
0.724425905699841
0.729451191507396
0.779289870031395
0.441064798776728
0.70091071221419
1.16671451268363
0.231217221452548
1.5155510437141
1.33743110017064
0.674426681566104
0.538755944208094
0.7723591968345
0.51989012525263
0.344625535840859
0.709510472668894
1.17305950200736
0.895847987078392
0.529318777474403
0.596464241553613
0.761206351145197
1.48894450279788
0.904899815559352
0.914419749904654
0.610540037713828
0.610731936599981
0.69691998608355
0.612253822269815
0.615918441623425
0.828564211130014
0.501496883519968
0.634814729288341
0.406303242170943
0.362763499468892
1.19512572172153
0.857437006531589
0.793007851197955
0.717867280925171
0.796638764210224
0.796536551947125
0.654822894048239
1.39198213880383
0.821310917384744
0.51171159027149
0.622407478614168
0.348027886443052
0.635354914134203
0.655942513353883
0.747100438430998
0.5080746659356
0.309087743926573
0.426439404611804
0.585694869777603
0.494493114372861
1.05706241360137
0.402950677759935
0.905809072328916
0.680071168440183
0.791425279416787
0.812393223488784
0.362594584910108
0.0987442086701715
0.467010924626401
0.669515905584734
1.08516844163882
0.309280244698776
0.526065150668163
0.929946791839914
0.484270220397601
0.721983998447282
0.305569180627817
0.670783332292075
0.508280409777428
0.614752863124395
0.626915022203536
2.78350129891533
1.11237470898169
0.908937366239023
0.842436976148706
0.885522846629343
0.794655805415454
0.625468308671055
1.39322682402173
0.761636015042808
0.436653386259152
0.764962932607861
0.373493031951272
0.431094481993942
0.770503656841291
0.510333526930414
0.721866067560178
1.11614375801494
0.69294376363965
1.50773714767829
0.602879936819601
0.707674015534247
0.535635732781367
0.775930798381703
0.688256745303563
0.615426890398054
0.587401389536539
0.851533673828657
0.383654260258797
0.36681699833068
0.941315415034169
0.574572661061314
0.690826986701778
0.619270567369983
0.599117655816689
0.459316989511124
0.575416161470504
0.439411930207893
1.35987398627233
0.413919705238983
0.447459439657535
0.356156244484675
0.28383417320297
0.150855932943662
0.410191764940545
0.682966894840904
0.517778029749754
0.491975354428238
0.353415221745149
1.0984165820061
1.07593191571486
0.816803713804229
0.887389670091779
1.08889796483357
0.806498575198322
0.449239780533091
0.717513041945468
0.598088303473563
0.4877594666024
0.758037450128898
0.729680758073828
0.701605168930222
0.806979129761299
0.666925232315399
0.674121687728461
0.446041491331899
0.697300003851687
0.24988645851658
0.896079286138726
0.378797366309457
0.682267747150214
0.726585740445316
0.483402793713517
0.684557235252827
0.572559369022796
0.594925930861057
1.52849570628256
0.549283231760174
0.496755969255913
0.546812026812374
0.782318540249454
0.674763929916626
0.802118559001558
0.583744669078806
0.716012033463438
0.644181469171989
0.652918571630412
0.54129040873157
0.87831826204326
0.843823511292063
0.887290946272581
0.821846853209847
0.775368641991304
0.693792481994748
0.880836396851502
0.468321038713388
0.828684014588781
1.40266907273702
0.655452720547566
0.731465046406192
0.485668558721701
0.767268146588132
0.464587688297505
1.16878444058922
0.897619715147429
0.573637226183542
0.602713151055504
0.920662910768162
0.868862892371129
0.317948210553926
0.423917573766715
0.735509128060759
0.53982319031994
0.368241771691093
0.72109770397533
0.536366183122822
0.484388242415292
0.862968954696154
0.807732200511644
0.710805270615904
1.10741800603601
0.995352337147845
0.517749982141194
0.779301450921899
0.665477297020582
0.549614036757668
0.734303408147929
0.600315203519096
0.589633840791559
0.476377722724074
0.833709354586323
0.522964977299132
0.708202154198193
0.776282587268023
0.384231706847395
1.33682306396467
0.796069353948162
0.490822245838425
0.542604838397666
0.945001208068294
0.710788872724919
0.620123894345777
0.548026265522978
0.44658643898616
0.55565331745128
0.353922509434584
0.628596160535563
0.72901932545517
1.26259490311034
0.806544892557596
0.616702530209195
0.408506036868384
1.04930317867679
0.450112105017663
0.541470116378128
0.500465798314121
0.437264808075909
0.747070382328199
0.789648766919664
0.439631597063726
0.680985104197786
0.391379221188859
0.548289249698931
0.557068533924878
1.39338864637935
0.701858777982826
0.377995024271457
0.908406914435813
0.603561777711731
0.298614377119502
0.630539425939997
0.71863706620188
0.782044149507798
0.362481784350277
0.800276981421334
1.78712791975379
0.789210019387328
1.00771631994904
1.13124553166905
0.734149566017733
1.01683109253398
0.738544689272853
0.779813334164748
1.13335698660551
1.34517651079759
0.476744514721762
0.568838323937793
2.37249511525518
0.500517286855623
0.547481791296745
0.356126557484666
0.404931614752681
0.689984255558736
0.696653021277606
0.779034186706854
0.483640385938305
0.453205307535646
0.738328584544566
0.577312216905824
0.751233115621916
0.899042987502191
0.308446441461945
0.335289691083194
0.606781593404147
0.455134888101927
1.12383369883018
0.452145492731123
0.87051515151397
0.841546702057023
0.680818639789896
1.12859543044895
0.858050776328752
0.366920762770426
0.702873408943236
0.442463695012255
1.26352818756024
1.13551676301596
0.662997023909806
0.771057520338554
0.856370001643578
0.751830935671571
0.453247042762277
1.14999054149159
0.845740910655832
0.434616713977637
1.05014862184673
0.753038736918398
0.841858287347593
0.724797526672689
0.65853055130885
0.427070571417897
0.624040643085673
1.0701484526751
0.579496948340624
0.552816371618075
0.61738191229002
0.545217204601072
0.921047433870545
0.532991517830826
0.607949558639225
0.544539261807085
0.75846247470962
0.814347377606845
1.14806797091908
0.693001463009518
0.555075313355131
0.347396870823457
0.382214650951824
0.520859596206565
0.99657158655672
0.463729936713653
1.01422633624279
0.394093088487186
0.891065723546471
0.357929521270835
0.192480655891045
0.960174460971561
0.440016374155572
0.487986834258358
1.18076927658294
1.24589719908876
0.273369216431993
0.510388107281933
0.714348171114214
0.911885784133911
0.204909566847173
1.22090644051771
0.623867217035392
0.578346570440598
1.00504293288381
1.16473224153049
0.284599386732252
1.39015066481765
0.492906394801921
0.917933403227776
0.703435298722266
1.01263548482297
0.369541529944162
0.752303311063374
0.569656474653364
1.0864333099692
0.551352865628777
0.437331822851301
0.483403793054513
0.884869534309606
0.492594741911899
0.51098239600916
0.7109511718726
0.691703752454861
0.44135351269714
0.279448971150016
0.936340581963273
0.577986649474312
0.852500553650899
0.902371323407751
1.11597489297385
1.48431693862901
0.638073507247825
0.408868721414142
0.484275083302223
1.23371106306397
0.810253396688454
0.563577594914991
0.569407448571297
0.30507787904794
0.671798314897984
0.667438012949667
0.975668675563309
1.27575460690947
0.423264895918416
1.68503392068859
1.00542356741685
0.288359052103792
0.539771262649965
0.865573744039267
0.506196514758862
1.04469561355847
0.548403196638329
0.833239331646069
0.558232072677653
0.782083603171997
0.867354136533519
1.08890115760453
0.559330052837836
1.06610911490133
0.731423673483919
0.97366797074301
0.41331269438713
0.993335934977104
1.58084343978169
1.17072596725894
0.541377055614008
1.04204024742969
0.470288760347876
0.539330720437463
0.712415872606969
1.46147823494312
0.486407841343317
1.14681314686765
0.602015720366791
1.07349738204691
0.367854000035146
0.544116187987836
0.686786297876107
0.759460447538453
0.516650389889491
0.382848103493531
0.703332447698474
0.86440123498166
0.581395749676427
1.16296308669855
0.955204275979283
1.47477164262091
0.804379300798461
0.713147712976225
0.546784733742206
0.788627477566362
0.38731277787368
0.919085082057725
1.05088528598877
0.957456234427605
0.661391989689796
0.784955000018823
0.655170284820694
0.709481232478379
1.61453843341972
0.403164239600064
0.66834177515232
0.562990429693301
0.942702383078513
0.885884817965737
0.741194219290389
0.842110059927672
0.377072210301177
0.896027414323178
0.855640682511756
0.373324254805791
0.476326629357809
0.884744980825661
0.676004059029317
0.688668251308131
0.173936930787255
0.518861634709881
0.49764647635499
0.833180912173338
1.20494444428451
0.392302073227104
1.13912651892668
0.894302932506767
0.749562834912857
1.27757252869608
2.41406786959336
1.04145506573403
0.549056714149022
0.218449642924154
1.29220432569668
0.589392735086993
0.591208804951316
0.784038987462067
0.625326432430734
0.670904520203729
0.231264401855962
1.65352772664862
1.66142755157086
0.937006183583041
0.997967451244685
0.919927486862941
0.725312094806477
0.456788398283051
0.432630808540327
1.33946786584235
0.745543648365885
0.748870489553771
0.849023569943119
1.40526465269917
0.478265994816853
0.794286564416239
0.774104095369009
0.682293669220701
0.601269718150924
0.836241752577975
0.550787738036853
1.05406225879348
0.602272562844259
0.598035999334799
0.633061883294896
0.586665211817031
1.71037637162618
0.390915624528176
0.535670194365146
0.601089508513857
0.936916930022249
0.460699576187413
0.709660573854119
0.773325396823312
0.445236943018936
0.720213430594212
0.782678191945232
1.32460356336269
0.819549835862297
1.33788344048596
1.19909158829948
1.31036570688207
0.790937124434935
0.721950476570652
1.27194014459303
0.811424720438085
0.812389626771615
0.573377068282263
0.535485558444194
0.477547592188625
1.01623042360809
0.576637813121087
1.50208946194988
0.456114326190627
0.810378442965896
0.549887353662477
0.885547425374881
0.818588555361501
0.59385075281346
1.27730117298133
0.766828049394071
0.872560354907127
0.395439304134034
0.669189306086882
1.31199904671594
0.691729233830064
1.04833118100632
0.580920271070511
0.849766527883237
0.39640660131945
0.466666540476918
0.601095510654321
0.949443719829303
0.934561544044023
0.9569027770949
2.38651010397885
0.832820386713357
0.982467158600494
0.427752749816025
1.42435825605581
0.872064334807052
0.639863259734624
1.74622793914857
0.743883515125387
0.910508745336884
1.04643262151956
0.73768956538159
0.720177741573936
1.17340974559261
0.937101128929137
0.729386381577604
0.433101868935296
0.517194362489119
0.90830219169853
1.2927839227318
2.0324939569903
0.462016494227901
0.664073069963371
0.349879987535908
2.53043233342919
0.704906172474823
0.534311569597878
0.827217341842273
0.381096902290789
1.04049640252576
0.395051791582184
0.643616961401665
0.652996137912318
0.559428775438495
0.750993295000003
0.5916830994594
0.413813955025539
0.807975244138114
0.187855455312752
0.906714617629601
0.583034995851405
0.464630549659232
0.77521710975616
0.408821251189232
0.47987022465967
0.709338154432483
0.674588890512262
0.498133348916213
1.28347700927782
0.19902093743196
0.40754210940748
0.477137198545964
0.867835402779493
0.778125202322189
0.407445427620371
0.450234054379082
0.780755250685439
1.27363400462632
0.38731409836502
0.675118026510363
1.15880961704583
1.01335552945339
0.670219372616883
1.01361866620306
0.350838178205977
0.879483319818947
0.838806205875092
0.733535611179991
0.461867915687975
0.539397948221402
0.655009697698539
0.743239927904903
0.426653255756607
0.88342041662094
0.428849364504694
0.678723546276581
0.810340869697116
1.06001170047241
0.752690098638966
0.873542838965712
1.63650484159448
0.709198288819364
0.711481841174368
0.542265713110598
0.758024467751845
1.04561521321375
0.896537869443132
0.338146465475043
0.988117985399343
0.289561076093369
0.575490733211504
0.878192568855486
0.41750955775806
0.706979169907131
1.41114843476288
1.42186040593729
0.308435421859528
1.73143406023639
0.706021947571515
0.928278951881838
0.911305516889286
0.232922409990626
0.611887394546062
0.832999075486874
0.670281632071918
1.0399399852077
1.46564968343008
1.25549665445961
1.09202738783315
0.369840181128907
0.282468653087252
0.584957303647178
0.611098177452183
0.719677751539926
1.09637171166258
0.684045622710566
0.552083629139388
0.497565986152702
0.289315524242984
0.563613093479103
0.595212982625508
1.23151887349494
1.40962888822602
0.544961590475208
0.540408557022923
0.412984416896714
0.638692126251901
0.775872167740118
0.720532686367066
0.613153823511046
0.511180886237835
0.647218509997202
0.410536459169429
0.341435003818118
1.06081307524861
0.537458093198577
0.830116140593511
1.3139047744747
0.502253144195998
0.482517068726147
0.721387671715855
0.815270974410453
0.595512117005507
0.879623585985669
0.554909192327287
0.603446106713857
0.541300126959529
0.862022005412948
0.610420777580045
0.468929130845022
0.332460455911872
1.33703942271443
0.566958821700316
0.612588134031252
0.592751385908074
0.794047866527677
0.706990496073248
0.708709946638338
0.459107192300423
1.25752160588116
0.530848315546527
0.887609622499382
0.938781191600253
0.48411427000809
1.63681543335972
0.321502832253938
1.03510442934385
0.961163514712089
0.379725781701222
0.896143419974878
0.629480507253049
0.769650315542744
0.73523713607784
0.545987673518102
0.470525512941107
0.401987696715682
0.710403037497965
1.17553668243439
1.41158181748888
1.43897014885453
0.989465841731384
0.617276395312478
0.447790606515586
1.20982031257994
0.773654713771943
0.967763091924749
0.961860606127129
0.746492227893047
1.12167241297979
0.752044517581354
0.430078347268565
0.61446215632353
0.263398428389354
0.386122942785402
1.20964856593514
1.64555282681444
0.998885116749514
0.584868976786732
1.50628628851796
0.75485609710915
0.825064975764257
0.369849166205777
1.32326038895819
0.640553545474844
0.74006473943506
1.09054638448958
1.11809709204332
1.04336046916801
0.720610972825069
1.21451804748671
0.353280849854475
0.769613867240837
0.659687064046746
1.11390625611472
0.363177317527991
0.457566717973125
0.835608551773657
0.587292604744156
0.544329968544615
1.65594504173151
0.459975385493636
1.12246014586798
0.157684040290017
1.14636483470311
0.956470217122354
0.588119506800299
0.44584840163524
0.62252322258291
0.335952286349667
0.613495118688797
0.693692959579741
0.567283182714321
0.533709366514024
1.06514420622924
0.289949977095825
1.14760227935966
0.430723106492304
0.544855071374322
0.827282654821266
0.886002528358314
0.482553295547078
0.647815082127414
0.874751645431701
0.506492360493772
0.558929689627287
1.92802147273768
0.666783361946735
0.583797673326374
0.404428476286016
0.368142572738342
0.425597204195601
2.07042829869093
0.545883870734554
1.12192942443929
0.499273909268513
1.24253907515493
0.816154656913185
0.803820401645207
0.53565488567375
0.570360062063247
0.592388517911107
1.11699939306184
0.436860171459176
0.795879112893483
1.12149654167733
0.758052449248835
0.427118160629011
0.789463172107832
0.538808948810778
0.831112948263255
1.17201356542674
1.70693212900052
0.606976849193908
0.373111765077339
0.831314860241786
0.56656680153645
0.411668327389662
0.732610497748739
0.555245744550962
0.945830860482949
0.906049303963902
1.33102838571916
0.851294096026123
0.742139079070498
0.416533223766823
0.856986065968057
0.697469681775687
0.560801494566811
0.643017156991045
0.559223950617579
0.887902672523585
0.872777470819544
0.783738043104662
0.942004911688101
0.778217651739327
0.328566569220498
0.746348510903545
0.852370186779552
0.709304151179422
0.566809827846192
0.524846404977715
0.583327721910381
0.791961455024783
0.805650294237775
1.65373485295532
1.1645156758857
0.569679387615003
0.563477037726406
0.662516490005633
0.540979849748358
0.568005434754152
0.772117032556274
0.823920216292481
1.85223462586171
0.525470492339423
0.636947174999224
0.792073149686348
1.33241078173205
0.928865810407099
0.814298727806618
1.15836575272902
0.896288423947137
0.76402049742664
0.434325004373087
0.534951735504078
0.993377910738054
1.96002009699578
1.19366622311986
0.907332405413439
0.676797349292871
0.869795297730009
0.393080021177402
0.439030570974031
0.614071485032963
1.60484065631595
1.08551482089312
0.63453804392746
0.353015571163341
0.797787213462296
0.569175814240675
1.16755833360151
0.855546836327324
0.559794808269414
1.47080510810201
1.02453440178773
0.815424420309734
0.39445481030586
0.54131252999786
1.78927080195438
0.686207255160332
0.641509732780684
0.233908660830288
0.647938430271526
0.533224378260932
0.29106230424725
0.871097528360644
0.295229703386692
0.84847547498602
0.450742505307361
0.641405958652366
0.728847463406427
0.43728298705353
0.405180842522603
0.351141085907206
0.585863141352284
0.814729465082915
0.357186401711859
2.75978946850097
2.52715562134227
0.635907283568895
0.796886398727006
1.06183142124146
0.571027672312172
1.30663285671918
0.39601734896276
0.597197935984185
0.555123331219813
0.354397533978288
0.917639915950142
0.629123846562578
0.892747938685936
0.235154179370856
0.702848672110365
0.812792384942161
0.935411362228776
0.6178719094601
0.511361910298735
3.82008174831919
1.77781676527478
0.660292578015565
0.607530508307775
0.878203929501552
0.54158096654563
0.792186754826007
0.549173008700575
1.04082377509876
0.719541479825458
0.600333752060311
2.23888515350358
1.18391887648013
0.525708737089016
1.0166645734553
0.76852117980642
0.658799431249179
1.04864649815257
1.00127810721984
0.78753476359544
1.27724472073242
0.280316760255124
0.391162282012868
0.69100608231871
0.78696765995125
1.06469257962718
1.54724641097044
0.415977170478744
0.953796871663675
1.57074928807067
0.658808865292366
0.312975803789793
1.04512731247246
0.49063339608834
0.53787944939119
0.67863254492085
2.03843924865859
1.07214854355651
0.626686556032964
0.691583430795629
1.857675235163
0.863851835854049
0.901822798009012
0.39466770731775
0.799015284759911
0.352249866060373
0.79472968674097
0.425981351222902
0.654798995890406
0.978891224902976
0.743944186144849
0.739603862113809
0.452534341783974
0.482078022076187
1.04237128027291
1.26151217576408
1.22121850557246
0.621814756653908
0.419796768366641
0.700143293409469
0.61242350406948
0.781324927886645
0.586742052399208
1.13812621862682
0.603181946999316
0.43220040310254
0.613527232159707
1.58065874007071
0.559235366044967
0.539368692666886
0.766329538745513
0.932367009099136
0.492248775049235
0.649585769194096
0.928944048902123
0.780049690779878
0.464204489268564
1.06531357552804
0.888080470328831
0.445097767456148
0.408654555612492
1.04636611352851
0.80069771834802
0.622728339220313
0.702075832431794
0.458223316548372
0.713113873929463
0.459878780671104
0.75434661980696
0.772824643891861
1.57450246475174
0.549743096530107
0.419062630599989
0.769038961489477
0.727138621390756
0.640709447594338
0.705070485507738
0.576061768580485
1.11307787930139
0.616176706738877
0.830328741856302
0.914953457900068
0.400769457644391
0.779973800557691
0.505141328943213
0.570808387661439
1.39825606749202
0.353173693608968
0.613434297677473
0.728912149098013
0.572722693649535
0.960655833971886
0.835330987822216
0.313096599903527
0.849479914149313
0.456108767992282
0.979862976399704
0.814569559199238
0.810613356479211
0.676681271913373
0.890330638402794
0.696784117233901
0.120564851592809
0.307866191717113
0.509389330369203
1.28132034383706
0.283721242734869
0.703529064374135
0.852254774569757
0.444859914311127
0.723218931285049
0.343171015285007
0.466292436891744
1.20811722713268
0.931995963422101
0.611504778661501
0.618527803303995
1.236567193057
0.846860048206964
0.855851053482905
0.436452329436299
0.834301967687784
0.509083232572002
0.418333636815059
1.70661414752467
0.916391465665754
0.694770693448793
0.751792540721383
0.675547513459032
0.528252007082205
0.399739427260027
0.619364252013258
0.80282677149855
0.257486026831047
0.684566070772687
0.52095185297772
0.663002148760863
0.469935500636436
0.894181220664955
1.3240885089251
0.694540478996632
0.598733123792093
0.598135827776713
0.473234013894117
0.479085323990813
0.918655058408645
1.11114365652491
1.30508838803974
0.608095412690967
0.672019635815958
0.745389915935442
0.352985144897732
0.972660236010711
0.555004730505482
0.891210055364495
0.952441562995146
0.61516034396148
0.608970509086859
0.670074006466577
1.63856110913343
0.436917122762379
0.638947027005001
0.402098556241988
0.531698891257908
0.935703998554737
0.529558254708502
0.410054357334792
0.374515755778873
0.53514915377315
0.564827770741542
0.657913723335158
0.50391349039984
0.780666890158371
0.46600651396821
0.486207276018116
1.00530726509458
0.58457132927081
0.679038020538268
1.86621393494864
0.729538912787089
0.781555043722676
0.643790984893147
1.04628903303595
0.513834706710862
1.52201084094889
1.28102871740923
1.09014119462865
0.591259809355848
0.595566636416257
0.645252792899292
0.38923149085535
0.349180342815322
1.03751510408208
0.505218581534082
0.699181633242917
0.794684856338555
0.680856464458416
1.72663658794024
0.449175211587591
1.03117799265139
0.60427483929759
0.75049272729047
1.58620301961458
0.871724055884887
0.522972637128252
1.18412680951279
0.609789248708293
0.268985829273435
0.416469153990798
0.575993209841671
0.689281219852623
0.886746590570085
0.893548000196472
0.551903906676197
0.331268388685504
0.833034194952984
0.373834416669629
0.884833780735325
0.43374653649107
0.389963806537448
0.927815651732993
0.775371576887343
0.239128337584428
0.945885417638698
0.99488561843293
0.495121467790866
1.85264469294237
1.09129024379301
0.878453707408089
0.65498397479446
0.506632210053096
0.486611314071692
0.76628642944097
0.780203894112283
0.386928636796708
0.507917457304199
1.83324288439804
0.345951257784979
0.512891268004453
1.18472775900062
0.723601248993275
0.518099811894678
0.657454997112142
0.518665581266517
0.690598819214647
0.331033721147637
1.18269249303253
1.03617989879799
0.522308664457495
0.5097914993458
0.884176915506319
0.913447291544249
0.41590075816622
0.541250352556783
0.403794154151556
0.638217579124769
2.38613475921372
0.592442077493698
1.13526589778602
0.853139146114798
0.580717555775835
1.0975146716458
0.881716914684046
0.52738738473038
0.296710583452053
0.689344114226679
0.429243485404442
0.382353024586104
0.692574945770494
0.428007394714713
0.469429189950797
0.549380558936225
0.600202478392571
0.511937158322035
0.494288322721839
0.679930745806508
0.389131946987621
0.829823491460371
0.398518756007079
0.200569624168007
0.464997048794777
0.168844746778494
0.341210323965321
0.87575194770739
0.765124296409301
0.729673937349931
0.735010063024214
0.631895552304099
0.469716945290859
0.67432023558076
0.43715646212148
0.978929502063543
0.66907578087438
0.977900304583714
0.625140525710439
0.746234131962275
0.77887093214571
0.525956714828966
0.849498892415138
0.821681427960161
0.613454275784822
0.475046088148718
0.507782812575096
0.721176976867249
0.722406697284355
0.914996787025901
1.21712610554854
0.415134359258515
0.783049829092049
0.927891104239351
0.911468905731682
0.582444930519103
0.431613064135593
1.09377323330167
0.393330361083122
0.542610357885505
1.56356442714815
1.07930309705386
0.882123914302274
0.550638320800515
0.934486521383821
0.758747489789669
0.5508323321135
0.43170601051181
0.519399897028611
0.677008800637425
0.466030854331534
0.997063341575704
0.494126067788966
0.683476396880519
0.439627620345721
0.689332545109986
0.569797603586921
1.39505832908678
0.809561277974426
0.580217207938132
0.662579151556485
0.608352782579245
0.841548051832479
0.579318187211972
1.21618866544216
0.518685091910742
0.845501988059337
0.481356647136109
0.645957435823486
0.648180142528114
0.457636800883952
0.94363478883557
0.509641407150609
0.47630828590256
0.779689910748146
0.684447789201087
0.432011880250401
0.393407061570473
1.58789504770102
0.93663886970281
0.431048627597474
0.385415439037261
0.914046496455748
0.844467614895636
0.61494619535654
1.42321989208666
0.343654330584676
0.506564291433151
0.618196647177896
1.21868608740185
0.838662988649724
0.481441246061387
0.287920936227916
1.53297072171959
0.454383502509965
1.05378961273954
0.757376453785491
0.620162312696665
1.05401876245579
0.351315139877049
0.662781242679444
0.515634121641392
1.13284789567521
0.318359737133283
0.456929196770087
0.642067124416408
0.831481222911828
0.881373291258229
0.651614739790555
0.646679760100584
0.807699814291718
0.541652501603081
0.459898308843454
0.477347290545655
0.871568132845562
0.444712715832627
0.953776013050254
0.802935879259115
1.29877940059642
1.56314844565525
1.10144253228361
0.777438301191119
0.642441491066446
0.589946202766247
1.73552961661081
1.33007342636005
0.601611908362967
0.290434392520861
0.810136724259055
0.492456247190936
0.906178689598743
0.903593728668667
0.468690251368605
0.573127074812288
0.410768649101468
0.360434068668875
1.01527766285649
1.73193514292114
0.910654724707551
0.685034489878854
0.563569193814292
1.12481564483563
0.522020212889857
0.917157266234546
0.622047360786875
0.59348568972903
1.57236938635149
0.515270899404638
0.824957069700832
0.600059986532748
0.531780747848906
0.922305198968369
0.883175830125536
0.306594402679766
0.555337705937395
0.695852427919628
0.729232522465601
0.839580623813067
0.507204890961171
1.30388819311309
0.96678152575687
1.1010523942611
0.486798153027355
1.09721493894452
0.430940352765497
0.471315360252612
0.260730274722985
0.645184534484689
1.0897554218225
0.756593526498278
1.44541033255052
1.19171048488272
0.365483190997425
0.698984060684839
0.561741909511963
0.585176503324911
1.24765834666229
0.427981106679225
0.875078287562209
0.581826315736594
1.19407341665814
0.598843679508391
0.801372910734592
0.432975867189807
0.566025363739638
1.2761685293004
0.383647752404965
0.535584056841813
0.601024290598617
0.614250578538801
1.11099132110014
0.574541280470793
0.365766278763538
0.433710984477925
0.96702228772927
0.38180013924937
0.80309443318041
0.636549026879361
0.558665135382276
0.476457574011533
0.665565927536057
0.94757827435244
0.670970051932518
0.968211933388376
0.576126836221304
0.80983424070798
1.09091870235861
0.569188951444756
0.796811412094119
0.914048195964741
0.744557250856905
0.558588323875649
0.875797398119966
1.10101895185171
0.281611320079619
0.95549069961797
0.588045125418517
0.491917475905441
0.617571479162833
0.706312234619031
0.719183006691148
0.305181861988867
1.16536049723096
0.481060773840728
0.386254717633887
0.399146063909858
0.678223263878718
0.591499699877384
0.856300456811233
0.858758788148057
2.04471341623176
1.07329655438963
0.961128465497721
0.546974877966674
1.22729684650948
0.325750785681705
0.773660629515101
0.45235736482297
0.556253590195359
0.772151371323782
0.506049708913979
0.565676886595503
1.01091809813942
0.465094567022849
1.02326627117062
0.772918452562784
0.842619108970335
0.363877763064313
0.751708908693017
0.704114590009953
0.584402345070327
0.505826679153233
0.825951277819037
0.978968888012435
1.15789679152034
1.29041411650032
0.475367051491346
0.806441239095347
0.734379477502394
0.573624635510872
2.85072146584307
0.685236018954512
0.799719790933557
0.43632832126495
0.951157397436608
1.16000342766903
0.628377750048473
0.604581183991878
0.46139322514624
1.93975392067466
0.989924230198612
1.0879952678982
0.48326552287234
0.355116816304708
1.09116698640701
0.479755733548025
0.758085464351568
0.377979298031749
0.556434553918774
0.542405457201927
1.04202183165333
0.513595196535379
0.98286058467583
0.845503319829678
0.515015330184632
0.572783832716295
1.34055112687785
0.583573060543403
0.609431733591204
1.0017911042041
0.856637087666659
0.51086057455005
0.269403985810111
0.553457054372134
0.584789731270007
0.863752240446266
1.01942366257398
0.845611258958954
0.515553279727157
0.768170845702757
0.364483457777941
0.391556360737994
0.650091561844837
0.165821376545971
0.851646269857355
1.32236482811446
0.550005162435946
0.73553076569295
1.2340638443261
0.526200774126826
0.816985960236406
0.875848590044971
0.202367116118285
0.585469113881593
0.655557906484526
0.403808945227881
0.694506624730598
0.850079993119163
0.425753903070036
0.649877405884747
0.847627348214146
0.873684277271878
0.22644136870284
0.806484370932841
0.436685216027783
0.760480515151608
1.44965421363591
0.478904217040681
0.628191112498576
0.29942909343665
1.42355944452908
0.749139969390958
0.643784500887629
0.501380087416132
0.513082414995563
0.991334608119279
0.937011250233292
0.548539183546939
0.409954730016745
0.579202885029688
0.741911982197972
0.687506637160175
0.336945141793647
1.51779430447712
0.752517227467481
1.33749531046028
0.583386588276376
0.844341843990583
0.351926741106872
1.88545650934108
0.29024092541866
0.326764351970258
0.671999576587793
0.673706223516402
0.241457440644753
0.241918832295565
0.897783862667901
0.42999616993957
1.19470243646223
1.42667806402373
0.41304931046877
0.469292666747425
1.07220061943137
0.497458849084267
0.818184088275368
0.86207685632226
0.941895864465257
0.375318307414461
0.351405815422409
0.601754963709383
0.549455119770965
0.789746276796417
0.358624384394056
0.634973250594612
0.486937926150578
0.425487674055601
0.543460782364894
0.468531329067422
0.4842268389957
0.716397052910391
0.815718238585071
0.576679805778877
0.852414541041387
0.29902721554322
0.292568795753981
0.478274791267402
0.74798544411882
0.678345267493066
0.64724922806628
1.12958339548443
0.382605088093478
0.790893846675388
0.306867724262387
0.738903177435431
1.16609392967187
1.36760906313641
0.694131190377061
0.776922920385053
0.859908606028073
0.602044157992654
0.408548586981032
0.465515511308018
0.708103777305357
0.591304154434635
0.559834080601236
0.758497075492436
0.334765340689967
0.864386694203892
2.80896331922064
0.367001768089944
0.489915356840134
0.556803854312794
2.0222441410363
1.93988235191369
0.81630091528889
0.406329309625326
0.634550515510179
0.828397402190175
0.785591098675923
0.609417483510675
0.684785602199336
1.27464841764671
0.344066993347744
0.369129125086623
0.838422039838388
0.663566369276199
0.617052030469305
1.07703959094314
0.886772277960341
0.521988207440659
0.780406659485123
0.661799093505983
0.49859082053448
1.04185130889602
0.55874419964122
0.610441289873829
0.576864946853557
0.477867824558382
0.75499124248285
0.936876170301512
1.52408406620296
1.92393902513729
0.950702203558021
1.30969564288955
1.00636083215058
1.55923424810017
0.70032501965317
0.661965789986454
0.492591108955208
0.976873367297182
0.834269198778454
1.53105426914954
0.979577561904021
0.677843222634497
0.719101302579609
0.948055796817678
0.662861396480136
0.814359803202098
0.778031856322571
0.439474600621275
0.713721036958164
0.409727338496414
0.881569195351487
0.739493113167891
0.343462408443894
0.404048183416632
1.48687629834811
0.240417887871411
0.529042397781144
0.299309848831574
0.517694419749932
0.802324096132821
0.814991346190363
1.08806818080261
0.398484891396898
0.767566889214934
0.817905221103763
0.827401895370953
0.745651867849764
0.638423401038368
0.667392225916532
0.445503214244351
0.61117262492453
0.755371011069437
0.516572090452658
0.656684923324453
1.19392917989763
0.798152830457026
0.671783057256746
0.699396701292033
0.639690698192726
0.309558624774325
0.476445921592226
0.850947353123596
1.32235000814527
0.61796538341703
0.558524993000308
0.892808296590516
4.5827401925388
1.08211079947792
1.99410324944825
2.17953579097438
0.456802785600632
0.632214660552065
1.03890959357382
0.660770147917447
0.692645925371073
0.365465984582267
0.622823776368327
0.506765175309825
1.79394343808443
1.46323243877357
1.57753582613874
2.22409124520995
0.658730236902528
0.689558638975496
0.443810266204799
0.49304322165478
1.15311168995856
