57.8835213013936
49.9706436747014
43.8117287710316
48.2186843924526
50.8783185603075
55.6578083512772
52.5202816606234
58.2492546328676
54.1082981175621
49.1574123302788
54.6097238754014
52.5200093823537
66.9663285315123
47.7684560265161
51.2149017970042
50.9042468293853
50.9157438361706
51.9170044187098
52.4466297725749
55.5836164801782
54.9030231318182
52.2615098470447
47.5466569366442
60.3339683675483
49.5046273909825
57.2837501043758
53.6691652992117
52.0173936547272
49.6204507683776
49.1129550524502
51.8279191351454
51.2882767164189
57.0759538149455
50.2598301568916
47.9124572694978
54.5673308631931
49.625896396416
51.8854301459073
46.7724286390161
47.3715380120363
48.3078290966037
53.7587325682681
49.9873924679953
49.8298827722231
55.4069631496435
52.0203247819973
50.69795237308
44.4897325924792
54.1179949143378
51.3667689281838
50.7543909727524
46.4082772918612
50.8762478954292
52.3147109645572
54.0433391941568
51.9657876035275
49.7792041922025
44.2404656371239
53.6453507498991
46.6583309284622
49.3241938674744
49.5152620947075
42.0381449177442
55.6210371441418
46.7988448599671
54.5241176873248
58.7866329081777
53.8275822744968
55.401373427175
52.6261356381786
59.3471553387981
55.2887416529221
49.9559407731242
59.2701812578645
49.4487325219432
49.184313690305
49.8718427880015
52.9267200512759
49.9571503109058
61.256514160105
54.9302054798729
49.4462415971802
63.2944121169369
47.1540524868072
62.4772859697916
47.4835760622562
56.5319469150397
51.4387770809067
49.0363919881993
52.7562645949327
50.4912021058472
59.9738988029418
52.5873948546206
59.0286352675457
49.9716748599513
47.498266949333
50.0751264675139
48.6811119868409
64.2984358864694
55.6972602439091
64.4423631316974
44.0966981516164
51.5229248244325
57.3805663946814
58.4823361888445
52.2271386586502
44.8782618524947
51.1152819843213
51.0551533772548
47.9291928531201
46.7109366239733
60.1229590780491
53.3928915555867
55.4449830665279
50.1262328486291
44.8424544507959
53.7739291582371
51.9919650901202
58.5278054993201
46.0398369857802
47.9784279274153
51.8723995196564
49.768785554059
50.0849343868802
45.806038381842
51.5885889159137
53.5472338827296
46.9225690539574
57.9805041133081
51.7579254163159
49.3290068646176
49.0095062326504
49.1065378126031
48.5034935523127
48.0600070770035
47.3016761035195
51.0247235924905
49.828875575451
47.2525384641509
52.0514230758503
51.019565232737
54.4863447930726
51.4210067903696
51.1404178561576
50.1218628512106
59.8227721784816
58.6442207195163
62.9848540667797
52.5635898535961
48.2644878309496
59.6865919323445
53.4811098118223
51.5112162922062
48.9174400928815
44.8922750156228
48.8348309198774
54.8239300295624
45.2843443165626
50.9626171536195
51.7175745137131
45.4230168319018
55.7423179169895
48.5954050065169
47.7114049757134
52.6834317590421
52.7092734251794
46.863580635246
56.2690843325514
49.8825220819223
50.0750527262199
46.2824929316413
48.0748781056869
48.1599775332939
57.1428106345745
46.5949777899276
53.1258060510785
49.5967995632264
49.0999401159208
48.7240959834184
50.7089584266105
51.1212937256178
48.6115591299215
64.2034537127901
52.167543918016
47.8917902849319
53.6875019526336
55.6515023014148
57.5271964079144
51.9279632371089
46.5625127318532
56.3874472809869
46.793060902793
49.3500457700968
54.2736615345204
46.7334840255883
50.7980448587289
51.4413789229507
58.0858473926498
54.5397964460864
56.8589980557687
44.8914035390542
47.6700896174399
50.5601641434707
48.1221490513738
51.0732855644427
52.3511115664599
52.145607208658
45.4245960959412
47.818213847225
49.5016850749379
51.1311161568642
56.8959997062514
49.2494606664011
53.3151849266912
52.7148096022219
52.7533414142135
57.5153250751069
45.1088291001886
55.8042225876819
58.9271119410986
61.9261980368796
54.9569977433877
48.4439121415108
47.6058548003406
46.6169157976664
49.6268260387642
46.6712959372717
46.8325088007161
47.5795541818435
49.4193596468826
47.2062833285575
53.1489237910102
48.1855787927286
46.4102891365379
47.72589053784
52.4182543384065
53.3168130069038
51.4582950602739
48.0652912813933
51.1558535223567
58.2426578428061
62.2612444933804
46.2503667436891
47.3255826838488
46.8266148721904
55.7498606488145
47.68429045818
52.415573025114
56.4744899698621
52.5541256134839
48.4728161530049
53.21163077706
48.172556395825
52.6396459186438
49.8005944842598
49.7821324443038
59.7937577628938
46.2310614536541
50.1086362791249
53.8657263212011
53.8069801410747
56.4598833495236
50.3072493174748
45.117703299338
53.7674500107888
48.2581622417121
45.6889948479994
54.2435005382915
52.56994308165
52.0874741110963
48.8578582852977
46.9939239727362
51.9527158616488
46.1834317683639
44.7170270169044
43.6661846971475
54.7136022039721
44.1195063111466
56.9374577134328
53.4038900993028
57.7309762045612
52.3517145100427
46.1964054655466
54.4760545685483
49.8780668663777
55.9288614915453
44.6065537420069
45.9057689430237
51.3943085060476
48.1136421213692
49.5010077876293
48.2595293105381
50.7941746699145
54.692544956943
63.0311329438576
67.6129596930863
47.4607531646376
51.4926590518148
55.7567058366537
55.9765181184249
48.4836421809193
46.6141269380637
53.7644452267645
46.7863782574542
51.5807297961482
50.8241102665222
51.4249712197251
50.9957634616265
48.7180646715741
52.4441281875963
50.9496312771454
62.8445697880827
56.6764390754287
51.8819091222811
57.30907796156
50.56934074969
45.1794079591863
49.6711578664975
49.3994002107253
62.1530348845425
44.0183468076649
49.9731394609484
58.8222252354139
50.7438714703476
55.6040191708098
47.5606879956167
59.878749296169
47.4373419004477
51.5148597074599
48.1321081237795
44.1998876625634
56.1633573245012
46.8747379647538
48.4660657660089
49.5108476395125
50.0950737511871
47.0550477327758
53.3228777380389
44.9718034378107
46.0933888219484
52.0832358757317
55.5984061946724
47.9975752043049
49.1707090719326
47.5767919234302
56.5529872126145
49.5993514986007
48.6839213536825
50.1101987239181
45.1245288630459
55.274223935169
49.8559372205098
48.5268504385118
58.4596819491436
48.5142397433827
45.2083103964326
45.6933583295604
55.8157688372735
47.6431842371962
49.987753990519
57.1406636163796
48.6432395925225
49.6689169549611
51.1241872886043
47.5489129873452
54.3040802170676
50.9732582864507
56.613589408971
51.5844820931179
49.5638175223797
57.5617864291678
50.6891351516883
55.4029502950855
54.1399299872215
51.4647803669927
52.0481859732433
46.0437849298977
49.6034104784905
53.7471990419554
48.7286275069249
49.1936448939225
51.0786247570124
47.1219328764369
45.9289253486071
51.2146722248021
48.7466579661831
46.4699226342101
48.87664074483
52.8720939921182
53.960963311943
58.3270841662165
50.143876103147
55.7253367848085
49.8850851313235
48.8337623984671
53.0721793501403
51.0982747986472
49.8190315695668
57.9838993008975
48.2132929332875
49.8207685831424
51.1842945656035
48.8169978944393
54.4065408281164
50.3634056607479
57.3285638538592
54.0761834219711
50.5333772987059
45.8427752967346
64.5193488159765
54.3460392735092
52.7174669012555
50.2195274636083
63.4440039239453
60.2366459277036
54.6472466812837
58.1302819394191
61.6063703969461
46.3486090065878
57.4823119311796
49.7415237385537
48.1602053876356
50.0597258453092
52.2367430796352
52.024211935906
60.1547266924102
57.554231333136
47.5224448760481
52.6850937396217
52.2877415121841
54.6192431476677
53.277060211797
47.3232929565367
52.211043398313
53.2737143295887
51.514630727584
45.8145780814105
51.7641575142429
47.2673019379103
52.6790844003416
44.6251859984807
58.3456011214141
53.2426301119811
52.248972008819
53.9897452497108
53.8815990713918
56.1243278337913
49.9454432445107
52.733577336868
58.9103272236378
46.8914614884503
50.5203198983711
46.1864938708009
52.2620404498431
51.018351496985
49.361734558737
54.0831991518711
51.6694360819392
48.5494907867284
51.0732228839139
57.6708143404338
49.6346245625018
53.5871288128299
46.6087226796089
57.7272429362578
51.6120503418932
54.7162712774176
53.9410801647425
53.9722221764109
49.7311447490173
49.3242794981516
58.6508069321889
53.6823255922542
54.6068449162073
55.0260769770254
46.3149951430425
56.333420899918
52.2646525064081
45.8679359770768
49.2250790117079
46.0436073657234
47.1468001355423
54.1569131426711
50.806871440619
52.9402531925903
50.4815006172263
58.3831406689185
59.1804688577219
48.3635385195797
54.4405920139222
49.1687666538431
50.8635147145974
47.4706602631891
58.4477335327195
48.9770529523105
60.921315579331
45.7240029463499
51.4005885645225
59.4727584657152
53.3418887757351
45.3780332332635
56.9328889369473
49.4383668427276
52.899698045568
44.9353017567645
55.2988751719957
54.3311748317429
50.0714705813279
49.606036988041
49.1969223369407
50.6046644300179
50.3066790311188
49.363186679362
55.241870751991
48.3850165656445
43.7442722236962
47.1963930291838
51.3309028243265
52.2297150720635
53.4640279639619
47.7146136333881
56.2822292745615
55.564597535366
49.0839301448092
53.3167428406508
55.4636767441104
51.614627212212
50.9456948776863
53.3925173618799
49.9595807138292
57.1021113797854
46.1318659910864
47.6527359290963
54.7317871143545
50.3059794931352
55.3381132514318
60.1653424828874
50.0076884772539
54.3278276938269
48.4164972928538
49.7480982035108
59.9506748727479
46.8900607743137
56.6529378187605
46.1308859781813
59.875953566942
63.5274422930917
44.1458280448958
48.0157337966136
51.3225264777657
46.7567305965921
50.9112107444404
47.6434642501045
48.0095516882966
48.4356791646678
56.8259744741877
57.1413875344531
50.824836736259
47.2161659696397
51.9381730122635
55.0070227914133
52.2580774306224
46.383300799498
54.4660316363381
44.3471653905086
46.732913920295
48.4918552020529
52.8720873080535
55.9302303659956
45.6801934348783
47.0201913065395
48.5235463448815
55.9636195618012
48.2449032279747
47.1644331636
49.7128473465594
50.8220302361759
49.4993362517171
51.0991219954063
50.4168963567796
49.5728855388897
50.9344964104673
53.1221790798706
54.2379596011628
53.1200356140681
51.294344756188
49.1758639655243
49.7601915150842
49.554706188304
43.4638231185273
51.008331725854
48.2857667997891
51.4415263911869
53.7039240101102
54.0010617526163
52.6651963381449
57.2712993395511
48.1137624662234
53.916683788761
49.0847593602841
58.3707453908779
47.941586584213
57.5589057155513
49.3537232925139
61.1144288067532
48.0533317249148
50.7189044328352
55.5819365440339
54.9730152115754
55.311229688239
60.7157197296257
50.6616931434529
48.0175320924077
45.2220465487909
54.1730771683134
48.966528323855
53.562409912663
63.4209385150843
52.6678037130431
45.2793087799194
50.9568397726764
63.1201765821038
57.2242099900137
61.5766318824402
47.1037935485882
58.6284772798309
58.3966648578648
55.6883000505088
62.1207879725889
51.2241403019855
54.1113768756622
51.9510795549255
47.8309064039692
43.3825323981462
48.1119819001157
58.6136903943214
51.9709003351813
49.1532163356264
49.5702313719259
66.9367256129963
50.8895539480155
62.1112727436379
55.2037236675923
48.8081555335602
55.3986872425044
51.1786243054949
47.5592597566163
54.9866771786871
52.797366910158
51.5742872094904
52.4848488916444
51.9088174689891
55.3412773011019
46.9142410541309
53.0713375855914
55.5171410457006
48.9022315227762
57.6412580487414
54.6687477349857
49.3692421558453
46.2467781318096
46.52819687824
50.4682594053826
46.0237200086529
53.6728479027763
53.5962301280442
51.7469525269379
47.2911905614285
47.4517717281612
46.8976675020845
50.8073275993941
53.7719804504485
47.3106822556281
49.9227128256108
56.4894140293438
58.8268655771662
47.0419045028933
53.431181732722
56.4669280870367
50.2753603727566
64.1134835465607
53.8090000972949
53.1656502085836
46.930432100377
53.5045501705738
50.3088242485979
51.0584738861441
47.1735780231396
58.6379528821033
50.2435011602378
48.7647819452088
51.4018875634126
47.0530619609437
46.766012271182
46.6109461455203
50.676533019496
47.468832476917
49.5366768983671
55.2996456979413
49.4845071182767
56.7327877080724
50.5737680351638
50.6153780328478
46.9294579563338
49.9464145778984
48.9235103124669
48.5268489524266
54.9551375181991
54.6582884193659
55.9025799846685
48.1871504381072
54.5801882850949
53.8608974314598
51.3465495751512
52.7603252993107
50.3688227454604
45.9099934187813
45.2303488955393
49.4041865481907
46.6139106062726
53.2455414497838
47.4625547203643
47.4200528441165
52.5555101676413
47.0325113815194
64.6379152865878
60.1047311136328
52.578307301255
49.6677707192766
50.3939702012828
44.2071302963489
49.9503142084427
52.0881948325733
52.8340954165818
57.256750113511
51.5224810363665
56.9786836976319
52.8426934065906
53.1207953746558
55.7743450976567
49.2167102920319
46.4301970724418
56.0781583160355
52.9661638689728
52.5959339608239
44.4508799194855
58.6450082707674
43.6994628618526
51.3323328435232
47.5025631969689
55.8698639537475
46.590648030466
48.2548466457281
47.5999099733896
56.6372780860748
51.8848758754805
47.4916200242196
50.2823064835639
53.6212475503202
49.1381313947782
55.2470367824451
52.0260615434682
56.6175561830133
54.9306961004704
51.643168917864
51.2693681075921
55.046267322096
57.3112413359047
49.4051370907799
50.745351596324
52.8140911065515
58.7107591838051
51.1994560071387
51.9361733470188
50.05370940624
43.993894858671
52.2885062625359
56.4738967212224
48.8444918854484
48.5732704511306
47.5334168623982
48.5433782313304
49.313598836339
51.7982895551433
54.6684441578725
46.2126707269084
52.1960200392534
58.906250679165
47.9074331537206
49.8629544405761
50.6806433540741
56.0651118523246
50.0036632341188
60.0309924163421
46.1049038467402
51.5929382411309
49.0461593188564
46.630308314317
56.2569368488828
53.8375368978124
52.3648438510522
50.3615686150948
55.8423234222163
61.4845646453928
51.2416920795272
52.7273600035397
47.5737240010068
47.1563556017086
54.1474476325226
49.8021530817551
48.1257804193457
49.7546594898644
49.4660317161999
51.719913147239
58.8452885285969
43.3550477557421
58.1673549169118
51.9912027400113
60.2682764562864
47.236855417333
51.0377466244145
51.3523619603708
48.9968391318739
55.8091820166358
45.4183050133995
53.9975852257205
52.9868820673438
54.2382100751982
47.9663896419267
55.488310093172
49.8204868417078
44.2012098984151
47.6170194721977
50.7862602309944
47.6937290635583
45.7605593381456
51.2981282741974
53.2693842645629
47.4140834384114
46.9222076819688
47.3576362024051
45.2014672090492
58.486471380497
43.8450608875494
46.6617504018805
48.8567808689145
48.2189676316825
51.1617337936403
47.6014777970196
58.1941960835045
52.6454631663574
49.2785199987295
49.9237194833312
45.9612223366483
49.9655892225709
53.4630962841423
49.5558227320844
49.4998754497453
48.0464697358121
58.646590453284
51.8144297591385
53.0684537602479
49.8382045216331
48.1611672479151
46.2702767474824
50.6399249452309
48.0963312099356
47.4863117864395
46.6559070880894
49.9466547540939
50.6414240051448
43.1540858868483
53.5332359493892
46.8512118880842
53.6795116425891
49.3626943831086
47.2874563405451
51.8949243239495
47.3271472528151
54.8071540003182
60.5733292769422
50.4739805654964
49.5703838080796
49.2463238232293
49.4170300802355
55.4240960383744
53.6818339264612
47.6867907129
49.9828391977975
49.0254835450496
47.3186631685888
50.8254365697793
50.1588698780345
54.4408193339582
45.1289308324935
46.3302838215981
57.6287423142283
49.036247182698
53.1675230141257
54.8243638825905
48.8889687925868
47.7364271563781
54.7992495707103
49.507162176593
49.6859518234534
58.3376016416594
49.3497362722012
52.2823811646454
54.9020173866647
57.5875498804388
46.365570105234
51.3634493086335
49.8704693726903
50.2136485465833
55.6495160088746
50.8291014102624
50.4468710198644
58.5960649176737
48.8131848339687
45.8400150194598
45.6735713817657
63.1194190849587
50.3114847335
50.9342748732803
46.8231661167737
50.191876977956
55.9602441416885
52.0769239145029
50.6547739494491
53.4923615879242
46.667530175216
46.6564813636015
51.3355661058414
55.825608393861
60.0869830621352
51.8916263879446
46.1501030288215
47.2113422267052
49.8817760645227
48.6681383290306
60.2124029330967
50.2711290348579
48.3608685899698
50.0220285188528
52.4551290159665
48.7472136327731
44.2092119361295
52.0790538557217
59.1849087335054
56.4598605838681
47.0675497964833
45.4831606198635
73.806561567332
44.8358810757906
46.9437570127093
50.1931269795325
60.4647980133923
54.772999635804
53.3675374326683
53.7161387017112
53.1279151864802
51.4430604926654
54.404444533517
66.7848748187305
53.6099171941076
54.294644069154
55.1588509278116
58.4094610570041
49.2353577958279
64.449520007813
50.2091971020431
55.969849019784
48.9355995633697
57.7629802908363
47.7651448609809
54.6929820872129
45.3194352076879
44.5882084232521
47.7767674629874
48.5026248750805
47.8633685905311
50.833886890696
48.1176630796439
51.7605849043631
51.2726565004385
52.0700187350057
58.1862830218691
50.3403691636869
47.3185417440766
51.9647964857288
47.9358376783734
54.7775436763547
56.5710807591037
50.9907622057026
51.1421776348847
47.4921512345143
46.5627555282299
51.5506069085637
49.2813796988775
51.0823806869861
64.7572165672851
58.9876418669488
51.0276891381749
51.2855511534765
49.4466995628476
50.232381043751
47.391906440205
56.4302903094213
47.7320199665149
51.4574918967778
49.7662668429101
66.676893959438
55.182186768324
47.2412291864642
54.0531594342613
50.9186873825003
56.4422012500285
50.3373885634764
51.9550288018515
50.868128316697
55.3774353726763
49.1309866648481
50.2446652543074
52.2603000308433
49.3256513647516
57.2066112675392
51.1496822648154
50.7661462905379
56.251399668442
53.458430979564
48.5043084565043
58.9356807474707
46.6305306888342
47.6335399235915
53.3713312662385
46.2204808380757
49.3697660681524
55.9778848283284
52.7027223918558
53.3341670580624
57.0677838323233
58.9891617275971
50.3662239898631
50.2049375572274
48.6871922867179
56.6632069331549
47.6791866390555
51.3249606643327
56.0653368816206
52.7690904546518
47.9042799523588
54.8876272197308
47.2872630930558
52.8331475507784
49.1518538080982
52.5339638187057
51.6075365428319
66.7419332110828
51.6662852169091
53.51262541174
51.4367127825484
49.2597803515274
53.4820457344771
47.7228625144579
48.8412558490494
48.0171765142117
44.954848203437
46.1323235316083
56.0457641809937
50.9533507735466
49.404302729174
51.3369931139802
47.8631579169293
46.8961928007737
50.520549186112
56.3064884554925
45.8425688074047
57.2374327683047
52.8867481730215
55.3942182951568
56.382624550056
43.7964647834326
56.9436061302592
58.6476600704663
49.5559646517345
52.127363334034
55.705160974834
45.6687995341118
48.3778070189997
56.3205188528758
55.7554387771349
50.652024821534
45.8330706024265
51.1250661127972
48.9429735985148
53.3764766401167
54.8164606725144
52.6526543753647
50.5917952114027
59.2020679411725
48.3030885145824
48.6103604028219
48.049821194493
45.8313258456527
52.1224533432988
44.1990539204743
53.6932850604119
55.8115471774375
52.858041200943
59.9840571079284
47.0446015645452
46.5938865961693
48.2951629425877
51.8095352753769
55.318907181933
59.9887134536999
55.6974537090402
60.805175114001
51.454854632822
48.5747035446361
54.4612646804946
56.5146680403071
48.9192730592674
47.6300461226199
50.1213254376186
50.1852559961603
47.391702127488
44.8468977645959
47.9727363876646
53.4200914886612
51.242530641649
49.9413161229271
47.7088703055421
46.7397965709812
50.3543154726984
52.4609912952422
56.0362693035123
52.389585308519
56.4266804284699
51.5772076188266
51.8718397671232
50.8501068611606
50.5337795085835
50.10691947563
48.8941547999263
43.7782392095239
48.2163146745551
52.2608517972909
48.7382064483705
50.8700295885901
49.5077206738326
48.5423053971719
61.8339457502762
54.1959849859007
46.9277560379572
54.6783624972033
56.5654594960618
50.908377275894
57.6701017850508
51.5178381775662
58.0278405810598
52.7323716654938
47.4516674083629
52.5686076604733
49.8995239108395
45.629957825264
48.8285638110112
60.7233311384555
49.5359207618655
50.4455238307659
46.0751865878036
46.3062886863937
51.4001402977939
50.5256886387359
61.0421072310456
47.1243392089383
56.6457389305665
50.4761449509712
53.0647634406256
42.5829561550392
45.6642989298196
59.9443924971341
50.9808005772939
55.7058880873554
47.1159515915636
61.0982165328024
52.2014240875417
51.6844589835683
57.0630080542916
51.6855417985733
44.6980037443363
49.2896610807035
59.144624306123
53.5658248256723
53.8251217192382
49.2653905867071
50.8935166382168
48.1353306723948
47.3678592982136
51.0961443884682
52.3874938681954
52.5654153180051
51.4730680590773
47.2889101912265
58.6054501093843
52.7676644670388
55.6378400521778
50.6840341491918
49.9791631217013
53.2861455037292
50.1358892456549
50.1101852623285
51.3717799905713
51.5275088197142
50.7286753291261
63.9411151729674
54.0146054658691
49.9003523593384
50.3971837416662
60.3480886703572
55.0796777280319
50.3114449337301
56.1512280592659
49.6660908960214
53.7477528854512
57.0159799942108
48.1535445984479
52.5310185276693
56.6408127924143
51.1162376546645
54.9118305744316
48.8211718185043
49.7946902444962
55.2030651983425
54.627423179203
53.6064238429206
58.1342445118762
49.9199543687334
47.3043788435545
47.4593798140559
45.1363232682819
51.2296657450094
55.5999767914526
62.2842744945877
53.6556544977653
50.0030628920204
49.291009096721
58.9886441193966
51.2581237601372
52.8961833059244
49.0431768319213
57.4415378769704
48.8641788777717
55.0020133546881
47.1098824579555
57.8696086915395
45.8014746430132
49.2130254270282
56.4123489586872
57.9279975216731
52.2365327625059
50.5103426369958
58.2133338448913
51.3291446869758
48.2640448380955
53.3200729475445
50.2378341912345
48.4787080536009
53.8397416533019
48.3440079245789
45.6231729661422
52.3515924199317
46.2925186957921
49.8619762287658
49.4543523605128
48.2393562510203
49.1161170131418
47.6655510121811
58.2569965476162
48.6107870391611
48.419022646806
55.8353613564551
50.7600938883315
51.5122054690452
52.6959794016645
47.2611947028976
50.9842683074639
47.5871823909079
47.1779202193456
50.4301163400907
53.918766774431
54.9284678872265
52.6507560854898
56.2603212358534
44.8804613196859
51.0440033340717
52.7644954907814
45.1904819989526
43.5479931911881
52.0575173243176
48.0530743161417
55.8809120993676
55.9958913925534
58.2708689814843
50.1066928309297
44.6318452834628
49.7018842531033
58.2555608798332
52.1024932592971
47.2406019060647
52.3344666991383
50.5985545902917
49.5803796625716
49.088039348569
53.8782776080279
55.808516176191
51.3512942263593
53.7576411738003
56.0020831741999
49.3298905589605
52.0618209307907
54.0633813346896
51.2992756836696
53.0459220546541
48.5074187127564
46.4792001744162
57.5753464651072
52.2197483857563
51.64767767367
47.1381562992759
48.5967484898218
46.1143867095358
51.6212104340764
46.9573373843394
50.7690741974348
58.2329081201832
46.9829227130715
54.1722332522483
52.4790154398704
49.3815474748674
51.0820946575328
50.9088157095472
48.3845186135566
46.2222142868587
45.1819918299191
45.1925890512225
46.8380509202396
56.5975808019842
48.039854818906
58.0833971972913
58.1670262359753
59.5444257351205
55.8849219080182
50.7130605596357
45.4068590243852
54.2741832631431
55.1170352550658
45.7349992416009
44.7076852106667
51.2959127141759
52.4270123732836
53.4948766051495
47.8301882694586
48.9616112806855
50.4288666882249
54.2873339136841
59.6614273262161
58.4523947415111
53.7109970863965
52.8723238288697
52.5477537441614
49.3330262078918
46.9477424463465
54.6520582801208
46.4792614217354
45.8063244797177
53.1073261867695
50.0355117224992
51.2445060938195
47.1149890134573
51.3611878083513
50.2483325446353
52.8584575678902
51.2992650752231
57.7384411547727
44.397353930603
51.9093890706645
51.1883648145491
50.6679253034595
45.4761222071088
50.1109255710983
52.2581532945913
48.5284043862386
49.1451295390569
45.8789003757035
48.9022282258729
47.6441332729809
55.1666183604084
52.6630274263126
56.1765885949495
48.8342743074339
66.2934296663168
51.851537575954
50.9916510188604
50.2726140750048
47.3145298252344
54.9290910821082
48.536806708141
47.6880119026504
54.2500639346908
59.167905651173
45.4931509289093
58.0507850724581
49.1857028890719
54.8143092999133
47.925893145694
47.8689973936801
46.5254687272649
50.3995628058539
59.0148051383581
50.9720212168664
51.1956282943652
45.5109864889846
53.2842847104015
53.4199526958373
47.9792634817415
53.5879057181419
49.9044866892479
50.0558770815869
42.9254524022626
46.2474653017693
49.538200254101
46.7621215077813
56.6189221956034
49.5764576924719
53.0416835224263
50.2991666391985
48.7294647553894
52.1379878600283
50.7727691884983
50.6490700487754
53.0812865443603
56.0241518837815
54.7797357634312
61.6191675720654
50.2093310199291
48.904562382316
54.5954931825476
49.7935312483618
49.8633453863343
51.9491334241296
45.912581509902
51.05545521498
49.1955239834244
59.9151480958174
48.1589700226811
47.6041857924616
49.073968244861
50.7708232091165
45.6017110013882
57.8898857600643
49.0074364214109
48.4116265649601
58.2160875096533
46.2408703788827
47.5964577555049
52.4120068388536
51.5519172178398
53.0238920781431
51.0986017182101
46.9114556767776
49.4961012385968
47.2110102591925
50.0240351670101
51.1985191291476
60.9314620218418
49.1986600731765
58.2421060331138
52.9120174417854
53.1302267167126
51.8463622619333
56.9948962488108
52.7825133969473
50.9696272033351
63.7017734611949
49.9575230867171
48.0219751635427
50.3907042783686
47.1231518228015
50.6531153559937
52.5910516591593
45.2693027231553
50.7907353136885
60.801802835999
56.309066271538
47.5036455398094
50.2040630429211
57.8867750752922
46.1130787225574
45.8403043294835
57.7706622702745
49.5636802129484
49.0676669377965
50.6810743373706
54.4451980687151
46.9320108549202
47.1542551823204
52.2019314154213
45.9407344451604
50.0928903182114
52.5234774102219
68.7030118319212
52.8617422373523
47.1349025051468
47.778468289616
59.9523930891605
45.4291076014433
49.9836811363318
49.5127113137555
52.232374040085
50.6151969682132
45.6758458287214
48.5754595143572
60.7573248480236
58.3819207123588
50.3212986004805
48.4375603188357
47.785125190705
53.1950599921188
49.9159308361511
46.0677083141719
56.6263144565183
50.5867880808431
50.4758502235311
45.3717582403886
51.4881880246815
49.9157295423006
47.4516767423017
55.0103153872363
47.2921231445415
43.6395357152761
50.1482512627485
45.3006456281532
54.0085187729557
49.0863353602096
51.4796139150107
49.9853789931891
59.7100586465223
49.368172328096
50.7915828313159
52.0725439103039
49.7588604644683
46.7014068110236
51.5313288791915
55.9725176688461
58.655388471229
46.048170133943
45.0964153246721
55.9540667440413
50.5609807592198
47.2823554852784
50.7451804637763
55.9105712349868
56.8849123157689
53.4250736400877
51.0018373689959
63.2369135513693
44.9561132443076
63.2519616972884
55.9176059608794
58.7238026937745
49.0430446576819
51.1299351709975
52.1576742664402
53.916627355694
44.9355403787682
46.035205127782
49.794553066172
45.2281394433815
54.9097753458653
45.1479984343372
60.6563852360542
50.9984461280801
54.9340142989991
50.1373410559411
51.0309141976058
57.0482755261557
45.97731218114
46.4569325888033
50.4983907718712
55.0770412666679
49.9864143412435
48.4435014123005
50.2563731300008
51.2386199921472
56.6997985335433
46.4718948453897
52.0917001711284
51.3811377274866
51.6317682118479
57.7115328378829
53.5072826535762
53.2176187669776
44.6535520222585
55.5458858440028
48.200571964476
48.7307837822016
54.0110501686519
48.7679766529191
49.0296748773233
53.9688447647525
47.1428639479643
53.3890878476538
58.9056971941758
49.5387228573396
60.9179907096654
47.5455184774026
45.3813197759441
51.9834398526998
59.7061166922816
48.7354067084623
47.1002257655329
46.9076609881609
54.3668050407059
57.5388270502093
58.4280202817627
47.9057898621952
49.0535057730763
54.0722570704383
55.882990233625
49.4280058281273
49.2362779395409
49.6493598315537
45.2777792362437
57.9491490135415
53.2607240409355
50.2588990835108
51.2617938742495
47.3301992490827
51.4924305835915
48.6943690486657
50.6842571455644
50.7068375477671
51.5837442546511
48.9870859678618
51.3015298433324
59.4528914926698
47.6425949185722
48.823867813869
54.3239023508926
47.6410352414521
51.5172292655359
47.9771510286333
52.5190195864459
49.1653578436843
46.8168829266702
45.5200045441083
49.4076014030528
59.2393661159601
45.5600676268585
53.9950529637626
55.8450732262173
52.799934224878
51.6705235947154
51.0923812628581
60.3237382705682
47.4910817680925
57.6350781539697
48.1758275976871
51.7694112907859
44.371583172092
45.9208437554314
52.0016894338159
51.9665523007453
46.0257360907814
59.3761117274373
46.4163282431244
51.3835661806573
44.5984535179688
50.6387473313402
48.710593601912
47.995910615525
48.9543664039734
50.88399078157
51.8500372331687
52.2304912717239
47.9860104849985
48.090181668801
47.7673603712339
45.0517708086896
56.2709541870398
53.9079461239407
51.6650891363557
51.0529887533919
47.8135851054321
53.3373703358587
53.6027270438106
44.002425293429
51.66320986413
55.4814475263414
51.1963639246219
49.3783790557103
56.9341967918451
58.567753458652
53.4822658876545
46.4155292593829
45.125894845407
53.3904742971506
57.0609391716165
52.359279116615
54.5460875221062
52.3281438341331
50.5443313307643
53.9794520807159
51.2692484350797
50.290781060235
48.8505197135789
53.3377211355102
55.3756972638582
49.553347445418
49.4212402789091
58.1556830063306
47.5193587269763
52.4813655366066
59.9563408146368
52.9180603997626
51.0880416238725
46.9587365523694
54.3862503550385
66.617688613431
50.2129171632637
52.8257046297585
53.825395277419
51.1930444451289
46.9508718493572
54.227182241933
53.6677624933955
48.5106257019864
57.4858051249295
48.7345626371348
57.5590046806761
52.5761865478292
47.6439107067215
48.5214748755883
53.7377587150146
53.7795180821421
48.9357130303013
52.2443089292537
59.5093439286502
52.2057333732257
48.8810191038158
49.4214381312395
50.206926817584
47.9305988023455
48.2099550503001
50.0968203271244
44.5350848879337
50.9553587923783
52.6810702258618
49.2499941226832
51.8698590678982
50.3991039672405
52.7775044686004
49.9931224037007
54.7495703505673
54.6113716514358
56.0693103852469
51.462679086868
51.9947018529694
55.6866857373492
50.9593398177763
52.7840457430169
53.6467542541223
49.4948004557372
50.8153908115491
48.7781721666869
50.9980507765764
48.7016870874285
52.8394168097183
50.5595994303555
46.3870799834746
53.1545607677282
48.8028598008499
48.944413793851
62.1991034493065
47.7740452460177
47.5844338944317
49.7411302883746
48.9631312606779
49.4040063197905
51.915840799283
47.7218970427834
49.9703023476131
58.5175899538124
48.3965915659478
54.7233842786167
48.6258806536845
46.9206671149783
50.198422298124
50.1205276797111
55.9602042699109
53.8745508757872
47.5769178369549
45.1196791273224
50.6574779743285
56.4207194738684
48.8596515417486
57.3251736873153
51.5604552893434
46.2763432250606
55.8905265902197
51.1669326118129
53.2431686485024
56.2095421180297
54.2385098603537
51.4803207015929
53.1154996640206
53.60954727914
59.4149774202918
45.5881576946263
53.1586371015438
60.8301804416384
52.3381611672257
47.9103593619384
49.5338489673156
51.7012237707389
52.050931747663
57.5554862794844
52.551090461151
48.392119553034
60.4463384074898
49.3882482107518
48.0886518403131
47.8632394536199
51.3562768337313
46.3156242584244
44.2355434014306
54.0533898333939
52.1179320099585
57.6017577140775
50.851107133319
48.520203913409
47.2237202660498
50.8145050580783
50.2643639298882
47.1721665874123
53.4694759584852
50.1106627199701
52.6354927995226
44.9481614958699
47.9660777945107
44.5221966725826
49.2089460399222
51.5036896207999
53.384596953125
50.3226466829143
46.21511871824
46.9367332570474
58.7824323166155
59.1916003367516
54.9596121340733
66.0070432288969
50.537816396247
47.4008712463237
55.4637751376546
50.7691265885631
48.4357247686498
52.037221631739
46.2207687868782
53.6748306746328
58.6876063240229
63.0574429700048
51.8901722989846
48.7949279788716
53.9549549830847
53.5423182786877
54.5581081760691
57.6056753695388
55.7980392564088
50.3598367266323
60.0587343275496
52.1307982333955
50.8135069336242
62.5953758643967
45.0707354139482
49.1017078490898
50.1137194060251
51.3351974419598
50.8162638417794
55.6672975499835
53.9624711784727
48.3664327252145
49.2873179691759
58.8754850738234
46.6927740820785
50.8116479976084
53.2767169733104
56.1968282433863
55.1983739397832
47.4163533435554
59.999204804804
50.039658596304
56.3076033870196
53.2619921579671
63.0319541805635
52.4819454042066
49.64509753289
48.6852154937338
49.5115680694494
51.9170987950574
59.43442371528
51.8258740879072
48.1357747984247
50.423699154672
48.0604736502205
62.3130268325031
47.5643000427333
56.3050104901739
55.659446986198
47.8542080030577
55.2222373706599
53.1459899641006
45.8665693721496
48.5852727151246
47.0249036381329
51.3876524266067
48.022923145146
45.9619069486852
49.5388937891376
54.5201217886197
47.7706865142354
54.5845701629477
47.494395089984
48.7704494392959
49.8839345160599
48.261025053254
50.2160463566066
49.8010918245978
50.3347338978513
53.3151843650194
53.8434098282762
49.1124983507141
58.9375733258737
57.9265784514315
51.8724003778868
53.205384632769
50.9162282998098
51.2326528270457
44.484634870933
47.2278788702063
48.3177739501604
54.0094901828446
54.625852155254
44.2586745582203
54.977368151591
51.4934381736599
56.8929303774321
50.8642867215479
49.8304657644554
48.8801743178889
47.6158962852798
44.1622932032624
53.1201410885182
53.5978666767339
48.917007290143
51.2464713843198
48.5010523283988
48.9799104879438
53.2328905663993
48.568220561266
49.8910899802408
48.4707346143271
48.0101417839898
49.5275537355086
48.9382653120316
56.6896903371258
46.3254907770482
49.7633897717426
50.4413656361165
53.7712488060553
51.0954524416178
50.9847477013332
54.0566406920822
52.3689144361672
45.4796944627596
51.0760655512202
55.2251958623229
51.0220908156485
50.4787878250645
53.0801790253106
48.7394334003688
49.8926523882186
51.9409209569272
52.7825419269256
51.935852517575
55.2597577773865
47.5884115306394
60.8513660842107
46.149317513057
49.2049110905007
50.1964200521842
50.8435174843005
50.5580427260437
46.9802539923558
53.5096658566494
45.000531486764
50.0569092187037
50.1653004399453
53.0092939279661
53.388172470713
53.6544861336881
56.5297782426299
49.4513808753046
45.5126268979852
60.5881511874667
52.3537760332524
53.0598092679045
47.5752680364864
47.3689058800102
48.0593598724969
47.5013523340303
49.5686730664258
50.4121188171465
54.0802629176117
57.789070503414
53.3555421685236
52.8070904168867
47.4248464101515
50.6021853716865
49.6648154021936
50.4413786312751
53.4729265980818
51.3558021071584
43.2978476963341
47.6004134488756
51.6550127777045
55.3933627492091
50.7759311170789
49.7037487940872
53.8868822365734
52.2031697745253
50.386270549144
50.0769419022037
66.3805445075198
54.1504541245722
49.5253679724062
48.480783953976
53.4277165875606
44.9952451790627
52.0737818209584
58.7282582771649
53.9621039695838
58.3838409356213
51.2252938570034
55.1323801945935
53.0086559751219
48.7003353258268
48.0564886878398
53.2083213902881
51.9732981291683
48.681230491719
51.5445352055259
48.2091311943733
51.0665506426647
49.7257594715334
59.1776584852796
50.2653539045512
54.8564641122657
47.3138518361527
56.4030633343828
47.3428860048168
51.858189817888
47.8451485347999
48.3585680204694
48.3866689454329
57.9450246627887
46.5470323381679
53.0842644114214
48.8572479077778
53.8186157166124
54.8372023362169
46.3438799182505
46.1342045588905
49.8753974381743
51.0595227901807
52.5056409707393
52.2722293722501
44.9858854856852
52.6807261446067
48.7314956504786
55.4412934860518
56.2950149502126
48.4612850571528
48.1437669462389
48.9892154735804
52.1726688666702
55.6428683064553
51.3643560844714
57.1693472088695
48.8824877901583
48.0811449364078
46.1454452358933
45.812475666359
49.1833489166241
45.4309367723026
47.4710896640369
47.243372629789
52.8110518892808
44.6301689482807
53.9135240700144
48.843837429519
52.3088897691157
54.0023929140772
49.8668333589864
61.9144533021772
48.8575574471802
49.2422228665599
45.3421276442438
53.2145715019099
48.9035815063474
46.884871365528
50.7225258314745
57.8636876197649
48.4866695522856
51.5562184659176
54.6313857928009
49.1882945056787
46.5387960889761
54.488375086322
56.6953266058542
46.8120536259408
50.346656875906
47.9025831630137
57.0777009550784
53.1761807851118
56.2244421748998
50.0667799184685
44.1066962954729
53.8194299914516
50.067694788569
45.2272687317535
48.6839532132931
48.6360888542357
46.9436564631103
46.3449382678944
47.2147202535945
47.5021281935805
45.1355492738787
48.9244049408205
63.2726585999211
49.4361923164401
44.5216405587591
48.3419513934131
49.773230120665
58.3481022019062
47.1556379956908
55.1252607051557
45.1454843185399
48.7507012883525
51.6247115876951
52.6477725523488
54.9717712970243
58.9329450968909
47.3771775108552
50.1288597734269
62.4821516544603
46.4125473530735
48.4727252674916
51.4165782572646
45.2203154154781
49.2372240206616
64.1043662247204
55.0766668926018
50.237770096627
52.1258983886072
50.8508584591937
59.6820058584274
51.6499912782284
50.5915792498526
50.6793532579723
47.7733109708073
46.6165294259483
53.8428828817553
47.2748400561822
46.0188326422297
51.4764611081891
53.8587640959292
55.192158761242
47.5280457453409
46.1926671512846
52.3854322150482
46.4851298402865
49.1188768791896
44.0901029881612
42.7057282580029
51.6341280908294
45.0551208588634
55.7567052161636
48.071559775474
45.6031848504443
55.4617588485847
52.9045377120798
52.1449121911676
50.1066012311806
49.0270540984897
59.0667173745821
50.9765803188868
67.0470035920854
46.7494673483373
52.8078893029058
49.3905244205843
49.6760611598046
51.1546844276668
44.9937975135606
50.0907562484203
57.4884398737554
47.9157404224783
52.8581665927392
52.5170644044725
46.6111788505863
56.7495430292046
51.5497919952686
56.5294460003127
57.0804124242095
48.6504057659894
46.8889636570449
49.2426274140549
55.3209007401353
44.9868021257343
48.0356368729819
47.9252277342492
52.2975910605961
46.1177452547523
49.0913230740338
58.4153122028532
49.696685184614
49.2115090715525
50.407740234411
49.0903802928317
48.136141273189
45.8191069866197
47.7868008353857
48.1853266625702
49.1637123436515
45.7949614341121
47.6534979587811
50.6850773361314
47.119111413381
46.2809056702747
62.2308278143464
46.9297799934011
51.8680532599295
46.4605555415875
52.2281768076486
46.7146623085454
48.2800629607671
52.3324564548559
55.0343856206731
49.5725378487237
51.7917363579496
58.1818430788612
51.0409457555071
51.7448655490679
52.1086630718071
49.3207822389225
54.2724708200584
50.607416380282
49.9705202600923
51.5067423305988
54.0999746541747
63.5694940676117
44.0252522562619
45.3221858848903
50.4641102118277
47.7796332311229
47.9679268959403
45.1619340909959
52.1499891695399
50.264607194443
50.4590276228772
47.4510275553311
50.171807576306
58.4840707391886
50.1566787217119
54.0882540716131
49.79382001226
59.118711727606
44.3673155097572
51.9402274928602
52.5358101706492
47.6567122920352
52.9347873681459
49.1121887950661
58.2958379674421
58.8763680922555
48.2221256621677
52.2473224118439
49.3953219660158
57.9174302546863
60.178267439413
46.1650593884819
54.0285123744392
45.5238579808129
49.0556198918448
51.9388614514017
44.8032002154003
46.9200712039619
48.0483297826845
58.8112515796036
52.3722215164267
50.8893483628444
49.0439857790716
54.233440293437
50.5425957773423
51.0025199012319
58.0427375449972
45.6503104345027
50.829968295467
48.0216936683132
49.3280111590944
50.1185904683371
49.7638188490857
51.9863347731944
55.6856195162084
57.9299514948207
46.712456494988
49.9970846855028
55.197827183497
56.2825739339053
52.4779846834666
51.875996978382
53.002913228463
57.7019180491968
53.0521447259535
50.334139338868
53.1534819340634
56.6923776199447
53.6493131544901
52.9430169132442
55.5163904994381
47.5785334367011
48.6042532564
52.5532893850421
55.2100143611918
52.0288507383903
51.8243708676436
50.0678493018468
50.9230880860558
60.8676444496314
48.4174904783638
51.8375312316399
47.6475030286735
55.7412714495511
45.9808088022897
55.5684910021581
54.147585546216
52.7349882738383
54.5448363685696
52.8677696507629
46.9893509079581
65.235972699153
48.054873898998
51.2769456898272
56.1774187129084
45.5166412078566
47.5329889952577
47.8888845341976
45.7771542984913
49.1733499268766
57.0046459062673
49.022881834307
43.9727818907183
57.1346621007804
48.8427612090951
60.1883433093533
46.5067023966626
50.3256925158765
46.2453932630161
59.4521038705681
54.4500126703321
44.9888836835101
56.2390097636714
61.5887732583147
52.4301042045147
51.4928554938579
44.8060670588015
58.9184118858861
47.6828218573098
46.7989651342791
51.5844526813002
50.2052787189324
56.226387235928
48.0665478947448
53.4559190938646
60.2998487632523
59.1126630116363
50.4487259584564
49.4397126474902
45.1536448613707
46.2597782591336
54.1100689588717
46.0759938461473
49.822019967022
52.3244409789828
44.6845523659748
51.068037554384
56.0859968333913
48.4263950744584
47.9602312540849
51.0452411972093
47.0898519585021
51.9682516033567
49.2770184243903
48.2036713469808
49.0019083110339
54.8052715614919
58.2950380894235
52.6804260536949
51.7603833586703
52.3822531346174
52.776388806228
45.8027967704541
44.3930335262462
48.9657890223475
54.6637258339418
48.3072511953894
49.9861471650895
48.1315837690816
47.0724096212419
58.4801070867345
46.1809233270951
50.1199169329243
63.8874943123363
54.8601756693099
58.4835372593908
56.4980976381626
54.8066063207499
49.5858515145861
46.6823385539485
56.6888953031449
51.3272769802586
47.8620817867506
54.9414839024904
58.7563533680025
51.7450742453682
49.7999987543108
57.0864202882671
46.7865308579587
56.6581148129799
46.498463019889
55.002779352352
50.7196394918495
53.637626162015
55.681278833422
50.8314670313171
50.4408234557484
50.8862755068005
55.7805818587768
61.7598127650364
44.9622501012752
58.2109142168433
51.6557237108008
54.7198164876225
52.5893392682722
56.5631642046071
60.1769857348428
51.7042039036818
58.6579227879677
56.2215153817129
49.2598102566185
46.8915512636918
65.5404912736694
50.1653463703503
52.6735261165562
44.484720941067
55.090711476757
61.3427906099938
42.846910669484
61.8814352282787
45.3856065114896
51.0517799431423
49.097780469067
51.5344370705141
49.8849899731444
45.4773143324241
49.5125469791647
48.5272250609841
50.188709620935
43.5254398831059
47.7914245431517
53.1198926316978
55.9304213329177
50.9670906101845
51.3717462720629
48.437671046116
55.9162343849087
50.3943176268746
53.2323723865008
52.4776805004482
50.803175693865
62.1459419873587
52.3399359565837
53.3947518199027
46.6363391854441
58.2503958363221
49.5570309525726
50.2989414868593
46.9414505210954
48.0046654569839
53.6656319586996
51.9618123394707
51.1213700975549
47.3059275911901
49.701995668668
52.8343877018757
55.4548983010539
47.654229492825
51.1933314889983
50.0048821269585
49.8286144332569
49.5968460970941
51.3536085734428
55.0798214124845
49.740258745117
56.2593273148876
55.0494833863764
47.49427873043
45.2164583221322
53.8394065818298
60.3831043341315
52.2743773788887
45.8982911122798
50.3321672234115
51.3161596854305
47.532395771655
51.6323171452517
55.3581791630877
51.5875168191641
53.2794832319013
48.9359010143956
54.5707764058385
47.7990437861936
52.9720062780182
52.7792627742267
54.6173604000605
50.730157057596
54.1616755269484
55.6782307459683
51.815239960296
61.2991995164254
57.9359835187968
52.0867224200458
48.9153912037084
48.9976010613368
48.9672544190314
50.735668249516
48.3654526224891
46.4552619780477
55.303742214985
60.2597117578017
59.7304345508628
59.6764580756053
50.283266814034
58.3651219150447
59.4231392143757
46.9161065634336
63.7800306115967
45.8837707815376
49.3260822123381
50.2892151225318
53.3773120138485
50.3034580394435
51.9227530806551
52.3038720852747
48.2941824790027
52.0806833267357
44.4580442819759
46.7864287036481
47.9588974435667
58.633115883637
54.124915252465
46.2245416546621
54.408847104271
55.0675272738786
51.6364598428483
51.964741009009
60.4663951700057
52.6210418396448
47.2944298659775
50.2509592312069
52.0504838119016
45.4671318610067
54.7954598750013
54.0309700104656
53.8524826705522
47.1441847262137
48.1166663735472
48.0104367605007
55.775323989532
52.7601604554428
48.0470937579972
45.013537337776
53.3741787484402
51.6779342144576
46.9338412670915
48.0349010501884
46.8983430647473
54.6321961456211
50.4232345623568
57.713643561583
48.7110941003135
48.1877421681406
50.5819339429605
61.2034252629713
46.86122929085
50.2600266186139
50.0679422152356
47.0861547720855
47.1965856863052
52.133143031777
52.3023584266118
60.4571499498902
54.8366981539282
50.7327212824194
46.7250496124322
47.3758593677549
47.9093453636359
54.6718521336349
52.0546718692048
48.251754943162
44.3139630255646
51.6892589274369
46.9209543491762
56.6605180666677
54.9936066655175
58.4410193077184
51.6945498639362
55.0040379430283
49.5155477746372
51.2748616961417
60.327410616606
56.2546058890186
52.4444885400358
51.2622933637227
48.5478740480834
61.3228065046208
46.9234770990998
49.9850568662571
58.7146097376035
48.5220213937929
59.657651433102
52.5375141389571
46.5868826723803
52.8593457380757
53.2330113392493
45.7923415307465
54.4003483880247
56.4226119552528
52.4688570647079
47.1434107371255
47.861604091062
51.9818428102885
45.1293355269274
58.563352590833
50.885128637554
52.5295618285393
51.5109860932929
54.5465294744187
54.1358403152773
48.7102998211281
50.3283961066265
53.4743651713415
51.6540780190017
56.6208963957844
48.0037388299695
46.9495571305951
52.3657012752886
49.7890642709804
52.5220118704464
48.09177425071
44.0688663844958
50.4514042174214
53.0574616219736
53.4706168141258
49.1781876742027
49.0469488957733
49.4691933667316
51.5143744844328
51.9397716802528
47.4741726014811
51.6687791070736
47.4234726724294
49.333095884617
48.840969726824
52.1156500453198
49.0253045559366
46.3483868843391
50.215786199711
48.2442123370494
50.3059961903508
57.7868790971371
54.0537407045992
50.8484036370339
46.3413385964459
47.4787774967526
49.4907025894846
55.9335384707347
55.1778300928549
54.9260979655676
47.029245365746
49.2872670573745
54.7225412027724
54.9656224000321
49.9652156307388
53.7468794587124
56.778601285946
55.2052207390013
47.0535771456919
48.1672742872144
46.6637722218529
53.6429938868496
51.2697780697325
47.9051898142813
48.1027769720419
47.3983982705841
50.8728793915539
56.8195849873232
51.6678663631293
50.4416497114682
48.7431942785948
53.4627649800516
52.6222303637953
56.1640703733857
52.3358841959111
51.1075203802182
52.315778212491
51.4520116255929
48.3981779143666
60.9899158965031
49.0380336060392
50.6583490221682
52.0456035444949
58.1242398261931
43.5090901170973
68.9544470221589
50.4317307632314
53.7452107263009
49.1023481037874
56.9053144169548
51.0203235118387
45.0860429861659
51.3249056100136
49.0621372215036
47.0722055052679
48.2366686881014
50.7914337061604
58.9916132795518
57.6285810847527
52.6529925264434
48.4622526986891
48.6711494782006
53.5202194856049
52.0389549826722
46.4020717296885
53.1529292598532
57.5101644929152
49.5441639145673
47.8900646786849
50.4547681646455
50.0046582195443
61.2500355752356
48.0135853895261
47.3249864478335
47.3035474694983
53.2392501898726
48.159317973057
54.7580232563174
56.6305864041978
54.6953863770709
53.3356486464413
47.3804875810829
51.3443227592954
45.7783913750755
49.6249503142889
52.3326064044
51.1361617979272
46.3326672860494
46.721576365047
48.2435880444687
58.9921544380125
57.0805129249696
48.3593580157887
45.2906382661261
50.5785251703393
56.0382148197134
57.1082643191897
49.9050345668757
44.9982080950956
59.4982727976276
52.49223689061
46.8217795717122
49.8740841247759
52.0995291236481
49.9557649667528
47.2046266376924
54.5455069699869
50.2721333789896
44.2466194611093
60.5869530053198
53.4533200405042
46.6305898768413
51.0437373272885
54.0080667214536
46.749354316595
45.6653208293264
48.9911542580548
54.6025944887758
52.6328737359094
52.6501450811745
51.012086645212
53.8849214504866
51.5517203294884
55.7658927860224
48.9627039831225
50.7480361995046
51.6244302896412
49.5381949193554
53.4359671619712
53.3502170806843
51.673180153794
58.9224035680852
46.994370818654
56.8962838389015
47.5336357707868
56.4456240320029
52.1839815792999
57.169641211763
50.3840044669737
50.2018968042528
63.3273845831734
50.4352375972416
51.8561217423838
45.8281210626599
44.4087478170832
55.1047029784568
50.6779273790067
56.9331035314418
47.3840199457333
64.6562980731437
47.0646222397682
46.2446511733391
46.1963300785181
51.3927999134943
51.4589307128618
49.7884216631817
49.966755767056
50.4030458236351
48.9018119773238
48.8093706911401
49.2867233208944
59.5665283195965
54.5669206196423
47.6457403266995
46.4926738337533
59.2113285993107
54.6372001051657
51.6870171552961
57.8892846521752
50.4596631434759
51.3431447974036
50.6078423760419
47.4657741126921
53.1595005784323
44.2169057851483
55.8370336046143
50.3391584189182
57.5828520166669
50.9115393694502
58.2350738995847
50.0531470427674
59.2848023483717
58.3029282795625
52.9858853278375
51.0739618992015
44.9233761433779
44.0772353753154
52.9293255085311
52.9692050556302
43.7932043160963
48.7680048516471
48.2123029179714
49.3153809489191
45.8789493153598
49.9636476378644
51.4172834559576
51.0811065915792
57.0023925802101
53.9346276655862
53.7057228015235
46.6310850806609
50.8747310998202
54.3190848396952
53.6967388854288
46.3587871709705
44.5091151671979
57.5158452552678
46.8219045164608
49.9230520765364
46.6094338334498
49.3591566535391
48.1600973074288
55.5685606889269
58.5783106994785
48.7642116524778
51.0223410690874
52.0102772470257
51.074607963507
47.3332911497388
47.3868458730912
55.4606333443459
51.4633878222722
44.4951689971168
54.7934440211146
57.8301474185992
49.1245649948935
58.7531159218654
51.3117846437196
49.6144179341622
61.5185845130093
54.2009004452145
49.921582684365
49.998650005429
51.6771709180268
55.5579340543448
60.3697619373334
53.3252055798008
45.7511122186915
46.6995873728363
48.4509644700776
56.7939564781193
63.9210536284035
62.0803984737459
57.7769653520341
51.6607715774048
54.9470387161001
49.6578458078659
49.6472508661423
49.0764868879341
50.7896095630729
50.3743215462604
59.0795780346694
49.6134546496933
48.5034400632821
49.7278696043645
44.8035751396622
45.7660922498704
46.9041294221835
49.4068778440523
48.6240886693202
51.8182256877493
51.68242105735
45.5600851329555
55.9563680848658
58.0887425671049
60.2602187706124
50.6040093291942
44.4400733783552
46.7910810029542
50.1989898915871
47.9425114583932
51.9743899178025
49.9215046531472
47.2472389496428
57.2501918759697
46.4651166823063
55.1093221053332
51.2310787919785
47.9937278246635
47.693485871198
48.0763730242905
50.8977623820545
52.3239475317412
53.7561866601736
48.3301224054363
49.9375583116986
52.1419748666815
48.8394736277448
51.0759586761228
54.5765877649868
49.6911845909136
51.7667967315115
56.0795410073416
56.1657661295373
53.1123281651566
46.0591686795865
59.525974513902
48.9182949023826
55.1579729595202
47.9237966683849
44.3336329261507
