62.8369043635039
54.5919149267246
43.361424351984
56.8962160859661
50.9886725904836
54.8125661323755
45.0185540170857
47.7370915569414
51.6529706519624
51.3247867553613
45.0144174382859
52.0101911513683
46.3068362733389
50.0237212017
47.9423084817103
47.8548463918927
51.6104565869322
57.3376402279869
55.877085272834
51.970254364299
49.5396123442033
50.5008890107709
48.032290307162
48.1265038279406
50.7033806467842
46.6985469448515
48.2299473252542
48.5897172908969
47.5845330812709
53.8000425881769
51.0069317868901
58.0492655629463
50.9127413232121
54.9356051066439
45.2374995600304
49.93830891919
53.4257337441258
56.0802508070266
47.0618574914878
55.120858442707
48.2891374104075
45.8213426592
45.3569069754364
50.5861840415438
52.9768225969077
55.9282594926249
46.7890227787128
45.9439293544715
64.1408268750234
51.0091772974766
50.8855136842475
53.8748613564755
55.3876822186877
50.6553161282024
49.3191104368788
51.5285888603201
53.1034916686257
57.5926112213687
47.2084084717464
61.5798236546432
60.9332856342915
60.3777979565815
50.8822072300812
47.2931360038765
51.9688980894256
45.9595803409063
48.1311692929177
48.903744148425
66.7449401759219
47.7246574757273
43.7957539322799
47.988521536178
49.7044259080967
49.7379405495682
55.8066555940329
48.8717459767726
60.470290120959
52.319955717162
52.6011758926082
47.009031080745
50.8486049404753
44.9286597012707
48.3689571916887
48.9778914561228
43.7864820024642
56.1318222915031
56.9940010600616
52.4268125004026
51.8360196923441
57.6156631197142
47.592516873272
48.9424717880756
52.48544039346
50.0974446823984
49.7467304444271
51.739406323341
47.2059802062763
55.5388517028002
51.8562703337653
47.4031691128739
49.0163338329611
53.6101261916231
49.124259334675
55.2764009250351
52.9823587017266
53.2325615890635
48.4327665554164
47.7967378277199
52.9145402368092
48.102529291349
55.2616971776728
49.3518501147456
46.6465950838102
59.0955679573068
53.9606108785117
49.1575158418865
48.5255215221028
47.2586669285375
54.2612330188858
57.8820219147141
50.4572105042488
43.4594658539837
52.8195907118835
52.1861060448694
50.1070306870587
53.1235260029847
58.4265180575071
52.6049112717082
48.4812384688441
55.6123471340294
51.5345056744122
47.2387185959112
53.6346164484683
43.5071595196431
47.1240513009005
52.5746221013437
45.8847902288492
46.5716780014237
51.5388996304541
47.6531550506031
51.7650417363164
49.7926058617247
50.1084303185737
50.1925588843801
47.8964891916493
42.6742128468471
51.9853984565622
51.0465234271073
48.6581530718729
52.1316652481763
50.840638821791
50.4656031634553
48.8168594587296
52.0634340578593
48.9907072456076
62.6848016843424
53.5276583199038
56.5972406972318
49.6463796590542
50.2903982241799
50.4976037864295
49.1909491468779
52.9916126245946
49.1073848812582
46.265536468035
49.5151861635354
55.6176628418261
57.8933435408991
48.0350065460356
47.3091531206811
50.146088252193
49.6392502021057
49.4069667456358
54.4771182864292
52.4137440306804
46.035156457094
62.9806093419043
53.3696034763039
46.0333947793918
49.6553319179205
48.973868305094
48.0291762726963
49.9409033636103
66.9726073256117
49.8056450241535
64.1613368310178
54.2780458456116
52.1376203045715
47.2730473857623
55.5898961324037
52.3598203670434
47.7856780470579
49.5155817661821
49.3405373911422
45.3464502257977
49.7944771694504
54.1108522901276
52.142991136801
58.50914719349
48.9615545872957
51.4087920074244
47.3045979322985
49.6535532482024
50.5276427558022
45.3064292722963
49.2773884954789
50.2584099381852
58.4654083202706
44.3521814329172
50.4722098857267
55.3550033380913
49.8937764362809
46.0204112709745
48.4497325129626
69.7454804675959
43.3027776246049
54.1268319281206
53.8117290568909
53.549271614626
46.4741059230413
46.4412091757207
50.5895705780072
53.1820371494521
49.6711826522815
49.5363000458169
44.5343877447251
53.310932866727
48.2958524713916
55.556149139809
50.2742335441929
44.5374266439573
47.0795593638435
46.6276719701459
53.8012487559345
52.5579912186406
50.4260315848457
53.8733866805375
50.8690282341407
57.6940549741633
52.0333729306271
51.6940911852706
55.0488108143544
57.0475283013777
47.2902393210227
47.5472735544555
50.650532016114
54.0618414673015
46.5034123797244
51.7935561902338
58.2840184562152
46.7842910593382
46.5874526439301
53.758298608895
45.4690773370575
46.6104721364493
51.6744871666344
54.0351685625892
49.138830632592
51.796795744826
51.3753103239674
47.9877986360276
48.7315041749409
52.1155057582301
59.0701825775587
46.7681361745305
55.0195686272862
51.238821985455
45.7325385717899
53.3651749291557
52.2320467716778
57.2743271750137
52.3541023371476
52.4924986091813
55.4333723707532
46.9229711879677
45.660093684457
49.821782501739
45.4010061202235
57.3152477366321
56.2865384779542
56.4026723492855
45.5174211577321
52.2316555294385
48.0678016502003
56.6009300093092
54.7992827716921
54.4044262215011
44.4440091224978
51.2062028495892
49.1606475634434
51.9649280807443
46.297532051867
66.9132186379634
45.0664110053498
46.9354455017401
46.4703045244698
50.9964920393066
50.176321858674
53.2017230180853
47.6958503871571
53.5067119985928
48.0528702152429
51.6033668887404
45.2059026320482
52.2756746931463
47.5430479720907
51.7626200143418
47.5966313348992
52.6140862823334
47.1187004831601
49.103534459167
47.4674713831812
48.7673588118681
45.5832110640732
51.9344783282497
57.0962699097249
48.7660642851945
55.0240002934913
45.9617332901498
48.7977948243621
49.1050328273377
51.2888308832717
50.3722780845794
47.1025892249049
49.9253195522918
50.4222152715786
47.350545989175
55.3267192332552
45.2035097942219
63.7869503388124
50.5784862206795
51.4683309895527
52.304524776332
46.4638100943429
54.1181955337867
48.6435367972655
50.9147287751914
62.8482838562433
46.6204636184684
52.763599219383
45.3040785616485
45.0326444938324
53.8446984251011
52.8192805328873
52.2057730135364
50.3702991831802
48.2030557931433
51.0814472938978
50.3600141783105
50.1866250007913
51.6809906299325
46.0741229655153
45.8969943831596
50.5541121681835
49.5306868275102
58.4319959027754
46.0374562417367
49.6760129965899
58.9581703660859
58.3016634964202
47.0253834592543
53.339750016589
48.8100949192912
56.2998513712149
48.5941513176505
52.9074747585844
56.8280878206175
46.8503683302208
47.4635933920678
47.2549538978276
48.0889511794899
42.381907572454
52.6096386210462
49.5001376939669
49.7865267847658
55.0322342974821
48.6331448050875
51.8034857483256
50.5378284006333
49.8312345877065
55.6094060732527
54.0287568439819
54.6866526284727
49.718712320799
45.0556675435395
55.1704781320235
44.3887243301551
53.2120431737748
45.3611357965957
46.5454835732665
48.7975600697227
50.0980538001536
52.7710858114835
52.888250924263
47.8437658857028
48.5631421195605
44.6749765929119
52.9401894031624
50.2145699278016
47.2342131049828
60.1337556109871
50.8593187913973
47.0533454904039
45.9503055819326
51.3529085752947
49.5921081883456
50.8040873288474
54.3055211780393
57.6847918389426
57.0030686331667
57.63244245101
50.2717444711443
49.4064553974133
54.8518483185064
48.0718136524922
48.7689635728391
50.0355566537689
44.7128280055118
49.1730964973209
48.8947387008878
49.4411966330338
56.2799582422037
55.6237815492949
49.8094107180467
48.7172239789094
57.496507467529
48.2202459318096
59.5348686023732
50.2351849269823
48.0259155246606
43.3437168637408
48.5231959604909
49.5461454953639
60.9173984764463
53.2472283515146
51.547234906972
48.6492874977024
50.7632416882857
56.541280460028
52.3540510507232
54.0705196365372
55.9077431429311
56.3293744741423
48.2331034367209
54.6650460132093
57.6324179912714
56.2242866066551
63.2464991965082
51.8455140194659
47.0631169385458
49.9803407479608
46.8644996154803
48.9415525668683
50.2514646400579
46.8655995332738
49.5792060977217
53.4078383564525
48.82010848347
49.1267647718469
45.8090764185027
44.6589198155593
44.455530717884
46.9520488528387
51.0134559289291
52.5459873977466
48.1719639133511
52.3387644878804
58.308002530447
46.2345732878355
43.449619456408
62.028453707221
57.7591877867808
52.6047943795261
43.0318462284556
45.8558396102815
49.7152947018484
48.1242500912452
51.7207286512569
50.9546927251071
46.6012755541068
47.4131010284454
56.915988736761
43.7299743926532
56.3759099648764
47.4747336994197
51.6358407887162
58.8641800465312
43.9211974980824
57.5255065179639
51.9925220400527
46.5496320797108
52.6779074976287
61.4231756278756
47.6829242745561
46.9348213972426
46.6749784296689
46.2625291086067
52.4886398690426
49.8304425146383
53.0454626307921
48.7843656120962
51.2524838315937
44.8269362482465
52.2108259752057
43.4479177179546
52.8470641663807
50.636168780058
49.85321679741
54.1085859819391
59.4546040845158
56.3047729436066
49.0482385700717
49.7652965727023
52.9964897475066
50.9986090576966
44.8125437829977
49.6962673958729
51.529326738267
53.2584873040842
58.983977760718
49.0255422468055
49.3132912195205
55.8918314748534
50.410567411183
47.858824719716
49.8805236310507
45.7464208882274
52.7808734934491
51.7475874919838
47.3549144160995
50.4574251897764
44.9607313136243
54.5721645791931
52.2116494097128
52.4983136831883
53.2668553690289
49.1132541234226
51.3523684557666
53.1309694483469
44.7233565257033
49.9309602080088
51.3780769254669
46.1835878850528
54.2845175867269
51.4085707261484
45.2456012153899
53.3640784586432
49.2017613500833
52.202007090651
46.5597585872376
53.9999195566941
52.0783268614332
47.1427921359533
49.2201565014255
59.4227650211877
49.0062083238224
52.8472095699843
47.0999573562173
48.6668335891362
47.4147134060067
46.9839288266967
49.8899819072174
55.076279614202
51.5386325893197
45.2045958058797
50.4645250984015
48.4385108592441
51.7282353334738
49.9744748457096
47.5864723400045
48.0605896284935
54.8952439148133
49.7266538688842
49.8600917861623
48.3716784838557
48.3737182097065
50.076266936644
55.6239747921906
62.012319716893
44.455315242271
62.699863851922
47.0424225486232
53.6735076137312
48.790298345539
44.8294339310442
55.9095173902537
46.0542652689984
54.5580035088268
44.2011374103168
45.8667988761177
50.625256970167
52.7898262867593
54.4178802845621
46.2831510856742
48.567697534798
50.4096106838834
53.2870021532686
48.8873201975282
51.3548149372734
49.7150879785445
45.864192677059
49.2138118131074
46.3301076986269
51.6594437572867
51.5126365901808
51.2690307326232
45.8956354252806
49.7793122495004
49.4251131386494
53.9599512250462
51.1249028903532
52.436243851234
70.2237864368064
46.8889880696704
52.4602910139822
47.1954814695166
49.6021296575881
53.7489216310424
49.7010302836936
53.6012916251451
58.4619838462946
49.2536279178354
47.5500778729331
53.3475123814678
56.4387027062156
47.3708452323053
56.3813809753558
53.7048679982342
55.7303539784528
50.370592239687
55.0536345111173
50.455186124522
49.5134357369544
52.1441602428152
47.8201752434834
58.3033713246324
48.6347119514914
52.4148702466245
53.5350713929771
45.4581471470608
56.0391320527953
46.480854446731
44.7027397679608
54.0549089018697
52.6169040563963
48.8730535090101
52.3557492283038
51.4299440719345
44.2655743316843
48.1547711531186
49.860901542237
50.6407510144242
52.9138987593341
49.9045799913991
47.8185203927249
49.8412680689843
50.5151930289508
52.1904122020986
55.2936831753956
52.3660984834736
54.0525811812969
47.8720337326662
44.7916668477284
60.6112249169377
54.8629451339047
46.4084910596548
48.4881411509125
50.005194786376
47.5938927761061
50.3950462382545
47.7370624186654
49.7587298779343
43.2223009169168
50.0559018378715
47.568172781729
53.9478251122491
52.3037204766468
47.2750910836792
51.5518909180376
44.7651209653954
50.3433710463119
43.4829604715722
49.4621916632004
56.2481627880631
54.4820896753309
48.1218145851808
50.6491659576584
53.4245109070259
53.9383866299103
47.3132429314001
48.7160733839875
47.4316025039654
45.0933768384776
50.5492672532574
47.2093546696728
53.0211939336128
47.8522401707776
52.968124258407
47.9818023235091
47.0033191470296
48.0097789001187
47.0030950517557
45.6396955536008
49.8099388791597
50.9557274717432
52.7218372897695
55.6987678782326
45.0896149116771
51.3722681270292
47.9180136532483
49.4066898340612
50.7843862520067
47.2537628107834
50.207316004323
53.4113940003294
48.5643039272374
47.4085212506539
44.3336932628707
47.4629363973521
54.4175223208851
60.5300347702147
50.3151901261777
53.0399042053784
47.7114612019626
47.4744125093482
47.3137353940133
56.256748656655
58.829673681791
44.9345726434001
50.7214590980692
47.1938719556279
51.6653682802451
54.6652300786669
56.6982043365796
48.3909184239956
52.0777597134725
54.3549472564909
47.3401762116126
48.7662812207439
53.145407869421
44.2074324455407
51.1006900774092
64.8683215048444
46.3072649272798
57.1414630943492
53.6736551888073
48.8508753735524
48.9054879580765
47.3720888462649
47.6888244662462
51.9694226325689
52.1695969778994
54.0310916947311
54.5720223053032
46.7856524497125
53.2302358106039
52.544140071448
58.5947767353115
50.6214098800525
50.0356602276598
65.6535348758876
50.2158197032417
58.596127097585
47.6884709694697
47.616060881934
48.3472472284365
59.6830630139052
49.4656814913354
54.1904576266387
44.4523999016106
45.1292533710876
47.9368345586201
44.5642478206378
47.1690054565096
63.5592867385406
46.5475061867836
48.3218158494414
47.9952105890251
46.6517349611164
69.6511071232501
49.8836284974115
48.4818041756988
49.5209649045987
47.6833727051854
52.8732343798235
53.0955901222092
48.9513814869063
49.2362041207999
57.4377564829167
56.9607859915763
47.4002640957796
51.6839800165082
55.3223940035584
48.6293828429379
48.6229845717175
46.4508261823857
53.7635746804346
45.6581550007257
51.9513175013713
51.6720453728869
44.4884688100484
51.0130374671125
62.5256493243366
48.5258790516015
53.2431039255582
46.1381283867923
49.1406694181909
49.855957080747
53.5330024567761
49.4081996917585
42.8703877548915
48.7922564849228
49.1964266880023
46.7633745225622
48.4526065775119
47.6226209353159
46.133176258325
54.813114565051
53.4793831077305
49.6901984703411
52.5595707064435
53.7913096160399
50.8339921710191
50.7177714106496
45.2110119387255
56.069345480946
49.4141914308818
48.7412331701794
52.7381147173253
49.8253494843957
46.1872448075717
53.4392056380082
54.6467099878416
53.8745780664354
51.6834103318486
50.2234000876186
50.9149061451872
49.2997559757262
45.1293395748647
49.3041420697472
47.244091175634
54.0466157000962
55.1719060764961
53.795667195201
49.7551411569642
53.4561366530197
45.4346054377088
49.9865517751548
52.6033566932893
56.1228131696698
49.1763850660046
53.8419359431481
50.0625871649903
49.027094096346
44.0095185064545
49.0192606006597
50.2299221415663
45.8856445964798
44.1309252733602
49.5561928819816
53.8160039448164
44.763416666297
47.8017882618586
47.9878004507283
48.3064028752014
43.8118165946126
52.4709331063118
48.3044268429147
48.6376870332055
55.2859028713141
50.3590470310598
53.7024193645016
48.6172672743765
53.0826504599776
53.7981700212506
44.0356478951215
48.1548247157573
48.9443272303115
48.7319343930448
53.6678358121923
51.6465956221164
55.4189709195789
50.3281207831255
50.9098324060099
55.6674747270948
51.184004184311
50.580154324129
43.7895506012249
50.8714925805301
54.6720316237668
52.2229975509727
45.4332727286328
54.9556666160095
46.9783889307591
49.4429503461099
51.8620282450489
58.8013589456389
55.566729095917
51.4168289611734
50.3898079372778
44.673075248249
50.5263893344314
48.7412197973934
54.564483053999
48.1551663194358
49.4428079397292
42.9055356135967
47.3971308794228
47.7922213883925
57.9753129605088
49.9563863096639
50.7404195674541
48.8481151767992
56.5235769636434
51.1973158677079
49.1685227599208
54.4210500474671
49.4447552300771
44.7254475464761
52.0196293559735
57.1987544014406
47.7746326877518
49.5013104528079
46.7070864351921
46.4285412544895
45.4809878810188
48.703179994485
53.0085863020752
48.1018229969473
46.7569535006606
51.2371940585169
50.8339177240302
50.8777488558453
48.3454408954853
46.9044332426334
50.109299019353
56.9138619492767
55.1525583042315
50.1463544155295
46.1918017949099
48.3623072709454
51.4138706845587
49.7831158899926
54.7265640659576
53.2937115734757
46.1033187546718
49.087841093808
50.4851974729139
55.6601828398486
54.7621377121014
52.1954247712804
53.6691087002191
47.7516930106168
54.944468954532
52.414738445709
46.8059658482506
48.4647644885019
47.4722437920605
54.8900570576956
49.6780099803283
58.3793655360965
47.9068931487303
46.0808476331318
47.4349295468231
45.3186949923379
53.7728001385377
52.9949817862168
54.3291276458523
55.5762750948658
48.7422424060264
51.2013990493672
59.6756300902415
54.2609436409708
56.7965702797832
47.2974469055502
61.1622725995944
47.862544350889
53.0535073281547
46.7239858510981
49.0921406233429
56.1539096551353
50.54049106062
43.699512768325
46.6796954972898
51.5099746170681
46.4804495187187
45.0539014895137
47.9006840597671
54.7673640777372
47.2997925079365
49.8036886985084
53.5871827901473
55.2536573525439
48.0406048075128
49.9981031653226
50.6845758047124
48.301369305297
49.7123919825658
49.831143020802
53.9852209925338
50.2770011128172
49.5820708830548
48.5733947166582
59.0730353908979
55.3470881997956
46.1496585583646
48.5613678234742
51.2634110380375
50.4408218292893
62.8617633964354
44.4554064682348
46.0479872943924
52.6713869306292
45.8235432983113
44.7446668318486
50.5031208851223
54.6927246069173
50.2092930762009
52.7196925310948
51.1462623157207
46.7499214118729
65.2749919130925
45.7498615524425
50.6200935591775
56.9805619119985
53.0891872582868
50.6777640376342
51.4640575821592
53.2961147354363
47.7849943568959
47.8932130268555
57.8567892806046
50.5130774401333
51.1390783382935
46.9493173171748
61.935569875955
53.4981413639162
49.3365908920514
44.538615929131
50.2944107332287
56.2918620887445
46.3584962041527
52.3071516747154
49.9442487074614
44.856808378458
59.2596734754223
51.5080001736002
50.4043918470266
56.2115167137469
47.6023895663648
48.1243963154774
48.1754371548349
46.5248144136718
45.8699272363017
50.1983053939176
47.2746762045197
45.9228197544665
50.8312589987644
53.8474243120676
56.7642697870057
46.4328818119386
58.289134584563
47.7228678512077
50.685153193563
46.628006809625
46.5129744681012
51.2070640042243
59.4442646641811
51.7878944308999
49.9894041705793
48.0967832437273
48.7789559362645
49.5205836511156
46.8298798417896
48.4784747866556
48.8305811820476
57.5204415715171
49.37721859346
54.2088389297335
55.1979680920578
52.8883689032976
54.636577517459
50.4073905726705
53.589813453251
49.8702145794606
51.1030858035842
48.2475957325077
45.8760302279451
51.218669058378
48.0494819347495
47.254463888582
48.7232274354654
51.7116735054962
58.0059679898707
47.2142185621518
69.2290405616171
47.4108861722997
49.2703238908967
57.367823975317
53.6574160312012
50.4665598729283
49.7438184288966
52.1924718579221
56.0175336839006
54.6212207848896
48.0491866215203
50.7944267431424
52.3152826503448
50.4384229235441
54.917600483737
49.1672425729145
51.7052496231116
47.247195998622
52.238414945466
50.6135250417519
62.8368479395563
53.6830404313048
60.4832496738892
54.9050470410752
48.943590576186
50.164759548572
46.392227929237
54.2238251224957
49.6163840623099
49.9305979450874
54.3979978585546
51.6327630440621
49.8601146109704
50.567711914091
53.595062293748
53.7196618479445
45.4807802180412
47.7646317950241
51.79380307323
54.8060382821156
45.4858481173812
47.9833760623968
55.74284250921
44.1622525334585
53.3469692652014
49.1462358446221
47.8704777277954
55.1725620061623
50.5882073324831
53.8742951302844
53.4445155428951
50.1826349826446
49.9247174947839
46.2040154696856
54.4780099942684
45.8584219285017
46.3511272082978
63.402943349001
50.6354029721794
47.8865830495583
49.4489591630025
52.4223342126004
47.8988811753545
49.1028478642756
52.3804124079561
46.8343339481034
48.9157093283681
48.9211631337706
50.494510199159
47.8821301434774
48.663878578326
45.9424524515811
49.8648770678387
54.617357164677
53.4306600781417
52.0560186742449
49.6644744129009
47.1455641459544
47.0777872242598
46.7947265193717
44.4187327913944
45.7697153195784
60.4298436325314
52.5639357410658
47.6676666885617
52.2071991722821
50.5087638072204
53.4250058991137
48.7021038820957
53.6891946665059
52.9913070770212
47.3678101966964
53.452456164124
45.8322534219598
51.9738032421118
51.534988693229
58.8878899936918
49.7866351798242
55.0207565570091
44.1213492545268
51.6294612339143
52.8102914453231
45.6145511430359
52.8368887341208
49.0442476910619
53.2719410224565
51.5232359290819
54.8726389980001
53.4452688744251
52.6968226976808
52.758516183655
67.2529658580979
59.6472922654244
53.6723820242235
52.8229727179332
47.3321093470081
50.4778964158389
56.6849076580325
48.6695099505911
49.5279616922218
49.7940611169624
54.8069628716247
47.1995391055428
51.8770034869584
48.0902250298303
50.9914735707259
55.6655843502946
61.5727153306193
47.1374242525803
56.298454129548
54.6859894276681
54.3651685096886
49.5982627455053
48.0068229499799
57.0136159278611
50.5776917801899
46.2242322729952
57.2397511143256
57.1947351219249
51.2188294092881
46.2201177640702
64.1064366164089
46.2085750402171
58.183159584164
48.1676143329552
44.535274087786
54.6211992805795
47.9985209865656
48.9827128752418
47.5090816886433
46.0077577273755
46.431429112946
52.7117457250314
50.4937516648093
46.8989207282016
47.8969181870745
55.563470869932
48.7427444538293
54.4108806739084
46.4254049123764
46.7808274514724
47.6927980922586
50.4819431181845
48.9753204303295
46.4967060553856
45.8280761584137
47.2201992471534
52.7740144772212
48.5354119126815
54.0631149171783
47.5371711844315
51.445406391774
57.0493776363479
49.4841809691639
48.0532094257262
51.1669918212672
63.2144845923516
46.643039574092
53.4272749239505
50.5389280171155
47.5703275347397
46.2856457129936
48.6018576323935
46.381608891593
48.2183707272657
47.2695407487348
52.3791967654546
50.1150887813786
54.3990982596274
56.7682669481723
50.4221165852937
46.1461305414739
52.6116352461879
45.7615093848258
53.0031029214067
49.1727996390686
51.0983316998703
53.9794545558327
51.498182143753
43.8960954799907
49.6028418292095
56.5146286875691
47.3775776671685
43.9725426501715
51.5641870739002
46.6294552652821
55.0502586899001
55.802677865968
52.253029130965
44.1863583430396
50.0683991592337
50.734963128436
46.7341540121915
52.6838281871977
49.0133012860366
57.3746609859122
54.7662583571273
48.479313510709
56.0101520841872
57.2016153866331
51.985542504142
52.7259427083621
49.914260334076
54.0173679792001
55.7737758578626
50.2900189941391
52.548097911494
54.4294987968542
51.7316214331065
50.4560284312557
55.1097382259111
49.8280034620458
52.2796449484997
56.2806030560704
49.604703461266
46.7277375968372
55.0019734890583
44.560100009655
53.7288029633415
53.0290984478012
46.3567829711184
48.9339141445181
45.4113356787392
50.112899094166
50.1716556330922
46.2760134256027
50.6531360752326
53.4875829859139
48.3651504463039
48.5883818914039
48.7038828880455
43.9321653965914
49.7143981709372
52.312769890477
46.7732984803169
50.3539259375793
58.6627490716449
45.9058248783194
47.4491541348022
43.846614497589
45.1685393151911
46.7098913391683
44.9618228676607
51.7521631217377
52.7377147717879
46.0093306800183
48.5044508053796
62.0541094333273
50.6696554173185
46.6168246629467
55.6346745221893
56.6580523352973
47.2651675522353
48.8858873575677
47.175222461211
60.9541882756282
51.7188175276573
45.1617044317533
57.9435661454408
49.6717624054084
47.8215571708451
47.6322552070791
45.3114294621478
58.8891923521547
46.1936208577593
46.5715188132558
51.3802905331275
50.0714094390462
53.8883347586872
52.0431714988945
52.5243080711042
56.4261520698373
48.6184597396257
47.9139866205976
52.5915134047708
56.4073241770817
49.8471589402424
52.4668263785139
49.2182681071133
46.9734495446388
47.3025512573466
53.6659312697981
53.9151340436098
46.0626759472886
49.8291187107401
52.8215850778733
46.9630405514537
60.797133551121
50.867617545835
50.9400677577568
54.1908818693706
47.9312605995747
49.7603487465104
49.667396918376
49.2119946537055
46.3468779005894
45.363390003532
50.7278786836875
51.4728864567337
63.1658995559662
48.5768009907834
55.7907318480824
49.422978472592
50.3920193850875
46.751575647992
51.1890983699227
52.2303348541282
48.1897208930122
45.6048829906771
46.7132738239759
43.4012325718182
52.6781162590127
48.9243486759582
47.1543370464214
45.9152118530698
56.0352983096777
50.2971690979593
47.7771854828549
55.4368024221473
48.9207002152802
47.2525391326057
53.4979935998731
48.303226497939
48.4192365953054
50.0315471410004
53.7507704948382
48.1419383589451
53.6762978766069
50.5702145211197
47.1580505510462
48.7906454454089
51.1012046747795
46.5218655124983
63.3743465248087
45.8408637058221
55.3111426807606
48.7131137120279
49.3783629536056
57.7755271796366
48.721583232881
49.3095804026736
52.2006122791672
45.3658004370916
53.2924328455839
46.0885554828974
47.0738340310961
49.8220928342362
46.8347135163782
50.3844710577312
51.598736214676
52.8935919465394
49.6417573807453
52.5695249824365
53.4097339144314
51.8027001458852
52.8583829376969
56.3589698237628
44.2201644318008
48.9619850405865
48.966659670389
48.0799128712452
52.7183022763521
51.3291142342834
49.5046068814064
58.5678754600723
53.5455286292122
49.8747768074933
44.2543242066497
46.7928212919432
45.3858911894859
53.6227043901566
53.9770835964033
50.7417512698847
51.0820830233906
54.6207464577428
48.5580825927927
55.5283069936927
43.186079362593
49.5694435103566
43.189106278014
53.2040977418228
49.4302590619508
51.2769750084759
50.4152197284026
51.0039080527177
49.1549109798428
49.7439102420901
51.2680227382914
46.981634367312
49.6019006406161
52.4538284371847
50.203607248617
47.6927170826233
55.1914865466842
49.4498546267857
47.7742584391808
47.2837244130658
53.6535959157905
50.7291381741699
50.9295718060142
51.7159753179349
50.5941821276769
46.0564675536098
59.8009570118882
49.4907962087815
53.1071607492289
45.8901174577872
53.0308634680542
51.3918128379094
47.3728403062947
50.0518175019926
48.2706643761625
51.3377648988752
48.0823113375599
47.9470547081317
51.7366988098608
48.2202051607957
53.7585075910016
51.4530100422404
50.2596174324183
54.0057617475595
50.5847504573474
53.3476197665989
54.2574021416292
57.7476063024464
63.1306518189633
50.7302426830082
53.3465402375508
59.1768935967623
52.92084917166
49.3695188761911
53.6389171093979
46.2607927169744
53.6374120539632
46.4080295527618
48.1915189115322
52.7909567030987
49.730823595459
53.3263607655328
52.7332302530524
49.3325840891564
46.272379574824
50.7026809358276
49.063345360774
58.6449742326341
46.872980458209
53.8832259437217
58.8743316651565
51.6303412227394
51.9504091618849
49.4608554810943
48.3805819246579
49.4982122057111
48.0314512952617
56.9268693578505
51.292982162994
52.6598612519922
47.9282452581137
50.2175830509273
48.0266175651375
59.9672797563618
49.5582480809537
56.2894480803962
56.2442238117945
52.3102728223732
47.9238782556269
45.0555302706102
45.5391302372175
51.3342323001015
49.2908982463452
51.4446089951936
58.1529880607207
48.2467510632392
43.9698426703696
55.7441873816726
51.0377047993549
52.4851637322738
54.5212940687306
54.7177181257555
50.3670137379931
47.7326981541698
49.9633641976837
57.6099866602024
47.2039758806316
48.3076887389602
49.7780013097131
57.2963187591264
55.4647275700062
51.218835381186
50.4511644450196
50.2895601827077
46.8997337896055
49.8313613387434
52.0447686973374
51.9044190782353
45.7692841730563
54.5007839434741
50.6033493376936
51.6087202749337
52.5039511214146
50.8748908429452
58.826387918417
50.407349790926
52.6528066443334
44.0839272321488
52.7613321785475
51.8169755922989
55.0238404350509
48.7592040874324
57.5844557827672
47.3292288053519
46.9188548698519
49.1953863390819
51.9142358483142
50.8231123921259
57.1321162159711
47.8734969448832
49.574882764104
47.7823327279742
57.1167567294246
45.0127859291508
55.2449822654288
53.6840368308191
48.1330599025665
47.8444817839372
46.9254951267987
57.8079390866511
49.1557987377389
54.0323263242744
48.8066952357302
57.8798775615485
48.2174789874841
55.1525895043145
54.311496790213
59.7450774684533
47.5753626629165
58.1451276347177
47.5319377205808
51.8794470936563
52.7901320244458
56.1346456442814
47.358719067832
54.6297980587966
51.7986021347731
50.0460023869755
54.5571784962208
46.4403138052305
47.2574505211336
48.4780421797521
58.2273012184108
48.7066355854025
52.1463804646118
57.0131656094349
48.865028373739
46.3068704325537
49.3190461099746
54.8320755283622
46.7484718505258
47.7136175176555
55.2930312130756
50.8521092586501
48.8983408039912
51.5022088954124
57.3492198622417
53.6513894373192
50.0177280574041
50.5596039988819
50.2989326277119
52.8110844259758
51.8772084980669
55.9077702324209
57.2741901424235
47.3811026843736
51.5885959075707
51.7474776992844
55.2655148636814
47.2946181025852
48.7056388397877
45.7304449676921
53.9649659193298
50.8944631971102
46.0742908545369
48.8626550680975
58.9309206148239
52.8570241440729
56.4741731015381
48.1176806754423
50.5075605677284
53.1309322880545
46.7596147247587
45.4832948518187
47.0758554373449
51.6090876473654
47.6785881645999
44.8500633677006
52.4007609259661
53.2695788163052
54.7174633440617
54.435149912569
47.4888116259826
45.9118944625969
52.2605577399426
57.8776113914099
48.6299286062514
48.2593028683276
53.8767060348176
43.4068326400629
51.8576952810774
48.4247528067078
52.0719470185397
50.8639432163217
50.3609232865366
55.3444637357169
63.1566867829566
49.1184107320322
55.4380276727964
49.3094837833886
53.1932409976578
48.4429489011157
48.1154187589852
57.9707461791992
51.786100551188
49.7019678209686
47.945024973948
47.1401493272553
47.5436984228156
54.2193765934635
49.0575955239847
53.4217440247574
43.1659318102504
51.4808353173839
48.5775983603294
51.3152001774099
44.349091474928
51.6740864337685
47.9569271528814
46.030612836652
54.3710673763682
49.4403787604805
53.7236468468923
54.4298514459278
54.9199540397487
48.3990116540583
53.346627512722
58.8417910089063
53.9564561562012
52.1302365310427
47.819253234631
49.1025097660993
55.0300608694689
46.0476574519401
57.5150952607475
45.3662524515357
47.3414817713559
53.5350037525569
51.0478758284715
48.9699500350932
47.1759381420883
47.9222537383736
50.2885629295793
45.490494528989
59.6828879480407
47.8444594945982
58.6490531276286
48.4832355075163
55.2156118562576
45.4399494833711
46.4845175574483
49.5200303223735
45.4051831028928
49.3665724900648
54.0268496828176
46.2287521776248
52.439054689417
46.8881852565557
49.7467894310701
49.9013907043795
52.730027083829
48.8043585227217
58.8937596155587
58.0153572834107
53.3502817534401
51.2242304002246
55.8820954451332
44.1612282332536
47.048501860055
47.9831347140824
45.8179426908096
63.2669922351309
45.2287724474105
48.3257547824741
50.7936774500892
52.9210706502192
46.959759394209
52.4452874597879
50.8639469626318
51.2595718954624
48.9048851565956
47.466889688647
53.2213684946625
49.7397109380702
46.902277730195
48.9812055713104
53.6194853255397
46.3764103933387
57.2289891046524
52.0069392296705
48.5155096381576
51.7147600474492
51.3382058898555
49.4060117898829
49.1975937432048
59.3240770701338
49.6425146018871
55.5994679821518
49.4733072051151
44.9267396333623
50.0319553515959
47.7792941851508
58.7365481013093
48.4377117234041
52.0785921422098
45.0008439604482
53.7601603045555
48.9614550457732
55.9602375616338
48.2046581674611
49.5822800778054
51.2057958892572
55.0540486552963
45.3506088055977
45.202187316289
50.4158485740298
46.9279418290808
58.2777656956349
48.6586900341282
56.7458921209577
47.8117510643501
47.2512633469158
46.6269336633123
49.3296723409386
53.0481488621597
50.6070784951838
51.6372980672663
50.3099477452926
54.3375278122809
51.1053935952591
50.957141237603
52.758562998975
52.5147064818347
47.4845107429922
49.2469315785114
63.7814194771532
52.5516704247213
44.3997123430132
58.8905863183236
57.3974672789161
45.9287716287088
46.7437523216301
51.0562838405018
50.0812367789766
51.9173213040787
55.4979316483498
44.9671997494933
53.6821741405471
49.8671797645334
54.7572292519653
53.8615589936726
49.0113503721074
54.4805974205555
45.6799133641719
52.2572581768803
46.3224691419405
45.8838639474366
54.452428182335
47.098049558265
52.7172355404101
61.852575650795
51.7872347221771
46.2767580163921
46.2179365801942
49.6491582722077
55.9971794379277
54.2786091847673
48.1048904089821
51.8699826135522
51.2191391862139
51.945776625691
50.2939487925868
47.6159062222804
49.3060857181005
46.4506441596924
50.8236026534934
49.5547839307443
53.009026874171
57.2626198808021
52.2113381468652
48.8536926120397
48.1774498939227
54.6377490703319
59.7584856504744
47.8593022469591
52.0555805884465
48.1444700244042
50.6524339582753
53.3602512388518
53.5484074248622
52.8901348068183
47.6831519370724
51.7462106155221
50.1363585116625
46.6656918358663
63.0852390649185
54.8067259951354
50.7409355789611
45.6353407653641
52.6624984319323
44.21064727903
52.9742183620138
55.2545187997868
45.6304810720582
63.493780281678
48.6470096685941
52.0585923352829
45.5785773736335
47.7739182563477
52.1911784200903
52.1272506050248
50.5097838447649
47.9584256643048
49.4104113309208
43.7766660063991
51.7057743762473
55.3062938474781
52.1837050222846
46.8339470317747
47.0819101072052
46.9141461364968
52.382570327473
46.4256467461753
48.9720142443084
49.2577948095548
47.884877097441
49.4761056745904
45.1035621126741
54.7273660936647
54.2348725348935
46.0966239401648
50.9121340077802
44.7946375797503
60.6267370484359
60.7958357478445
45.3057344040889
50.2371615422628
47.8624035932214
51.1802898646538
48.4096743567551
48.2504612917987
51.1411201773108
53.2584743135851
50.2997965365514
48.4146031881329
50.5046212965398
45.2359639433597
44.4782489050333
54.5586633901905
57.4488878327622
54.0975906098419
47.0988462127325
48.7392457197667
47.549070896066
45.2933341276481
56.0211238190114
46.0152098673062
48.2511652205184
55.907666131903
50.7350902303149
51.1365095703678
56.2712088676046
57.2479566432881
48.7049718046612
52.5929175214494
51.9342119657213
52.8832621333832
46.7092280619232
53.6069601584375
49.389855515233
52.8283584866485
61.5692975959058
49.4184276439621
49.938105671232
49.5560602795617
48.8581465843657
44.8569959682889
51.8023819245445
47.6337685994403
57.1374264118917
44.924717391085
45.1911799037964
46.36732626483
47.0263875125621
48.6807601257728
63.1880702335523
57.2970291769223
47.0273664866965
48.3202218202869
50.5770131776042
50.2116373061092
53.5849270522846
49.2265583803839
46.2167304904671
45.5263239566507
45.9244892445067
48.6757295579725
51.399021333309
55.0296518848878
50.3649329634476
46.5757706972998
50.2348642439501
48.3066504469529
56.9693981079943
57.9990672808278
49.0544705697759
51.6399098512065
57.6746501784482
51.4038719820945
49.7970405473073
54.6975871933308
51.2164378271141
47.0541710132919
50.2127439992465
55.3636729236155
46.2381686782395
51.6271839911996
48.2271095431149
48.7445765035671
67.9322916388857
42.7941125817895
57.0596741108217
48.5640651729468
51.0118519613987
47.5521296514813
51.5843648991661
44.5064224840067
45.4393225893667
47.901513656796
54.5079754274194
56.6436496741526
46.3506798075377
47.5452238499914
47.6007674191751
45.3009986756518
51.0880989721445
44.4476523773925
54.3104671424899
49.987544552209
60.7227006908217
48.9150157677604
47.0342788358803
47.3109937399789
42.9797792287752
44.234987022102
48.6824110929166
58.127379781435
51.3323691378408
49.1495147492005
57.6833450385859
46.2328245300123
47.9652070351184
45.3679161338004
47.088680245383
50.106663609038
45.2663001689559
50.0578061070332
46.4550789761975
46.1794210980397
54.4292367708074
52.0439491590916
46.4845898631056
48.3719014605659
44.316321101316
51.4832496352865
53.6981186039142
50.2632219690079
46.1767575099377
49.2012772257606
48.4856537179681
52.3897510697913
52.9107265730361
44.6580334748682
54.540821905293
47.9252894946495
54.0917503666892
45.7380952421289
49.6188046327251
52.8407978288299
55.2585246570344
50.2604883264454
52.5789714228122
45.4849985674064
48.1829397038917
48.4760055246967
46.9357695139085
49.1986479163285
47.4175415745324
45.1433077442939
51.3735528322456
45.9362577117578
51.4010755242503
47.9875717527285
45.2696405876074
50.5783596083625
51.1584382807614
45.8007319145682
46.3935112441535
49.6391083593906
54.7021573368456
45.0056662919601
49.259393310568
47.6502142862857
48.9548426579081
49.3849664918782
45.7616278174165
48.130198278276
50.3762083123347
54.5402660734013
57.1089813003451
49.9375799817369
47.3672914609631
47.1729244336921
47.9985258170579
54.7327591264104
49.6874271888866
51.6092256379294
56.0920203946409
47.6850335916919
54.1379394693109
56.4630500162693
51.1566667977786
50.3197419426795
50.4418564677478
47.0108968777565
52.6029878175753
46.2851170717386
58.0008248985264
67.8402271173264
55.5926685138965
58.8358645599193
50.6722479173707
57.9308864459681
53.2441448208913
56.4484713132087
56.1387453884047
49.9152292974532
50.5610962567484
53.927834199441
52.9427000927391
55.4046260386262
52.6160054674892
49.8709308021041
55.8029170157829
50.2522749574186
57.2003116178445
51.2630883169854
52.8491982627054
45.4685021319006
52.7787235025203
49.3471941393291
51.8408480780608
49.3436410499055
48.617760017285
49.911896696039
50.1842062251489
45.499299520852
47.7277955498519
52.7767989243313
55.2738157332253
49.1126771191537
43.9954880905946
51.6812784200724
51.8776384212556
57.4477987000884
51.4731145584221
52.5956303408526
51.3908139059487
48.7117554774917
50.0749146059775
50.4267900240314
50.5868832181264
54.3499565502348
46.2797960503767
54.7713912494488
51.1580065310602
48.9578513563052
56.0149536154577
46.6172835552957
45.0820995955153
54.8512015944538
47.2490841372488
50.6065315386186
50.8712861231604
53.0699769028936
52.1736772811006
61.02536329617
51.9125952846653
49.1791719037451
46.9802137145599
55.11495108439
55.4426307792736
48.1728100021583
49.9023169514963
47.7175413772823
45.8759785093185
45.554950710064
52.3189663564732
50.8871849055111
47.0786629083514
49.0128548160636
52.4123835720153
53.4591056374173
47.3770164552163
46.7281294612466
50.1278522233167
49.8268734114622
45.8714743917855
50.6769292723511
48.557218482566
48.7349569565234
47.8058358667981
49.9584731173582
44.7769155025294
56.7369061868964
51.4358439792288
48.6394018232747
51.4285664676792
47.9356948577068
50.5763526284278
46.9418635929894
52.907180641168
51.9696163549616
55.0675217668837
47.3056244250646
47.4735428061356
51.6946210384326
51.2662896751211
49.2635777037423
48.9258854127748
52.6947254012228
53.0445570084424
54.5962355561132
56.0965695609367
59.6380023004249
51.4579033791981
52.0048234595522
52.936548625354
58.071580186944
46.9703339655852
56.0167652170491
46.292127839957
45.4272370235429
53.0706696744142
47.128658158984
55.556860405476
49.9446852272477
43.8260734595596
52.056807041978
44.8356720603175
53.2415208204402
51.8278352099141
47.4850413477969
51.6049969173482
47.8234730421513
50.4955811545997
52.9110185328204
47.0041229067132
56.1308165050237
56.9386697592106
47.2029212898987
46.9861386312137
54.7511482313249
51.292488057846
50.0987816993469
46.2753576646182
47.6871710798889
51.4355877539646
51.0915590191204
45.9530394847155
48.6981339555694
51.5774643335949
49.9738272833479
50.1657758603555
61.6408036501264
55.7513991823489
55.6842456904121
48.6744506262471
59.0875033462594
47.574351616436
45.7509158859023
50.7698876979719
62.4225530993525
49.6396631588284
44.4814277807113
46.5694837204745
47.7265152804503
48.5604680145617
52.2084423717719
71.309767315696
52.7130007312604
51.8804427953418
47.5453536746888
46.3645046244014
53.393609343231
54.0903707954071
51.6122079565596
52.0089193329311
47.2905654411366
44.7178399280878
45.4110316576376
59.8805684146355
70.576902757736
45.9815508561462
46.5493785469659
48.3149174898295
56.6939058498189
44.9629418759993
49.7684849177682
48.0513157110092
56.081623667172
45.3252120261497
45.5845868304887
47.910237509712
49.5674081727454
49.2695467867083
52.0083648207209
53.6510183627301
56.0564034846146
49.9742041293342
45.2723907131875
48.4548988633416
63.7848318623003
51.2989837731682
46.0195904482208
51.817580105784
50.4037752322208
48.810039279882
51.9445803606943
61.6603489939886
45.7048750743403
53.5253119189809
51.3013974487145
48.6191317482737
57.8029726263322
50.0415681562964
46.4335485889416
58.1380176345019
51.5165871371832
49.1332887924457
46.3491872219901
53.2540291027227
45.6626080197978
52.8999490877568
54.3258188630903
47.2598244644773
52.2197109428328
53.8849682534194
55.9385614400159
51.8789766841707
62.0701211004508
45.1802495383865
43.5901741211944
47.1452287192929
50.0450643955944
49.2446779764103
53.0682172294875
50.2699450281165
57.6490765926633
50.1656785953121
49.6839373276243
50.3995183005272
45.8441488871503
44.8468968500029
49.8651707835171
46.0936620009668
52.3281472389378
48.5375623494299
50.4874655265809
55.1994964168107
45.994109396754
48.8942058008076
47.3122469688992
51.3664685136551
48.057835909991
47.7668673236399
46.1806158759874
48.9472619516359
52.5876224444942
51.4013242880172
50.4078734594499
49.7033075948707
47.9955733430158
49.5639114331683
55.1159107653935
48.1855049473501
54.5093373414458
53.7825021676248
51.6097859664972
47.8606236228972
48.4329972898334
52.8527138394079
48.6636823337111
49.0135788955471
51.8947952446789
49.6085633898544
50.3248889991547
49.2528528794086
52.5059031235442
47.9105830028034
45.2462781240019
47.7288618242262
49.0313934525471
51.3406515381898
48.0470899019892
50.0984129404979
53.9634216187681
46.2365855872417
49.3845321984745
59.7524139818129
50.7911828249143
49.8411996015947
53.2147520888835
44.1677948809663
52.029087470129
50.1432289475102
47.7612190684473
49.5054905691387
53.3390965814079
51.0666098562705
45.5188608480661
48.4384352297156
49.4429930812244
55.1032224981607
45.5628135452508
57.7029453352771
53.4233545151556
49.5448916701522
45.954602466442
54.2616305332323
50.0066288232337
60.5823493890282
54.9415074533299
57.7569444514254
59.684530461939
47.5029808304535
55.3981815584532
49.6829042518847
44.4780759641257
54.2145048385759
45.951809030866
49.9984537915005
44.4382116287761
48.5158380351475
51.5887901023763
49.4783067852349
59.4436387293303
56.0912354311291
46.5668239581115
49.036513157576
50.9569143002579
50.6533696507778
57.7496027599896
49.2056527627251
50.9117638957391
52.9949970375435
57.2466155072003
59.7945599857165
49.3408752875046
60.8874356143938
47.2453269936161
45.9323467834709
48.9814515952905
46.2901335555653
48.3217678284511
49.6755109891778
47.1080265198168
59.109758845629
54.4334673292825
52.7746804580868
46.5901494321222
48.9805585668234
43.7773712494141
53.5434766303708
47.0820613540578
49.3717319444431
45.2734396227175
57.4680507102136
52.7264862229938
44.1879693635055
49.3950829114456
54.8395347658794
56.7364860900516
53.0125238142957
53.9708470608563
48.8362801717366
52.2097814370268
50.4956262369309
50.3909058803049
50.6951365039466
50.4129678168845
45.632568297665
53.3583012855352
54.0593058614179
48.4473120312724
50.7953878561113
54.2908740925481
51.4374016158804
42.9240560395724
49.5029158670099
50.7815291575038
53.6567769404161
50.0815455785595
48.1883218235195
48.350367832409
49.8310543230135
51.7104728355208
47.9663144606822
49.3760376967405
48.6857950578261
54.5424321942015
55.3895196846076
56.8959494098938
50.9047478037031
49.1581749606714
56.3072012387618
50.8765941407728
57.1724847673418
53.502905165215
49.1245449482779
48.5915042923273
50.8253582060345
46.2124009411908
52.8500167975163
48.7159747870724
48.4730553481161
49.852911215026
53.1913725334116
46.5222288899632
61.5600441066981
51.8845400090132
51.8748238410051
48.5599504013239
51.6870237915374
47.614963057818
51.6980879137317
53.8615687727553
46.464425090053
49.7901038937829
57.4636597799499
47.5809760861233
54.4697593869002
50.2117928109474
57.5154809372038
53.9636436298336
50.6900987548613
51.2220623055689
55.3584093171544
50.2328393798437
47.8215508592786
47.0502390369063
54.3092531171253
49.6992878133269
47.3505515286219
50.8195984528046
47.0830170801919
50.6786444648868
48.5874258732191
49.2816170129847
45.6481372450914
47.6336666295868
47.6248138148172
54.4333323650189
48.7333444257697
56.2921138500685
50.6933344354262
48.3775300028389
59.7178650024089
51.2945249709886
50.8222899166633
49.8960321890167
49.5727223386921
52.8840815144037
50.5984584286014
48.3223514933906
50.7694636035047
44.9878745734569
58.5383744954562
58.034835263802
45.9518014322538
50.4796333085916
51.3357648157275
45.4226615596835
49.0372146566635
51.8505492932543
56.9628401297275
50.9292291549501
47.9754589633735
49.0690520273692
48.0300730228961
49.3923538427617
52.8246170132819
65.7537412436424
52.2776187755499
50.4529825266052
53.4404616180486
45.0242982284515
58.7888738675956
44.9824252625283
47.8264703715228
53.9381138783282
47.0664839801665
48.1751351322095
47.1564047657399
50.9969910841156
57.3853520617104
47.5449808555048
50.573134700688
48.0511220771602
51.2651405315709
53.797826616687
51.4473828848476
55.8212158887365
55.1176399723587
47.3760844640718
47.5961833234717
46.7721394181263
52.0261982650664
49.5233105914229
56.8785929641905
48.0189949818269
48.8665708295789
47.5672845930276
49.5031851798118
54.7480058430247
48.1608058174355
48.1233030394939
47.53726504867
43.2106903344768
45.4063883173713
46.8773453009347
45.2409377214283
44.941994142253
44.3768601386897
44.024458432125
59.7897343312405
46.5233808935009
49.6355187389716
47.1812594885095
46.020323402466
53.8160189805918
54.0139063233079
44.5086929776498
47.8126687247053
52.2893213873073
51.1546244247592
56.0611080850124
47.7592092680992
48.8187931028857
53.3203170945401
55.5938259910736
48.9901875166074
47.2302224126321
48.2585633090872
52.257904603075
46.7002778512113
44.0887968780547
47.2420070835276
53.1919669364676
43.1746212442808
53.9377088122904
48.9606800362969
44.9450184432362
47.4546548792249
48.3230359446657
50.7866410631074
53.8265277549852
44.9101024676145
52.5508676182775
51.7153659818386
52.612545914479
54.0313646930731
49.9328052159786
47.8383388752958
48.5674104294559
51.0267456677541
47.8283210541691
55.0404313247802
54.9346097125895
57.7461957760466
58.9514923721725
44.3133660749823
57.4641619082908
48.9192362767509
53.2672652141972
46.9171553988249
48.1728207228434
55.8423819122898
53.715168232492
55.8317337644927
52.6236796508584
48.6638248374035
44.2672834785163
60.4174278729825
43.4140149887077
52.1271790202158
45.7694593516769
45.6573948457273
55.3227665108131
52.1234445920354
49.500547205961
49.7317551888486
53.4047579702428
53.6328165812207
47.5277173785016
51.6216721163403
47.8678040380329
50.9785075379795
61.2141342736005
58.6304479034137
53.3592074690463
51.1532034707435
47.2144678449064
55.6229177295182
45.6306900825199
50.5533060313675
47.7604486089834
47.6091937331136
49.7391281051925
50.4245171251421
55.2328611208211
57.8960735880589
51.8862470484333
46.0640551120628
49.3468889984427
43.488864707382
47.9662548941207
49.3519475464958
51.9557709244738
54.0758374925647
48.3599452442796
48.1851975135467
52.1726225660858
53.4781589393745
46.9482173367996
49.7982036423949
54.4244771578184
54.4614856947105
52.5611215951459
47.0791399104788
47.2417393490894
42.9141224810343
57.2560904432902
49.1136002049417
46.0288637993147
54.0964892644497
52.3852677417262
54.180494891769
47.7441554592376
47.0678982305835
55.0457743142015
43.4764275560231
48.2502542485299
48.33609235987
49.1538870448996
48.1763631302573
50.2321522098355
47.9557170578229
49.9217633989024
53.6544670226093
54.5775343535016
50.6070666891534
55.6228552299131
46.84992230477
55.1265903063749
50.468194403769
47.1921345075547
54.5338056790653
48.5662215193246
51.1164058724087
46.6945459552808
51.4603291943617
50.2429360464637
60.9103736659888
48.5140592557155
47.6164819924852
49.9887769434204
49.6782342767737
60.2156765506456
47.8825778085441
53.9185056231489
47.6784112501217
48.4205131042433
44.857351419226
45.7115113353275
45.9266651681653
52.9441693182857
61.5466931534368
46.7656325073775
47.4603263660811
53.2693817337721
50.7461957579713
46.1519595895264
47.6283296263162
47.1590412286504
51.0753055889707
47.0688683822569
51.7317109525974
53.9990583767724
47.8572134767012
50.7867103048186
49.622552270453
53.36831370517
45.9629945101264
54.5249223836355
54.2491444734077
48.1321196519611
56.880640853856
51.4201413199508
49.0586251872162
51.0652085881613
46.360059142528
53.3800440467523
47.4142646322429
48.2574588643074
60.7691767346704
47.4815996837631
45.3891136344528
47.3132877540132
56.9494642237106
52.341075557442
53.6166965058976
55.2105985984374
46.8600750287218
50.414966451631
48.9641067653077
51.115576733975
54.7056755245642
50.3761031140743
55.1013274871844
50.5690312769369
53.8283184670262
53.4249246801651
46.4701687190634
52.7319103009122
54.0145571566639
41.6739389350377
50.0299931803021
46.9547170439742
47.6045493450458
57.7715515603814
52.1107454220954
54.6908936548586
56.2168853312769
53.5427981646315
50.0178251308591
50.8641723062673
47.8756909738676
49.4706791387585
52.3029992779632
47.8453705156854
57.372251173226
58.3824131168482
49.3733763075162
46.9833183695903
48.3407930788263
56.84269548465
67.975469980356
51.6633003605245
47.7897272945904
49.5928620303002
48.6292484289254
44.8698058535567
53.7334941967779
43.4697119328776
51.2391221812996
48.0043984448835
47.0436745826627
54.27577912132
47.2274858303226
46.3347749692382
47.4355275148786
46.592873352684
51.8149448776933
50.412356132134
48.6530594515838
59.5921025931815
50.966091482648
52.9400238753922
51.420411171465
53.8965499341379
57.6353622877384
51.7707088846477
50.291141510429
58.0726761632324
51.956871198912
48.0478072279405
52.6722779439306
55.3576785316121
47.75556909273
47.4686506815069
46.8746606569494
49.6512655028103
54.3452153248699
48.4721187859309
54.9188940148916
51.170696174389
51.2683190968217
51.8748793247254
44.47122390621
46.4788847581004
55.2866340038732
48.0434842795241
55.1147359285191
48.1682606808447
50.5000939834448
46.1049404367288
49.3198003655559
48.7588034417325
48.513161080634
52.600265782386
53.2058743704081
50.074484558768
47.2594311035591
53.8293784036344
49.5461726115128
51.4274558384402
45.6141792769831
46.8916543187462
49.7974246373628
53.610695763257
52.2614252269012
47.9851659081972
50.2146728427855
50.6196542852885
47.9132185784644
51.2612982525641
48.9873100201148
55.0545585507072
52.3680530248139
46.7217065472689
49.4201194266846
48.0221590559885
47.0913871113273
50.5482768894946
46.5985224540163
49.4927289114165
50.6807630894956
46.9251086993268
52.1448626824734
50.4375416900742
64.4603906172218
58.3420783933793
52.3956702788064
51.968454469363
46.9799842470075
62.700337146846
49.0987868564942
54.8895826702528
54.8024522642916
51.7589888497075
50.2854188017637
45.4040913426879
56.5851651189655
46.527064140979
51.7503088035611
52.3395263482751
48.0313090420803
48.9400934036468
48.1455518434893
54.2222889403053
48.9968747217731
54.3567301737566
53.3941797178748
45.9300733450037
46.6670062906152
48.8056502194702
51.2752903197205
