0.760753040272104
0.994738677734497
1.69276796301094
0.65733672295264
0.680483210577
0.568463676733487
0.541146359646065
0.760171047854012
0.890625969280021
0.4429610427729
0.299655730702594
1.01826334632281
0.843704805042767
0.522169649340751
0.518206771025978
0.803907403919163
0.352576172132592
0.315762752316648
0.729537387071884
1.07686004164981
0.657440753809435
0.45796034313208
0.620808834202143
1.98496752698733
0.982890170833998
0.699383344644602
0.578827138963292
0.961190267856527
0.600163422265281
0.581919716371553
0.840963001904788
0.861430915248697
0.777480345464653
0.353452673629489
0.57013207156676
0.387265737185934
0.624566308456834
0.673633409558537
0.792974372453244
0.411339845417765
1.12206633360983
0.650898953667607
0.989247631039393
0.614987926006354
0.366761826176135
0.589713389769059
0.78195347735596
1.09730208392374
0.877835070828749
1.70147113792467
0.375917475850307
0.774566550904605
1.07818011217844
0.443832247479748
0.362425209886798
0.449346249751536
0.577515653671006
1.25780417777209
0.547492666923545
1.26097823236816
0.366852933842554
0.596388809081607
0.581143781944255
0.514461693531852
0.935110495082292
1.12107783792756
0.661984289196084
1.39355968359743
0.508553915471428
0.481419596135543
0.443542081178177
0.783670873253886
0.562030248477454
0.542726461922417
1.14610109039822
0.626946517789481
0.525894546907165
0.846902360605138
0.933614506669261
0.411496121632351
0.518397785336837
0.850084231285749
0.792535181115739
1.0873586053599
0.793192404359796
0.524999644332506
1.18258130203403
0.911073936209276
0.810703635978937
0.506401085400416
1.06329137395986
0.470050311566005
1.149874575819
0.756883292020797
0.503420105431264
0.411334234229624
0.914252389105719
0.897932607556986
1.0718463709382
0.475650004310517
0.675192213424032
0.262195997688403
0.607608360082911
0.456288305291427
0.429361737096423
0.608331725967783
0.779049479279393
0.7522980739037
0.963209689933599
0.920582387980525
0.731981584575919
0.472552156602365
0.81957223822875
0.401455296380605
0.622315032422504
1.19794127935163
0.757942614685783
0.471844752173758
0.629809281470074
1.56188084689625
0.950155290028558
1.41738275849498
0.91042613001187
0.582858341777357
0.829389139668722
0.633480224309454
0.424973709268012
0.86163355856107
0.612183934470904
0.772884065729395
0.82444851620847
0.838446372548551
0.593894528319036
0.594349217224506
0.713033219336484
0.989984904253737
0.67042041100204
0.692977953736495
0.754300423190519
0.776773577351084
0.919536356603413
1.53423962882925
1.13916604560857
0.362868220860148
1.15349803493077
0.772154606518261
0.86575973270771
0.617222502016828
0.994660725001373
1.34251812183678
2.4344382238508
2.69998108250069
0.724421605371272
0.372315231463882
1.19908226366675
2.01652570364097
0.726011009829911
0.407762651954184
0.380726084073717
0.686904224219167
0.451219083704106
0.527214424889815
1.11882757266315
0.817752505487588
0.534260152397501
0.875950364562184
0.618031847924237
0.226297051882123
1.04452841062917
1.0731582418041
0.481591938265434
0.736533395900689
0.577432401133238
0.705836078705234
1.34624172650569
0.437253709425875
0.850435149293263
0.876265483564326
0.874980835264841
0.4099489125302
0.452486632340434
0.4295891938981
0.65659195952073
1.10976061118133
0.438214687475349
0.451166263661909
1.83325905820134
0.67343993962127
0.797501828644761
0.897310088679014
0.775326041764137
0.925449364198953
1.0281047132184
0.857146797567574
0.896861683792126
0.929234390483508
0.604649661410696
1.08157607694601
2.13606941880489
0.517647497071977
0.609123842169394
0.624571877763491
0.521594487411919
0.535998235964139
0.438454266527989
0.616111181745509
0.869100612062927
1.67546219464132
0.373490372110986
0.489794484399553
0.429561341756859
0.503499096279293
0.867469983159348
0.589836205329845
0.416504269152199
1.17964035802614
1.36126463392001
0.937713928279091
1.20658920207522
0.478331578636867
1.12588885451144
1.33562026966854
0.17311864386409
0.622982485331306
0.878192805136906
0.580119480993879
0.673377621811185
0.984558568586988
0.456631193944942
0.535086816490081
0.75909537284366
0.518131944032508
0.903383042849716
1.15211074109314
1.19735421461021
0.600828993049112
0.463077124579681
0.73323714761034
0.455276484837844
0.293585570299479
1.02739661565172
0.431611032732216
0.834326699498837
0.604192866677401
0.857494198187231
0.632039070963536
0.796816113435513
0.972122021237258
0.558047382240423
0.675672803588802
1.24499228757226
0.96655259936184
0.795330220083003
1.01158760461644
0.857601968287957
2.27965124022303
1.24659671920159
0.514138881337449
0.549364776457309
0.675875085704703
0.644245506532932
0.811183750378787
0.944146699239337
0.847879813699676
1.21735267653674
1.26716037580095
0.621184666499488
0.931789492951049
0.352700432013501
0.368965917152617
0.935351874910323
0.458548965584109
0.551452125310058
1.05686615689595
0.510845331623956
0.615593191630833
0.400020916342589
0.703655762628119
0.604615878442018
0.648593140590105
0.906648573476579
0.291073994820881
0.907019090888345
0.666353343370351
0.821287864658875
0.841821366384631
0.500994316348684
0.859602532637229
0.917652152416189
0.839485151339919
0.903852607094991
0.5217869206139
0.632937496214205
0.536342722324487
0.456454079639512
0.955469840020786
0.619678501493967
1.16098095781784
0.658484945669873
0.628514546175434
0.631964373260059
0.555315478617516
0.983186139776623
0.616672321685966
0.370687148379392
0.900281177963693
0.535889237975699
1.22758384128456
1.46694994092035
0.414321621390067
0.915585064042186
0.393822608630075
0.812198766909645
0.713888172840014
0.361428987281922
0.684051989357435
0.405987119473122
0.592010843651398
1.39966051050202
1.24553365441971
0.598505435782576
1.76930231104932
1.24113664871337
0.56536398368806
1.07856522180067
0.415249199443205
0.727641755837073
0.748951808991823
0.948369435643683
1.16365786450023
0.498948763931676
0.563493618787906
0.475940673573406
0.688957042163721
0.374026398629018
0.774486859378217
0.578388632824976
0.908556615153103
1.28755945437521
0.67521976916845
0.582159128844162
0.674319218595279
0.372789875190501
0.66292732129924
0.913406100336721
1.6535755745644
0.47510024032145
0.899260251624223
1.17607668718318
0.829522984588472
0.897467446971787
0.804673430150643
0.387407775833252
0.934935968213112
0.741821823824428
0.761924025807239
0.485545456073483
0.480436142068393
0.854772670927441
1.23615430934729
0.460636724758391
0.696342309475588
1.08014539301912
0.503697801643554
0.509263277305383
0.645408937504394
0.654526695085696
0.370622361504572
1.59591999386186
0.513298055187789
0.463732209710911
0.644544608907117
0.382644852377112
0.72120916399856
1.69954655764645
1.36969671658636
0.257849546815234
0.828288283910465
0.747168187171871
0.703985331026774
0.687213545904466
0.54667157890581
0.526623747947806
0.624687805638496
0.298101790906133
0.461874657349041
1.3348591768894
0.46731557854932
0.47783111651226
0.460095658482378
1.09220340928497
0.615267002127035
0.913256938463143
0.757174105693206
0.299656764882889
0.706905098028957
3.31601034778397
2.06115965286367
0.459627441572269
1.00528067494937
0.410835084650718
0.516825216946763
0.398815586800656
0.468640728571825
0.645536635429705
0.627989703603008
1.15607966949402
0.774261104312278
0.650734621368549
0.602522024433643
0.502482807502599
1.09933956661252
0.750086956051158
1.42946185713265
0.608814054714081
0.894227209384651
0.671072763437311
0.634724688594193
0.427695710024958
2.01190217961147
0.605395510092138
0.237305924743148
1.39066041139893
0.458667414810573
0.275888029531716
0.951037922164298
0.513419799187319
1.59296215201995
0.441039614790585
1.07178955355618
0.855703694529156
0.810702320981056
0.398261295071375
1.57622503327467
0.524149390372318
0.820877484730535
0.481811393233781
0.437022926549691
0.602416624295311
0.985545145386712
0.228100453075519
0.546081519757808
0.473062847215205
0.733128819134007
0.711645074578048
0.554309313350623
0.458053878884667
0.592809197532137
1.79650466275535
1.60258194102065
0.375551678023213
1.02971525754844
0.696710550312524
0.481833203911376
0.929840350166285
0.845671215941572
0.557741017714926
0.719528965611445
0.359192999929845
0.789477466839736
0.71070637592472
0.620853533006389
1.10300210622502
0.527556199310991
0.556537874051925
0.355489863767857
1.44211997743564
0.415564622576048
0.420887651367136
0.568773729556648
1.5293784350629
0.801823845552687
0.530870328891539
0.576112713610668
0.423326137228644
0.782949822714912
0.735917422304886
0.591071992900174
0.35697009894421
0.550638332820276
0.357662422366196
0.391888681794999
0.632567129328112
0.356225499627413
0.60204501968705
0.649396665730736
0.515549166931683
0.545356170965865
1.07952250006558
0.693424265432292
0.734858896436677
0.502555677108119
0.679261299405144
1.04470702273678
0.353240251747392
0.737095993168024
1.09242931841998
0.287019566400018
0.581899363015657
0.908176444843022
0.684554634965065
1.30339390908013
0.798307297551678
0.413688935674214
0.291545565436142
0.629236890863086
0.507289582398049
0.704884090367571
0.517780303045667
0.491748275253464
0.862382038014087
0.821502813600482
1.19113974135293
0.407529884615295
0.571416952038761
0.457539121409494
0.698182036175089
0.657723013406279
0.278625366723479
0.736353247679154
0.600505275204758
0.799265709533264
1.7177376439991
2.06550392037961
0.534964334242923
0.347426053487357
0.554003160111177
0.760562281124237
1.07715803406614
0.537147197641633
0.449382127492209
0.399193859170161
0.565448709018669
0.471478024736283
1.16340422970762
0.647871131776814
1.16742681757343
1.33208674009832
0.651567523565464
0.754722379481698
0.618095009591894
0.474218900921133
0.660926225479973
0.485399170325606
0.369765321954754
0.52419936132335
0.668192538864518
1.03143481930928
0.420301846462729
0.503400151930239
0.603587603396061
1.6994582374246
0.34557144297163
0.714470020275457
0.745855385208441
0.451039294022115
0.746903007874411
0.526072301030577
0.785366840445668
0.488714440940004
0.942567362175469
1.44766744968566
0.857733058472247
0.92227872322452
0.600765514754967
0.303521693709077
5.19497522084766
0.766505949696787
1.18754593626106
1.861733268246
0.724595166116309
0.650698698800198
0.407366872964756
0.811370703647609
4.00324842974197
0.482669010564122
0.653721825476223
0.489241725102495
0.669512315902576
0.885918376082661
1.02924201091886
0.980424769547606
1.09072934562883
0.372261637410896
0.767086387321211
0.880691839518529
0.736143365433773
0.666781731906639
0.7011267105765
2.03102330061363
0.423512596775674
0.413019717793618
0.57109812079282
0.265330445930672
0.555437392334268
1.13286883385085
1.8258359024647
0.826726802278737
0.882636873291986
0.641235398666304
0.605030067808112
0.367407414101076
0.788769266190895
0.743162182821226
1.63512918430869
0.496550018611852
1.03596609702352
2.93731161026675
0.509626206659133
0.85520350929403
0.51631232308557
0.7367942986389
0.5655044576961
0.943081982234953
0.486205606862611
0.497404031674253
2.34390321184661
0.857347015152112
1.0941545876907
0.862253911945037
1.13172776250272
0.817160692685322
3.23015607592879
0.681924596542012
0.696288078916281
0.908290689385144
0.529734891285862
0.217282427877081
0.994840324845448
0.407154858553336
0.778835887318592
0.836445089939216
0.449514675906272
0.558460168922887
0.673759588606418
0.864991069076299
0.484491781078911
0.458533762239503
0.377173372371182
0.57361926512861
0.465119399100195
0.666207603192239
0.468724553699075
0.620561702558738
0.635871698734801
0.468102576418333
0.579552082003008
0.957772009214765
0.647031174350257
0.518411301700979
1.71080355959492
1.04843983994106
1.2899472242432
0.570609122874842
0.803903866472304
0.419164449922314
0.259270395296103
1.42628087428271
0.358022750461742
0.518908346110085
0.75024784135937
0.425037301122959
1.00554538953996
0.49547961117571
0.612543607133871
0.479060981267097
0.651754801976318
0.738182828349383
0.51916832011825
0.567391420500373
0.752217033816922
0.568795005437
0.409104637117116
0.293195812315249
0.866012814640587
0.753686895968237
0.601008642344791
0.780664745777772
0.45864470290843
0.719058336019689
0.631057353971591
0.734940564481336
0.639803723761603
0.909678178199301
0.381325207201881
2.24075931075388
0.685576637196381
1.10194793562455
0.683723140729006
0.678613885745327
0.648352145877178
0.838162144893659
0.964641327182564
0.400408672332591
1.00644389820581
0.955188490260762
0.371617796932991
0.621454563865929
0.620889482823598
1.10926969084268
1.08661211757511
0.503568026054361
1.1450776657298
0.781846596045011
0.60482805288815
0.944613009015296
0.504587378135305
0.756122238805738
0.651766646817777
0.500369219713874
0.761946901515578
0.378624879937905
0.575228743316283
0.472138195019616
0.706631680402179
0.854783147275821
0.825912985885076
0.496691485526844
0.771217197115394
0.742821646176744
0.493503646768784
1.04654363516113
1.18558408393292
1.03318154418493
0.713382036815864
0.901965032395374
0.538559678245641
0.549416720044624
0.950654860718185
0.54366989116935
0.513955989188328
0.346175238038487
1.10650237188162
0.761011185791269
0.41221346657002
0.650868205766597
0.391937529627085
1.07593567455446
0.678008249764434
0.623497073262778
0.672632161851511
0.249944944184674
0.933276733258114
0.747357933827643
0.642135515283437
2.36171255964319
1.35816061930804
0.926685718890151
0.91355413113162
0.912461103798913
0.624048220082834
0.549366385290589
0.539133761879084
0.682260199737214
0.412021797812818
0.430838598674187
1.36143451556713
1.19667723175494
0.576810404073297
0.635243229523075
0.510968085077266
0.637053020022705
0.758470722559416
0.957193587355853
0.795407892901251
0.405956162651762
0.393538747848248
0.661981857020929
2.07434617302227
1.06969998917938
1.55253982469449
0.779269645614346
0.65985189117081
0.694208721209836
0.428550405685356
0.588970575594288
0.574849835447794
0.4815687376293
0.420807316098649
0.558321412144511
0.31401800898811
0.616796357395179
2.1833912010028
0.5525505171445
0.480201617702626
0.45240436156628
1.4176043546934
0.843255069942368
0.942326360683186
0.718397803417929
0.930679532440834
0.529957342985818
1.6821907710821
0.671881078424533
1.27795556404967
0.869034483541253
1.27240108208431
0.220384134231292
0.775512214314977
0.935826423404378
1.18731292785709
1.18661685811638
0.521243113462854
0.983487786478146
0.75723798754111
1.18455091743803
0.384929697029407
0.562288041809614
0.391819202398111
0.637990321367467
1.02526001464446
0.333116976216712
0.806088037971835
0.634799121903497
1.37450918389814
1.09253081486955
0.679463709478105
1.24155606540362
0.955821307152264
1.67698466986578
1.0572182253371
1.67361066098492
0.49451955191736
0.610998827952871
2.31630312095296
0.598798982285438
0.512103520283704
0.614199886999382
0.366135263681089
0.703956451268258
0.293037086944171
0.953393831839305
0.824960058279055
0.713347861795878
0.550784833990087
0.973771478188183
0.58122993782214
1.0606388181535
0.496742658498338
0.930666785752908
0.631882210234153
1.18645183561261
0.525364523644388
0.676347995058266
0.765131497016847
0.484385723854755
1.25249611407741
1.3326560203556
0.728376283116768
0.731646391763648
0.613830698304291
1.58153409557088
0.577516107191357
0.438953810669032
0.566258882837326
1.18817554751268
0.252677336139582
0.747205836898417
0.907225526444853
0.587069535681521
0.814343918890119
0.736620382906215
1.32713049869336
1.12375962082689
0.374184329308798
0.419734571756256
0.389091144924183
0.56516071177347
1.01708172819671
0.569331330379707
0.486962534505996
0.379004551895269
0.534381780913697
0.810558815449575
0.501023042594554
0.539283742560678
0.480208725473951
0.818436966208546
1.3361082031965
0.540822455949902
0.602377390170826
0.685010381117071
1.32011027777537
0.952515272687497
0.311602718176225
0.760546045674112
1.12359670404912
1.68888727318738
1.06098359382836
1.00624096175873
0.714152785424157
1.05653377550631
0.416175279295105
0.776937355572735
1.01717308844053
0.874187856842959
0.413409371663229
0.438776181778555
0.654727167674666
0.423184538142976
0.602647721639562
0.82875785956816
0.333767565306256
0.383019953964401
0.683227110135499
1.02889153097319
0.39861684572234
0.330166891624961
0.61639814019056
0.904317998589981
0.786348906545608
0.493254086109044
0.4517888430734
0.605078286729531
0.723351999647881
1.87063510084409
0.265926609999208
1.14522499955719
0.55307805936159
0.749077511599055
1.54548034613624
0.772131456992367
1.02396343232836
0.711084206351105
0.532229172143566
0.736339920529506
0.230886063147059
0.930956945536075
0.650469647287483
0.689612459785852
0.961424950115476
0.878946776617172
0.502294131498119
0.591038236385458
1.00704404063701
0.338890811300181
0.639409901201477
0.410788209294686
0.602770939198962
0.537530461018486
0.30411493049467
0.433178466189767
0.292788487940413
0.547865203173363
0.369022212412963
0.812494813423455
0.417373711505393
0.793370239994162
0.492595111765561
0.749249195629388
0.367257526649862
0.732125491020294
0.571959201958356
0.659855170243926
1.17090881710559
1.57003730095023
0.777089145175458
0.479118698270038
0.598675372688197
2.09782409560846
0.899083390673984
1.37123455230756
1.15125868032985
1.02762016377278
0.477067114805059
0.278280681778724
0.816075985678829
1.09548213572798
1.57416939112255
1.45772516389878
0.405666391210439
0.271118934235715
0.506377301353316
1.05138744748745
0.461208223569433
0.599460502744947
0.449442492131755
0.696517194266725
1.32441138042761
0.569999129684813
0.279190423090604
0.862608742421631
0.468264108431919
0.480195373400358
0.502101274777926
1.0205188699974
0.31853839307952
0.944652357873943
1.00726958386402
1.40852221029111
0.617273715531832
0.775737674357212
0.967188057223413
1.08384997971946
0.351277844692502
1.28636856628614
0.634555164194247
0.693365855405542
0.924135784165456
0.762044414078435
0.60040981548229
0.466031404471799
0.883434055682453
0.829700930730031
0.402073812247331
0.925185112322521
0.400278550321824
1.32141952254096
2.22212634449749
1.34169465562793
0.681267249898466
0.298530206066262
0.580173435763822
1.98369325827118
1.48775608764548
0.725989819516073
1.62556075621638
1.12311713026032
1.23049733091616
2.02218438037706
1.9917548659987
2.15979411537599
0.470961137392691
0.972520966859731
0.638188332560695
1.15632716206541
0.95422271961923
0.770537482119929
0.468247517374557
0.577754919471935
0.751532289916914
0.226172230608348
0.614986626941761
0.380896522756441
0.427812407053361
2.45228840981381
1.91808773874847
4.60119171324849
1.03527319853163
0.992420522607464
0.745400769527972
0.807859290641057
0.627732808154731
1.65306522531784
0.503989136649601
0.61372105883647
0.595602392567236
1.15973266871517
0.781325229164623
1.43547182850515
0.978972605446986
0.743260516014854
0.575586905983678
0.319722934405292
1.08650137881212
1.58115783791472
0.973763842390434
0.631349728379996
0.948200557268489
0.52201665986027
0.658155408387077
1.50163123143182
0.504664796925823
0.489886102667067
0.399884013804737
0.531524860488326
0.541421055684613
0.652495932677642
1.24423239987069
0.656533614139674
0.984640188846378
0.604366062383653
0.398334596722615
0.657200840832657
0.438485578785985
0.569211694638967
0.348288080587909
0.537140946364216
0.972977168377453
0.35414664700561
1.2649453348228
1.66411995215225
0.857982086227186
0.853318683708862
0.559539572085462
0.932177127148967
0.728996333198398
0.390146990240537
0.929250446806362
0.872473804782451
0.982970957923237
0.55441922129217
1.19387179549164
0.493232415976372
0.246870207144724
0.417153122065523
0.319549752688721
0.738705719376965
0.479802458258971
0.747199996093569
0.470272237305686
0.680765143998172
0.787641995829058
0.323080066515681
0.545540878037494
0.582236750405515
0.725295506093869
1.62553255057735
1.24223793223235
0.656410724061031
0.573655542320625
0.697984241119569
0.921387173575089
0.967389199436892
0.435215344421592
0.209294885064124
0.76695243312298
0.623839219965312
0.614032830372852
0.66449168551057
1.10566822931433
1.01971694616927
0.576748653802145
0.401648758929019
0.561297358215298
1.09099868075048
0.495853409163474
0.423367190040694
0.528721054844106
0.561692687925562
0.450175113978907
0.884306001429896
1.36248621021111
0.756625169458844
0.420544817445408
0.870021661836494
0.451973378455332
0.521201245692428
0.805282752240801
0.787705351600588
0.286347878592868
0.504102428135148
0.701709993195932
0.439028872231002
0.488205514630496
0.872507826810754
0.426540977505311
0.579493853835892
1.60087839515977
0.434655437953943
0.954468790174406
0.56823221611707
0.766536594846087
0.717867840041697
0.667030664348803
0.833348850667738
0.402879046923973
2.22715184606
0.576571817808496
1.03826896091468
0.296712333447091
0.664766591201455
0.291141888329167
0.647968164951985
0.43570975008247
1.08430059813562
0.826285038815003
0.360497077492857
0.57150638950664
1.14694259254556
1.42391450735558
0.186550508750009
0.578729830528048
0.418820920524481
0.621041703530484
1.15669811513033
1.3819141151567
0.517344645660334
0.858756630932774
0.519088093102696
1.56909186738141
0.455872130828327
0.782439808698781
0.937452383826485
0.655996406987716
0.896398937997511
1.34850020227617
0.73604001522327
1.26054797563459
0.837181435778113
1.19298755306939
0.406605123530247
1.54650836142626
0.852208698695099
1.05843001499553
1.01253538893901
0.668356524139392
0.630686258082864
0.499929863028396
1.07361460146315
0.766479456970902
0.402888459494934
1.39515812962981
0.830768294407962
0.314383419343759
0.890746996962545
0.41521457783945
0.834016148068255
0.651921636546701
1.64705859825832
1.32941763917916
0.714929921629619
0.543154734880868
1.01832585552864
0.545832946220633
1.01122932421959
1.41586316335373
0.335840689027448
0.543168195544197
0.580256046405562
0.663569952723665
1.00687292784644
1.12806746310164
0.184784445312322
0.388965382150144
0.347879440650504
0.38391936400688
0.566849523941734
0.779079448298522
0.320446240686378
0.64643620747186
1.24102647108097
0.530121186303233
1.05886190381204
0.508609410675205
0.28599397736035
1.17134715187662
0.594201771848009
0.65782675987045
0.793465247897863
0.719453735617313
0.803017197395251
0.598959350802774
0.770598858787723
0.621065863764028
0.448170959925574
1.34213697551026
0.422970436649907
0.698621336017615
1.76024598705835
0.620678149061659
0.642988036949721
1.61602734107557
0.548721188978948
1.39244687226647
0.423389370455484
0.723212897745871
0.773656411320982
1.95141422010862
1.06162399688236
0.754225189231405
0.406167586627846
0.447513071196288
0.9347712942499
0.455441588521907
0.829613362961472
0.555901414480871
0.5370833501849
0.343602697207111
0.522950748331014
0.731046174176354
0.820317305487641
0.388885321050633
0.620394622601784
0.78289663124889
0.593352997743092
0.430398223245462
0.403102919171957
0.544492380638897
0.969606775955359
0.51696241245194
0.338792561578304
0.403262691879832
0.748803652451121
1.44250195754231
0.314477104369461
0.326774574712318
0.767560866561481
0.422764361466073
0.559123213502134
0.889541362832108
0.415942425195275
1.28357072876228
0.507221461955739
1.05781234755907
0.660923441437379
0.543986679363602
1.37261423253712
1.96790704639073
1.3032722612433
0.589783315307784
0.657942127399513
0.755567329013278
0.313905921191759
1.06146848471164
0.819114788438391
0.410097290871399
0.309474935002577
0.875806700344272
0.670620714782297
1.35065930580112
1.1546443958173
1.20630415373988
0.687226113843323
0.396705503805845
0.801722394856444
0.807328957776925
0.92963607769354
0.395039636918727
0.381830035209439
0.719326463120759
1.22341254862392
0.537923264852694
0.489068440214571
0.974869355419849
0.487670930008743
0.626935509848935
0.906932850469973
0.828026030253907
0.638476436974554
0.338935610912098
0.489715143068391
0.771417242673045
0.469257986762923
1.39265446175459
0.481951857049007
0.837913193746514
0.864571810319321
0.60387013614238
0.714791453817801
0.734929849295162
0.881438345244726
0.8349481125712
0.419406111069013
0.619038139052667
0.342960250174028
0.674039027356757
1.52328591551997
0.773345441840289
0.756413772821983
0.973943677901287
0.389395252372344
1.05715034639733
0.765946071279921
1.10033097110581
0.670631124770718
0.485192210020621
2.07284307435428
0.596387942245274
0.693975340338764
0.972050624457136
1.29754075436688
1.34417687803148
1.26697412099067
1.40119172483062
0.682937465103007
0.748034584424757
0.838950841057616
1.03580817699361
1.00085663905313
1.40474106126704
0.457095487338691
0.36469824067444
0.687498439663983
0.475189222903471
0.53533460073052
0.296109814395346
0.377270493591869
1.36516123126079
0.356219352117224
0.605448804588229
0.534984001116297
1.04846759350426
0.511451664591394
1.43899517732253
0.71376520079377
0.725673173370196
0.57316440951944
0.390928675143995
0.901236763659364
0.766711634464426
0.505135012232634
0.8005988392309
0.763334026707401
0.456820082386788
0.610006984160831
0.761950599516136
0.24189145575811
0.800530076411996
0.293208227897149
0.692283040970783
1.306231081867
0.943901234332653
1.06583544260719
1.84583561074208
0.464620306009228
1.2585406997004
0.835835308102452
0.414670052370301
0.615401750724093
0.579691617807739
0.621160938853709
0.533608049652068
0.419168449410978
0.56371957431871
0.230980318331311
0.730894439953142
1.15379734100505
0.443033370864968
0.92312725115437
0.298065855770782
0.441362902367156
0.53975816964941
0.542743881149353
0.511686858010318
0.803332265899812
0.601558446552287
0.645163702538639
0.777136755377236
0.763022979833368
0.766948477509155
0.575470124572411
0.500337922524362
0.602881093817471
1.13770706624067
0.500424688391768
0.494043583605058
0.684775892266602
0.57966229424277
0.343675471646607
0.321413528245048
0.447022014542498
0.818713859473431
0.270966646742535
0.501969359113517
1.26806582430619
0.798064298168277
1.06085117376457
0.759000363596666
0.759036856043215
0.517088060767553
0.910488787993519
0.463397588138438
0.734887395282761
0.775853918372915
0.676797322053083
0.487030385897594
0.730893555233427
1.18375815617179
0.473902982728888
0.471067866891656
0.425296306390883
0.646979503806002
0.627961743666681
0.316502854227662
0.21000514728555
0.802540993481191
0.581600123450591
0.823742640962806
0.353288909729538
0.744585040723841
0.86982216668529
0.615676594001716
0.711211639028453
0.912664998666964
0.696536957630261
0.959770967136924
0.860069074745883
0.539970701812484
0.275659150273214
0.44429655752005
0.75635588560597
0.516814058043114
0.374146929498156
0.879819990951185
0.990816627537629
0.991079294345168
1.25261149988156
1.12065003793423
0.329270321301842
0.887616650198233
1.30419750237789
1.8387937809334
0.827426146237521
0.415424283148239
0.432325500863729
0.670361154667849
0.977315375905656
0.565831474728477
0.492872449774857
0.806820512940586
0.551317652250968
0.617549506146346
0.587083689117647
0.551966641332639
0.817452230043062
1.01840799795587
0.677093164983296
0.478494710055092
0.423200608163945
0.998826667379143
0.462816456892343
0.747443884050371
0.86723429827629
0.581577365636687
0.852428432230042
1.41354244917583
0.41998584336807
0.387980273000245
1.09581367769071
0.871265650726031
0.409840263403118
0.600054869109965
0.745387622547216
0.731595062848863
0.667997435868765
0.497844069869531
0.888434663414669
0.328008009984332
0.4136356842571
1.12998148838669
1.06693578237218
0.88678379244155
0.317818271962967
0.83509429819836
1.11626486973199
0.375174613857803
0.981540838140476
0.790871087102554
0.740066170723357
0.66619220090226
0.439061294759677
0.482558873530403
0.46311586692334
0.453607373141021
0.196037739879422
0.488613715682702
0.769315864515854
0.715734185752747
0.727979003210309
0.643282557750535
0.548707755304536
0.319273390792728
0.715219709759159
0.609048826384574
0.596206795617076
1.01088946968299
0.462861545301609
0.621796561807054
0.374397798356128
0.462054494092568
1.19292519418645
0.606303886568093
0.480121593732688
0.806137586980312
1.57125965964098
0.396942052814102
0.835146203581304
0.816497537485669
1.92507066854214
1.08429991459146
1.66263620362597
0.541758440649093
0.800811284145186
0.380129866836608
0.41567402764946
1.15053924538312
0.248240468838175
0.385010797745864
0.725844919713293
0.820040273580215
1.12735286135866
0.570933633523944
0.502967580455188
1.53203504910928
1.01716507489916
1.11313048578435
1.18720689014762
0.535974997207474
0.623287893399347
0.741703844127045
0.693854410765478
0.657171563322489
0.576226319186655
0.609866637747894
0.560818665557335
0.819817591867612
1.003813698511
0.354634477711275
0.561232094550184
0.704572089973721
0.605464112527559
0.704300759859179
1.35890759208151
0.840998568408016
0.110926503543989
0.545750636242411
0.502581131840737
0.629844013942341
1.54146327295826
0.719323353728941
1.23122509845357
0.536340754017839
0.424995940357698
1.5280467591815
1.29756855309381
0.876386819129962
0.419845476688499
0.621169777642668
0.783988653206881
0.877526523590533
0.688802913823775
0.353657021401488
0.586847458343923
0.429601933011463
0.228220354521007
0.364770030580013
0.613334440915086
0.625754999945567
0.425652457693632
0.485266348108992
0.911407090226207
0.535687199755433
0.526199699376277
0.837940297376126
0.543878081624595
0.60585336274616
0.878783336311131
0.934135737358231
0.4912874578134
0.442858133196785
0.447753652471962
0.733298670488544
0.910140225356065
0.655621526209054
0.395479524335724
0.780919520568166
0.802175792452235
0.716141370265981
0.570521113758838
0.390933219478467
0.930141329800791
0.564239215960481
0.757195596389312
0.679586868072571
0.7511807371965
0.510216409973548
1.39677266360131
0.677010218195613
0.349859792770062
0.892145246153022
1.19416114543762
0.533800098832422
1.43991657716607
1.2231347319625
1.10855470487226
0.738002587137445
1.52747991685458
0.689558013551355
0.690194136203466
0.673124178439955
1.85207876047128
1.17500204983736
2.16636945132492
0.751439416053387
0.720100269607531
0.475450411360502
0.595999422427612
0.48761916059376
1.23822199139453
0.745003121172062
0.540597737222977
0.896963219438988
0.488514171227288
0.727708808001764
0.577104535797188
1.000880627051
1.07154863876506
1.27776727507864
0.56252549403525
0.585379839003904
0.500679353647074
1.34334400787474
0.630951826861202
0.737013061417976
0.57981700977687
0.601088129935192
2.3623547577604
1.26484474550449
1.13487310750309
0.578227082228519
0.412915424284651
2.25406842458894
0.831956639619663
0.680728864674151
0.412252126005602
0.528264047352212
0.715340942874603
0.86405701185639
0.44696804700762
0.31504485133815
1.25118469570164
0.484461472253976
0.842610742506935
0.409130115840076
2.16900084830406
0.762929198492209
0.706897344498188
0.60073553821318
0.905163365631043
0.527755472231649
0.681701851524021
1.21452188007084
0.367246418939094
0.493542287990703
0.926601247957488
0.56294475985936
0.898507629213409
1.07139666846986
0.205583105520277
0.507853717215311
0.498544276980984
0.669982200897485
0.745082574044715
0.429576402038697
0.829172250349318
0.5306882049454
0.915005238385645
0.751859480669953
0.567014621090643
1.67814149194736
0.487878991972388
0.438460177566821
1.00202487406489
0.911410354993705
1.58291387290927
0.666208336126784
0.666203086321509
0.415335572894575
0.778661086494016
0.920717433470316
2.05356917263232
0.849233498708682
1.32810087243288
0.907989028960983
0.590064174648733
0.707029794671709
0.45498697930728
0.750551234442902
0.669960273557332
1.11344793734863
0.349424731386047
0.615991099259658
0.762637579214932
0.524733863788885
1.24407576373833
0.556646822274359
0.445153541834687
0.553832668753472
0.620554636391998
0.720246480159051
0.278240093799372
0.638404474940914
0.83006006023472
0.485041767211043
0.554029832228494
0.488043896050521
0.602088375171615
0.711336235100186
0.648179979843967
0.344885460555784
0.630837740747315
1.07146369989289
0.535623207750394
0.393035017783633
0.465778762274673
1.14398276757001
0.857669318344979
0.533755293104383
0.680936016684903
0.507555078773808
0.32633023378723
0.77933918773779
0.468005039979406
0.353066234609024
0.64512090863712
0.295193427041943
0.640109204601354
0.383749889398643
0.529444492574805
1.02540572157049
0.395011203890539
0.528686020731862
0.816180351930004
0.618302187875693
0.79727287915563
0.667092097249954
0.49066857616718
0.676169866494775
0.406944281938336
0.770303053789174
0.505330441631976
1.13440173651957
0.53012523834258
0.457120878932167
0.711395481273565
0.655310944158596
1.01876438897804
0.836346743215652
0.540736537296445
0.254917786171205
0.667631752293539
1.40699594614559
0.596488630124643
0.714107211965997
1.06963509023921
1.28168555302115
0.345504744930886
0.63585918344375
1.11279967463726
0.522182286329627
0.696799932983898
0.460416399049032
0.658176508017285
0.282780386429217
1.01007651597227
0.649402592926816
0.75059228485617
0.449569412869534
0.447057069242925
0.752466265986564
0.604450785386247
0.605891747439124
0.809169599336533
1.31989462632533
1.35838200109596
1.24696264931651
0.940485313179745
0.897576057776617
0.367523508754096
0.405881554937157
0.749735519326004
0.463244982912223
0.419597272097925
0.975240874606694
1.96244719821169
0.72646991717584
2.21151533831284
1.10725047764731
0.501034824283512
0.404788191326601
0.406485248386204
1.26158656062351
0.303726502761468
0.94523679790926
0.710314000184896
0.866996137769782
0.298380587956676
0.902044070259541
0.708192337553757
0.467561128684931
0.787945278376031
0.476616954306539
0.630504693558435
1.15888583305114
0.97784332527705
1.03155597527416
0.417643025659218
0.853688811926967
1.12375078299874
0.433431690612577
0.541004986962643
0.811014214204506
0.83158368312407
1.47046675888676
0.533446417623596
0.880974642817524
0.36821551867566
0.840734698703304
0.61026535413187
0.29514475050752
0.898717986612821
0.506439801582064
0.960613845118803
0.292465740634641
0.760943576281173
0.646948180321337
0.667591443070946
0.226879313427201
0.488195549116439
1.16391498743061
0.480012961752031
0.432542489705618
1.29209329812325
1.08692809278349
0.775240707588412
0.789983064843434
0.730823069197611
1.2412147420767
1.98274099168615
0.606221051053426
0.860019869177425
0.557750081833769
0.499545513326306
0.785414970884077
0.603789234081581
0.71224834889522
0.672988245098219
0.882295506391981
0.451873451579195
1.03183294284924
0.291898318959185
0.819699248420757
0.734864626143562
1.03978409073583
0.659170017480521
0.408951008107595
0.347173047242113
1.43090671853951
0.623642782664176
0.599804413457996
0.355423307828203
0.838223004976085
1.03185096960212
0.631780326041355
1.235634392899
0.663283942441603
0.373133218098522
0.468842215390178
0.700849253409743
0.725889211134048
0.493896658968141
0.64141911150448
0.855502207269055
1.01546447366398
0.461176199249527
0.80746972697101
1.35974523048165
0.602303467285222
0.542766095123796
0.351865724172368
0.924862686129784
0.506704950445719
0.172258806445626
0.443404112799175
0.578740687181891
0.740300984390193
0.567521453904566
0.510506725750749
0.495169945366811
0.537927527344463
0.867330263838924
1.26289310992449
0.356044913628442
1.11979571482892
0.503152530653888
0.619307184233672
0.5335729079161
0.705496536343484
0.464538574982383
0.395985243306709
0.588391158243053
0.583922006342197
0.77686081268503
1.20982779853237
1.18922995417316
1.23232252092544
0.592012588271727
0.509798119103266
1.40072119209082
0.637663681549304
1.02911970541053
1.42532182336032
0.885869912660329
0.457691594044623
1.23044738898757
0.940729369042041
0.799365316309239
2.15824277999353
0.87290807060124
0.770971924035961
0.896213041786733
0.406586444421919
1.1389520020702
0.952246202564223
0.601012337316388
0.742527833293312
0.527161904786212
0.91970528124657
1.98493586192822
1.10343819386766
0.23881539271621
0.535999682855143
1.05567535965146
0.503682170904321
1.17983688064567
0.833976899867948
0.882573927303628
1.84360739540173
0.546036053327133
1.09295996357147
0.995560029425037
0.311699177192105
0.589444158532961
0.832571875445782
0.387014304409443
0.761297908298406
0.71204602247279
0.402201035516986
2.32021446423395
1.27308303997015
0.662272684749775
0.591899354702069
1.00725901345084
0.486902848077981
1.12754553635984
0.898719526177357
1.02683719425502
0.279016415828324
1.02814961007132
0.873887745859648
0.423897681688114
0.498059365127706
0.678104537792244
0.967169498619285
0.614644841243316
0.93502482074533
0.542845919745979
0.345235905705914
1.68056653375918
0.782894419601328
0.584816624651822
0.429417284199396
1.07274060329507
0.467211082902318
0.898431457500487
0.276722779950218
3.8951263519642
0.979999085109883
0.606967567184541
0.524082092433821
0.820932322284262
1.16122372397515
0.937177183571739
0.574288858241602
0.44705814705591
0.356329021874866
0.960603304874092
1.19265618279881
0.639234213279572
0.972548717052562
0.635057988553578
0.768018284357789
0.733907092222851
0.373740350034285
1.02911522337697
0.382852195669009
0.57630356747525
0.451558380805569
0.537943577678988
0.887374228220087
1.46146283229635
0.713284560912872
0.507287225219546
0.729498201773921
0.232844277318478
0.68099894851247
0.595315394959347
0.403507755139381
0.557284484190368
2.3186167268446
0.362310515271361
0.514439202361558
0.698094059960331
0.697682299265257
0.781969312411211
0.378268539796837
0.475344208719004
0.418249174970166
0.518429749953542
0.562456754921263
0.395149250286946
0.926117126701845
0.268514763722265
1.15802775697724
0.947441675763057
0.65292361055452
0.604018445041849
0.745504418181292
0.600539632583907
0.925160012624936
0.428483011456041
0.409681398394849
0.930684124083234
2.3049262785466
1.1255266176686
0.481124374811393
0.93397889681855
1.30639229779236
0.317446297964047
0.931700057883637
1.0820419373888
0.410276031446545
0.592242510313639
0.534072259257459
0.828163889963176
1.14823310226653
0.68587621655111
0.490323984828536
0.497562325469389
0.872893544172015
0.285504628825217
0.547282574642881
0.505203232790528
1.13588584955493
1.11618274690318
0.419659077862902
0.342084973099415
0.523751350189364
0.487443784041763
0.679873417827675
0.748001302001551
0.820174676494739
0.559063526991843
1.6781435338834
0.223370183654665
0.4248268490559
0.599785269840303
0.381719582869715
0.619942549295774
0.295184088314898
0.687869453495904
0.563562716654075
0.57180451880997
0.751587016161859
0.549048338161878
0.40653964727769
0.653919269743482
0.425759451712229
0.444417767467564
1.0295860642368
0.769641209010627
0.293300079160384
0.554262667028515
0.561989374496884
0.784420850910009
0.407359221743019
1.68943256775893
0.779890365702639
0.682898378334306
1.05932589294291
0.403456368022305
0.707800288556338
0.60895870789489
0.464455204545834
0.437644825144852
0.544218649120901
0.796035477403855
0.797221855823537
1.47909426216944
0.92986663932925
0.439562770908787
0.707075789890938
0.604789387516862
0.361287962879772
0.355926545565524
0.96356400837233
0.845009534106446
0.203517518434127
2.91438609440963
1.09300154372065
0.552936048084627
0.9774443663698
0.455166496899847
0.684293056358066
0.515436331750192
0.587191046581001
0.764292250309293
0.213766967024316
0.740663754615956
0.257389643357282
0.789566812536805
0.333831629900397
1.0974519114426
0.530448260661612
0.765821555484595
1.50702873297053
1.14391439668868
0.854999993211554
0.98938396513609
0.732686136023625
1.44514236403947
0.42173714980802
0.724941874256464
0.755690945998443
0.836072625342714
0.580874122669818
0.805844108999316
0.383195536347628
0.678314791744613
1.44339632552663
0.650890268071673
0.685285982122082
0.495712495797197
0.800538893824331
0.647875105112788
0.512587912265784
0.47671236480818
0.966305986890495
0.892054618661443
1.21333190928269
0.494985221644287
0.281707818180794
0.383939313271631
0.818303862352247
1.11412997085277
0.821131586093135
2.18147683427098
0.56776664442163
1.08505924924976
0.461529869241339
1.2626268578948
0.503531074509222
0.734754984806048
0.320239629734049
1.00888471463566
0.430368677593688
0.262429517837852
1.00579495263753
0.409455579887643
0.855923692372192
1.05143417406661
0.624973416964784
0.618565315039903
0.658485967141609
0.388211629881657
0.228838727090999
1.09556418716022
0.625025503671287
0.621555617003096
0.594566304692639
0.625985505783235
0.84389294385074
0.778411223898953
0.657758687506536
0.897147727904562
0.718952502265566
0.466805823247834
0.601192660418626
0.930292796381427
0.539678789041368
0.857067684897443
0.408321505885025
1.57323274578504
0.985762247863497
0.583303145924571
0.740922469945721
0.441493157415263
0.686222238074057
0.944448901015946
0.382627993196891
0.852716779363676
0.229011521463014
0.627918211600183
0.665882292128516
0.593983279327095
1.79651528319629
1.07972206191149
0.242707096640352
0.877370419312974
0.857298129057552
0.552118364051404
0.36189750015481
0.677421802956885
0.624107684252636
0.884523673839384
1.88593846420602
0.603596524563418
0.621438932341213
0.619065401418408
0.785046942524846
1.20973981719419
0.623340798712895
1.01869204096127
0.696699731987562
0.318494514733336
1.26832705899954
0.620497570579132
0.78672906862561
0.387827569153365
0.745091336414944
0.705715536517653
0.737651008792977
0.934285450953415
0.842904194828459
0.58823858123423
0.3597253083677
1.30635626942414
0.331044837447092
0.377128808317003
0.497486080573553
0.832020082827387
1.10745743428126
0.711812690572835
0.905988546591215
0.389826170309229
0.998473465713904
0.559696034652053
0.731892035536537
1.01819571104737
0.627070428193399
0.632812163007124
0.650332242686839
0.64102896161665
0.53581472041683
0.538046196004353
0.932726344146239
3.33930269630372
0.723447675252992
0.460043949260163
0.908451093259382
0.732201003747075
0.505034581116344
0.483988933953284
0.250953161020654
0.853883184420406
0.841673589572501
0.746126724786648
0.371808628022246
0.449645130872804
0.482536627468799
1.15184134742154
0.50725992423468
0.171485007467875
1.58893518847131
0.560585488492827
0.578701058889537
0.687300901112504
0.859894794210066
0.516506803744817
0.279163690085902
0.742301304603902
0.669870238503993
0.698169130045525
2.36618961586674
0.434280158658506
0.898260894468391
0.591394131694002
0.494911738070414
0.725459400725179
0.397530613332851
0.495741016452681
0.599687238622793
1.04036236318149
0.18233744538256
1.36995872298826
1.22437399857398
1.00749033670277
0.43478136338367
2.13612549922166
0.298949030395838
0.37269045219095
0.815955903100847
2.84865540479216
0.760487132744708
0.730096985099614
0.526091439263573
0.873479414197755
0.543871707617651
0.487470184775913
0.793410236577811
0.480432206417984
0.501272788049282
0.751376316010085
0.606587183757194
0.249296474090543
0.569435568932542
0.94680796826126
0.879009975716115
0.573223765254116
0.337915204709251
0.618976393984345
0.854220795840571
0.753497390914929
0.789997851789195
0.611462271576605
0.615421452664657
0.42577264813573
0.436083605979033
0.579698014884828
0.550966260653399
0.776434768687227
0.991807425698427
0.88020076473027
0.575395010284065
0.443273484818349
1.04001662889422
0.793954263911793
1.19578185730355
0.983319124234145
0.860546487652969
0.46117467454897
0.921922005153842
0.532681416815976
0.560336125205009
0.898157969229529
1.10225820322185
0.505249496069365
0.297024879176551
0.346170712857564
1.19425245024608
0.447064140042312
0.932332832497506
1.02287471912636
0.518055562073913
0.298166159259029
0.642236695439204
0.652915343950269
0.679096097027475
1.20795385954213
0.408040080544245
0.459422449721206
0.845250103546669
0.631539308716377
0.663934955145227
0.575852545903436
0.813643442134885
0.360937176083564
0.583532076157874
1.17117025994329
0.595502424353753
0.411010560528611
1.1389065558618
2.02753945906609
0.811077680432966
0.444728954442633
0.538706908268932
0.88927303072868
1.09455176353911
1.22641219990853
0.808214236568561
0.491463248775678
0.721344741527682
0.463493855730441
0.371205539370539
1.33671486060581
1.04757388549842
1.11800254190775
0.897684997651353
0.524569439466694
0.528034894937116
0.424389537187253
0.907731326864654
0.646897772712184
0.976718002902185
1.26199721167698
0.534099905427189
1.03949729300407
0.590710557731741
0.971918404097995
0.585742961337986
0.825901270657211
0.924455590475439
1.72181955296486
0.458876915658557
0.9691148194095
0.577100679660256
0.907924905194136
0.930055017709351
1.0448990617715
0.648633788102592
0.521313556827435
0.743789746369359
0.5880551954523
1.12246369173336
0.648519042378794
0.389100998433524
0.731958907681916
0.501029846511265
0.423106356084831
0.62927067503612
0.984266711539385
0.607803561686769
0.857511796370126
0.448249054868377
0.428105592302054
1.72751091861233
0.981299441172168
0.490601995133896
0.541903802474686
0.398047746948934
0.752636167303459
1.05291915231367
0.42183949337931
0.881367169075594
0.199896889586747
1.51495478938362
0.932516167456705
0.60448743071731
0.452462128747228
1.76294142923552
0.84487645974802
0.443300842568802
0.327190970676057
0.505889707457767
0.842628414741863
0.625876791347846
0.387249244202308
0.788427802228073
0.37622144437943
0.448573379481073
1.84369076681863
0.389866028246996
1.37495005549132
0.332492549826643
0.467187084978844
0.98270928995238
1.07084229428594
1.49324492392515
0.362420773752374
0.583920556563238
1.06396774860303
1.03261611440793
0.900413926566512
0.633982232783261
0.676148641378565
0.939818669227082
0.782634182919722
0.93033100958125
0.186474549957769
0.996025731045486
1.36085326943421
0.390751894694811
0.801537369735074
0.51428739543362
0.660764401932731
0.517219502058196
0.455497623548951
0.461086483282332
0.361443390298182
0.81714148715352
0.575335459659528
0.75448793436443
0.370444433156681
0.365335384330452
0.725366288790339
0.87879777318013
0.647969976208897
1.27561084686221
0.427459371648297
0.27559521945481
0.454928469907189
0.79803032297861
0.589029115092325
0.453858953995971
0.516028762176801
0.484968299867646
0.236517943471976
0.353651371205165
0.826305368726433
0.52285149093042
1.53629925410886
1.02005412302325
0.606170400433232
2.31186751248815
1.20817241173729
0.668555847670146
0.553017115120962
0.943311993265107
0.789746367407095
0.285464680956951
0.451961693372868
0.40372041555108
0.727284697025663
0.504630589133457
0.714945191746315
1.56134890836894
0.721400731618329
0.847971051584113
1.03406022754425
0.407123288914592
0.480260745405206
0.552090210229979
0.282126726041969
0.979130421814605
0.674161971723379
0.725509433841921
0.501082505115507
0.443259876049674
0.87052394972343
1.29333359069818
1.48531789572935
0.902006855055034
0.663380444825996
0.163512841356272
0.744389766949711
1.03604500722167
0.662612580307029
0.81708877782723
0.66062252131715
0.657617855698303
0.727258324705796
0.580108197671044
0.622105887664458
0.594598553768625
0.431564678706399
0.433262831824214
0.638908692317557
0.609677404813865
1.4567483985612
0.541548090173604
0.723037968697472
0.472456417583516
0.682327205691253
0.405309585884824
0.808600796582014
0.769670645420334
0.564209987117084
1.77246857196946
1.10152135798461
0.349537966294662
0.557538644668373
0.475518482037161
0.418513215605663
0.785483299347356
0.494507012211084
0.574260853259906
1.48085732495701
0.806475468261852
0.364377987171705
0.615051637835377
0.460169036371155
0.606955096224817
0.570172183732618
0.637326060347531
0.683543884475671
1.05908787796349
0.535900346572144
0.410241495323397
0.574265197899992
0.404621663262594
0.716710244292823
0.733704106336995
0.64163418936878
0.702040841827926
0.793517084265851
0.775850262089988
0.518983925786656
0.357196029575829
0.664793704668049
0.323003491081563
0.615346617757758
0.833038411995529
1.41780020471492
0.573416117523793
0.515677245006164
0.470416563286471
0.835393358129089
0.658677654607471
0.491045341423181
0.425528046329991
0.364200544588262
0.401766361562997
0.403431415607598
0.367168537089582
0.40461759555404
0.528022143313104
0.600778670652942
0.391143872449885
1.87974622147162
0.620712192570269
0.38754657938103
0.967810583193738
0.668296491597327
0.693774877649971
0.379322782610126
0.801682941055165
0.663379757365543
1.07420052736852
0.526231486539346
0.739788538902967
0.777880325101575
0.608670781490714
0.704609055121854
0.568370565062953
1.33209615734741
0.401291309456796
1.1510568738321
1.25736925503513
0.487818383606214
1.97969697027658
0.518532389165689
0.823398754619118
0.518915125501877
0.559393760889552
1.13918684909945
0.508576862429906
0.545165526677178
0.985228605573944
0.790065724867305
0.593839446382777
0.62213837463065
0.630648036540285
0.676341255776634
1.14736701252859
0.908139692083521
0.555952135828196
0.842386365101646
0.414447246529565
0.561257898472431
0.836924718721064
0.251172574358977
0.353098938770465
0.404678497987485
1.01939684510636
0.60825325984779
0.576336556692815
0.693978404458325
1.1289493441526
0.686805782642572
0.585061565332319
0.986254648072976
0.71188362840025
0.670816687835648
0.644685041271167
0.551176216214177
0.536611017838547
0.899782336975366
0.516778233722145
0.469422832859402
0.775500897780567
0.486346701103167
0.52864547177994
0.550602827721685
0.304988663954278
0.606710167788136
0.73187619430912
0.38678166929844
0.876824753413051
2.21994643579174
0.918547493480468
0.45864087919936
0.605016599269204
0.479170698271244
0.45593205372637
0.646441924981228
0.584784605525257
0.502435658950845
0.581825982317275
0.612980974339565
0.525974988128682
0.508787889207547
1.24207232696873
0.560905717256359
0.530371869959605
0.472987205394278
1.20521491547306
0.819841383710304
0.629542703782564
0.684137011447254
0.451898798689086
1.9608911108071
0.564645289532834
0.967774990321099
0.913282779225215
0.577501970906942
0.483822689155669
0.635552991953506
0.376838188762865
0.522441096024966
3.6045629201596
0.673610534985306
0.690966046737459
1.495939919525
0.590367196947708
0.823235750620782
0.408000793958902
0.685849468604102
1.13801011416507
0.995551011928221
0.50097509733341
0.56961966364556
0.740666016011606
0.62657895690051
0.587243927910501
0.569828966148041
0.612458543053414
0.807304451535604
0.60851928732892
0.357423588753537
0.597600838321376
0.89722948905458
0.547502017483687
0.715906712681389
1.52359645692185
1.70821466969021
0.96963364849958
1.13471719017478
0.394916005283497
1.46805145085474
0.429115040482542
0.785934669931448
0.87593859537738
0.559743392950702
1.00370020219513
0.561625358609463
0.519321634696539
0.953624643248258
1.19790827649778
0.597228153953958
0.757976500980519
0.830190349307997
0.640675816522606
0.500646258228546
0.777144197179146
1.18180858160064
1.18344245130435
1.30312136560422
0.838286814413557
1.21258339471777
0.100304872290506
0.865183727345943
0.666662365414839
0.250555890229262
0.776668011685565
0.408507964243659
0.651771964935747
0.641733806894861
0.650032133606109
0.646494288445322
0.487785878449368
1.17457359217181
1.07645018269745
1.03630798084938
0.903111310750893
0.861825074239999
0.721135263232582
0.622526079009476
0.653635947450026
0.565358618310698
0.47017476482454
0.652827918107702
0.51421034891896
0.60646638067214
0.871365442050682
0.917553394182586
0.561031070815698
1.43639274701044
0.803926649448801
0.622668006776997
1.73343807873099
0.597235517139397
0.758278738385509
1.26002560077806
0.854066938868076
1.07998412449169
1.18296184790874
0.541701950132955
1.08985499296575
0.7893794140098
0.765057722314203
0.852155991264006
0.549441610946791
1.59351806000813
1.09497602036451
1.2277982040555
0.316896238258127
0.857791173947081
0.56563388387502
0.964579830835741
0.518888251145189
0.788109524028614
1.03790916219331
0.554051260702088
0.646627118018649
0.928227392057006
0.424821590732243
0.396343055269915
0.597647291437834
0.652969120197822
1.85390864470014
0.924756680213908
1.07242576923291
0.459968719306418
0.587348519646869
0.585825258632216
0.469138664575975
0.696890824012454
0.453739545768022
0.721080834042047
0.599000591132406
0.353379311006451
0.846454559610941
1.2823720184855
1.03152418753945
0.79988539569881
0.491416487076317
0.483108874453847
0.277702443487988
0.340158071006193
0.984481130225209
0.645387614801102
1.71562059616801
0.785876297541154
0.399318682610949
0.837568499977022
0.930713629775033
0.429918318490711
0.88926245375941
0.874000879031737
0.54042292039543
0.721261385120452
0.397958982093645
0.309721644870917
1.14589797643408
0.131441768397541
1.19799398127028
0.506146448870137
1.17375675483831
1.63248519322368
0.678427057074354
0.956064577814668
0.463259019570547
0.538458744696093
0.883678066854364
0.314556069518699
0.529916658750622
0.67503434519543
0.612664477384793
0.492004778135378
0.876091624246029
0.581132701684195
1.17028692267798
1.32794021039798
1.32412517245273
0.674135391831934
0.258487412437591
0.803241231712355
0.707476665168793
0.832694347325718
0.519007593472298
1.28604059015125
0.532709079508209
0.245418816001544
0.412832083515009
0.671952371404657
1.00906431772251
0.349700017929861
0.246257682697008
0.441131698992614
0.690648096173644
0.634714467566701
0.988406561852456
1.53154731226937
1.07191257138738
0.733737478487124
0.825669657268446
0.840442216304273
0.436052380162125
0.74565452019825
0.569192280713855
1.19220426719887
0.629640356930046
1.10091992670492
0.46502694911958
0.681022052133769
0.445749573571279
0.71120682900122
0.635288653802376
0.550366488976545
0.481956781235528
0.547290613580008
0.835767360099506
0.773758497637261
0.666738172714979
0.588294531211513
0.709582386689574
0.644580873156602
0.76734757224521
0.426906313912483
0.636383157821611
0.393439243655201
0.635258439907768
0.448571550670204
0.393556239954572
0.658540970608339
0.524143668130711
1.41181007974171
0.479657773149184
0.383036908763428
