51.1203757863699
48.4260132231681
47.3607604849407
52.5935007706838
53.9727395286599
50.9832725051197
48.8339173123085
44.7642190950048
49.6219701476763
45.1846265890807
49.0607303220828
56.3662858969937
53.8899402399287
54.2060231519992
50.0528145138163
45.3482567284555
55.8269381502646
48.7190394587094
53.7681114326961
49.7739078754583
55.1635709990548
52.6086948719513
50.3679701775525
46.8620763089683
49.6889365062345
50.636214103934
50.2981205736773
56.7060491563808
55.9724498010449
49.8503536091823
56.6623837384049
47.3675393203476
50.758178874871
55.797761002978
53.8886456760499
56.4777889816806
47.8181001184605
51.1173045292514
47.3378009624294
49.3254870944894
49.6571690540335
50.1740597081887
46.2414619400329
49.2524113604437
51.4933293101228
48.9765648101905
54.3031130756837
52.7910483715816
66.9264714888654
48.2508890591446
46.9439479361481
56.6706165617044
52.2172395615614
49.6327914313018
48.9632781472745
61.5736876073888
47.4789433381365
61.1196624113431
54.5947098990369
52.0347986471648
52.0170101824894
48.0079983443383
57.3952897526024
55.9950028384399
57.1726020498273
56.9490610658434
55.4436667720801
46.2572871526658
50.2412873710963
51.3428065947346
45.7575950082452
43.5654018845357
47.0506301344598
48.0800440728295
54.1366170901571
51.2576744009438
43.579173507174
53.1803439697651
48.1535979641522
46.9322639269892
58.0206725641405
54.2344758915188
54.0512908086637
51.8344113889783
48.8171059624444
49.0053457074531
48.176276509761
47.2770874602227
51.3942993519077
50.9354335151456
53.585783153334
52.3553564076811
49.682296589256
51.7632083766831
50.2446370952988
59.2991449048225
53.8522423096157
46.1548888668754
45.810149790407
57.0481514048056
47.7409549656611
50.797563691076
45.7501539894677
51.7699944758909
49.8806537018945
50.6374138496938
54.3794540876151
51.0588605840309
49.3015691306451
45.1293006267132
45.2073510703722
54.290020323839
49.3182480399832
46.4933557729405
51.0766957322766
47.7616595348837
50.539318065273
49.5412684656655
47.7001604281119
48.9051544288899
52.130701078901
49.1111461187994
56.9780341495633
57.1504181182983
54.0367074460138
46.6382896199169
55.4445027025441
48.8242183956578
47.5657364236848
47.492662649584
49.4271279831943
49.4059680128424
49.25488388654
48.6085738611205
46.404723144843
49.1084269396958
50.3491828268875
51.8514365121519
47.7314044543145
53.5612515045217
55.547180847224
52.6889733654642
55.0489317828285
52.7422310566029
46.7987911817482
49.7624209804793
48.2538226780999
54.8923691413561
57.6490140155324
55.3623443853543
47.0938616622217
49.055093376346
45.9062140856399
50.0811006866894
46.7574084440397
47.3251101196041
51.788878222831
51.3526812098656
46.0286541435985
49.4113525229758
46.7423657145959
53.5593586340091
51.317751319785
53.5908310055955
49.3050921902893
48.4671179846112
55.0233416038464
47.9614559737668
51.71092489716
55.9546135976629
55.6417608232718
48.7327348948335
48.9251355739887
48.8659206878951
45.9069879131095
46.9604944908379
47.982850159688
50.3126169428738
51.2274452536486
46.5719438528719
50.6797391836294
46.5646923749438
49.192675593413
58.5299928961796
54.1141061312616
46.2543012789743
48.7878458364884
49.9570212274165
53.7183940097033
52.8858151808628
58.0807913306545
49.8680527942025
53.5391140513076
46.1251141304874
53.0614137113734
56.6706497355664
49.6808417560838
58.3117467726288
53.2712879241349
55.9971769363908
53.0968087646247
52.798111098739
51.6069910319749
54.0126857699634
49.5405522413999
56.2083764818428
52.2983177584248
45.7927778468702
59.8470934861506
49.2730974740293
55.267660737463
52.4278427981481
48.1556654637672
51.5504184494241
51.2085661621487
49.2367456287313
46.7530240469238
55.5940446312958
47.0139257753928
54.319090220222
48.6431482574965
51.5997420969314
48.8379458273317
64.5656675601741
45.9030871519218
48.7914819189139
53.2965758666179
55.6346990733486
51.1846033916027
51.2428723070932
50.6498694034206
56.3596299674606
53.2531888318587
50.701671758566
45.6884824539695
46.5746381543707
48.6951062947441
61.3363369942139
48.728810163136
46.9331808437767
44.8260808756146
48.0421872159102
54.0882320916146
46.8855045367203
55.9124730104676
51.0062877549914
50.4035400664693
51.0047360793861
53.1197740614639
54.7297859490605
51.0616927501607
52.1205822973796
50.8068786408482
55.4954600970283
52.8354135290291
60.6494497645617
47.8387587768088
47.7454701737216
54.520513375081
49.9271502858204
43.5424313130111
50.8684283720832
50.2940201151227
51.8333093391619
45.9362224323987
53.833256062833
54.0523712337149
47.1883385079083
47.4650712090411
55.9941883116806
47.9754509393143
50.9271828992197
49.2540406394792
49.836370423082
49.7821519074222
48.5625955748645
53.2187237347568
55.7022377317432
50.1003483138156
48.3052992403576
52.3741832022519
48.8498650652176
59.4917725365016
47.1438074764109
55.8383318373549
48.1054394951033
52.7923596472297
54.8377584942379
48.1387209757919
48.1293591635414
45.6052732032805
48.8556755921022
52.3280061247708
45.7423669120881
58.8287861233344
51.5964625678504
50.7959108932331
50.3650443453148
51.5652580910078
52.7050875407069
51.1116486452389
57.972445938878
63.4436409044663
55.0770903331192
47.7463293322846
50.195706780358
48.9150135228157
50.0860768724148
52.4595155485105
46.3714038215176
46.587433432692
50.7397034690997
47.850763967779
53.6806578221409
49.6407779269105
52.9734859252132
49.2087607269473
49.5041878649747
50.8281382080352
49.6779819706031
55.2380076544638
50.0086876695862
53.0486067740125
48.1995633826522
48.61491534359
48.2173948590858
49.269469797949
52.0297830084663
52.2315182293538
52.6313461851974
47.8976549490908
53.6194468791406
51.8007145026359
48.2282806121674
53.7858251187069
50.7789462057452
49.1999514454678
53.3385546818319
57.1858447685989
55.3448878571944
50.5970868254909
45.0714066682655
48.3635805597615
47.5813165806914
52.7823493227777
54.2372150440144
54.6201571018772
47.3322005528223
49.8836991634718
50.6573114752004
53.8946726705193
57.9065270614686
47.0429916336246
44.9614880681861
54.0469606165344
48.7908326074664
49.710446300174
58.6747645949459
49.5649666048066
54.6133625900406
49.3643255582007
47.6462468994754
47.3386568493113
48.6023975108595
45.1943960936143
48.9541175547966
51.5268311611722
51.2660572367183
59.4945878336033
53.275251870973
47.4975996458734
51.3249727206808
60.2409214367345
58.2268801785321
55.2957239802253
52.6388494505737
53.175893577009
45.5235859170933
51.6657558645797
45.8792202472105
50.0514725012438
44.0155667495432
45.4262732580743
57.8597136531735
44.240138144256
51.6832929909776
51.9495773846835
50.3190569556452
55.4212639026589
56.2398742450561
49.1025487528797
54.6875903593127
48.6340776797878
43.2890443064621
47.9780082469402
51.2281679419802
52.1464694416166
54.8652486479123
47.2062507920499
58.0311425887604
52.846372981356
46.1460436167418
45.6508333074417
47.2346100193791
55.3280273099108
44.9854923957622
52.8403931284454
47.1590828951244
46.6685054759672
56.3743992394818
48.4597447930418
47.1426992891396
58.4039839003919
49.7826934296301
58.6510837927369
50.2581346167134
50.6578604215952
54.0111055620521
53.5789457303403
48.9243280602672
48.6248547657554
57.0677603788632
61.9778715957795
50.0439031235278
51.5676942790643
52.2838397592539
51.9810436920368
48.2405821537101
56.5951904655649
46.9715818675611
52.971401225024
52.789131588964
48.863411923692
49.6487383884099
53.5095220269426
46.1133665098959
51.6172834948719
50.6498844780597
52.4412410556687
46.7747279058958
67.2651302847234
58.7637976943507
50.4598495529509
52.2357237805022
45.3992099871306
52.770022696773
43.2543952436105
48.4727448597585
53.9733527763896
54.6615484634001
51.6092105062669
50.1681233607484
51.8792084374507
45.2946565647693
46.6110819466845
44.9767209761957
51.8976637749515
47.758463770196
48.1907643010136
54.9935782581095
44.9799979876015
49.6575971158483
58.1208730990916
51.7138885192525
50.5571199997375
48.3066051394206
51.9499840041872
56.6541877886881
47.9362426075022
44.921784958621
54.8051776866915
50.1406725341877
48.7047158182083
48.5200574408376
62.5719887967081
52.9592418315288
44.6430560588593
55.1676159018555
50.7991975996961
53.7509023400206
57.1798271380881
50.327913113716
53.3952904016997
52.4956490304298
49.9369093785774
49.7984657809562
51.1444654435903
51.2070260376222
47.9148502520487
51.0036211128271
52.3184617026696
50.7342723265678
53.7240005680677
52.5528628471934
53.6574165224126
44.7590401328613
56.6018579356454
52.136864566121
49.3816859254825
46.6404241972974
61.4351472383609
50.8188198105188
44.618461028949
55.2963636363768
51.8181101509403
49.4665339838999
53.0322246926089
49.1242428668392
50.1314734260448
52.0350691652911
51.7414916574878
50.0317696026685
53.6359530143164
47.3053409664943
48.3512269047317
45.6440895189188
44.5313505555067
49.3458858447606
45.1467631881074
52.1028752128862
47.6805397775954
50.2589025458267
52.3575220298148
51.2228453892021
52.3797589908523
57.4567496565072
45.684517494286
48.7364273289303
53.1106054910262
54.1312207813357
54.1323299088228
48.6750734324184
56.355290551979
59.2546391326862
50.2156831834088
53.6931516291501
49.1663952805917
56.3909125943151
47.764369409682
46.8063928830983
47.7076538433726
55.4155274721553
51.8917287188754
55.8533313135521
50.6566217412712
49.2694661226158
52.5171298856885
53.0870409075972
54.7567073344155
50.2911379878575
46.305300046108
56.8233426358825
52.1124100403566
49.6066919088054
51.5885583336192
48.1014162078646
45.884890883859
45.5153012979258
51.9284867911948
52.7820987272621
50.9915923177137
50.4335904883888
51.3507152390305
50.5597397869581
54.4769121799992
52.7455793508998
55.2333792912702
48.0944934137661
44.3934718501368
62.5133210726614
56.8844558374192
53.2803539512379
46.213142234673
46.3211266574643
48.0932026803683
50.3629220864089
45.954902513549
56.5020240750894
49.3871988494138
52.5243670133317
49.6669295118259
49.6747959517736
49.894059924589
51.9469713329357
62.2733907336459
56.6202547229418
58.6544507101742
54.7442044692936
51.3600169527196
50.2344218564378
49.1483630269976
55.997904470486
51.5876973385
46.4857000902284
59.1019596123726
49.9617452639148
49.6273495372688
55.5604381531644
53.119553917621
50.8655904238125
52.2441356231769
49.7335001564114
49.2218309628204
56.0067555012904
50.2321895941592
53.223056940734
49.3131717202774
63.4016040389903
50.8335557990154
52.3718754818038
53.1762336928769
49.7412021235717
49.5733386351884
56.8307952044316
44.9537998699172
52.891267366622
44.602911390813
53.3232914307979
67.6928088783572
43.6180105379329
59.8055938622785
53.1124522016432
48.5843955028796
57.9788663938941
53.2478979426889
53.2979876838287
52.0792752280054
50.8120408707722
42.8642349070748
46.1530867064263
48.5393481000425
52.1508356781029
48.4435822857908
51.693985584782
47.974958332463
42.9824983400185
52.024563166165
54.5686643471728
49.3115404269614
44.2504216910167
56.6927388980285
50.6975097403997
60.5284319661969
51.2014240555782
54.1089451162587
68.5549240800739
49.9434667277656
46.2597628464695
51.1412412118644
50.3166698924228
51.1221100496208
56.4959796010192
48.1120929618096
52.2073653136023
44.6997700985334
50.2718789530186
53.1212028941878
55.0046935033407
46.3141381263718
51.4238925512045
54.0300503617983
51.1770851845384
53.6835183370256
46.6133320090709
51.7292805897507
45.6033280067458
56.9238252759425
49.6948211781059
57.36446179159
49.1351999925538
51.1236128674124
47.6534315450332
50.1082039517336
54.7397451585391
47.4150777695596
46.6485863774741
48.9188025901343
46.9590031098789
50.673684883418
52.670593616979
50.827227620758
50.7012600339252
47.266009150904
49.4047228483292
46.7839635729993
53.2870517053745
51.4975416700286
53.0924782327709
48.6840492519967
51.6660677147555
54.7286252560541
47.582843266751
48.6248678899331
45.4101607101534
56.0830442368797
58.1574764923116
49.1927041767955
50.4457750359136
46.5574955151569
51.3471822431174
45.9720431014764
53.9536392523046
58.0363181565311
55.0759788883865
55.7929156628752
60.8627964433399
50.1322120178782
47.0926716628327
48.6730345803703
49.7578654323742
68.7288995168118
44.1930636769014
53.4463433952205
51.1177776475926
47.2093726536984
50.1846478890924
48.5359012976243
54.5069420762406
48.6393444420732
46.5956625212952
53.6945223198491
55.8817627957076
53.9364877360683
48.9372298536526
55.7930213769758
46.9944328581597
50.2066388193267
49.1837340905087
48.7173383327866
51.9656342054476
54.7749881931092
47.7110560267546
56.0435644552931
50.5569663156029
54.8973751483507
50.8755662359623
55.6094653333719
46.5299845463099
45.259850456986
55.9332202872887
53.6287958054594
48.2337937532577
57.2373159267664
45.9741556732607
55.5996785007224
49.2478238499174
45.454996877299
53.6612106688763
50.4447735258392
50.1129144861345
50.4145530792955
53.1483656786722
46.2025988207993
46.5148637279528
67.8869449213598
50.5188266912977
68.4960870766954
68.4207335676893
53.4552311022924
46.2856267511322
56.0782476131086
53.3024027730478
45.7046226414421
50.6187342792729
48.8468271030859
52.634517551364
50.7341138494017
53.0978064095995
58.4331374503333
48.1624132150846
47.8799788639373
54.8160408682268
52.2414516197026
44.5617775118399
53.5707638741999
46.2961349126186
54.3102368617419
53.5963498570611
56.2793688649313
45.8165415931436
43.0516280812597
56.5355717137085
52.5568268766238
53.9604012682561
46.7396877319646
53.497123826186
50.7651415403996
54.7076502025338
54.1642572782193
47.0662303554352
57.4619709784218
52.3613689050375
46.3181894474631
52.1551371967629
54.505301449552
49.4498688377305
48.4527765360405
44.3769738316199
50.4763675427727
48.9507668473668
57.412352297503
55.1992976768042
58.326215557559
46.0847661535594
53.5663304446521
50.6667761796806
46.5830610034788
48.3164194967802
46.0223571596482
45.2316263191629
54.9132537287606
44.8172973682723
49.7160471015493
48.4975282260661
52.3978645803656
46.9818018585078
45.9387026377516
46.1617553249736
48.6830145908994
45.1134749661032
53.7170066962004
49.5074497474286
51.197026563881
47.9664018573541
54.951934065524
45.141329215788
65.19596068048
47.3582219439914
53.3629146876459
46.4671289264412
47.4931515381582
55.0404579170845
59.7177715971028
55.9346927429036
56.1799445741835
58.2264279930336
48.0837267056978
54.0981471946754
48.5361000395639
63.4024444309409
54.3481533261413
45.8911297479284
48.2519664500388
54.772244524058
49.5289978022858
45.5508962721084
49.7111370850507
47.4572120402714
46.3223427267124
50.488709319301
54.1791617134135
55.2750415865918
59.8154093041721
46.4285283606482
47.8450091286024
57.4955192070096
45.0544626610045
55.8373249911727
51.046859908969
62.7092327133387
54.4785903377634
50.6899296277878
59.4086353086135
44.530456706717
49.4738238972813
50.5150139668944
45.844537776889
50.7870140246716
57.509043707444
47.7940344320044
60.9814490997871
49.4720390053006
61.9982204982519
54.7232773545778
49.0453186836033
50.6320791026259
59.1020994454218
55.7650903898547
48.1370963999869
52.8297778212059
59.6188761936354
51.5090953375615
47.2247308900685
52.0928532280564
52.3408729015248
57.6018835110372
49.3918218794281
47.4617615938123
48.721268215407
49.2802730893281
51.2729605841388
56.1755331244095
50.8536964329395
51.7450491826737
50.7401729434886
56.9165001164111
46.2793763402781
48.1140901126457
48.0579006866597
51.6355266229875
49.0860003918109
51.5402877147126
52.4479098817254
48.978405686991
47.0339931752235
48.3068736246057
45.5647479729498
44.8601178309249
50.9454670043532
46.047639337089
63.2905775436559
57.1278965703292
55.8549394791451
49.4465675277234
52.8416428512296
51.4236212522167
43.9725674885244
54.800432348051
49.9806880930226
51.7022596797303
59.7773439161481
48.4862022037223
46.0670901588106
60.1480348452756
49.3557362297068
50.0912972084306
51.7706474081351
53.0026356154981
49.8583615632158
51.7328680288197
51.1681279717415
57.0566878903495
48.9200503433105
46.1063005020621
53.4343076373335
49.571070709598
53.4704373708388
47.7928900459282
50.5015320924263
47.5320107883233
54.1284052561481
49.9012496530359
51.7978089960415
51.3533878327268
61.204445917479
48.7100679406941
48.1298168058077
50.3844707342728
47.247607691919
48.2825178075329
51.479586176683
49.6410463854491
56.8694303588185
49.3184367610382
51.4438063580238
47.3690640636887
51.8623594023025
50.1724977502117
51.896504431534
46.7475238948116
46.9348780882998
50.2461709727184
50.9579684828575
49.7692342922571
54.3075924381469
50.3775341888647
48.0147111197174
57.8858145175035
50.6424190179033
54.13067064869
48.1903371750994
50.3680573713569
51.8531180261126
47.420990577277
50.5814126733427
49.2359409373359
49.6186526752195
46.5727835570309
50.5883897088475
47.7090313709316
54.9873042346073
52.9287079384748
51.3142236733116
51.8300741251142
43.654154401778
44.648099217461
49.3908318392775
49.5656357422141
50.3688150108921
47.4760598623351
49.6000916938439
51.9387526304519
45.4012257862805
57.9291709845162
57.0381282520746
44.30567516722
46.8108359930068
49.4943106428583
50.1886628904167
50.330670782364
47.2858762559401
45.808524040817
47.5368217042716
56.3853978409318
50.6272538342828
46.8337611521148
50.3920020992098
54.9081820060416
48.5334213467729
51.6159169728014
53.9106536378368
45.8700479596297
43.0576068279139
50.2121514762666
49.6016530110528
49.8323177844734
49.3318345865786
48.8869647175833
60.7579619115192
58.265864628834
47.0549717951451
53.672424600318
50.6589085453504
52.3044649032119
46.45413484907
58.1255090895463
53.9835299235626
54.9675328590501
51.7782819127032
51.0386671693169
52.5552871928721
46.5378544659647
48.4952078128937
50.3564160223531
54.3351171217951
51.0717811443705
48.7066680407751
50.8131529759889
52.8630247236977
47.4975000420227
47.0348182653935
48.3519300642571
46.3805446690783
50.3827018385448
48.6219158636949
52.6897921812345
49.3706006929966
47.060111668597
52.199717979137
47.8445054099775
54.2486515622982
52.6112090609084
54.1908929820746
56.7217249064974
52.8941705718982
48.7739167509347
55.9301614657336
49.873095638353
49.5007757638286
53.0023120195655
48.6246252116617
46.7816647559653
54.3813242319796
53.1784311915112
55.9478991786821
48.5176197800447
46.419965379615
55.6492134968692
46.3260046350466
50.7113384249949
52.5038137550976
46.0096102327299
49.693276114725
44.8869924691242
47.5290144046286
54.5490943434211
47.9837022720906
50.0560999798401
53.056119817341
47.1165267457007
47.3256917185104
56.1794927058826
53.3158987451083
56.4267883648147
45.7937844032656
45.2202500277025
52.1111514600012
55.240294365439
53.3888905580773
51.1156972398964
58.7208300433583
48.9859371493977
52.2812200369164
58.8534390871562
50.7931063115376
56.1219144395688
56.1266722969903
53.9984582647636
49.1777619737714
50.2317957047936
53.7939256333051
49.710209446834
50.7340001950826
53.4049373417461
57.0855310185534
48.6361212303298
58.5336535324762
48.4835154851178
63.0557834464813
54.7185175924321
47.3848549469002
57.0497763233784
57.566172332075
52.5514402923395
52.0086246424043
49.3990776076644
50.3509582539051
51.1104737214309
50.4436326205416
57.9690328044544
49.7875452684063
53.0096006106588
48.0815635104557
55.938768897299
50.9270549760226
50.8546900104363
52.7626147831519
50.7225087942046
50.2532269655089
45.8149219318177
47.5206014118977
53.6854054366174
48.3845913993948
50.5679972385369
49.877653329782
46.5605087110103
52.2732937059377
50.2426577143308
50.804721125071
51.2714842989286
47.2127578948994
51.2144682916712
55.8650954063073
50.7474481791955
48.7385123664684
51.3963957265261
47.5865122977017
49.5393864108317
52.6194811363885
59.4024625228648
54.2443944227866
55.8154357207465
62.8246821675725
48.964488385963
55.3079742033377
49.2004809940731
49.6043299525446
53.3895671384928
45.6325939677328
44.855943288646
55.9904638637054
49.9259323534176
50.5559812919552
52.4157015320095
56.0525587923682
48.2535298229896
54.9397513430452
54.3075311910009
60.7495541995907
46.8783112069351
59.2834447525309
48.7288012935449
53.8574583290764
52.3294993215068
56.2664668228884
50.4343716568014
59.0204774756302
54.7670991603249
53.6013496823026
52.7401782258562
48.2944138694727
51.8911906707704
48.8606405920045
53.4593018164655
53.0725305477842
55.0226108400086
51.6353293796851
48.9495498674367
53.0283690593429
47.1044568228916
48.0235933296495
49.1963635156888
53.7825917244635
55.2105435276843
52.3670436383679
58.2041403546363
52.1277960436454
47.8352517246231
49.3820933850421
51.6469065909363
51.3392003279538
51.44332939747
45.741322118598
58.5964463422299
45.6537733362203
57.0491642421306
52.3641499214136
47.9281652345234
56.3916097914942
49.5726198411441
56.5317564106671
48.5190554666729
57.8889279865886
51.8948677924873
47.5913830345001
43.0707334588144
59.1809455227931
44.7209133578906
52.680696456892
54.1956523958363
47.5760421205703
46.1117929525231
55.2361442584547
49.72325344313
53.4010417491609
49.8262785745142
54.7382714640765
57.130267652041
52.0203936488942
54.0204329590655
56.0545646320488
57.4035351006871
49.9873651162224
44.7739393217728
53.3369930060598
50.8358567689973
45.8559414470742
54.7712359502451
55.8851953412628
43.1410617469036
49.0064555710184
51.347228734028
54.1056840783928
57.0671031685334
52.1155461482526
45.4607936811795
44.7357958737769
59.6187479483365
51.271845622654
50.834603082102
46.9353626075971
45.5959299870156
47.0674013611524
49.6563300130468
58.6807039632009
52.6382738532608
51.814060976123
52.0361009610483
51.5352505559246
53.0622159816701
53.4178579629996
44.279486221209
60.1742166393908
53.6755821653512
49.8145430046323
48.3082744549316
66.8706643402835
45.2024868463329
51.1480411348578
56.9370743109905
51.4996633544543
50.2058730367154
43.3833929188163
49.3939861096719
54.9837314475793
48.7769894224235
46.2106708084362
54.4814650215871
53.0864706838284
44.762089399451
48.1789876000189
46.5578282522961
50.1702643237828
48.6920612764489
49.0006429751572
52.6112391071605
48.6404305399173
45.5716953018834
49.9143213736306
52.2645438704365
48.6380651296821
50.7009118188872
44.494540383645
49.1785931153277
47.0548502743485
49.4893167978543
54.0192257016712
52.7279555445355
51.0672157873936
61.2001993265611
50.7596250724224
55.0584510944712
44.9696851230206
50.0099098225467
54.4388479406229
50.3242433560105
46.6958440725881
54.9263008492337
53.7145685265083
54.6838999587915
55.2488382054508
58.5086185861108
48.7368689937259
54.7954891098375
52.7731645504923
45.7618805123751
51.4496384570055
47.7556394253949
46.9862945672273
45.3659452021003
50.6751683065487
49.7077284410679
51.5240137572806
46.8302293109134
49.6483159909667
54.0706673262663
48.589867009393
48.7710996284762
46.3187491168028
52.5224003730266
51.2708322119364
44.8459638086799
56.1305362915549
44.3337273842832
54.940218920357
49.4187752506085
50.1788054422058
51.9252184463851
52.9756743263536
46.4230833875516
47.1845479012378
52.8818690588116
53.0833598508717
54.1898724345359
59.4731930865079
51.1477154637299
49.0210414730627
63.0396992323768
52.8724985200135
53.9799029784072
55.2271911004912
49.958166651277
50.251997378175
47.7946134317442
50.7051886737605
49.2276640601505
56.017887077484
60.2487911223407
52.8057043414233
55.6130159857329
51.5531650744898
55.1466179627753
48.5688318307701
47.8167352185564
51.5154111898343
51.1889488098752
45.1280237025032
47.6018716052147
58.7871909085718
48.2169068642825
50.586540742513
43.5671962662271
45.4019470571223
57.8769137303105
54.3012526362537
51.4644593899038
53.3900220964213
45.3582016387002
47.0848538975555
48.361439793298
55.9506142215656
44.341642020801
47.655748129913
57.306431007108
50.2189918380027
47.569958443236
56.9537574643751
55.1398443941931
51.6499716930023
54.2899533176992
49.1708285993014
55.7595968953919
53.4733410500486
45.2594887574184
57.9121415306885
45.2650175383106
50.7263205641236
46.1826491935736
50.5175963920406
51.180897135793
59.0097187041639
45.4550131329363
49.7027204064803
44.3547755617751
52.1152495517015
54.5091911011489
44.2752514415066
41.8672085674078
52.6178302059242
51.444756316713
47.3867943047991
52.6980561012464
47.2777774449892
44.4713806121798
47.1466294186932
49.4880662008116
47.7245345505809
48.1438585539719
47.4975229175239
47.6983188078054
62.4343377785452
51.9395927463061
54.8753422334185
49.0322641061931
50.3927516897298
50.8651771326925
50.2503715143174
45.709083484073
48.9314843307838
47.2152427865658
53.832651370358
52.9546770363327
53.9485283316047
56.2613244078481
48.768010346285
46.1674822102226
53.721184293259
49.2821401193564
51.989395000216
53.4842390031521
54.5838489535627
59.0260336997159
52.9131871314958
60.9637637373483
57.5791392766701
48.6053562204156
56.5798557456185
46.393043695899
45.8356954183681
51.9236166169222
48.2378059965987
59.4006945026839
59.7710060353413
55.0638222982508
46.1033901692412
50.7830052627625
54.1328090445539
56.6223940994856
46.5007743526925
51.2488048000696
55.607241884325
54.2536736211424
53.199853006697
48.5821598616352
46.150930849875
50.2159415625003
44.9995089185444
48.5472108829114
43.1089408434423
50.6317504881488
43.8559486738454
45.8471411086562
52.395439793384
50.6738278146284
51.4271801821559
46.7436724502778
47.3993176041987
47.7206052221185
45.9782473018075
51.3666203102613
49.5195750467642
53.000211683636
54.5417753243228
48.1868840232842
52.4538202395551
46.0100023770562
48.376536765389
50.1155225337617
51.724258390769
58.8325600004511
53.4189024500538
45.908417830992
47.6119671896606
52.2773638129637
52.7002087012831
52.9708109872618
54.5387982437539
52.9539459329521
53.0274086132161
47.2812288401258
52.1392636666374
57.2140715242167
49.2377489110331
46.8670268703764
46.8974056947383
54.4178145456038
49.8036695801258
55.1386711130503
53.5438293944645
52.815539565591
51.8724555010565
50.5591080267994
53.2003394957958
49.4904596570994
57.1644696024564
50.8059419545554
46.6307772554087
48.1000687082827
56.6971030244279
49.7990207236343
48.329043651974
43.6726028629802
50.9122068207902
50.0529721877202
51.8699952193056
55.9088933340357
50.6095774594468
52.1396568699531
53.5748555725837
54.025238013032
54.7769709304954
52.424743923171
51.2829576763244
57.4362357357929
49.3997654181725
50.9458045401669
44.8712871517936
46.3734468103256
49.2500534485175
48.4904142949796
51.0332618135141
55.3733075265401
55.8029070076242
45.4572794027407
46.2221354691702
46.4590741596492
49.5598155790357
46.6650282345002
50.5563442828354
44.8998088269501
48.1661419098001
53.4157285835485
48.7985700644204
53.7967224577607
63.9432725486975
52.1702575827558
46.9498654219498
56.139924963059
48.1202809711235
48.8967348342045
43.2943256883234
48.7385948444383
52.5978150620463
53.4711586230847
55.4262300404317
53.7650091876707
56.6561243293339
53.253201048681
51.8160545725708
46.3055981446286
46.1376196879861
50.6036765723083
50.5278502535829
52.4970717908806
47.3613452071773
59.3798855504803
49.727598526256
60.5750190899461
46.3489940198825
53.6668957482622
51.6914330366018
53.9239024355203
51.6688581807862
52.7825719176621
49.1138163498842
51.731270871553
47.6042019529494
45.4988509557986
46.4755998433729
51.8780708040382
45.5749838031602
56.6794049377167
54.4824486403615
47.8992434320984
54.7451858503596
51.6086648177839
51.0851192346823
50.9265210138199
47.4024118304215
48.9437815296805
51.076730626788
43.968828359866
46.3777538157965
53.9782614154224
56.7450012419277
47.8358517053288
44.4787767356034
49.5392919225895
48.2638085668672
48.8606716120371
53.4201905714549
50.1848297554643
50.1368382803316
60.0317145918221
50.4560845260242
45.3117651795647
50.3998961261128
57.4670143785414
47.9856555046959
53.6751921248593
51.3675564302543
52.7253636159041
60.918898833178
52.3578067298307
49.2662412271845
43.8920540191062
53.2631630292754
51.0662951037448
43.7731581789918
50.7951517749908
50.3162962790705
58.9124570938081
54.74576984235
57.4949739687334
57.2296150482673
49.9648180301518
51.891416618835
53.7561130359722
51.0956705621833
56.4557027987097
51.318641260194
53.7377394610921
48.4102358192281
49.1812420044608
48.5128969945734
47.7873924367959
54.3904218220376
54.0416308933075
57.118631450573
48.9488932258743
56.9589313231138
48.6742745275941
53.0034480911725
54.0520875845791
47.9531987107549
52.2110745688314
46.4717746357248
48.823094865806
49.0775346553137
50.7379458589393
60.6050759944063
46.2115199585891
50.6893881453694
45.6071943905715
46.3746055051038
49.937920648663
43.752524783852
53.9836786016805
56.9346277775229
46.7879665927494
56.7042782919795
46.6943574417479
49.2902332546401
53.8346910527539
48.9614358764362
52.7431038529973
50.4407745517779
45.6743074012187
49.0890923653531
50.0760905540066
50.4101306427921
61.0621002872851
46.958132799674
47.5682122889634
55.9233983210253
54.5507438825111
54.5129099469777
49.2745723007317
52.5936474085149
51.79564708055
49.6385244504993
53.7572825260521
52.6008187538392
47.1821789601616
49.9650082216912
57.5559499200564
49.2694389771561
51.773264346466
49.6873155297402
56.8128654829847
43.987384076457
48.5315151126187
50.3997616676675
64.5985644928486
48.8790674842065
48.5144598995025
54.7916094397056
48.7833231084068
56.5256128640099
50.3265444479102
57.4181973830496
48.5587594988773
48.3437892987795
47.5347735100813
54.4435537217169
57.1400832870875
59.9575708940057
44.7334426082581
55.6651918743977
54.6583723075842
50.0875111673538
51.750221869722
50.0890056683656
43.3517363508301
46.6418929743768
49.9869164989912
51.6592435034907
51.3959888838433
49.9280207794384
45.6323134510977
52.913607545273
47.9628791477401
53.7842250477922
56.1141215448718
52.38753003517
49.7418881587801
46.0096929290376
54.7957023132813
48.4858660395501
53.3575671635325
48.5238929098375
49.4546294650047
47.5590954551159
52.0274441147622
46.4084766596199
48.0096053438896
52.521572996133
56.660589038376
54.3910435637527
47.7136815676711
51.155886205742
48.5616956142122
52.3879023204785
52.5162247447338
55.7709639979704
44.1266150662786
53.4837802312704
50.0394170623393
49.5832221847762
50.3601918931502
61.0728481910066
51.5430645135259
49.3216490414292
46.8860160650186
47.0545466736712
50.9908137764562
46.7756052234515
49.9022244119694
56.0370980048607
56.0988352603742
51.0447408762541
50.2529155903794
57.8611411667508
50.9200715595487
58.0802102742983
51.979444670269
50.0539026058937
42.5619513456192
49.8587388213349
48.2807738822732
50.4565663462709
49.274988505077
48.9709052295779
53.7018382948046
49.8723287725062
46.9548335089475
48.8560525491412
47.4475888694101
52.0495257468284
47.0647792186186
65.0223793778251
51.2698151544594
49.9718938395629
51.7566294231884
46.9709850897348
48.9963444453804
49.2298092652139
57.2397840793781
50.8695040608693
55.6178837175928
50.8337533360762
48.9164133939084
51.2805434847645
46.9645048383864
51.7202151421389
52.7654861874958
48.055918925525
49.6206018246586
49.1650213986207
52.2256144463122
54.6283663624252
58.2192891946807
57.5116898922964
49.5615276324262
52.1078839894772
51.8959566746786
59.7016133952058
46.421529183675
53.1527706834411
48.6329790872502
50.03183426861
58.5536227076699
49.600866592026
58.67785100253
46.6603745600628
53.9554561757736
50.5866477617902
45.4874245527718
56.0911380974951
50.9669263097359
47.1223424189613
44.2860739501337
47.7494250734199
48.2180196685228
45.125959086542
50.2055149852036
46.4883642976202
47.8328959573759
55.2953474018301
49.8723020490377
51.3977047199421
50.4890073915726
52.3739765991301
50.8989359063825
53.9604592128185
55.0686167856697
54.8690042438784
53.1686305953055
49.899103967013
45.0667919079588
54.4766385103552
49.1184786840086
54.259276944677
65.2740180643808
47.796046446563
47.8937124868615
51.7016118018918
55.0805852864407
52.2320210390313
56.8724721741553
44.7837570758274
60.1787017715045
53.7088598413692
45.4521180598939
49.0083347988321
48.3625497749339
46.7545064120384
49.6186964364784
49.0468276542551
58.3085539723338
54.1483123127209
45.0282960415141
48.1426293286326
48.4224999770611
44.8648362358287
48.6956212457938
43.9340359251592
48.0242312241485
52.9392442040797
48.914177778206
47.4598398941543
52.3246601186944
47.9676029374257
58.4214991920578
56.1933174644094
49.3510127673017
56.2816955651123
46.6323131046736
51.8160863438826
55.9866772719365
48.3510625312861
48.9729778116181
47.3023702759821
52.5766759682933
48.0409609527317
48.5880481739454
51.016027995046
51.8135526857367
50.8304330886701
51.4707562126379
49.3556922315208
53.994769380206
47.9622219061779
47.922499327643
49.4985565112379
51.1945779486445
52.8491010656386
48.3571215736618
49.1075930415273
47.5590834072852
43.5509677122135
48.860676077571
49.3808581951698
49.5937670919082
50.6772355715124
51.3822291213017
48.2184533198633
51.1794643564998
54.0111351244183
49.5331008030985
47.6964463692406
52.7357862378174
51.4976972420475
47.2148035321429
57.1832525552478
51.6103908046476
55.0947491645566
57.709429688476
46.2338949100186
52.1734856540145
53.2238520656322
49.569830782716
46.5120515789326
46.2820476123816
54.9914360270314
51.587291322049
56.698272752705
50.1042582208108
54.150725362255
49.6781796623371
56.2909318047358
48.5836183658548
52.3384003553675
56.2613238498
51.7896472561105
53.7867424877847
48.9601475152038
54.7311134439871
44.8327342682686
49.1613992109617
55.0290011541036
58.394934115734
53.6946722913503
46.9260383320073
61.4471409479944
50.4314202120445
48.0297144700376
45.8598815292753
53.7564328986539
50.8618633127646
44.655908279583
46.5029484283398
49.1766262310345
47.8684983939771
57.3687779190505
52.0546933385576
51.5582971267416
47.9130577970723
50.2906578937479
48.5120014871479
55.083307088423
49.7420065787943
47.4907248024473
49.0768312509406
52.7779211414093
49.52636337622
52.3987675049059
49.0947966822645
59.8770656451529
46.3811603444194
49.5706687587453
54.2663867709026
45.9715784664395
48.8031455932673
48.9335351187941
51.21906211893
46.663537394068
50.3322956945596
51.9586220367891
46.5541249470249
43.1825768229627
50.8787179744724
43.7160836658569
51.1380308330951
53.0075580824633
46.6745560628111
48.8095733568121
62.7610757351352
54.8709673402911
51.2877649300858
57.7189280788791
46.5542309627831
46.9539309049217
49.8835931310312
50.2890955748517
49.6866144337052
52.1564118687525
52.8765244814296
46.7942858247177
47.7559975741432
54.6185986098947
53.0437180000986
56.3480270706982
53.1668409621491
52.1477815206134
45.4743233884963
43.864635429567
52.2237200556817
54.8304198027239
53.0157376038156
49.9209958088087
49.6640941000542
47.8041616394918
49.8312153498785
49.9429034006089
48.8717108925576
56.9556169087881
48.2580707678609
58.1407860592082
46.3931233203865
48.849988984421
45.8669693366335
50.6481296474008
45.9388135308996
44.5687408850597
62.2805064300477
52.3330599036987
48.8448248259156
51.5963355258121
51.6751504268856
49.7447593149878
47.0644657365836
58.4694378465745
45.9089586914971
52.4995588496954
45.4746920599809
48.0557402364245
53.6383068817603
62.884181944474
51.2240293278841
51.920082388049
49.695040222905
49.1160725150128
49.6699739646721
58.5182878714074
46.714683995677
58.4277308660613
57.6329179762707
49.0074277780666
45.7423559247525
47.5900064237839
48.0223634059123
50.1521640202336
50.4361827429684
57.7948223313805
54.9178282040574
58.9805744804335
42.7980124180214
46.3088962309189
55.7525590655979
55.2714454222889
48.1084745549638
51.7278742004946
52.3013592248327
54.7970885692103
46.7790478472813
54.8042760993391
58.3374338371317
51.4461530019859
54.6450222731703
53.1278079473744
51.5515164432883
49.017369396734
62.612311488277
62.7086715674578
49.036612398252
51.7943822853732
54.2217449137515
46.4300214901329
69.750339930567
45.7929508972227
54.0280177549412
47.2569037849258
46.6960806088039
57.3693466453516
52.0480450828806
49.3124080496106
50.7344396602268
52.3022359859417
46.013057284527
52.6681459149131
46.8599128355956
51.9996075652777
54.206734443348
50.0543861051332
44.3472430714403
46.1049201687901
56.5183857570431
50.3943586609281
49.9044354712108
47.8412579919215
48.4566177301491
49.0781763108011
59.9000389470322
52.8213217047778
47.1161298414502
52.2112484321223
57.2626157335533
48.4476786860022
50.8020602350986
56.1667014782691
49.8684429104951
47.7566666681721
45.7248991096255
49.928291650445
47.3747989060487
46.3904239630562
49.9483298633406
52.1915303642239
45.4639838701684
46.8571178193848
50.2541044631081
53.2706121089
54.7160722187635
48.3315327619872
51.4404332193957
49.0026948738112
62.5642344741671
58.7884761803101
52.560064478134
45.7221892575444
50.1169742254281
48.4250262862025
47.355138878619
56.1536261894695
51.7993042460119
46.7084601534928
49.8425740774183
56.546348206267
48.3591516030146
55.794733694422
52.0939832636943
48.8568030570474
61.4640279557274
47.6840229115979
45.2416684385738
51.3087780932387
58.6546684244276
53.4048513580852
51.4615452540236
48.8631922595843
52.1263602348455
45.4152809404064
50.7958970483358
50.0560719280848
65.9647947037721
52.5794856494755
53.8715206514756
45.9624398513964
46.8512242285106
51.9334172741048
50.0350130651732
55.2820817549422
48.2014129352112
46.8995893489338
52.6728131984179
50.1389005818065
57.0619764353426
52.8269448500339
53.7042188102869
47.7241049590286
55.9393703138971
46.132202057783
53.0309506771204
50.2409736679567
48.967873856462
49.0625903967368
49.8721277071634
48.299627090536
51.1622595852824
55.7618080758959
46.151578489808
49.0872141654428
61.3061600556497
48.9932477159761
44.9664603590294
46.0835261036113
51.5076113221851
58.9548359576243
51.2629154403648
49.1462387962963
51.6270848009797
50.6093818264542
49.3801618133571
45.9285121145083
48.6482516870384
56.3894273834496
47.9781661314658
46.9245354300566
56.4902470680658
47.1778995053369
50.5769331698855
46.2048725576095
44.5554127803571
46.7827695646262
51.3794868029195
48.8605992553662
56.5892377159747
47.8918235511392
57.4674034541237
52.018263413021
49.2797271760932
59.5198578608132
48.4140027991406
58.3430460386364
50.3107265868473
50.1707048902656
55.6792759191668
52.2649113581336
49.0289216981283
46.0959119095646
49.7687471717511
45.0828237536294
55.2446879430503
56.3679685881098
47.9445738847982
54.2284055822763
49.6770567642238
54.6651090125808
61.4925320351087
50.9382889537744
45.9593268694779
49.9127314657767
48.6256711056835
48.0255986135847
50.1126404068257
49.6996633223091
66.8420603181395
48.9910341117572
51.2874363634269
57.0009016493185
48.5915887593904
51.8707211337549
46.4109155060135
49.7780151877805
51.5725403800559
51.8014898058628
54.5025246502504
56.1362376811589
56.229578144556
46.7050601530048
49.6321769128859
53.0675432879356
45.9723436352535
49.635303558372
52.2026616559191
47.6746882367205
49.1512945834799
54.3768297326064
49.5658648631642
54.6185693635918
49.4547875022185
51.6563745022077
47.4827761878764
51.7346855120533
52.884064695
52.1379814039819
49.3425058060916
48.8054476738071
49.8060796399266
51.0831871678061
52.238549924254
49.2408406721511
51.3813424633124
54.3343977847568
50.6979931737983
44.6809374185622
51.8608381166927
54.035520975148
47.6259693072234
48.7656454985021
53.9829593668818
50.5541762799626
46.7307774460464
50.0290333038757
53.1888854579205
52.4929897304262
49.047862336781
53.9073574120688
48.8310244188282
47.911592905878
56.8646675914535
52.5788857334632
59.7170182485501
50.0382561116924
54.1905933610387
48.9450783265624
56.7667210950092
53.0020747230163
63.3491063512184
52.7653675785709
52.1240317624296
47.1011344944172
44.030022029719
50.517489814212
51.0459417465654
53.719689894036
50.8783737900461
51.5645863279783
52.9023139573801
48.5655978924352
57.8856448053998
52.5330149604094
51.8767433009105
55.4760738517749
47.838568971696
53.805283070396
45.8116146368436
46.2908612384239
48.7311400466911
54.8829585644102
49.2189280138844
46.1183821945988
49.7926922608772
56.2932271722128
54.1247474641287
67.6409730734612
45.7792819543501
54.8546919162667
49.0339561038081
52.3301448123573
47.9929437708917
46.7492647546349
53.7935043759078
49.861467848971
46.3187492727378
53.0878219022867
50.8703536908954
47.391885253331
54.5293688375183
47.8005988369207
53.4009422239028
57.5156503751169
47.443744785261
56.6477128767229
46.831509123129
56.2338097945222
59.5500174876878
47.1870965479303
49.2317404907519
51.0468476429112
58.8739948071457
51.3406360345501
46.7178230910807
56.2658810180087
48.3869022340963
49.0378914515942
49.4518919388754
57.826835913569
56.5227301696086
51.083959397977
54.7262911389944
53.8441064886284
48.765312593898
49.0374178644448
52.9526877236669
45.7759331291713
49.1764682649649
48.9841641438536
49.4034046366932
47.8596153088755
50.0337104224663
45.9491183843847
42.707483419656
53.4657013155261
54.6741820683203
51.524645297676
55.1368943698442
55.0101334770067
51.0355270387416
52.658949674213
64.9537665311953
50.179729308402
44.6732362897752
53.5037777692914
49.6967106023116
50.5489893127216
48.4323945099062
49.4045827325131
58.0221690375625
49.8256889308908
50.5205137570581
51.9486289236858
51.0162537586111
52.3553419112177
49.434553843915
52.8222835839692
43.8426378825479
55.0419525196319
46.9243121677761
49.1051823094757
48.6521468978213
44.071901065454
45.1824227414688
46.8978603978802
46.4464947284239
52.8336383091344
56.0312900492666
51.2882209379397
56.1633822890846
50.4811627723467
48.3174177794474
44.4469367823221
50.6326633805371
49.4600646746599
56.5452372064569
49.0146716488412
50.4095002559562
49.0620903058587
47.1795078905439
44.529905242596
55.8414345492321
48.914236089194
47.7150833706364
50.5234474023655
46.7761160035148
58.2676035245436
51.9229394447901
50.4245764183776
47.0230028542984
46.7602915543285
54.7556196507684
49.0293210642292
46.8294285448074
46.974585123781
57.746066242081
50.167701047493
45.966794791288
46.0179659170783
49.1982443741888
47.9120858841412
52.1387845685872
47.7936205431535
53.9875580050647
48.4426677179959
49.6818335006436
51.0257686361109
52.6228147545719
48.1596305814719
50.0718548864448
50.3145128247077
47.2558607345521
50.3731149499562
46.4105283234816
48.5768662475384
50.1866281737719
59.8504332233279
54.003044342779
55.8809224147488
50.9711816574508
48.7873539127359
52.124841367962
57.7686591954897
62.0937399217116
49.1789443468275
50.5266722074555
50.5201659466947
56.1321734861607
48.6174287588479
46.9387669428923
48.4004267977456
45.8719495660407
50.7705894127778
46.0384589980244
49.1734560641158
47.0053935772371
52.5471362310413
51.9932143511108
50.0308276269341
51.7036233998973
49.4442699117843
51.096138465556
47.5934418009618
51.016830286269
47.0250149622549
55.5944668224614
52.4148473350304
55.3549256438228
50.1385348724038
47.5524622273888
44.5351163199736
46.8502908511876
49.891976989594
52.1457748969524
47.5349819137117
45.186890663523
46.9731459996159
46.6650798755273
53.2735626990194
44.2740324858726
48.9469784232071
55.3978320343635
44.3304722448031
51.2843198351425
50.5141723038048
49.5032742049422
60.8628187305712
49.5508202943826
50.3409789605869
46.9981896905382
53.0189605105818
50.2675570730777
47.9298505386675
49.3548564074037
59.849688133733
50.3004209708089
46.8457132266232
45.1706512866331
49.1731671607829
51.9326843317571
53.9487101184152
48.5525393293242
45.6376575112311
47.8110237580013
55.9615437302112
45.5628596252842
56.6677308744498
47.6147700262867
48.1876489222704
51.9970821493359
46.0718246507359
52.6206108603166
52.1641536983371
47.7307473593158
57.0321011777042
48.926593829922
52.2138010093008
50.6211286912441
53.8947125371332
50.233586333115
52.524691700851
51.893778060806
47.1733588058251
48.5192470111655
49.145523003248
55.3342320415197
53.9078630256593
51.2139135313294
51.7756406275683
53.7388665362063
47.3595734564858
46.6195726416417
49.2859419800108
56.2057944927832
49.1686950952211
46.1435833145595
46.7968138702657
58.4267059895294
44.6296671374083
48.5289048185319
54.2853300624898
57.3908451248002
51.2799147153425
48.8239519159079
46.2053911151905
46.5879576898414
57.7544813669867
51.5349590632585
45.6208638045411
59.3292882520088
53.6180964059463
51.2266073737037
48.2522804398721
47.3964340141272
47.2186685577719
55.6770362648267
46.2956079938276
54.4790160084543
55.9223959001408
54.0305526622398
56.4454215476172
61.9629496953208
47.8905108258427
44.3885261533763
45.6671747254785
49.2044430110097
45.013516670597
43.0309506140452
56.2937668532392
48.8817360504724
49.3050185009042
45.2794985668478
54.6201710770146
44.4889769072977
48.8608897001012
46.6576668491295
50.9793711858263
49.7992904205045
59.1285090508077
49.7381245238916
54.3472164660117
52.2709732087789
46.7139667922832
47.5932482509441
59.1741175031457
49.3474180163983
51.6559984529799
49.0516538000774
55.8764806013075
45.3261095849542
59.3486234874587
45.3909085286034
55.5968514928724
46.8465352726992
46.6427162765161
49.6267792283314
44.9004146384033
49.6796402588896
52.4164521879778
53.5105495402559
53.3673789175183
50.1283219057455
45.4694649009989
50.8911444359253
53.1941642453526
45.6896557029344
49.0018510744647
47.6078170126101
51.2579633888389
54.2139597298342
58.8862557230363
47.8392677020465
49.4724636616277
50.2960874120155
47.2396288782168
49.5101556441004
54.1301197655191
50.9194180225649
51.6450200272585
53.4798322179078
51.4562780215494
50.1646546018981
56.035818416254
54.0040090224967
61.3120698860461
45.1610496278495
45.6563441543134
48.4835591059588
49.5879402927737
45.00014207822
46.8911470619779
49.1642960162001
45.8439554809086
50.7040800629607
49.4051487058461
50.7754308672572
46.6890316455562
52.5527943382268
46.7525582970933
51.9933333423877
52.0728747491841
50.6795800120711
51.2869042704625
52.3734049118141
54.1110911041666
52.935929979067
47.725208211716
47.7587909064354
48.6406012622741
49.899085254438
47.8100885011786
50.104419580135
54.1647706538406
51.2423475422613
52.0296406038969
64.025225709203
47.3325969703997
55.6260096868237
45.1440692408121
54.3450289626692
48.8313302747531
45.9727606601212
52.4632747157998
46.193349854582
44.5983888992342
49.7298596034387
46.7163451385016
46.5311243743435
50.0514537701913
44.7812449922312
50.9786575305574
59.0266918440499
51.1584998318802
50.8822763157239
46.3691493355337
53.4470793311301
56.0050238845584
50.1053675135685
45.697254548699
54.8841585099152
48.4959489718297
55.7902909532071
48.0662952588712
53.1052969540849
57.023535013791
58.1248015712871
50.1926934791229
56.0724533035738
46.5594382599099
52.6504067906753
55.1264292515023
54.2546815852369
53.2649137339004
59.8703732360005
49.6935723575491
50.4891409520393
54.0750202392343
51.0394742642014
53.0913433377487
47.2993659106654
64.1483529880631
47.2743361948055
65.8302825761806
48.0046620480612
49.3277725934213
46.7500898452533
51.0502099108857
50.8929080072729
52.1427658812741
46.1919486392912
54.5840053560935
55.8144265600544
45.2595046232526
55.3269736310989
47.3597431351647
47.3683943830605
52.2401618872782
52.6592619382217
57.3546216735578
56.7222869615408
44.0630636827818
44.4201001432861
53.8516022274627
53.5845639111378
49.8932572014381
48.6245632277624
53.5629824489971
49.9453019924587
45.8396847166778
51.2018085339416
49.2864115224823
56.1301445210086
47.9888609284395
50.8544041599947
54.2466847394856
50.1713768394695
48.9077543624861
60.9731106055602
50.4558113072182
54.9986008789968
63.0572006964263
46.92952975482
52.6051884157588
51.1122088974572
52.3357700797615
48.7370370572021
49.7353091754663
53.149396241905
44.6204168463729
45.4186095881911
50.4379140605617
46.0060034779924
64.4923715741524
45.7129093136676
51.186245327574
47.8821882628861
58.746086097655
49.0523648338807
53.4277156334932
48.0355027936656
54.5479623670483
50.6231197837117
49.0416700260247
48.935791956785
53.9927102023584
53.843822450211
50.6404252517355
45.0328307686995
49.509897484524
47.9358625442965
50.0340289296231
57.1512986754975
52.1469973534386
51.3709581585278
48.9956862983969
51.8570665305246
54.1570253136117
45.9239897428737
57.7129240319533
52.9934811098465
48.3901054833955
49.7675095974983
51.8620139426457
47.0178529925868
54.3096800262069
46.7408583898508
52.6950424938579
46.839342125321
57.4839861507747
51.4923417863678
63.9523499323363
50.2137463828256
60.4806850772494
49.5990471066726
53.7042894983805
49.7582893175924
48.5554902723312
45.9856264234838
51.4978041608325
50.355637295828
50.7629039989802
55.0958374668558
48.8708517907591
50.7521003518951
47.6266290428755
54.5422019386271
65.0690788011523
48.7532014484193
47.2705964206071
53.0494065700489
54.5195821654053
50.1059193664391
51.3915218421714
49.5169075364107
49.3867731133374
48.5810623027782
50.6584413312793
52.3626153982611
50.7114059088919
53.7534155848097
49.5276152136456
53.0602908512229
54.5686799460388
47.4426551866892
63.8570844846914
52.5510816872986
50.3936279761395
46.6633117151608
54.8788506572249
53.8545833169022
50.9170180223019
59.2076789485257
47.0954691561763
46.8881402069775
46.6080787032523
44.6999838087781
50.0911771478962
44.9608625901447
52.6163868713074
49.1022097872868
48.1193442590729
46.433711871724
55.9122957783598
50.6984632157504
53.3084829984115
55.2689226382374
48.5646580630305
47.4228501431241
50.7138456059538
49.5452688162033
54.668590159048
46.6627421948694
50.5041141578291
51.0508050525694
54.3319252115304
57.0660602527726
48.269486447091
47.4745550349793
50.8901054459194
52.3066375594259
48.3618742842924
52.3100971561
45.1308273913253
49.1265318652919
54.2978944396878
47.647252195175
44.9148833157113
52.4097584130577
51.2598969248435
50.3788660409788
52.6569263294348
51.46504150803
46.4867475530281
54.0276995136038
50.0072550952704
48.9015828710033
49.577324834461
48.5892052788929
56.5152397547715
50.922432028303
51.7015944607958
48.656042062336
62.7141607237285
48.9284943097581
49.2772383179049
51.9139722218224
45.9320843234802
54.723278587513
50.4117715208565
51.9613490525782
52.3334782005759
42.2206085859419
44.5709794101405
57.8257489985451
50.7058682647259
46.6575151148197
45.16332526178
57.8478136892066
47.171085563909
48.2192083027405
50.9621833242085
46.0342368803706
46.2991615831041
54.655547440892
49.8903406586567
50.9261232443725
52.1863975335646
46.9421483372615
52.2380626605116
49.9288683749229
49.6418657588087
52.9213523076892
49.4629659879631
48.9692157991981
52.8566831437488
48.594382871483
44.7087382398791
49.593923452254
51.3516090731623
55.2892201164012
45.4280125189242
49.5249616504303
47.2729551453037
47.7862493732221
53.5212788901393
47.1616838756783
51.3953624641889
66.9378654935366
48.0563871193569
50.6826886939449
51.3517402601498
50.0351819884049
60.8351647882113
50.8140918478846
44.2941218036514
49.1169204093389
61.775047359376
48.5412238337001
48.4705726076838
44.3675875954755
45.563257036705
49.6396188333948
54.2781786669706
44.6964017748199
44.5501923028795
46.6414773367406
50.2258402598897
52.5001882331414
51.9904463108072
46.8286242713759
52.1497278071041
52.4586976949664
51.1766761270518
52.1728655319351
49.9862752741703
51.5048151333841
49.1359854062319
52.6384126258454
54.870929386412
50.7227761190757
49.2484236877082
48.1921206221733
54.6690604894548
51.6098727937958
53.0894455708077
47.4766640904132
46.8063644362473
48.9132203365843
54.6723747753317
53.2576624239397
