0.569792706637473
0.566499641157753
1.13567781387396
0.484176743353862
0.781016387811461
0.39537910581881
1.00414969021589
0.625985305486213
0.257001931912181
0.705540469939169
0.867909331321703
0.55951306793189
0.824622971430769
0.765231645068795
0.845913040202898
2.17334968915666
0.573936494002636
0.777568335577012
0.993972510393547
0.630710607477609
0.587850024789115
0.88303026509009
0.942888719458276
0.533597246700482
0.696314083853231
0.97839616772903
0.718781516506151
0.912105584618694
1.67000455858299
0.965920890224846
1.1016863487558
0.584935551769137
0.749180449716366
0.260336323919478
0.946928655227456
0.382335258916691
0.426862988637675
0.675170445594341
0.590874916159598
0.819151325643712
0.467419942503215
0.901573899539195
1.26791890673191
1.17103529698352
1.25507156820798
0.380041315174124
1.09163820406554
1.44854395999711
1.53727917861929
0.8168510541029
0.646374115363025
0.395653919080936
0.573932061490022
0.39250980149096
0.552295505264792
0.651653811654863
0.67549036612818
0.591135520779731
0.894634778900304
0.770414354080325
1.00434970169539
0.392950516565981
0.671953521212775
0.362254067583714
0.869188886557691
0.442747872070376
1.03575650188047
0.740973616039372
0.439283354585618
1.11923757530317
0.454747765250622
0.460054045020312
0.895273335658084
0.394499206890884
0.40003829654957
0.882096438228257
0.513233683249517
0.331246130301088
0.821093636493345
0.375886426782918
0.978026286220658
0.617053896250844
0.788479970548801
0.208672253463637
0.387126170394881
0.402135475672543
0.603482220686199
0.818339319531456
0.856472013011616
0.585748281186526
1.03692070959488
0.525023388849893
0.602580738340426
0.391898618126438
0.568626045110379
0.857897600469477
0.78881899788071
0.360070926284852
0.90929621471257
0.854726143666893
0.410669616052372
0.369740747136905
0.565700205852069
0.62028090914559
0.714360372696469
0.436157580318254
0.555210182197654
0.707112248812101
0.746253328302763
0.484048827701085
0.810546523992603
0.75402592944089
0.708249274343499
0.56689491695015
0.51859715348773
0.855495803018979
1.27196646350137
0.811305572340833
0.627302050136501
0.521856605037552
0.599220623592213
0.574310337985759
0.488719908365912
0.594064282372443
0.661070126951433
0.765909447614089
0.718518628698371
1.88750491295609
0.607299207152589
0.313542452298947
1.50575087196721
0.436756705286285
1.12151203426582
0.518716505907657
0.614209738106103
0.82892362797328
0.910135392140281
0.636202394943106
0.808971762753209
0.326699804778163
0.757991947126811
1.05567315689853
0.693029797892331
1.03354152683158
1.24207320542834
0.632913991216769
0.633958152559696
1.48786357141691
0.963510784309138
0.857810430658558
0.768889598703193
0.159371724179941
0.460458780411485
0.550955358466682
0.634915888405232
0.731326778160634
0.72062113236737
0.536624999083907
1.33040590128458
0.560508489554808
0.52212765320947
0.780356464680737
0.665338213418781
0.813634263907007
0.476902066443771
0.997321103892611
0.835721891699843
0.529457324287044
0.261690143968358
1.1389995859092
0.482907361196256
0.57433604147049
0.675334810720578
0.607613642320379
1.32098993776713
0.612332709186167
0.686007411280611
0.855290691963045
0.719810589462478
0.562507059349885
0.778788430253975
0.648514188204161
0.615093017587363
0.311125526536943
0.617629602980226
0.713839278338545
0.847297003809493
0.61401902097873
0.648468064763723
0.772557074432338
0.574489804220452
0.478077664340715
0.930339290968655
0.68425452868362
0.927262942880355
0.665029896381117
0.367037444554794
1.00547748834824
0.301928989088258
0.570077304631987
1.75624900829955
0.756351481700346
0.66825720985477
0.345205587580068
1.44461580095739
1.2332303554277
0.787365860092678
0.688115233208125
0.499065133808381
0.693739522602598
0.779930648003545
0.740930565434869
0.513147101163832
0.505806649059779
0.646037076644155
0.814435887316142
0.389163331711649
0.959100239433304
0.703928213954329
0.889050222664535
0.61656326169026
0.79257394897929
0.959711669918361
1.05081454440906
0.415574296196003
0.371166380268215
0.425954497276787
1.11489897808788
0.794039174358918
1.01567669841713
1.01642097878933
0.938144558366499
0.420369509220153
0.585599876926969
0.357015110768877
0.523074082364306
0.854025366201313
1.26249782991908
1.58080539334429
0.803298574207462
0.517555295445462
0.484122597424185
0.801746040482304
0.524274506486804
1.82185136671144
0.513976251766854
0.466131512337729
0.537661713953287
0.758694464968005
0.312033921063153
0.681807025640348
0.635612817282512
0.717593333010468
0.711239657639547
0.519634976508374
0.327235321468524
1.01980218164457
0.633761373555294
1.0383142150593
0.751143406136625
1.12996253682814
0.514814131412123
0.534991025624342
0.377469074427845
0.518073478057778
0.455419672295378
0.491118252206942
0.875234886010754
0.570044042467451
0.576410104722195
0.781694108015554
0.581958023788932
0.435659859848311
1.21600668330681
0.666645655873203
0.621201152052385
0.589500552474499
0.677749663000375
0.743011498076785
0.673501612633934
0.711768498277079
0.242046453983249
2.00506703758536
1.16138376558708
0.503367305454662
0.778035774375656
0.566625439510201
0.716686346232134
0.782806120878115
1.88123463776061
0.613864695733512
0.679922154445135
0.876551626259495
0.249150550217214
0.909214639052341
0.785472242107018
0.437077549286476
0.4469064112361
1.17226960368063
0.651072887625954
0.612502491674282
0.621717115368525
0.685484927245734
0.851267633022383
0.39870032574512
0.817563280155145
0.738211005679127
0.548465283638833
0.721450601355511
0.652181640020825
0.403562003193253
1.51453448448707
0.564466946999511
0.454525309968017
0.808522351811824
0.46846186078626
0.784474967496021
0.695012069060288
0.925965981249218
1.10450224160244
0.830943729330266
0.761041759871157
0.436377511506118
1.41510971916578
1.22820752736822
0.437716847546254
0.582102802918094
0.746942339731021
1.19001391137899
0.882298521827268
1.21772103296266
0.573252032656133
0.597070123127202
2.59316535825765
0.854721360562798
0.898815633971201
0.818325813678923
0.469284730757879
0.325195884327122
0.388961121180633
0.822899580859932
1.05334678575391
0.843026128038936
0.871115256128654
1.73658670732843
0.430687004929271
0.804946230074644
0.907093666523376
0.669037267882137
0.358763378385516
0.767352499285606
0.521069442757749
0.306738639825282
0.306167273159338
2.59067844903221
0.53088257587046
0.367620663868479
0.599539597960264
2.47572601629009
0.60963711232346
0.553251727837052
0.510092257256409
0.563814923188273
0.702881390591727
0.724926937272138
0.733320129920815
0.688538449145541
1.33497697595132
1.33622433353103
1.08895138950294
0.593531632980536
0.372521613659672
0.470909714432324
0.862222244521714
0.528066377868295
0.367955179206236
0.780362045445502
0.898729734316281
0.990194067401755
0.918245550633985
0.625351715635936
1.21020051083135
0.585321041262239
0.81610947881458
1.04051341475038
0.420409366303786
0.732121702660113
0.843932993902573
0.711070614225273
0.771484847626703
0.703431197256946
1.06227122632902
0.579665747910726
0.860058040987075
0.373958435766828
1.29025549207396
0.560265146221857
0.893645981445918
0.662324305796266
0.606749465658954
0.413291162680907
1.04329049500524
1.98153923479134
0.505650252281667
1.11137165770992
0.977007681718112
0.973964223396892
0.718342363396694
1.30174640752279
0.373036760563878
0.408973778078455
1.28328905473858
0.436944599135448
0.808740780819749
0.713873601807867
0.477802173869412
1.22506966218938
0.536080934524362
1.27690189844824
0.697400630249886
1.34000990448249
0.526235223940898
0.715179247362756
0.673291727010447
0.76332503113816
1.57401437318699
0.514076115650386
0.464398124332632
0.59140923174278
1.32081088665011
0.450808005335047
0.481077676562295
0.525863094781097
0.741911929051014
0.540473878523967
0.454402058913178
0.802655295727699
0.625274493726465
2.16821131481641
0.48624888850123
0.249347375457884
0.790894281675617
0.888323158409202
0.46661628254551
1.23802013191065
1.80182627696068
0.365381122460689
1.39085335612953
0.466652678447063
0.305516878308111
0.636153458770008
0.36372928573544
0.904152145986275
0.831962553543808
0.68276463463438
0.477535539562979
0.618334853994936
0.378415543742037
0.758523998639554
0.801078097728996
0.52814855008046
0.472823200147898
0.742702507342993
1.18970238882622
0.605235408057989
1.84201140949544
0.803569562365936
0.580339346555708
0.975187350258634
0.536064218884276
0.709373269153325
1.68580202389567
1.43382182866312
1.52322412014733
0.572330905634522
0.372055874515013
0.852453245146143
0.630651784139464
0.263897811928509
1.40177766207501
1.6625088693805
0.637767872111848
1.34449069469384
0.68466988082385
0.271473528005511
0.475503894382248
0.616882154135747
0.521938771420108
0.921427508959775
0.561980579185165
0.410205499947981
0.604891032122503
0.987359127418445
0.250316799504725
0.613535468562388
0.71497520796678
0.863816954236368
0.608017065492486
0.441473326266864
0.546129068164601
0.570786965404725
0.721708422845086
0.493687454143264
0.804104406687517
1.10047955061396
0.99587976633097
1.50500760145756
0.696288909319186
0.496136017189201
0.92592602468699
1.13420431957136
0.273396242197201
0.858947560646376
0.784681813043078
0.645181450922739
0.610237797041758
0.868304173376368
1.51986897680721
0.457962941225484
0.863305046682682
0.666506531195879
0.195305343656149
1.10515543709094
0.590981639370072
0.202120505898173
0.47816198956139
1.17584238881257
0.446438233242728
0.853935362695504
0.789682720622599
0.760473163121767
0.375845565722197
0.519618115162892
0.419129487923205
0.673891131093923
0.42684402249375
1.59070109495913
0.603703958979526
0.842734331026292
0.520785256186005
0.798073519384023
0.601941287455515
0.779276899796647
1.13189225526893
0.503059257600561
0.689914171933208
1.06617236095379
0.851648516430298
0.485657486646572
0.373777778987718
0.664671658681168
0.324393537206161
0.423281189129764
0.421402002774332
0.464294919211816
0.489427422339941
2.12643355056179
1.50719863538803
0.647503439997293
3.33257450606058
0.938058056421449
1.19308685931393
1.18514852070193
1.20243413009747
0.459088149829465
0.436689633065538
0.468476941989666
0.465842261449923
1.00207080930732
1.37565136302215
0.422965945193842
1.07119713248916
0.377209670620887
0.875811448697969
1.91324435153575
0.774708529806261
0.692457208099665
0.816500036321272
0.389340602821816
0.552537138029231
2.43009839595879
0.390073411117362
2.6816636115718
1.13959355091013
0.464356873543643
1.4110426095643
0.391957215124147
0.980245120659421
1.01206408091372
1.20866820639022
0.541993083517682
0.312872586911209
0.648266075926886
0.518458210140741
0.434742507224443
0.761994405861397
0.693422274006905
0.986304227244339
0.796609393182107
0.702857361309279
1.08026380072374
0.660555887808483
1.04099546646294
0.566853968730113
0.598303005646158
0.763861779638327
2.25066731013623
0.295699861565755
0.602233468819309
0.385378705643016
1.09679832876257
0.837767002839452
1.28803499220351
1.18644528856011
0.887693735687627
0.863400119676153
0.272251355324469
0.411937734253269
0.472198060265071
0.835172137614043
0.464514201177334
1.37253979146063
0.734077332369135
0.481983148254955
0.78799147821651
0.974882828230692
1.07490672172103
0.905389363332652
1.06344726409129
0.542840759321227
0.296342633004944
0.88907840292436
0.80035530666682
0.537244571146958
0.638586345529665
0.488488898619668
1.13381951654054
0.502936494956225
0.682879831401143
1.34383444694317
1.46465097281333
1.03196240992504
0.370843092662864
0.274089911766967
0.525851084946978
0.762599033889143
0.759827912152708
1.01105611385734
0.594007330613408
0.62379277439867
0.934237077522487
0.627133140453237
1.09567863461926
0.413754135992196
0.614847435725167
0.56597035387869
0.533946815875757
0.816540731534319
0.336914919334777
0.44523270259713
0.301497817984576
0.642875672074063
0.373761088799296
0.594440546815116
0.414123429325038
0.382836309208358
0.849804046519925
0.470275021267668
0.941192168037012
0.932961235753698
1.40639050212086
1.14877754540598
1.98387704634888
1.19623334495654
0.518836213164488
0.436091416338511
1.01996328193403
0.430579344577046
0.68188753501798
0.459065824011988
0.883699485892727
0.518669569036306
1.69541400698541
0.872051772098718
0.634531671533323
0.875106321237445
0.813234299142761
0.629148977912907
1.05676220216175
0.247840446598473
0.804873781973187
0.626067319173419
0.602886609299874
0.500147828621904
0.51005353225397
0.439542156724164
1.0536633864409
1.00453929348384
1.57286235941252
0.561400524306423
0.337496524138683
0.531052403101675
0.698823667840408
0.636577119897189
0.71754708183783
0.623508107805919
0.503471879602775
0.439142409818931
0.678897767845749
1.08349694307977
1.07270282260222
0.554426288346147
0.637263893941127
0.759913959095617
0.801190388155981
0.48042130533234
0.426104267273853
0.4600236284219
0.578931084616505
1.64027475729192
1.98326921412328
0.941785175454663
0.562145966339354
1.06194955191354
1.46095857824053
0.429585897262917
0.488995790140432
0.294537003977079
0.492947736019782
0.303766499807927
0.483694608486435
0.699135821088805
0.42733430695944
0.46826693813114
1.47958217877706
0.835244640676177
0.375579239718163
0.356603996187543
0.718522155521295
0.734081858951578
0.538707230557571
0.812938612580486
0.746828923926592
1.34679739502248
0.629947271394268
1.20786227599934
0.760887345536815
0.695782978372412
0.500056366487712
0.45298524624822
1.8348536553026
0.689044404977217
0.576557084759036
0.59427932461338
1.22068294287783
0.0713602726827123
0.481067867279844
0.828419129266448
0.764944023952607
0.737726593284834
1.18244417863594
0.378953875684771
0.337757823836237
0.513099762660695
0.656894223554434
1.18844309856837
1.14717833826138
1.14899011105987
0.576260170044315
1.48893987198239
0.513520600765143
0.132202996523186
1.23317295045854
0.430638381037395
0.728417496213453
0.705345909044841
1.72569550980507
0.502565228063674
0.916041061714595
1.25135886938468
1.39980642879899
1.77124149882024
0.579368956093948
0.42217236081955
0.624765854084314
0.622176516135033
3.00494663226647
0.909095787610683
0.968081834501879
0.434873766715076
0.682152234382391
0.534010792359675
0.581472134621375
0.556773180692981
0.400332693472228
1.19932868500542
0.723437339012223
0.854685773902838
0.462535464110235
1.37565327626834
0.807621201992394
0.447703579368903
0.550936966527754
0.690471665590713
0.533458592344532
1.13164836374089
0.472475613521598
0.553779127396925
0.84765416829269
0.187137871646647
0.525336379079491
0.43798991862135
0.692251079110427
0.324369526088152
0.6725303671181
0.671565762993409
0.503732701874331
1.55007845601849
0.63547053210875
0.818936807232779
1.03453797418918
1.21822665172084
0.519254670007214
0.693736344906903
0.459112592953371
1.12947970852879
0.452030668676427
0.72995180538807
1.00779003504306
0.752124917872789
0.831898493047494
0.57718362958649
0.763582596325411
1.10090556661208
1.41581742778134
1.13719491095929
0.904197668828953
0.573058689632447
0.738899916478182
0.281913745831956
1.45690222855035
0.468933588730687
0.703979210943857
0.650976486897021
1.10260204877547
0.725656076492632
0.669091673964267
0.545994910822996
0.687101132207929
0.780346687004093
0.362685020315667
0.672807040508786
1.24939189695399
0.457733271319102
0.692447122214067
1.20616375604618
0.340849379555056
0.673108282060895
0.859123584108535
0.626091613643617
0.511165741321357
0.473668886002983
0.965776716440759
0.70332108109509
0.812412447624452
0.447706512910776
0.458721058208586
0.958826558436373
0.585758970249267
1.53232958109671
0.904782365040936
1.15836006596518
0.536998596242708
0.703351737406513
2.0412948334788
0.723605071846783
1.33776702686243
0.450577221805919
0.733710414884728
0.686459570875397
0.578407900323355
0.754753580187777
0.979037870532565
0.977523465348837
0.291270135585154
0.634557590191001
0.805451166439918
0.427976926456897
0.882198596351199
1.36886754948732
1.02634571962311
0.856608104837115
1.22643017923053
0.671159154577462
0.541383494690128
1.43455031507769
0.455310584094078
0.596858716589931
0.531325119075495
1.96617938905894
0.652957073165203
1.85258823184979
0.785019106702687
0.376929377339529
0.774961600443036
0.624207564514962
0.61285229184384
0.985502094781437
0.747499868000912
0.347058593142382
0.511096392943284
0.803064841185645
0.432147015338763
0.872773573977363
0.647165550577263
0.882527888729499
0.833868654429364
1.06292869066495
0.638119419435099
0.666491640766639
0.580850974914265
0.589912557419905
1.45703902638786
0.647318345983188
1.13006000501891
1.06352907580942
0.318308705924758
1.32811203533954
1.12469303229745
0.519285551808039
0.604557291457559
0.464537020922322
1.00950214107228
0.954767605607959
0.761688153265438
0.882094263944893
0.687464911319503
0.822453560116774
0.882209399507644
0.356940953921142
1.3382208031398
0.584559205237759
0.687332019273886
0.63525308100327
0.666542547826144
1.15019287925735
0.334514792328198
0.960707192459426
0.445971614944488
0.598150347601615
0.909846077481468
0.620025270437831
0.314068595221914
0.64064650457651
0.650472792974488
0.946778233264679
0.461852052200949
0.654355624191681
0.253258105706907
0.758865366533835
0.611794227571898
1.80702410564445
0.31181352501529
0.55104837973976
0.760216339734386
0.390532364003513
1.0032814561171
0.500623304296125
0.577748533313061
0.428229242198182
0.839124446533405
0.967812182135902
0.546769661317406
0.746052415032193
0.834266454690521
0.356109589500808
0.603475187984252
0.713803759088424
1.09575183540672
0.588685582735123
1.26514271946956
0.829380420119296
0.322162438332098
1.03950011025985
0.418728325855906
0.249888308943716
0.564579401247262
0.545353335829362
0.880415000626726
0.811371861133184
0.967100545217711
0.398571876651311
0.851898373863676
0.564371793252333
0.859336007375808
0.589653804927685
0.574782451401632
0.438559005676847
0.439315194083441
0.467451181011987
0.840949085035802
0.708422031148383
0.663316010937896
0.358442772827923
0.698178456192539
0.735505503695751
0.848154752518639
0.825349817725173
0.539004138180786
0.425927953090414
1.00028078511399
0.572578652448106
0.797140382227772
0.722568831640013
0.492885163047177
0.538394608869161
0.470633481250418
0.772844016565651
0.855629461583501
0.356114066309482
0.808574282673056
0.563129933819304
0.606187002255665
0.701175156470107
0.863136329190583
0.21702052662704
1.05617335259069
0.663901834888631
0.425875647124133
1.23333779047208
0.33098028065891
1.14262859420976
0.951693559102879
0.764526584942074
0.422074718866034
0.539124184299977
0.564355923346557
0.417356196527621
1.21386979418142
0.767608582583446
0.515820404794794
0.309608784304993
0.777104490333909
0.667153681375698
0.760730522257512
0.364933532182063
0.65429947290128
0.857873579722905
0.558787118631551
1.06102580269664
0.559129554536475
0.310306088804363
0.897289806742996
1.7420670178875
0.579684473205059
0.614991358838499
0.83844689575491
1.13328381640446
1.2469972510211
0.481258956566986
1.07818208882031
0.392537857052953
0.848596294757378
0.976749626422999
0.46531794561198
0.437679949140556
0.494535475330201
0.573866844545083
0.691757225461954
1.12049688395281
0.326811320841181
0.92888178152397
0.343208166635094
0.520617393780988
0.861714766079657
0.410364282387338
0.84176541368341
0.563399744276319
0.805448226162033
0.44979215814061
0.31961422878488
0.58165539451943
0.766023922885891
0.674719579928602
0.707248186147739
0.360635521934993
0.305211428410683
0.994480488661598
0.548604544637635
0.420000370269357
0.538258356445235
0.808884658785634
0.590462329420024
0.641386776896912
0.400915872817398
1.07835126662008
0.666874383400403
0.843044890436037
1.07384324044304
0.430391737792216
1.14007664802746
0.44175696358755
0.95858854008322
0.394999067153018
0.290296548411732
0.480598939516668
0.67957796778252
0.658215779487707
1.12128106112197
0.516236208876812
0.281461834972759
1.35007448263982
0.259283795564307
0.734218699469958
0.526327510669694
0.552994869951212
0.885500418153088
0.328073431468932
0.962544608042234
0.725947853513347
0.414565725010201
0.508820554188217
1.1223130288926
0.447527112596752
0.41251740059463
0.304157432809244
0.385751751970645
0.556018793031229
0.67555912830922
0.520137282596693
0.787345628019936
1.16638668273486
0.904485357387784
0.518196679680695
1.39727565615263
0.898284847400589
0.535015941632104
0.492641690288062
1.38718394210612
1.39540088625609
0.574699411661987
0.72999958080027
0.725980983674674
1.23603989060397
0.727898857212101
0.297027701819918
0.622276481144538
0.837708231375413
0.829480277190926
0.708332673282597
0.483292992000817
0.436017572690975
0.604856475963484
0.429003869471097
0.383450699751748
0.426985999974536
0.646438148085729
0.426606325267205
0.407938391138411
0.366175456713625
0.663303967063997
0.933514777918909
0.254267611466142
0.509959352234563
0.55866091379069
0.564893751590379
0.569142253322989
0.58117946163643
1.00607753209333
0.597118555439488
0.800752491428213
0.67196220656105
0.664389368397979
0.513028053879427
0.315441138916142
0.53471226326308
0.718301464812163
0.617276186257569
0.636124554502858
0.794452886277438
1.14581146310436
0.588573415265518
0.673181559301911
0.794513278133911
0.920387339898725
0.539830895334727
1.01745359523296
0.528908037977147
0.621886676982467
0.609345043230768
0.554326912763323
1.16740320561114
0.277677988746846
0.440115582891672
1.07112288120476
1.43095605817055
1.30149351015433
1.80375253575619
0.792014175336501
0.510981296119761
0.614348588320221
0.628587919529011
0.388183674254664
0.753270953162671
0.456024889676018
1.10102157992157
0.409803824793827
0.54197021812012
0.87184387090697
0.979786159789111
0.615669598311789
1.22984902611271
1.02621479896939
0.328756416506557
0.905050435209463
0.449904626388043
0.501175681928545
0.365259001849716
0.483226338168303
0.526480210649256
0.5233478535014
0.832818845113524
0.945061470190718
0.568501632732595
0.58245715181438
0.566726635514846
0.918220436675116
0.393681698344159
0.530688768968355
1.32082891359373
1.24808273133164
0.584874320638681
1.41578563356022
0.652111350587271
0.90398050561929
1.11464103218827
0.577638941978754
0.475288761601525
1.12484803149449
0.942439919672552
1.48767459444828
0.428112428857796
0.464376518511713
0.72905240878253
0.691555854173423
0.975189547438003
0.484848614654381
0.422091546604776
0.144841373061946
0.428852551091019
0.734956804253951
0.910183335474622
0.34360079824965
0.721498833413476
0.568377784849795
0.269569382722872
0.614863054022173
0.435242433753112
0.421831624688501
0.948081078367939
1.75322636999809
0.686918888958119
0.963597421140839
1.0313519938362
0.464532878796594
0.775004173804536
0.833266385064217
0.743675998349517
1.02555172174654
0.588571259539107
0.541571348398877
0.947100963885512
0.793200431392055
0.393820958577312
0.602488037305381
0.916076172882429
0.678595505421389
0.505964479100364
1.1705677442894
0.94450729584082
0.410623339843464
0.701599249639389
0.418835975204161
0.7178816753399
0.444814223096619
0.531821447096161
0.675955373818868
0.479170994996189
0.428638487880762
1.12798898024722
0.986058901079867
0.683044361693786
0.466174116280292
0.576459864390633
0.745379194946139
1.20365261571186
0.924622601879492
0.672140451521346
0.364746989575085
0.705825893047326
0.798582858368429
0.577884781339273
1.19989844238421
0.786769157243091
0.494308815184838
0.616301783870719
0.906346569800388
1.29993585346497
0.568416106113372
0.919516248410208
0.629788974034995
0.400821336304096
1.00373085127144
1.44798305368713
0.852419210356884
0.550302262358871
0.822004296571357
1.0051773376534
1.96522078869848
0.575813395244898
0.915548979131262
1.0530248171931
1.24926976758093
0.862196198059942
0.573026245568044
0.71568165328677
0.572528352624588
0.613891903434938
1.15983105746746
0.753419231315352
0.887101505812874
0.519457779419592
0.912559585624245
0.293071947272705
0.334607865540751
0.413665970601867
1.11270554027034
0.545779523259369
0.562992855258763
0.484791635578818
0.501528014965109
0.404505070605034
1.39368203491971
0.658434748405453
0.542009571401225
0.551138411471942
0.558820884344117
0.909498097276109
0.663052067871226
0.78260192244435
0.569371145457831
0.790961719902335
0.77038825361
0.439404143861866
0.32253092325405
0.980245944934187
0.399383830576562
1.72269328616038
2.38941485162332
1.59264536837938
0.772283535118011
0.784812979742732
0.34497347755808
0.847077309519531
0.648963265265565
0.977988471410398
0.633435038434673
0.287260045104204
0.754274588983852
0.615741266358699
0.585566148365006
0.600941992099577
0.911517467457047
0.393700908309576
0.581282564352631
0.373586130921936
0.763318885324826
0.867860628572804
0.948155728510601
0.340910165879099
0.802976828444413
0.472048790962417
0.337882041813731
0.894611443811206
0.928343886719527
0.348858695302705
0.875069631343942
0.345876992471779
0.382254106244392
0.314166099897344
1.87616995365806
0.749456575567309
1.00315217259704
0.530245889905905
0.836967221677835
1.10441985731175
0.653701230701599
0.701882011955959
0.595603544841544
0.653102191520794
0.745880919744761
0.628521572702301
1.38112930100536
0.411882363996112
0.345984338255382
0.69252753566755
1.25039104934467
0.272676664511771
0.435760833822685
0.483183134981399
1.08564702765208
0.282621814995889
0.745987645530282
0.842246016513584
0.685860341045968
1.48024377356971
0.508615075343783
0.502506088635598
0.727656847257181
0.629991800239872
0.361641845131237
0.510674217523781
0.591719177585002
0.493631703834583
0.686377868192468
0.493482080103192
0.336033816473674
0.761078683830106
0.363112205304569
0.91130981406862
0.808141287309819
0.262763035365549
0.455297091294748
0.928465566476865
0.622347858644172
0.989055789216391
0.444274308378291
0.679167160387513
0.575320970388458
0.483787338380775
1.18271587837685
0.943885390712253
0.606056746191087
0.939367359385326
0.797774830162676
0.747966314085124
0.34662088463721
0.407026777039658
0.962557791186968
0.379874229129435
0.419063490098385
0.229929104402723
0.802866236187068
0.33109868785587
0.994170725757648
0.287418934441559
0.575227495421094
0.49191597470721
0.572057089842724
0.602765903582142
0.610966959704034
0.432313101777584
0.943948710736638
0.456340324735173
1.1564791015796
0.39635419910123
0.801118960173186
0.702935523467117
0.68640482065751
1.46359928833658
0.628832096879989
0.751869225689874
0.550790862659694
0.745730796916123
0.908031507885804
0.648453648828646
0.377977969568443
0.760176097973553
1.5416000576782
0.52162176988327
0.492702221198309
0.596115009713956
0.489902759012116
0.819111399034957
0.716610579124054
0.723958749481363
0.421335693496005
0.812583526989001
0.604171710604611
0.937122750756147
0.604843941662383
0.636242620206852
0.550799642039788
0.548610801432586
0.346536620588836
0.457895352438801
0.866097749740438
0.510535480103087
0.868249920058326
0.546887146620886
0.820642971831739
0.795971786321913
1.07585363768964
0.799043244639411
0.996266408016682
1.07926650494376
0.811118810677313
0.607812329899436
0.654443310365965
0.817257067084219
0.51168245861294
0.638404461742369
0.550971392796027
0.674925849238726
0.615313847734396
0.933493913307976
0.624525491972935
0.873457242903304
0.67867868408267
1.15135024043578
0.559032720291099
0.390283885804105
0.550302118656151
0.306732523289191
0.459419836111943
0.690160404424194
0.76101440874863
0.638430509057605
1.12284330489293
0.857441715455388
0.874207482963316
0.656246071337242
0.935357774900669
0.699297193618115
0.935271324279287
0.329923394353214
1.50071151573638
0.855934298450256
0.706541379625025
1.67462600585064
0.527404097389406
1.64951960214258
1.05395587045494
0.717860933413525
0.698814430444085
0.724617059877022
0.626757832053876
1.21302682030905
0.612252878709234
0.537609159462248
1.13666193825127
0.452598597816796
0.687542830053978
0.583248163269749
0.472882404220556
0.658534031025145
1.06562797271357
0.860066222163204
0.73844119414784
0.605028036038025
0.81951901296753
0.706570039570642
0.586350369280011
0.57207699955352
0.381284710700628
0.324225637432243
0.63212116160238
0.417375906893313
0.657906561057497
0.51523104350328
1.28403055536172
0.743536140975108
0.664106029670736
0.505325610958355
0.516115387184785
0.438935966531819
0.656070585032023
1.02750058536813
0.731579848897629
0.403192020455528
0.954361541140243
0.491401557173385
0.823989153409836
0.68592589618313
0.731823775734173
0.33916763066408
1.1831703393453
0.941801175526352
0.67529454054897
0.660552495918331
1.00841164840549
0.58323964205465
0.679194756526267
1.02637926323997
0.652811780397651
0.472915934519767
0.628945612111085
1.33105712546066
2.12427425725145
0.354180230004522
0.497845582103607
0.943013028284799
0.493957873063572
0.71756312455092
0.607035819435486
0.81889988672617
0.490901815386477
0.508402389258807
0.317375666928031
0.667464110336109
0.84975146051512
0.63661155436519
0.319895150597003
0.933734661166602
0.447150627288542
0.498603022012167
0.567380210963208
0.415953358094577
0.47042174596484
0.817727980696539
0.857865294815525
1.2048490174527
0.619717407946721
1.26577059286525
0.866630906637909
0.711248449975285
0.544957296901015
0.475519736808833
0.712995783042329
1.03573226698785
0.776872463241002
1.41810276809833
2.3494309502872
0.907169174139635
0.56375056699551
0.488987975078814
0.653054884022918
0.421843422481032
0.631779789663584
0.833194357563294
0.675781198838358
0.379173020422231
0.575846613572241
0.710007336218879
1.31663706717756
1.07634443974115
0.933915183346698
1.47411358771485
1.10451045588587
1.26782792593371
0.434976743258258
1.28852013475473
0.847443859098094
1.22500918864197
1.08874568935533
0.696957899153658
0.757410780691842
0.785004737269167
0.82435394797595
0.369510880491559
0.513756584029915
0.883035779163162
0.430365295336457
0.519722319448081
1.05333104103946
0.935567454774135
0.499030943893677
0.547798209502679
0.314906122929909
0.428618006595475
0.466607565137413
0.522552628024446
0.588202821661164
0.637137759369704
0.559635967281928
0.631448083344844
0.902435315255746
1.51660549342802
0.611440147247471
0.370517324892795
0.38004755711042
0.608303176758736
0.90772400177617
1.71957943531999
0.947922447322687
0.708153474733064
1.05120809410117
1.03131419295316
0.762625711807707
0.634128834232838
0.736574424977099
1.34303889341169
0.611799132774966
0.249623938288277
0.87811155130753
0.299761902294301
0.228853673480837
0.870444307406847
0.330695002951831
0.468663749697845
0.344279054594065
0.832354117156349
1.03115888469972
1.70577417720447
0.492982067816198
0.570943093959531
0.270983543607189
0.961898945505064
0.604364437624212
0.91231339575978
0.288728986082982
0.619576287111283
0.461277166705066
0.526840128371997
0.72725609824263
0.74927212305614
0.96569297188737
0.645236372342564
0.571150656712474
0.658893434548997
0.427167380592284
0.507121937427651
0.440139481548692
0.534872651197317
0.624756958099853
0.452120675716982
0.373926378387992
0.558804284529006
0.587457665885953
1.07310020915765
1.33550037196014
1.12864065587209
0.932293991659128
0.780288995324156
1.20994711656473
0.170513280244677
0.531412608626446
0.626607323932794
0.68188175575189
1.33941255069162
0.662202935263343
1.45241363686874
1.12722293640045
0.802804532567784
1.0865602949266
0.998216482136752
1.27522464288709
0.863645114000308
1.02559112412448
0.530848142500239
0.455993191376009
0.591902471715875
0.175786640415878
0.838147522277061
0.466907036666614
1.08560505315549
1.2757101663747
1.01839600977591
0.5624665695566
0.434505159265086
0.54323037497163
0.801352944241367
0.734881145252323
0.342278765386808
0.458680033799431
1.24448749650964
0.542388989616068
0.387452567187516
0.500697446351871
0.687923555599663
0.276186002846309
0.383963103829065
1.31665928388623
0.622180061507648
0.826265565288037
0.84090019178412
0.655178290018784
0.974840191153886
0.686568912715986
1.13885565399401
0.269084123481879
0.661537744327595
0.376398147280924
0.961109147463083
0.869312691109881
0.474120980863149
0.243280820821903
0.61515463393416
0.923561538493439
0.548723293072536
0.469793070485586
0.964834294430421
0.847078676336781
0.855249086378056
0.775295134807115
0.535016387026386
0.432594029095754
0.509438844284341
0.747225095714924
1.20211895536026
0.765454515996432
0.55626183397696
0.356975563131714
0.981859915451755
0.835454802494349
1.90015266066186
0.831167180441944
0.893510506364788
0.529749062630145
0.580795830258496
0.347424516413246
1.13540085146477
0.863847698426875
0.402919826731457
1.43494718772802
0.683684513704419
1.04614339553298
0.534176735589412
0.650494819200977
0.487460627303584
1.08401216744693
0.813889449212611
0.474098572801937
0.293971642173549
0.999176622491204
0.725896027944713
0.46383515102935
0.915691417241416
0.922084868605072
0.440748313221173
0.803070896384195
1.49061575052187
0.711595377257615
0.697203104370538
0.684654810585272
0.239026480163627
0.606127104948994
0.439962188937201
0.344595162917938
0.825248489562844
0.913425024958908
1.17497367848739
0.377343860250193
1.31547038707167
0.145321732915026
0.730054163161879
0.587186645436963
0.924970107390406
0.710579086935821
0.753951689254038
1.31476385507811
0.922384843199413
0.40628646233208
0.592268815841431
0.266002622231082
0.407628938903511
0.362617252919638
0.80839702383778
0.452615570997167
0.784221839704436
0.806151084898713
0.682296758300845
0.968490254416366
0.84125143457384
1.21123149392154
0.54821838609469
0.65782545093044
0.585410324038658
0.752458115207258
0.503694378718286
0.487823631655088
0.807625862338946
0.459555278541185
1.31425522283668
1.38938949965621
0.474750646479297
0.770707220565711
1.00061168859332
0.422919705656482
0.6092663699395
0.379546036681428
0.788993405305389
0.478093594126709
0.550103893091761
0.760324305720127
0.41251228913328
0.448697363105802
2.18890903931466
0.77672927874433
0.91373114427747
0.855469025058239
0.543323851623855
0.990304404611731
0.532530166165523
1.57252233080612
1.0567716780609
0.697029338942584
0.559375228886158
0.503000710842822
1.13110372114889
0.517287843511962
0.519413182550311
1.11331229851563
0.971363385134118
1.33708174282156
0.694240713892664
0.615806849000132
0.506121398593667
1.65523587371084
0.65002764340055
0.623291676336352
0.730480716771819
0.589843927646424
0.860579492263864
0.363204375296702
1.40849066751057
1.3814069944821
0.307949120015406
0.517204244393949
0.745337987542974
0.46569118125921
0.418840764895253
0.434220467714944
1.29594928072961
1.07294461157809
0.572119456028715
0.834015045662742
0.46566483405543
0.715885655950431
0.933320750108374
0.312069102925296
0.632666831176127
0.481652801155011
0.817593065970716
1.18920066896492
0.850862021366232
2.05877076856508
0.719436890041124
0.665528149609856
0.846653885095367
0.778842164218747
0.408233552346721
0.647252185133581
0.590037632802785
1.15514461663249
0.570358377040011
0.44422885732188
0.502212585110937
0.269117646635711
0.509720598602409
0.611991647697486
0.570163053781259
1.1589786845909
1.00918312480347
1.16367859822864
0.416199157110891
1.36716584940986
0.457483418315632
0.846082265828021
0.778861118547912
0.558698321550208
0.73994726139144
0.798684549773689
0.678832544118681
0.587532011969726
0.586482487625232
0.380568762509348
0.881057393665322
1.5146033986745
0.982410413062378
0.622808372272839
0.543016859740978
1.53791862742611
0.524280829409324
0.57572231511106
1.093660548906
0.452056034459398
0.652211679753908
0.435129500561868
0.317791695631144
0.803392079188968
0.716903125058003
0.821971144824134
0.418293196932345
0.591434275655979
0.662197810520164
0.228802107902537
0.70353725833348
0.872452473802444
0.434791261493779
0.432467042076047
0.806056247921818
0.523116735374517
0.422352778790722
0.349602028790512
0.796855617463744
1.56318422241223
0.697204468282113
0.582154956586332
0.345768241547226
0.481826192908257
0.393903777808602
1.93341884509993
0.707909513952318
0.764989923372113
0.831214956615725
0.537619568515516
0.55358332390852
1.04131925188828
0.811461325580916
0.501177456594662
0.511552290876267
1.05344235809435
0.38677564987759
1.01089382182257
0.585157595681395
0.325044774679544
0.59481816658428
0.870634355707175
0.611512665041346
0.89490930163319
1.1018607048558
0.699068067961813
0.562078889750188
1.29224087057352
0.552265513928055
0.968809531851664
0.670816520447318
1.39637549238773
0.40338987811313
0.516158099126021
0.355429848887151
0.500467269478477
0.49248133472065
0.515620090251132
0.643643827267658
0.479836061902254
0.910221349846399
1.21201480866339
0.869294698930359
1.15562023957515
0.964122892866275
1.17150350091627
0.386710863571947
0.586373224143448
0.775870295612541
0.598020206416739
1.02753879189501
0.920178316849748
0.651026364034892
0.61047932714526
1.27773238528971
0.818710440999768
0.928972827883552
0.403028898763744
0.994136352398399
1.57258432046029
0.289044214487134
0.501003806907179
0.757275759500822
0.97417743767468
0.457747924657616
0.34811308168205
0.855648576564968
0.885083345580365
0.314687533517482
1.09846081556932
2.5439645156673
1.28175950525469
0.642451197132318
0.796710904921645
2.4346265783782
0.613875924890005
1.01816659173343
0.332123217810596
0.610940845982869
0.816806295671831
0.563966074850402
0.706968769878924
1.36942458832222
0.791868642763882
0.538794429582107
0.494924426207988
0.694472150926808
0.549221379344427
0.543986697860213
0.569265503527816
0.804731994768275
0.852646332428505
1.63695364653459
1.01175030152069
0.30087456112657
0.71802666417188
0.678538511438517
0.369484874184824
0.360853839825864
0.454997716762518
0.425587833098357
0.45170850270377
0.674397257222263
0.66388200765552
0.367088620123728
0.701828592440187
0.578888236897707
0.522569427193102
1.12115103293067
0.350554854266898
0.521334240069175
0.714876407065244
0.450057556626387
0.52891525064792
0.670989963986565
0.33920128022676
1.44770258416837
0.592020340692335
0.481116277626858
1.11970886028765
0.658251830174778
0.444874625645294
0.367619270081427
0.800395196056707
0.483235173633691
0.56501099150979
0.684795920572589
0.50119658220457
0.720963467451265
1.36277679131209
2.1028397418525
1.13834801485841
0.752061781571408
1.26163089509372
1.11370722793182
0.647692717477096
0.476302899325972
0.928069746574548
0.508006310093711
1.07980161674422
0.743098910016843
1.11089200423976
0.610670158372699
0.768105772615739
0.779648365869438
0.744042515543825
0.545630375512089
0.589800810953035
1.12934316699845
0.426364388805779
0.498230318369249
1.22633866009032
0.45587765850479
0.668037717863911
0.516302968386813
0.631921964008227
1.63023773159802
0.655677349969477
1.07916634068189
0.391303125486305
0.721951144305136
0.787989426112101
0.628170299972804
1.24480814005312
0.631191934597543
0.572512002516985
0.742925408245166
0.828550817963806
0.635077247055884
1.2225080141977
0.742736990697115
0.479552586598469
0.772554105901802
0.635106647601366
0.760108282124101
1.27737753291619
1.24971101614796
0.32955346770025
0.910601176022105
0.752191501470448
0.421142908015235
1.06117273332818
0.376892984610241
0.636192099532786
1.49063467602299
0.319419597495504
0.986551821241008
0.6458096946924
0.883032491847548
0.541922304796943
0.895990274281687
0.45109985234176
0.502250401138273
0.855519363623595
0.321564309492514
0.654471416649468
0.267387944566517
0.551140701874812
1.00744142272877
0.890931405343152
0.499835105314146
0.537038562762791
0.571727901469361
0.880185841567637
0.974828508472437
1.74885640426621
0.946348059474931
0.383157486540953
0.475335154908408
0.432295470612229
0.247056291570413
1.01982350337236
0.425866247940533
0.678490733281395
0.36295041879229
0.659036668265688
0.732148169412419
0.510968954375688
0.900143896629315
1.33309431912108
0.668156633142498
1.15744337828685
0.896837180101307
1.92910555723746
0.763083290685147
0.922341276510736
0.98429954498531
1.40642922999226
0.617973438142119
1.61390532636371
1.01431423920485
0.935185713370534
1.55510029769991
1.55046982953142
3.55953525766114
0.296511072077859
1.96735212564603
1.04108028788423
0.647008181680618
0.63203064209838
0.277882801520651
0.44501330099138
0.522624159374534
1.02332910744082
0.561582774682055
0.913418220618681
0.847190714350708
0.359312099180186
1.08852983390874
1.17548601634224
1.00218934249139
0.617158890758321
0.895150512251265
0.888521479940539
0.610385982907341
0.427094690296909
0.778762725458757
0.572636903049443
0.796905569960118
0.653736430286976
0.470842729456913
0.990387007489091
0.804628917243925
0.39662226298192
1.43884543882948
1.03380913920529
0.701321149062248
1.22808447674539
0.50911202035245
0.482039065167072
0.320911533088488
0.646464400604079
0.741366529373514
1.94577295009445
0.639097143513665
0.531491071003622
0.807241472649974
1.45086921723243
0.446417993092204
1.43648364422823
0.871779825136134
0.580185597955256
0.960626741560449
0.663440976628216
0.55217126515469
0.559004526147767
1.573617788999
1.35564362772262
1.3001406692487
0.99264710221267
0.406988422081853
1.24721752472655
1.13190666258361
1.0124908635015
0.412077108398343
0.999284640982097
0.480193208928694
0.761536104263976
0.759202775859844
1.26498232576752
1.31274758529332
0.757623166657824
0.668442016314367
0.844225072524742
0.421207789851076
0.46365151337771
0.341559174675989
0.589053278362416
0.671929509174267
0.707537137584895
0.595674479314747
0.913618727400427
0.916486595533102
0.558455889724161
1.11508259463223
0.460199996205791
1.0601231740935
0.586884663209316
0.60046395458879
0.599557793252119
0.671931337236719
0.521886217521029
0.584271279865554
2.11307472909305
1.62048428273066
0.882933805051283
0.252260825405461
0.54122245972561
1.02541674215844
0.789533129477819
0.953259132516979
0.644318895331304
0.981877019148137
0.680130121199816
1.83995351667573
0.515357404315316
0.642297749957678
1.35968183471627
0.746257514379811
0.413493823289402
1.14197365759469
0.40326887568752
1.1249536516005
0.684600420725846
0.477628449527738
0.699777160571773
1.01070498617072
0.514470824203416
0.681565548556508
1.11956535787696
0.738714191988106
1.56360627366696
0.364184650721691
0.498330272938832
0.711213432999059
0.929937629945491
1.17050447439114
1.00464568680779
0.55040194817508
1.11845190700712
0.343124869651865
1.04320968834225
0.956086857789222
0.600804599356184
1.39492814654308
0.295393088894539
1.09854553742783
0.238326440333234
0.734691994711615
0.384281030083125
0.89070794977547
1.21938370791595
0.927745206620216
0.960357246595646
0.555355120548706
0.566603244125354
1.25730108958643
0.426399805543971
0.560685480536448
1.50763091172715
0.555302395830435
0.455691629013823
0.502901033705729
0.795815226457324
1.2300333886829
0.622357750057647
0.252761203276523
0.433274813362612
0.92908185627304
0.643658371991107
0.562899844271921
0.764854234809883
0.652178660164014
0.395126344495808
0.698327881232167
0.672886778922502
0.754107672518357
0.604691411344513
1.28705252194295
1.83781568042732
1.08078998601447
0.321267162548296
0.534415695159485
0.454566603843705
0.73778320460425
0.743957868807237
0.606305339737848
0.935278908852711
0.797665123049144
1.09362696363132
0.348724699814975
0.680745753493791
0.461300696777566
0.477910246814695
0.455655481193256
0.46088733120614
0.534590023919697
0.688629240249118
0.670705908462844
0.449865556838732
0.563300364504766
0.47748794463791
0.952122505553891
0.439484171705386
0.557751010580966
0.467659911259564
0.544702074934221
0.818824514087008
0.741025127807536
0.674767531800738
0.673685320021973
0.612316055776655
0.969981541069451
0.533482213743939
0.778161903917225
0.309925143231842
0.673334543827528
0.688807187134697
0.302144187804301
0.425015524911724
0.731571787306562
0.566478105434976
0.714747825682243
0.580342458715728
0.591769775061793
0.696268719424155
0.724589727285512
1.00098611506609
1.29081451758219
0.368559304324591
0.697066778931273
1.17396986684465
1.10857679383763
0.783545946311881
0.225224515124801
0.378457819087588
0.890586224816388
0.669258338658908
0.609123110048076
0.826225259434858
0.812144557399088
0.581328934941086
0.715348019504922
0.778465797238048
0.743754191385362
0.781503080463884
0.687855233409006
0.809404615408511
0.304369521833556
0.841374107560343
0.721051112321853
0.82673542275585
1.10211463626391
0.654841022249991
0.582671770810442
0.815548558162332
0.321094331461519
0.397214631734225
0.439854840232097
0.345312524115873
0.942217438588909
0.54090205470702
1.25942228789414
0.685239135412035
1.06579076332371
0.94066418644846
0.504432006105167
0.640820093990021
0.873735551993363
0.589306003178851
0.722613254978234
0.487187333398398
1.58637310224084
1.32465972671476
0.666142782656076
1.04736370162487
0.4997730607196
0.506960864651674
0.46071458857596
0.721370959293577
0.657689108672478
1.00052519378352
0.587418639940938
0.70395711576376
0.959032532202312
0.763477019485451
0.41605301549232
0.517461605230696
0.446924259175345
1.12216651959508
0.616918088655553
0.753690197292097
0.589640353506158
2.16042285130548
0.597682505296756
0.902523369710258
0.734260993128307
0.643161478690477
1.14256577859375
0.438403994943583
1.00541700643842
0.577539072594074
1.23455805963837
0.628642438149437
0.522772302657379
1.20300839603301
1.14958604797829
0.449241097798636
0.724473058425472
0.78758511615578
0.5599217227114
0.952254623525928
0.502220123959021
0.304945470287342
0.443820491971341
0.698801995970209
0.76962316349316
0.991467444325276
0.854758906695988
0.636501102497929
0.604510892810615
0.799337440099429
0.538836926163679
1.36744919384554
1.20166942581821
1.3988576917941
0.924230831337547
1.02098678390989
0.85697032440013
0.970898252266504
0.700678190339935
0.506710883360706
0.561634872263916
0.54054938031705
0.549780519261515
0.698697335767208
1.40240671017505
0.750221330480899
0.298868445562832
0.314969473243291
0.500257523306813
0.981515915972651
0.654316167476217
1.18536601249515
0.5763068948317
0.51347320302433
0.506529115767978
0.987054722858946
0.546554462036694
0.645946027341048
1.51755410029817
1.11214824347933
0.529646662600227
1.08150526504257
0.861181124576568
0.556403775633059
0.866157830459822
0.728220584728493
0.384510255007781
0.625688592868291
0.73212479645155
2.3135339069462
0.418487689916395
1.37919865883474
0.355059833142085
0.517707343558923
0.67005038226724
0.856316025303889
0.975224337566945
1.1036334023666
1.86120833267082
0.618537406133747
0.572239918814053
0.330094378399774
0.546021010478052
1.15103106901069
1.81529183430193
0.817819238476998
1.41809643906037
1.41981056918114
0.511499874314567
1.50581232095039
0.520067669453206
0.780627964683909
0.460421958147653
0.839072759961873
1.11713392410495
1.11564690553912
0.899784910390144
0.427515497964534
0.751216068895111
0.387013062431812
0.74798146547405
0.546236865999246
0.334829206898536
0.554920936684304
0.432793461168331
0.698158102109515
0.61192005480507
0.422255124499472
0.609117392541366
2.09836048276916
1.48232218023772
0.712032567145175
0.674843889486579
0.940665061369653
0.511481548718583
0.804784756308182
0.254476932678037
0.894859194795164
0.511451734731311
0.591625493558036
0.744825959412535
0.949154399637904
0.561238887395947
0.867713484006544
0.510398901477104
0.891478189623149
0.841846277910547
1.24442824055726
0.775221683231601
1.00072479080071
1.32635205203053
0.436424556345293
0.607119546517161
0.560077874125092
0.977613793982725
0.311434217983819
0.561344414510115
1.03783542604399
0.440082890180363
0.92078780004005
0.401597681833007
1.48864212403876
0.632002866527009
0.526075257282399
0.382871558094709
0.440443800698026
0.994143051640355
0.686045601598339
1.79464096505771
0.814111724770113
0.890904493872318
0.382652703303428
0.37444461884241
0.60767646530832
0.814954012225163
0.428608140061245
1.02454893878036
0.795141895548642
0.406023386341241
0.70331100933152
0.794140541109216
1.16792404327362
0.705789798062966
0.659417145339771
0.901286353135089
0.483861027249083
1.0188554595778
1.09177444009516
1.21653496138265
0.659310432346103
0.506373616129866
1.7553673332391
0.768654870254831
0.316608784492456
1.96051088609213
1.04264129096557
0.984619817854881
0.548620599605097
0.545702287928293
2.35834895952711
0.447489022070824
0.596285947457107
1.19538518611929
0.355986093833795
0.799615304731155
1.59430429332631
0.827843936985473
0.633848125055781
0.829749956853378
0.510164951232269
0.601391536691582
0.509421874851679
0.8817386055244
0.934668286311214
0.872726469062636
0.315922826194439
0.698017000990775
1.5777720086806
0.477453921398868
0.446496227394301
0.49442730731194
0.682262788103366
0.99695970007951
0.834915462188023
0.522514289083917
0.846999870040725
0.698473328045011
0.809993774922686
0.612531522424321
0.617596033805518
1.49063770658374
1.0862498396221
1.31913140139284
1.15135583611539
0.316997927015797
0.52598461581127
1.09862603295691
0.583645233553456
0.709404026873982
0.26295710282569
1.25739462851121
1.30461710851658
0.73744508066197
0.412787448248649
2.30944855715881
0.586403688357941
0.547395515747766
0.905924226077791
0.614919668739389
1.41235904822766
0.603273231405892
0.346247372583531
0.902449635828544
0.407451784688981
0.45833543053662
1.16317564181528
0.384644573142966
0.938158458260395
0.695191343263849
0.701834675291678
0.413276838219774
0.43164492949536
0.91399796673137
1.02641721570148
0.897507843966043
0.572941754937802
0.623625762024955
1.06172523977798
1.69768120107404
0.604411432311117
0.607188712053877
0.645806990997612
0.78134645503498
0.444209741042458
0.39476311731373
0.793925085287665
0.92893647984894
0.532091636496411
0.96139765732277
0.921223128113018
0.799717057496057
0.511857907703997
0.738374155607333
1.50750676623196
0.663605545031414
0.872705632547488
0.559736782095301
0.812882890586924
0.898527036494922
0.7924158576594
0.765215243693412
0.72638484103997
0.839518982313181
0.705518707309677
0.854633679818626
0.509501168245381
0.762030938123063
0.488400202370626
0.839234418659271
0.845353709909811
0.512327982380005
0.736732891021228
1.26561909447623
1.29700607994473
0.548704575415428
0.775002657293333
0.922147557516238
0.572931721804132
0.690598953180562
1.30817048248515
0.478135905919241
0.443304852308268
0.41300083905171
0.723953338059474
0.805056749625712
1.16793400495283
1.31966957405965
0.380299098128955
0.703959516257427
0.678255725820707
1.04518998437421
0.350286273404867
0.736563031214031
1.14847636012665
0.897884296624611
0.36533639552895
0.679625252466342
1.15477853843228
0.879821643474147
0.563083499748965
0.401312503024365
0.438494502080185
0.8693740325612
0.861711523647056
0.69528165863623
0.980627938598957
0.464608218980853
1.25572014863888
0.435640242782813
0.444681913928958
0.932109533244583
0.462271334060972
0.669798395749144
0.774509474205207
0.579343150789116
0.858065276965569
0.465945064472529
0.602453063345166
0.215362054909029
0.712789999001231
0.77787412427108
0.494886960222794
0.551229653962648
0.577979040152832
0.901889946019294
1.63323614749146
0.284406647180765
0.920685579341232
0.570534188179946
1.17206023234705
0.610560187823931
0.815956322658847
0.651262187324039
0.665891029719445
0.641201241663555
1.77335030279804
1.42950874090012
0.458914568481166
0.569141018537055
0.685632657664422
0.684705221617139
0.523725530018819
0.741703532967397
0.377554941000359
0.556743792948026
1.27830100634014
0.395138398462845
0.663048224736628
0.851394675353404
0.714439501784569
0.94834602037733
0.881423695026818
0.737536298664666
0.697350663619186
0.403816230595993
0.610896555583133
1.5404419787299
1.3138224747234
0.644211419344855
0.783990229031745
0.783072310364148
0.984269483580433
1.17564370151925
0.94305099134506
0.377578159202596
0.779944728586798
0.597250469804581
1.03541462831755
0.742087163334517
0.832984290755319
0.675525875763581
0.570079285587479
0.951213181470943
0.410311055088762
1.22331257589428
0.29979903743881
0.555675083339562
0.62073452128298
1.4128891480078
0.408558778644499
0.723779522511148
0.653992199070392
0.727030129206372
0.842755447573331
0.569848666851518
0.843641851715939
0.920196455637102
0.387600656514718
0.47420483181508
0.858039101993525
0.437133611236606
0.895689142993639
0.44052279099791
0.435267936111374
0.549466981060753
0.603188119802439
0.953515951061045
0.308767734892825
1.04040241690831
1.0183688319313
0.596988523758659
0.698458742049318
1.01554240705308
0.78961328293896
0.962772359634225
0.371235452811864
0.601927588265274
0.557705828175905
0.412197319216366
0.514984301513661
2.84622090550117
0.64874814463553
1.10094673291611
0.712962977063176
0.367883489615862
0.759177704184825
0.841756542660909
0.624038827929692
0.651245497989612
0.589440165311083
0.479887775216688
0.833356490486791
0.593695539608579
0.996126490425708
0.586694894689605
0.401880760098292
0.833229972580642
0.599027291221502
0.674475784080762
1.11733815543107
0.467781729066295
0.802163562167843
0.802375726651571
0.869584596386096
0.842780815437853
0.72712372735473
0.421155361828294
0.519368150870636
1.16637613106374
0.571743699845769
0.82566814347437
0.6664391245313
0.483585498549698
1.11849790979772
0.430733191302016
2.92657869962084
0.73133034957951
0.827573587970982
0.856254664089673
0.419466971448085
0.935931900685993
0.491873784084775
1.09961334817049
0.834064833077427
0.649904764565898
0.331824604964749
0.373436856183554
0.411115084038428
1.74482497080151
0.737998560977718
0.515196014953221
1.58417605681607
1.12302433458539
0.802069557438596
1.14123470288089
0.435463634657073
1.14952607102776
0.534431823677156
0.611383422924639
0.709517692237335
0.25577038868297
0.554572184649426
0.735452819009621
0.619532855492094
0.484717908680994
0.375144438548022
0.597595355469279
0.423271205989632
0.601610942413052
0.699384290339016
0.603838493550986
