0.352585656345729
0.27970386250736
0.592025819016215
0.448568001228138
0.864915813880917
0.340010277204278
0.614977051409781
0.470237214864839
0.273440555337149
0.50497504121866
0.77548834774618
0.97386942745224
0.846535617307841
0.965713541928509
0.526952899920545
1.0628863000134
0.725730952776483
0.762565295111387
0.0659251344470212
0.78561116310894
0.485941383313906
0.877013440720582
0.440788039553285
0.704012892277307
1.60317168141274
0.451050247046983
0.537100691371154
0.631823457600743
0.461346611932103
0.527958927097135
0.407298487772044
0.339416029369331
0.491686264373331
0.187965036849815
0.302959659791894
0.262564051960595
0.3490968107421
0.547228643735329
0.334263523696961
0.753841281089857
0.253251877340529
0.27020158934056
0.345310037397113
0.874350311406425
0.494858580498604
0.835095499891375
0.572486632568687
0.326045918454181
1.34499293259519
0.0928646330151471
0.775889567292138
0.0338169275852654
0.741819627936545
1.54723551010702
0.31181901931868
0.574764295822336
0.668745379286804
0.608698094151008
0.339769924255283
1.04761048586723
0.90376473898419
0.914697682038001
1.09524745249137
0.258212474213936
0.519428391596381
0.765416591698767
1.05782287773296
0.7114783103933
0.360931839075644
0.716913167396027
0.367816882388333
0.543394428544641
0.602645510988998
0.145988225860223
0.652414785144588
0.659543444003699
0.320488750397097
0.0706255960686743
0.533040639793869
0.554414907717751
0.464166587784481
0.331417179788824
1.01322965463952
0.387692631609549
1.69572373557144
0.290953186827222
1.28892328284274
0.648287062469825
0.290062373001687
0.507716418494966
0.781028131869313
0.416357817970156
0.996891889737501
0.487926626290594
0.612548842232414
0.825985175060109
0.714822112565074
0.327479594326656
0.716333005959228
0.210303626931302
0.937954542829379
0.291322727490264
0.782338364972104
0.32192499533181
1.0510858679761
0.210001374856634
0.620949737351708
0.883804626420009
0.243639019424311
0.590633212183309
0.681847033462852
1.13841442796603
0.373310457302094
0.60890841470777
0.455340978204669
0.543581712067604
0.542535526897615
0.564703783016673
0.707049230852208
0.374714484088137
0.782073224062152
0.261119518293083
1.05866612719673
0.389538521638537
0.77871928478288
1.52539381828571
0.200376245188367
0.278227966738404
0.260381001496974
0.977111220301654
0.487655828133489
0.457601919218411
0.318467919394943
0.771667443159318
0.534077533614584
0.338361761236661
0.42521909028456
0.587548745309834
0.495889482819062
0.27770752909702
0.288358383878513
0.467074851874852
0.591176657845095
0.369092593974682
0.315109923216125
0.990731140390527
0.564951604415688
0.328388631041934
0.815151492563496
1.13586463122881
0.4771798240087
0.432276683891812
0.538265086973201
0.409120217763962
0.509348620816714
0.893699474096537
0.576551056483404
0.34920953688845
0.519174872696896
1.28609839829794
0.646601926998877
0.711415214947923
0.768962395207974
0.953334305001923
1.04943483741623
0.540146068183771
0.397650964227898
0.454937530040965
0.397099896511331
0.950034142466901
0.270424531124323
0.986262223999579
0.406580498369937
0.539576835554115
0.74047682687075
0.754864591476652
0.971586904965132
0.430632704564826
1.11788406951113
0.237790666485345
0.552775655644264
0.781611936267592
0.488968082982925
0.205390030508299
1.29749577638324
0.642325070988869
0.264376741248046
0.694052791435712
0.418748174067074
0.676424328895197
0.836267267001469
1.01559095480468
0.725726006321424
0.695775669254869
0.486901535525117
0.444787072924147
0.266967431062711
0.629489554284477
0.767116724496134
0.301280278361871
0.482877996670096
1.06316589461606
0.902616668644175
0.681153464448164
0.793004950250513
0.380479116419647
0.18858120134314
0.863089755458607
0.798966824705988
0.256835448784371
1.95913013242415
0.50599226380542
0.768031624731329
0.394794145305761
0.535099127894437
0.743578626462649
0.740771173499346
1.02516859209079
0.526930453097282
0.665662851848044
0.300243130355365
0.503046787321554
0.922761678679705
0.664401568223203
0.965582699359638
0.859307207295861
0.62196806114268
0.564359746609898
0.328393764254488
1.46192315988264
0.0567353692421693
0.870179360386
1.21578423896032
0.382474711992612
0.35094813769076
0.586754409628991
0.72609249269205
0.452244794480318
0.330261340425046
0.678274204915427
0.60737021550208
0.274360349609749
0.129298940414387
0.481618099330916
0.873571834276284
1.18265554033419
0.41114408856023
0.222446672065091
0.454332363503831
0.53416825097382
0.649545762779219
0.612808791734643
0.838273535838027
0.83555638071141
0.649975939901967
0.580330751253507
0.35248685758158
0.355054023711359
0.263676648372626
0.0452287681278062
0.365843623654873
0.355978685927191
0.142306405191396
0.549309363939368
0.396162732517222
0.192821714134929
0.542958888824256
0.396267041237836
0.867181279857419
0.446588413620162
0.674453826828072
1.02815279198986
1.71244303424834
0.433700173353172
0.320898574972895
0.171661258148016
0.78068257385569
0.578865391828201
0.176552067292834
0.617545212090014
0.429588571723857
0.409524390895224
0.204517916942791
0.561158061020974
0.376142819857985
0.567544880491408
0.781615206292358
0.638074823100925
0.589558989332613
0.875840867757177
0.23328295113628
0.104163407257218
0.613088794642364
1.11968912931741
1.25782349229282
1.16835987988494
0.514904684102276
0.281248003445621
0.632609278718355
0.614404769911522
0.72898451071605
0.55383195231417
0.636065828143773
0.404679052795018
0.602656197525793
0.858567854016118
0.825815051019181
0.461732938919621
1.08206045672389
0.581820632203852
0.233617017522083
0.464335363458897
0.498190296230654
0.763064282739786
0.751165058963818
1.22916229535789
1.49260864683992
0.5528317001287
0.637932237013812
0.537025069199573
0.958983993502215
0.22799755543765
0.655631123117363
1.07255752316159
0.675540247438295
0.896887871288066
0.0339430619075078
0.365215122607373
0.94657402234119
0.689242646511987
1.35368377460914
0.63792582166113
0.559205263684471
0.87033314466303
0.566183545891977
0.292518360921441
0.260373617679328
0.970034856073095
0.482850047184417
0.265423625705576
0.740831599449854
1.01640221029002
0.628148881208681
0.423012504063262
0.22663184308057
0.138146582900625
0.821308685566389
0.256863411208452
0.348616885363898
0.212616679756098
0.448529878294743
0.746937763503972
0.371182846054146
0.50796679605112
0.576813088225852
0.276699356029
0.654868336747321
0.0998235201258842
0.225861657859079
1.20848704570732
0.901320491326955
1.27108943362295
0.63564599898297
1.36386853317193
0.590615147503756
1.22424929603583
0.481912163567984
1.04897916498218
0.680013325948169
0.399285081872732
0.616103185895627
0.184973332617131
0.460026127472601
0.375318392270491
0.329799482366764
0.375101065675988
0.267707703234821
0.434900748303031
0.343516409107
1.31383905534214
0.99024070715552
0.596372373246596
1.2322722373657
0.21226547470023
2.77965785821854
0.353938830107638
0.680014358475914
0.356508752675873
0.617289346144718
0.920735950693089
0.320935970414533
0.267183182491015
0.342732061432314
0.502690661135497
0.772530801640412
0.618646000839072
0.417778354914287
0.284649395452006
0.336339741978988
0.806639898076988
0.490074994421371
0.110591549952664
0.0721273740353367
0.898121091588212
0.616668132830649
0.592319751913706
1.03616663391193
0.642414521146789
0.27153762714358
0.722612911975919
0.870082499044118
0.18297300775246
0.10112733211295
1.10305239708304
1.12567582794309
0.528040807189967
0.614725814617906
0.653752475637073
1.49344667381386
0.317757847975231
0.724868388277619
0.175742470228758
0.932277996669373
0.579133351000013
0.62038878354737
0.53958536765195
0.216680674477075
0.164670934235788
0.581317393481184
0.408395349040972
0.275008807502478
0.267787985799399
0.732410738666892
0.659126007423494
0.771830608177201
0.845547477893378
0.475225811029425
1.23935083097842
0.527548630758668
0.72050346194671
1.8246322153259
0.502929693976023
0.286158589861023
0.838842557181779
0.299333060891468
0.374097794219708
0.0789690708888286
0.177737279077821
1.06461762447567
0.935162838907891
0.349200992838844
0.69177673238942
0.437122530123208
0.808004120014782
0.40442816353959
1.23039969676215
0.814088884301799
0.377824296632571
0.213857571275106
0.838771588142029
0.0357786053127702
0.365484398691301
0.446102816594629
1.02524803410895
0.540023752041415
0.360082086883138
1.062738935549
0.782203269161687
0.334661857558918
0.842977529648916
0.654222257192999
0.627396182613538
0.823117447757987
0.85398008623066
0.60987683792533
0.0161472806768683
0.622604598081763
0.427437161493825
0.0914793552769664
0.308608303863473
0.545472118464946
0.799288679266941
0.351723852313661
0.884882625545543
0.432859382289811
0.291214360061403
0.412090176042403
0.815401222860755
0.410304021679859
0.145465735470992
0.286312291476081
0.462150443173752
0.646332515439729
0.545085449089947
0.00397949126566269
0.431043683910622
0.435079978379916
0.344098655273057
0.581272190455082
0.911214039926214
0.771637581898313
0.4518223460748
1.50615962054015
0.461670232565888
0.425809554754586
0.632978788066663
0.742626401525435
0.40873374497195
0.209110566058569
0.508149798583329
0.393654880606469
0.619142803554818
0.0938325506594118
0.488898101322223
0.257017351827135
0.387723274897482
0.395778619836058
0.828182575096632
0.188570344128007
0.916804228850505
0.279021704210501
0.337211308753686
0.511776917413283
0.346347620158706
0.744707901738023
0.556887935475987
0.879261080956339
1.41984985050171
0.440838656061503
0.392081606482979
0.816925515518625
0.624035045687397
1.17916782613627
0.194124598819682
0.717659969815054
0.242053515181661
0.359389544750195
0.375261024810185
0.344365192472895
0.446712559563298
0.271546650690722
0.246391260294985
0.390607567067541
1.14486161125544
0.235636242234065
0.812893681439931
0.893794137555861
0.565154389444579
0.090880300338374
0.555083555089993
0.608045704603555
0.80286739470053
0.442239282615062
1.02416677609157
0.422799624815071
0.853994461121123
0.679948491111015
0.270566816314716
0.479360173875635
0.527425310231616
0.530666044968631
0.334072614602095
0.243442445660344
0.45173103064192
0.358348956371355
0.387142791687795
1.39768678150896
0.616786384749629
0.601540815214512
1.41500986503462
0.753093012240861
0.659866495555009
0.548981387093156
0.667676723495312
0.639002644721923
0.309663660898514
0.497652698064721
0.692199010086186
0.961787400580049
0.517716305666772
0.253848494012742
0.33590767656757
0.530468276518853
0.733668571918457
0.456049589154761
0.864281160431067
0.303334584753542
0.220328721385541
0.626678370647158
1.12843921992769
0.841184531498902
0.389372265229103
1.72874306617708
0.654456577843219
0.536999367469353
0.148189481338845
0.256687473493871
0.249744562791346
1.05597215861163
0.256804430514515
0.592037942033095
1.23254893352389
1.80354694593296
1.54806065690213
0.361554474623255
1.12145704993295
0.258205733859574
0.85710526003556
0.805781202966742
0.336918402100803
0.155522669048182
0.267597465741956
0.768142228092211
1.11668589812798
0.510935036077883
0.856072004135739
0.834107421829107
0.206284868465785
0.525580245476967
0.408448262134038
0.537423638523058
1.18181786215391
0.347227661593029
0.667699117447653
0.0595456650336005
0.933584495375276
0.78441926555624
0.975643524452434
0.353873227114308
0.0864439974674372
0.860841261838921
0.495973724701134
0.260475551765377
0.474344248699327
0.0366604305217255
0.750874501147354
0.36095939496011
0.353358183953175
0.373850890382828
0.919255694680326
1.45667013717759
0.917898134723629
0.121258344022127
0.413723024180166
0.711177242002547
0.426626083166803
0.163626574788148
0.219754238019115
0.472692819992086
0.190025572141155
0.974663592055914
0.911827462367615
1.07640203561816
0.47144329410988
0.711272372981942
0.427268796788098
0.877148366702728
0.462311267903776
1.16041707779122
0.290414591963719
0.918244959513927
0.451271311138815
0.518138135882303
0.492009467452774
0.482526137685366
0.492930933609959
0.478819801335498
0.332368058522331
0.617580827462619
0.604175716023091
0.135923390981157
0.507048020630494
0.302989193381061
0.758067403085997
0.578079855181819
0.517103633811573
0.201856170415871
0.0707082051802574
0.522632844848318
0.950413257959506
1.09440648827071
0.592661637593988
0.522065147338065
0.388238892093749
0.236600348948059
0.365697416429291
0.63916159650046
0.455821527604692
0.998335298576057
0.475082966407431
0.262829581984968
0.597116165534773
1.0089386397715
0.331039964456636
0.728296820811157
1.38136926622658
0.361573068040754
0.95832534071676
0.586366581124925
0.430092728633769
0.794761407052064
0.500084311673485
0.491639859044618
0.227797485208954
0.579321733696559
0.796665217654849
2.47062462603075
0.270574022716549
0.332125173036775
0.49670523083493
0.480756938278511
0.218799153935325
0.693026826109533
0.455930950788318
0.670213970192614
0.387282786039192
0.24731377323381
0.48331867798995
0.970344119444089
0.764328533133225
0.737328485318377
0.824890373026906
0.725545626247291
0.449115986244721
0.858537792667133
0.650333617691994
0.397997338049212
2.03470384021099
0.83578154060687
0.737944032048478
0.153888342920618
0.47975197111878
0.767822237697836
0.718584187081421
0.886166116678161
1.53461505858538
1.20433255707361
0.296508139278868
0.822880663071438
0.641747506010109
0.598582802219138
0.408301301764923
0.576470870276548
1.10822296343557
0.261624542024977
0.808189589139696
0.396741321420255
0.487149353270632
0.146051652972933
0.288198908059879
0.35090162759103
0.271939324777315
0.546788524691816
0.521395317720526
0.697468051600722
0.47777703129342
0.16561396867478
0.617697401093549
0.304183075262208
0.610673068799545
0.592086672947162
0.430933016841931
0.546945864714185
0.73332112193005
0.389185975623859
0.627942885444771
1.05351455049754
0.536016101031843
0.452359134372073
0.524577523369342
0.219644388008188
0.201927769497105
1.50862461118298
0.663857859280513
0.474234522038455
0.270502832651994
0.374850376704377
0.295463340724957
0.410067644206488
0.251102503507729
0.318422027703824
0.237255473123431
0.313111345312826
1.01302272910601
0.468211981098342
0.347487121191835
0.522532654410778
0.388302136580122
0.72640954299428
0.349844739721119
0.440841595019777
0.472693156533952
0.630777920133512
0.336268607149095
1.03275235639463
0.711504086182381
0.509266109204393
0.551880501860023
0.671108669629545
1.85174378370762
0.591699683067467
0.845003849770882
0.439703389002222
0.147359370690694
0.424164855019503
0.614901256941547
0.935948682857851
0.660898038983674
0.824009119334852
0.389971149592598
0.42026116457765
0.97705166191502
0.335089571274158
1.11654211998864
0.737041017535636
0.959890478099475
0.467339193180964
0.462827036215814
0.208181096618702
0.935296969508781
0.120164877070527
0.491500867447556
0.730334983038293
1.33291305601599
0.372760962853878
0.852824758530769
0.328902916428354
1.12875578461698
0.363294213374813
0.584344299577361
0.59658527658844
0.575228278830101
0.256470632460054
0.245041655905601
0.777107341567547
0.254983584810212
0.220539503091393
0.765313417710532
1.02356234207764
0.176275591128935
0.56701239577706
0.583171726665957
0.492433468026247
0.449334647263504
0.451545762494496
0.572759763423007
0.406108523325233
0.414419670951666
0.440368020945723
0.608013530040964
0.295056125814021
0.179383382334957
0.729581550634804
0.758287474330016
0.185738412581847
0.53111828964045
0.359563912450187
0.497963146621218
0.509950518883031
1.067286331706
1.22517862336994
1.85812073922744
4.38746660892256
0.782065670137206
0.697877038903032
0.44205192736096
0.541851403219871
0.231026149096624
0.616539335999082
0.535217659063453
0.41551195573265
0.356781713725449
1.02943703125732
0.470273015854005
0.558161877727422
0.501363250842961
0.875238555040885
0.163213793759402
0.61235283593851
0.278185974255772
1.17119596726611
0.2435686092806
0.456528675676669
0.845122959185084
0.0216067195892752
0.530107758828372
0.838261062081968
0.302585045306522
0.727851661351796
0.560313971226249
0.709575084066606
0.340265977502657
0.602619995093073
0.609605739303412
0.921336635816068
0.635180667504912
0.820162645238504
0.794585246153515
0.102151770899568
0.00774122862527363
0.414176457873604
0.2007087393125
0.502112644021513
0.413164266034992
0.598867088305775
0.621721601319987
1.12136112764894
0.560902017443288
0.584154471517111
1.5614657759356
0.341672608544735
0.103799138406198
0.417925383598472
0.33148653755178
0.789609206379312
1.06600081445588
0.163209447773709
0.628679239994144
0.669525193495676
0.730455879402422
0.648545109351742
0.383208884734618
0.572449718102196
0.293659483103558
0.33489984520155
0.968698227790944
0.36834044211458
0.905522142541728
0.617392357673783
0.518053205715599
0.269378276932257
0.39293158456043
0.69512424448764
2.26968581206252
0.884187480647637
0.407287697272492
0.0214334681411762
0.721426817298609
0.64086603973715
0.288983423925951
0.286376802049971
0.459321936122818
0.259178938508903
0.525716320477019
0.271279528880549
0.70673785518974
0.643312911596862
0.528491569325674
0.541767526369353
0.845188492252956
0.667499509293487
0.307730911336627
0.307386168438845
0.421190710228392
0.598698525214883
0.123412148833186
0.800885296130595
0.319683252122428
0.458308996491369
2.34583679885663
0.757432922690525
1.2968571779936
1.06335693098672
1.26921942883287
0.490759306924613
0.0830282570884586
0.624047089877769
0.540128092181295
0.428479544673791
0.757569073916493
0.228281151011312
0.552154638303035
1.06247771024478
0.626891921096173
0.635555598598726
0.678315830910237
0.583306757957706
0.370345517753244
1.2031042502793
0.425703377570428
0.463713007315914
0.449533022633934
0.504570468227871
0.292659984312857
1.40927797801867
0.268807311474002
0.483282856700053
0.213149437850175
0.54047242626374
0.419429801514126
0.573263638755073
0.317580971326008
0.54920922667687
0.647892238130174
1.00743223022103
1.02179090617367
0.0652104169775244
2.22758200020594
0.488419229371873
0.995145776259387
0.682215702193937
0.58058449417627
0.63020699448522
0.4310140967933
0.793405410304402
0.931961180017639
0.618228695680597
0.411695541859476
1.46174744941419
0.0836128368329827
0.144795947460784
0.392644220309204
0.292913908420653
0.134647873855532
0.608132830772473
0.419155708520787
0.652942109298617
0.187981009880586
0.540665602765518
0.306404010708583
0.295257141100588
0.347778845330389
1.18458259251984
1.20981465784149
0.42318520649073
1.04748957116769
1.17001163916205
0.804829595072353
0.452751002524666
1.42876130450113
0.329330768227252
0.614506067661478
0.134269752540181
1.04161917805668
1.35246945739864
0.361827154300683
1.00009847628338
0.362428619808979
0.193281669260311
1.08327265151601
0.423390194633817
0.558930184512325
1.06839189346226
0.482762543963639
0.612916983137407
0.653952183970592
0.0458314247048426
1.34007320913227
0.903987141665404
1.20288247061218
0.419250251707943
0.590112355967478
0.018231086645491
0.397701865346744
0.971767167759212
0.311050895615114
0.348676772101032
0.695750412020605
0.681260975806612
0.617726327843495
0.519558510409425
0.362878638891986
1.62769953271642
0.943375176604146
0.551876973052801
0.385409404344727
0.878972150053392
0.43214961120426
0.97760288453422
0.070721556985754
0.660348354431287
0.259888855954742
0.568143166929362
0.315757400649608
0.437577674717995
0.234302099761779
0.230438968124488
0.619441396435581
0.268755821951359
0.313922255191872
0.78326716419098
0.394983328687125
1.00419010000978
0.469216703779324
0.629163275192358
0.718761072498196
0.306339393464619
1.0542429733957
0.244216915566009
0.717557550765005
1.86289459277607
0.156787388257504
0.68068010057499
1.03777929223039
0.938480120300814
0.555253667073962
0.502963522261933
0.308527717609686
0.795689685153326
0.293853869068441
0.0067052250575141
0.640496525804642
0.50296593103565
0.265120432750998
0.7978357900728
0.625514753735114
0.818193822747532
0.80538720485627
0.669990342885979
0.207160011889873
0.490546370240644
0.681620134672504
1.26004667152096
0.831402460237869
0.38582480146305
0.276182099368652
0.483977812324309
0.381990260072121
0.395024149334264
0.806086360572418
0.738312475309704
0.736871288457626
0.31705270955049
0.85658395004345
2.12647355135662
0.52332713609819
0.392162991564567
0.728741421304951
0.656590570903383
0.545501706329696
0.273555118642985
1.22758249415353
0.728559143882945
1.02274565332326
0.490658810073716
0.429892721111651
0.628334722643083
0.0959664862147899
0.387109153718321
0.719106625505385
0.358382540534377
0.557835675840055
0.677289285646073
0.242113438859219
0.606757546256829
0.522805554201514
0.402706945483254
0.635490793647868
0.399812369344644
0.312846025354608
0.179349737277208
0.59423371220311
0.697204231850021
0.644559579763741
0.653237569582904
0.656802578563946
0.742017593995172
0.534388509760288
0.607016804488354
0.492883357804301
0.643142298331627
0.430662666899198
0.300761368245166
0.850957384380876
0.401075658143489
0.612935712191789
0.648569036115127
0.306793663244528
0.799807074932383
0.328907431617734
0.694132311975619
0.832981513735452
0.503785006732885
0.714572381906318
0.298706328819078
0.677628966958159
1.26444053580317
0.782460729218803
0.358317181303021
0.716184352630688
0.668322118059178
0.703855364844972
0.762543737022822
0.300388594464887
0.961076370220138
1.08133644232275
0.356150454946005
1.22427170651272
0.90996483537099
0.412758193392732
0.760014932779517
0.756708536613388
0.360693040938638
0.383818416267602
0.184968068290047
3.32485947496435
0.518159375988563
0.707987533420442
0.387955660469539
0.340918384860193
0.872804698990363
0.374570262105189
0.246518746513548
0.365192525425217
0.0819660202478324
0.703980676866673
0.283759845610395
0.391576392782255
0.61250773172839
0.102172899410911
0.55569067083979
0.770360192729235
0.24240210236271
0.42022043744032
0.568760804950504
0.257689192301405
0.586942046113221
0.175107672811092
0.373921880815098
0.449474048455947
0.166761944629761
0.519972392585841
0.630770623707288
1.11713013302594
0.565517482898986
0.278108331975076
0.641186719446995
0.96056110902445
0.0867164430026255
0.706220426120756
1.20324174741847
0.563325788146259
0.260751437852529
0.67604556183386
0.882246129630115
0.454273721417695
0.418786005624078
0.67146112595625
0.719022083906372
0.887026192094986
0.0642392197323451
0.517373218740515
0.439092363141835
0.353035927937827
1.00952698698394
0.838226158315101
0.226715528935669
1.13622113433126
0.414341053913261
1.46508868579411
0.808530092764615
0.983236887616624
0.562143732254039
0.230663787313196
0.54864563883026
0.639840812858954
0.902604416812086
0.401412962235954
0.445209245924153
0.454954899114631
1.15983202100572
0.806714075982122
0.321198237623739
0.59841553457597
0.474554021126492
0.889312214286562
0.710805226291535
0.833343502467575
0.8370636357234
0.742434328141905
0.79294833386737
0.749683800760916
0.373308315202615
0.491284498693651
0.309383662791432
0.296895807765385
0.976111406937599
0.588776850939594
0.332557303197019
0.550873212068922
0.773103619075177
0.474805984735592
0.490208258928902
0.591848588514374
1.12400348095426
0.442815596378814
1.34673146744767
0.871144506278291
0.482665057984226
1.12412451655379
0.312947260522637
0.589710242690444
0.563442895543133
0.0787975600964215
0.484366424520654
0.530259792516577
0.664846181288576
0.859388382659735
0.669962073408593
0.201780642739807
1.35136759570001
0.425443405211638
1.57101934841576
1.05902234257659
0.484770786683469
1.22303001795518
0.0284306821379435
0.608530275005882
0.685841882218304
0.500595182294995
0.375409468253251
0.304952840437245
0.550073498708383
0.489810883484532
0.451993427440777
0.761419839629222
0.6253028914204
0.531039365327983
0.919534665186296
0.348230225966999
0.521872437159363
1.26777050567967
0.815427752227401
0.14497359239415
0.337963583415398
0.647875459663546
0.946937890000505
0.812436929495239
0.178067079864985
0.999414038081378
0.60307320028889
0.199954844148353
0.557353675672466
0.939370215913098
0.978390095739959
0.685120141411699
0.491837026970617
0.247900117962633
0.0887461123808314
0.452545910223232
0.722897813074109
0.0345242636227367
0.422914841980097
0.594269319264885
0.519923178431111
0.696543935414885
0.905174365770525
0.176290227553055
0.570186671906647
0.356873188874351
0.335198408648434
0.152149758990019
0.263696594478078
1.07441905062594
0.311166427376041
0.862878892464921
0.537739917873169
0.393379054990655
0.138515803633009
0.558229703130666
0.652857816593561
0.133375477704502
0.542745466267151
0.275949917752438
0.411164987599336
1.25596826787101
0.452388507637556
0.288341091390491
0.246716109176373
0.725302171023138
0.287678140709806
0.365402847889333
0.478109156210596
0.28792805049798
0.608727977746646
0.39073482441859
0.556552278390097
0.84782824638254
0.159468838878837
1.08925476458451
0.628904883937024
0.796814508058559
0.300776515505065
0.241080432542137
0.30488003017487
0.377477637738533
0.840238020219794
1.08907900126246
0.67164223071026
0.325647894867129
0.350457023057749
0.383252050806105
0.761567302140418
0.447867214128012
0.727300124928391
0.402106307062915
0.443443369773388
0.472247701332583
0.0900082926109974
0.475842951427526
0.49716030379217
0.45524699650654
0.594592969851182
0.333925183225477
0.525968332847228
0.518794085210451
0.808162141592178
0.344190795663418
0.0660565151883727
0.611895574797475
1.422850679526
0.876919220286997
0.332478877896632
0.808649257581895
0.307414698496559
0.776334437200778
0.480415736325807
0.344986101422507
1.05239585617632
0.0935746050449304
0.550209427946924
1.35584263165291
0.81441030219482
0.372746715131773
0.374540114548114
1.49231352126358
0.399631812911858
0.113796858551352
0.369446985811017
0.870193239723456
0.396141124263716
0.331585522417391
0.255841307359293
0.230642917454009
0.900686361700925
1.19676977254537
0.555528568169311
0.644162657120708
0.361949377751407
1.10934464193024
0.56647166518743
0.977119528272515
0.946023133702152
0.451835769663616
0.253065895288669
0.512216928811942
0.419250677099398
0.823040778337168
0.820453892985606
0.462799060027481
0.299732652329355
0.641100479667269
0.73688400199915
0.625184228963436
0.536196261424055
0.716620968800836
0.0852074759745654
0.305438081078799
0.676985600416632
0.569122010508332
0.442149543003912
0.301167333808009
0.39465383726079
0.529311164450642
0.85473906930014
0.485630882165666
0.95619926445946
0.610493907164728
0.407124915248866
3.3697637036828
0.64926418817571
0.86093702840069
0.528434828008955
0.577459415466189
0.516870640696343
0.319068483939667
0.454970743390624
0.658771314080538
0.268581849724438
0.482241383460008
0.40846110583788
0.0157422456852689
0.311782939374049
0.479800783545144
0.52958579196057
0.51849387746302
1.15661429992545
1.11082135166152
0.634784983680639
0.161642726193476
0.552863254414762
1.00213673654446
0.820578993696996
0.66723529982248
0.538091306299633
0.564561248787739
0.574846958241475
0.276043514718953
0.528204618729305
2.02118696825668
0.256210728300326
0.449471786530323
0.528142426879796
0.791040347195603
0.531797829060741
0.731996128557475
0.248134911504421
0.31398423281694
1.06135240147418
0.307087724307576
0.50820794493696
0.270466265411763
0.596898010358074
0.694307087310385
0.861539544412843
0.546814534243134
0.368152727678213
0.757053945679278
0.376857184389569
0.260205189005966
0.352630804161919
0.512146499336682
0.274900795581782
0.344370179140754
1.15509676382397
0.603210771870483
0.436627833105525
0.19211257532087
0.605817333260589
0.977816163281786
0.341917409314649
0.923409942016839
0.416070030226547
0.873844855113721
0.462164977496334
0.241539230226005
1.04441237802957
0.350303332419808
0.444616185425665
0.296591379838728
0.267126705305778
0.804627206556729
0.472891262658779
0.548933222268071
0.235420497623288
0.29887410973683
0.358767458577599
0.0273282142100434
0.494795730306207
0.632140941137134
0.0191778665924266
1.92910352443988
0.803468677703097
0.322775008828831
0.647126006386962
0.651222479180067
0.85869364852057
0.726713451626616
0.665501564551408
0.20622647920609
0.871530648858704
0.3397184584676
1.29396637148596
0.290353211235117
0.287666417477988
0.644673176684326
0.375135640536359
1.07387403136173
0.978885712159139
0.698611767203501
0.606288575015469
0.579463049629257
0.219815751812716
0.527393190952988
0.828089448011321
1.24131662024291
0.609191752902477
0.536454456688731
0.383370711305345
0.812245123562976
1.2998129832085
0.423825421886795
0.256934021152812
0.201577671470482
0.873056177116699
0.715702644857272
1.64255666049955
0.9474396922244
0.642580413650852
0.462286422895325
0.563925382787213
0.240849699170889
0.130617885342886
0.338129485062759
0.562269786669562
0.477255449629414
0.405314055858135
0.499326161338608
0.673714813028581
0.655939750299201
0.350519935363046
0.352173730207477
0.500416987442995
0.382671026638423
0.740711426037058
0.666164554841906
0.928320970079075
0.508909301353823
0.994306591490887
0.686628691590591
0.686847484694816
0.510655744932678
0.715553062094615
1.51778533380221
0.287828744108333
0.448967150742922
0.325656717030493
0.416939376353112
0.323867923960657
0.0864213016066335
0.418060267509523
1.29204537629389
0.574131634074722
0.293562270642889
0.242457847817169
0.870828888123601
0.737375419668159
0.513144009740067
0.269618585411417
0.234664641474433
0.498358248740873
0.548949197307774
0.557878734709685
0.827050115757739
0.492343331899134
0.272742502830082
0.446015760479435
0.369716030535106
0.304949622013244
0.330278954444973
0.947064074107769
0.288390981360858
0.154541406401122
0.638863191557293
0.774733465337151
0.255077392256707
0.346765097749994
0.0454542767728796
0.251932901105789
0.938849934707812
0.480618215826237
0.510125749860837
0.604944170237337
0.971414039387504
0.635722109640027
0.708662222685256
1.10193594493302
0.355081978448584
0.375186810423501
0.421591789883361
0.882295147989399
0.981698351400554
0.816483454503239
0.48170386321442
0.613478606549726
0.594575465844062
0.291297989239652
0.643991211957437
0.476289139132854
0.284907161903331
0.628268570892911
0.211652067405172
1.02726816629744
0.646025782136664
0.797830492760117
1.06366468781618
0.555588169587157
0.757446011621196
0.405435206701114
0.309393013791824
0.58169728811443
0.279975289810421
0.942193635409148
0.220084197308771
0.78098443568671
0.382462247610683
0.930775610347117
0.448760519084203
0.327724873289478
0.354922247572848
0.646286890532262
0.278326919376909
1.02526929656512
0.727836403377862
0.433099846034536
0.198141729795357
0.65052206433476
0.187530007262931
0.670422719561408
0.617728461898446
0.524911907875706
0.41924055099525
0.630643390345208
0.78772302266819
0.695353421333188
0.414940637914907
0.236372987301561
0.286589743916642
0.454536452683564
0.247222134822976
0.271050045802642
0.486423026087315
0.248341333922791
0.302140570718925
0.449921470917917
0.808912446387974
0.368055125165485
0.312370149512252
0.650507331170951
0.525960687082594
0.330843242893178
0.589116701793341
0.327614785346767
0.204060241395412
0.557381403587716
1.48462860791985
0.375341630578639
0.359311529514042
0.757627493511078
0.637621775544282
0.473683520690548
0.736797665979975
1.12512532447541
0.382458302663933
0.0935055932740395
1.3424116954762
0.494035429148256
1.05500300962322
0.492100731691717
0.580502409796661
0.192858281812125
0.667412849514171
1.19319907594691
0.757599153959447
0.437366024067577
0.902996649362004
0.510090298740979
0.939395547211508
0.2702090012142
0.709385299043272
1.54432690146855
0.389725003347425
0.221021171544334
0.452837340541517
0.536775652354383
0.400191934056823
0.578732908024594
0.55355398334716
0.509145734118145
0.746156311568535
0.333302290705192
0.458852219036091
0.737907936502317
1.06077820059071
0.401385266341426
1.5706353374774
0.872294913077702
0.297362492614482
0.298374724439228
0.405661394609387
0.604968724279972
0.0604458708883818
0.675642959575923
0.436644490984247
0.0725249770648614
0.302666007176114
2.05256568284244
0.400668199778087
0.398233355481597
0.390672728849081
0.24870913440798
0.470944369023748
0.2744398172357
1.21788290498825
0.873654034638865
0.318141606486658
0.233306951478048
0.20542383815946
0.259160773361501
0.396230461923822
0.786943631131232
0.416388023953112
0.40436672915505
0.595154118082241
1.24929055351218
0.637114283413359
0.50400092867769
0.842369700600786
0.120451071564804
0.613692713473967
0.707263487561602
0.284156405280043
0.51562983972779
0.292941165714281
0.296611824041517
0.771314801072574
0.361773656629812
0.756484469079999
0.25866534459316
0.437645962076155
0.455869793864112
0.752201686994061
0.36063707558802
1.55245786535935
0.185944624417728
0.722986796229332
0.206762697088045
0.576932359484626
0.563995099128904
0.418725305747522
0.244355388397377
0.400139886924626
0.502409310088295
0.65495225231319
0.174598702049527
0.33350658200787
0.416370248025692
0.721774657548774
0.421463662050175
0.488052608179891
0.278628409984127
0.761006768216537
1.33318442204673
0.601229983632311
0.527963448349874
0.697239942232749
0.0686984469062408
0.388040176467263
0.254820030572356
0.470352236212785
0.486893706742428
0.352985306788737
0.460318856425975
0.703264799872913
0.52154921304793
0.714728898141483
0.550909376156966
0.386599422122633
0.574238042416316
0.40355037649783
1.37992734223417
0.409533739091606
0.309331232342859
0.508452359009555
0.807336024055156
1.11292806499196
0.441978378145897
0.363767287755462
0.424639755565752
0.529813833116769
0.427377501268569
0.126236782339586
0.338904666217893
0.831491061112219
0.500175725813398
0.668276919218063
0.737495706464864
0.578479922747766
0.655154217083107
1.23392848405674
0.77310844407927
1.26476710886843
0.552633589846261
0.596444797427217
1.72840171978743
3.31787534826851
0.290935364038302
0.28717061838976
0.296989130922752
0.934686954150403
0.186269300321527
0.427649630073112
0.143064861826958
0.712741229928978
0.29092414737727
0.341922765349744
0.866655667905165
0.593153412336737
0.751748762103034
1.02139763778861
0.597462511069252
0.577463941507952
0.35253858335775
0.730436700738383
0.431907135440742
0.480619324238816
0.251394431309689
0.781725220884334
0.41703347498135
0.777322555037981
0.655147111688859
0.519062962971171
0.281976070610638
0.206236833909589
0.484795285450399
0.642007704546165
0.113011543794799
0.700100046460985
0.713629683654501
0.755139847456273
0.431799689751646
0.298954124634772
0.203763833670073
0.234531833382899
0.402779984961273
0.652790043824039
0.785528706030885
2.20437031706999
0.262224945358581
0.469892876132985
0.51877450412014
0.0256884650355764
0.492658401449064
0.234954748634807
0.42097529647377
0.531894627432965
0.71242939802823
0.428536487718698
0.568121234230533
0.761798884605894
0.807323788668383
0.336364334696684
0.395828080376925
0.30410358972331
0.656127025163716
0.581249491792875
0.553046614602803
0.461594861635836
0.427092163337805
0.531721342340014
0.382419806768972
0.794151521227765
0.506529579327744
1.17409542005099
0.351930283949215
0.289285680143838
0.435073286606239
0.289291723559047
0.499385677741499
0.532144266021445
0.383717282382017
0.492647157057285
0.706148881432897
0.623078934521208
0.360542662240103
0.192338654109655
0.382699786127096
0.938552659387502
0.686752224716858
0.665902345580799
0.813178953733757
0.426010591096723
0.388231883701599
0.597057678966661
0.433426417822871
0.919758135172134
0.0167343326178603
0.476161689208897
1.09902324000747
0.494486815982163
0.401161790263758
2.03111412507396
0.653321790543109
1.61684779902617
0.296814607999025
0.778640936816527
0.669826255492758
0.439555186419829
1.27909420546713
0.380208365235655
0.306596554226023
0.915142063446499
0.244805294480665
0.357043778783988
0.324215648537172
0.466084349182731
1.35209626854713
0.360683134657521
0.244176974920248
0.115774945711335
1.06993093205595
0.833963602382267
0.362907988604983
0.123484026623466
0.305874467299023
0.699688823339014
0.839964350982412
0.936027352852302
1.06520237118196
0.63159615767144
0.443990816346317
0.474367097470195
0.514717859418128
0.66954954908009
0.955611591825573
0.474470439523574
0.292804152726473
0.656500249154243
0.57003748790249
0.43121837572124
0.595219184662605
0.430626735613806
0.86299738839162
1.04871820256104
0.852485020545491
0.193326934713091
0.771764458146671
0.513250491010549
1.16902436821837
0.571279769514073
0.400760013079177
0.591339739195048
0.574393219263256
0.51964809702891
0.912740674931954
0.694157929860036
0.564263497735042
0.667726839403642
0.465086104626843
0.982170546524498
1.68151032285997
0.453975993262089
0.372322095538198
0.698579024868292
0.6186633986218
0.0231946889191236
0.305758194358447
0.364736917742967
0.381386250713809
0.527972668974304
0.691827554543557
0.827333869458116
0.436290561843613
0.292926810930007
0.483417865659739
0.434446086765558
0.96680760723494
0.955194763489237
0.305912603075007
0.617845259848698
0.432685675463035
0.399373695938921
0.94168023367285
0.884371328328608
0.0488697459668812
0.495629941035136
0.654610907824321
0.682765503919252
0.157792338579955
0.530073430765106
1.67119224610468
1.07452764018417
0.901861955735716
0.971754960530969
0.304039188647263
0.278297745760993
0.281209543791724
1.35906684970723
0.493191482925238
0.508104530700693
0.690253947808749
0.410885800192611
0.835140252475535
0.277461229046076
0.311531740194427
0.633873774841925
0.255878440560666
0.0762915370985154
0.949660586920466
0.189966330426445
0.332791853474981
0.472394862703215
0.598821132209761
0.741267124271105
0.310294908841793
0.375233854734669
0.303578663726726
0.444223412997458
0.594255542816931
0.393010193982787
0.424060741372775
0.553730637823032
0.615820525940683
0.133130931682137
0.897827998045507
0.165448665869672
0.481793383956324
0.822886357229404
0.642749218036992
0.346667621801267
0.395409517839484
0.497979728478509
0.258280716673153
0.352164640544867
0.491291037205508
0.534530338990898
0.788833052753032
0.602784355395704
0.464808400734928
1.08380008286349
0.192729955772192
0.237401202944905
0.298256566491668
0.268151383595794
0.866698536159697
0.0723763695269705
0.738300723903224
0.0931711274230017
0.347244546035604
0.488714604877215
0.195129974459379
0.762290900235341
0.60786761172944
0.753541472386887
0.402728945679972
0.233119697489165
0.552418256590638
0.506642469313147
0.558023483900642
0.625298129179892
0.206986909598491
0.455115777870433
0.2181498254274
0.297409663317284
1.02725712979078
0.456675041716769
0.705105327675475
0.862150041241346
0.546055323710271
0.473079626955709
0.539788001874484
0.30716196370208
0.586668892388917
0.648262975392921
0.709530546337801
0.235059373180394
0.829735759738395
0.551437459116612
0.85374020495553
0.357134307981246
0.289416066029393
0.572148904057585
0.324254598219313
0.342581386131671
0.428531263027136
0.339032759536623
0.334014071079184
0.776434661164314
0.444298782298565
0.719720175240308
0.6922401345733
0.672479908580406
0.429275943896326
0.647217237312946
0.082356723986269
0.484564114727527
0.423129990596671
0.40025246769898
0.47173606558208
0.199088900612783
0.248634096092962
0.329331170054942
0.447104585095437
0.464082977730164
0.767858155786598
0.672546436236806
1.16695973447894
0.670534697817769
0.117456632129057
0.887145150698129
0.307556495462777
0.621911997720055
0.546761048407839
0.396488229371067
1.14237955648945
1.356442661904
0.141327514969713
0.0277151435544634
0.226192958286099
0.508872152237145
0.363264628528093
0.712936101309469
0.93794433990869
0.370653176851962
0.542368672924802
0.150336097105511
0.240566683682089
0.643648485520437
0.622106794748766
0.676136296440866
0.500682731979779
0.430847056574302
0.548973581204229
0.354638094572848
0.190540427931733
0.350199144041292
0.606412046389728
0.862334703098119
0.691632088112074
1.01174263882297
0.23016744317406
0.758513801719337
0.522609470204832
0.398463797892512
0.615311002712761
0.566264410500607
1.12837265618323
0.038164409051958
0.409104140218056
0.637528545741531
0.414826254183444
0.607403359739275
0.155449352642792
0.453755850720154
1.09313846199518
0.309482744385826
0.661126444087945
0.727024763982324
0.142512196333654
0.95997701723353
0.315956468794548
0.276335687196538
0.31543331650355
0.982855766680669
0.0234138570589079
0.374880012246855
1.03256614900894
0.446989979060191
0.48636263308653
0.509372024495436
0.632406805397075
0.860747384956647
0.446149443045743
0.971650958418778
0.619755079502865
0.408640277530571
0.144723391484164
0.318632303342585
0.416139942405173
0.552462392310291
0.409754203677221
0.485069599825591
0.529420978416866
0.327458518285574
0.464644752044708
0.381713264909604
0.314114273440805
0.396438149239961
0.574661756765237
0.608920904436041
0.424828539338779
0.777921646442524
0.521278322755555
0.547875716900078
0.396574913751688
0.184461397752705
0.359458176598775
0.362744317760845
0.428457655951007
0.875904778852568
0.66685933640732
0.372850706420734
0.665142908794567
0.211122937597546
0.354003317895937
0.763452496934735
0.417790524835603
0.270431572754914
0.449442156308769
0.670683911765745
0.555204053271445
0.473677581416854
0.456673889668114
0.000185289248992229
0.744475432235667
0.357997016169272
0.78946631792768
0.865119572635627
0.632577507260477
0.290162211131165
0.781156548034443
0.582493610430105
0.585636366326767
0.684402090877828
0.452991030038397
0.328657021603878
0.244055232389271
0.393046980064275
1.90606082956734
0.08011725226348
0.561440344713616
1.00245559052051
0.253644341696564
0.134179075172943
0.426520967818722
0.124673468789264
0.0542051531222773
0.571178375564158
1.24647020502286
0.462247861822917
0.387790462242318
0.446335859353415
0.569331654352269
0.364540011852037
0.601953869541079
0.467882104298646
0.132851862378799
0.320405956068267
0.291517147550406
0.328760226999624
0.538442480229753
0.736560181219799
1.34836116097847
0.6648013370429
0.587914951761997
0.586638174980567
1.88144636243158
0.950594951938651
0.114486713800851
0.636987691704265
0.827000209498305
0.474766324186234
0.274469147676135
0.852979388443542
0.478252108545592
0.411654470209076
0.225620050027325
1.59062285796182
0.78700413257319
1.60242440530653
1.24483563005401
0.436696780881454
0.78182262223811
0.499971072701289
0.411103270887128
0.281076797580094
0.668332909554181
1.44698564236486
0.0581215877638876
0.727458168379925
0.76889706251649
0.319633227002146
0.398901118353152
0.748767645891232
0.583718161294673
0.259809458299268
0.409270312631113
0.857188019434759
0.366956795955487
0.647371999508374
0.664634550114227
0.197127748900211
0.536821557404084
1.01636732036151
0.617484231973536
0.406574696868774
0.351094760737882
0.46627683230189
0.312556914189867
1.17910567621826
0.292070873754725
1.35898242025511
0.490732892955543
0.340955944967677
1.253323303924
0.727979590139857
0.489778333776257
1.01172931441395
0.453061966935753
0.478175885727761
0.242729733373542
0.263847349142355
0.393545643266324
0.65501696702981
0.356859692325854
0.516677035396923
0.345390515448463
0.297380813869777
0.271651235681164
0.828125453754737
0.377119593202031
0.312040335523298
0.464612456061926
1.16607299566343
0.576470403317507
1.01328089926402
0.702946033526161
0.266707498169771
0.551899040938894
0.576835525550168
0.140339720859536
0.175523112007312
0.612579461562894
0.608886396385833
0.590350193420617
0.850201747630831
0.51915999562149
0.625473211590062
0.622489024972427
0.3871358406461
0.235577820625793
0.439222261316185
0.131592829385216
0.194788095393778
0.53213052071508
0.617159535393951
0.497654758442355
0.736604198808378
0.116698000247753
0.358452703147222
0.548750717162128
0.747640517862585
0.453374480078389
0.498481935893062
0.51404176585535
0.630493224577008
0.397166144002749
0.308274856323478
0.540314092194635
0.294210509088933
0.56363789186579
0.420367577927355
0.429205584099341
0.75489225842333
0.400549341359256
0.611434009265676
0.999857054287637
0.648942537455071
0.447662037193803
0.477416147856618
0.325739665129919
0.435781220823633
0.392354001809835
0.0115757221894284
0.544513773765257
0.308350447257345
0.590025107154875
0.428345770318197
0.695201368505033
0.440824050564381
0.233734213492326
0.129990408463712
0.44078632514843
0.12503283722886
0.291846404670954
0.0988243884237086
0.721348899927125
0.434022010954146
0.638134650658369
0.188071556022284
0.485094347754262
0.737010978314487
0.109664438221991
0.423139144713313
0.824760401932115
0.992257604876546
0.541048210740281
0.819849148297511
0.759540913096099
0.451327650186912
0.344395965189496
0.470161861057339
0.423751592573152
0.221108865007335
0.698039345126909
0.170840285888596
0.260279507699513
0.73117885086234
0.579297426733818
0.318645428800891
0.23068181028064
0.230031198610328
0.376068893183125
0.54448854875091
1.33994853881124
0.317037740487503
0.989086163228216
0.428475082832318
0.306970095134711
0.47972711802662
1.14606255223965
0.320591805763901
1.05009385879081
0.947527220903384
0.91416405029164
1.04120186835417
1.43092698301483
0.379079543528265
0.273335059209659
1.36549656655168
0.0556674155610042
0.1076632596992
0.67609262336429
0.807644220345995
0.385332262692987
0.24655876272248
1.12384355071275
0.274700826873383
0.475366390517236
1.16538016105531
1.82005908290274
0.32527460348819
0.271019620067107
0.440283799710433
0.781408269833372
0.304013254278092
0.6329976881784
0.352281781777484
0.330863850670779
0.305050822173372
0.443918553224863
0.870306329847492
0.662153988264952
0.698157918088502
0.909990982558412
0.644733739217062
0.619209084916061
0.504187887010643
0.896640264169148
1.40618000206246
0.231010865747143
0.611869481437946
0.625525901629575
0.516951187033433
0.977322187996096
0.237491762506709
0.644930881172262
0.313882630519766
0.630213116262081
0.168487850469809
1.32216127576044
0.233244235497732
0.101088715296481
0.53142364052881
0.58928444872038
0.375365670543404
0.188371811844251
0.620426402812278
0.977672577921492
0.84444824758475
0.889235616869781
0.384245956856106
0.748357382349486
0.641974126919258
0.342160157135011
0.520203377735625
1.32132524343648
1.29693818613346
1.3481348756289
0.658347729122468
0.855138044387323
0.561327579483015
1.05467606196087
0.326938008970118
0.346458695978503
0.481131479365347
0.202377363886105
0.333756521963461
0.543708229913317
0.411288497893826
0.479420477818185
0.162167927650804
0.571902986738477
0.551582393557531
1.24338876834622
1.43722904997464
0.517458404942925
0.624703306311111
0.315720162307401
1.36632952836687
0.625396995148793
0.670817996803576
0.284847208290514
0.572210828577857
0.98836216175443
0.646184684382511
0.564815703746472
0.0995942704634052
0.728100131873418
0.261510451441199
0.932102827553718
0.140772466688086
0.338252635617866
0.498249325653933
0.350177670851611
0.126695078933849
0.543367249466821
0.44911233090363
0.440079069502245
0.504096453918492
0.741580317726718
0.384827006902258
0.290216385901145
0.238691456825354
0.444871956098001
0.412724660491002
0.718569068377197
0.510723555513219
0.0264654624691312
0.417230690198179
0.399923077816141
0.490223738810431
0.552203014848448
0.523245417993723
0.653796358032437
0.444364525836597
0.522694765349005
0.511491263839157
0.16525907334461
0.153640737192604
0.189493652723887
0.530742524789798
0.513975886349287
0.762781855605761
0.510149965310459
0.808561884894732
0.975486929989896
0.768020327596959
0.798063240092956
0.696234760507992
0.517984838410937
0.499076119738306
0.880308134814784
0.562058861255504
0.298221016350692
0.333631634485849
0.517123176141605
0.602677023152644
0.371667610405976
0.68569503763971
0.340630363716737
0.656866833294699
0.376237685166978
0.704359221562597
0.943194906752963
0.679378109096801
1.03400021559562
0.44598789405303
1.12590119935698
0.234422640308608
0.435433829941829
0.538496497267768
0.326514157845514
1.37542674070307
0.74013992069321
0.314001412600115
0.539444061964317
0.526375381065008
0.549300296796888
0.896298602447203
0.724416612433605
0.336227705148219
0.324819728954272
0.721713283478746
0.464142304215158
0.871896021783796
0.863976886587056
0.454092063116293
0.630779413650361
0.34908388565732
0.732929595842066
0.651312981594835
0.868054176437108
0.28641624581298
1.76588585365813
2.17620388969826
0.530747025638319
0.380418450048347
0.896159717264027
0.417825548878642
0.422408218267221
0.116946027992677
0.313239616322774
0.372268809214605
0.55304214749176
0.684719838477215
0.402186351257283
0.578463322618671
0.441415930835822
0.477254207881842
0.344831053107707
0.706671399336438
0.607276132175356
0.238335192960407
0.348013423981701
0.303054587554434
0.70001622079493
0.512273082459299
0.625170501959784
0.724677112203021
0.777096928773413
0.368306335028819
0.498496850179337
0.197970062360737
1.22568760517571
0.404426811021642
0.304265754165973
0.691315448996535
0.899761402183031
0.385551340647074
0.449518910863286
1.0239646414263
1.25211339620455
0.853161582537985
0.57202643400656
0.212358868227635
1.44185598775888
0.648002593206911
0.772333215793065
0.467384989740612
0.508136138887194
2.23123822024417
1.2749327701149
0.461380084040095
0.470553087172541
0.326389325243608
0.746685805607405
0.449106356996468
0.363259545917068
0.410321915913372
0.59295287468734
0.208774199004124
0.697353958021776
0.62897318936662
0.806236684126239
0.726135537775163
0.60994112910298
0.655559170282969
0.72932669227756
0.554372985474808
0.447193888469335
0.156355141915649
0.668731978216359
1.01938614628099
0.463272977342669
0.0610115791805022
0.971858832040067
2.23197116786575
1.02098130774087
0.555902600393893
0.583351575771806
0.141781130306482
0.248706402086476
0.597705992908545
0.424393335672968
0.590688679259146
1.24700535011772
0.352635804165974
0.324404792238892
0.440912935182654
0.420777713098142
0.865556806468755
0.874461334575802
0.331936661908468
0.428037081265124
0.597135892246799
0.742086672558285
0.558554519447323
0.538108705314177
0.319981965114481
1.73101334544078
0.659899527174475
0.618133461893472
0.816763457031821
0.527221467825248
0.432797679294305
0.683939082095288
0.228573999764592
0.39504321628434
0.665884652090718
0.664676586519258
0.848042138185683
1.22943864585391
0.340002763169137
0.683414040041378
0.523389183703876
1.07632611986191
0.38028671741062
0.386375082062571
0.589995664310044
0.55596163341967
0.179165867553391
0.51330059781716
0.284748679181573
0.546664620200091
0.560834082137676
0.476225473597361
0.567594548410475
0.929623895301633
0.484960913546391
0.257063510850887
0.395102423095581
0.501010761385408
0.646210601730819
0.416204992521011
0.364531382814298
0.753679538491046
0.453343780764698
0.641090455617978
0.193829633274953
0.56799241181907
0.857749236296077
1.68553887839696
0.878388657993777
0.322020478611313
0.65908537725355
0.864710017055048
0.0535202651046136
0.710062198151255
1.03039979377952
1.32972638504709
0.547930455968872
0.847267581481355
0.53495319590769
0.0920124626350671
1.93238318502344
0.348500756459009
0.631831987744829
0.296342580694244
0.588657004509237
0.514593894188068
0.841539095136688
0.50655846318039
0.490742895663543
0.102889291537371
0.881017434349377
0.481664801444679
0.691114575839725
0.802157168079841
0.255291182235499
0.209211076130176
0.498029001502383
0.432706176526683
0.810043142830001
0.498689452508809
0.245141172356159
0.582716394644966
0.111956677150382
0.41802269325741
0.328442660340169
0.446450821203419
0.444022849892168
0.235491625177797
0.141991588752693
0.634138142424441
1.06606773320926
0.326734614814899
0.372067852824869
0.365675184240716
0.527633526849404
0.857574729621209
0.32599964972438
0.575307251714415
0.221667301613683
0.54298555202795
0.223377082558647
0.289944048952605
0.386246621793103
1.2275944291972
0.309714811649879
0.231999622031964
0.35983711836931
0.60832488379211
0.514324035562874
0.184932954527195
0.450873961122613
0.136920106224511
0.732710117016123
0.718151338081728
0.595024355466185
0.629547234068438
0.635726308256185
1.14597914758298
0.434795161592686
0.0426179743427339
0.337775438869929
0.484582006325581
0.476759111376892
0.740242351903763
0.459647458274669
0.617598427125337
0.401546113161856
0.899811318382718
0.736318561032804
0.339452924987393
0.0862081119251592
0.43671044870402
0.309303704073452
0.387049500806459
0.792708221491915
0.581485905873799
0.385795422496031
0.35345239463083
1.04767531697465
0.924941869884361
0.733952095797244
0.362571314098432
0.413892769776259
0.207698420143452
0.242291653592764
0.686312200158149
0.25401028949232
1.20775118389153
0.466448983016688
0.633061413130242
0.84823288591152
0.509557422393576
1.25866257562998
0.319215071588239
0.077003271234171
0.266159171252589
0.856939306499708
0.538976480903823
0.434111449858403
0.375620848743572
0.571292609513851
0.949974928542692
0.449314071134885
0.845988752319598
0.549924715013119
0.627545716898619
0.167778596183813
0.0655572218605634
0.54345933552223
0.469540991626608
0.839458621703437
0.111079248108461
0.499968529774473
0.428339431759087
0.540465392248882
0.913037187946378
0.482141605997356
0.359390909536382
0.275600755695439
0.592151262975817
0.971764912466884
0.277672723905694
0.710396373164923
0.451180347067718
0.7586913743108
0.685365913062147
1.28338958106554
0.774369580070642
0.506995364666863
0.419314274953946
0.242145289046584
0.722467360571825
0.327626352549577
0.434959268510457
0.163921828142332
0.539533140282783
1.08692381832037
0.704273569781073
0.289101657392244
0.570150347155254
0.193025711001536
0.7863511240231
0.329651516394091
0.59303230399605
0.672792145998727
0.298910904711555
0.470228556389481
1.81582060272214
0.754407897666918
0.881851574771861
0.609304338710834
0.0351823911840269
0.344093431560713
0.0909935941315991
0.556442075066754
0.211276505298616
0.0890634009457401
0.531004658493649
1.16463078970757
0.346395255496842
0.423277790258391
0.635676161845108
0.775201818119602
0.676070641269621
0.286119638493432
0.982561054422599
0.326599430895935
0.507821727192941
0.153277165255741
0.639448752079427
0.160442166058363
0.728893398827375
0.305053560152288
1.22932176193343
0.398636915758951
