0.57447155878274
0.89932408638009
0.653459230955514
0.22022537509841
0.938832844725355
0.589648895306096
0.75653775059721
0.700951916624493
0.409410910393371
0.527370506207748
0.500559218153929
0.456963294707511
0.63252971330965
0.546470160865869
0.485889928076061
0.280607994482454
0.361032513720821
0.706520583519908
0.362605187549555
0.400745809220211
0.482825620828392
0.889211946655602
1.31724380182593
0.916081070865047
0.422016986302125
0.170655117610042
0.827715551198194
0.896367195151685
0.907438587547014
0.854917811575811
0.878795749626977
0.766941013217047
0.729000253972938
0.463618872640437
0.417686418547215
0.47068648091754
0.471868278052631
0.48209172628518
0.412917753364673
0.65735944783787
0.646174103733369
0.696433821259619
1.51021322110414
0.420956402148286
0.43894936986904
0.462490385863431
0.382202434150284
1.16136731110872
1.14464406694921
0.976161732606096
0.557308457763954
0.948995828763475
0.653131646761599
0.310268111567384
0.457770365204794
0.429533045646125
0.599284792615904
0.454965875603201
0.642872431458672
0.737099368400637
0.932173328386796
0.542843664484689
0.68195381843622
0.679086207298191
0.509830154138709
0.702342376723508
0.640765553639394
0.511367022582307
0.543950811489279
0.617842276031431
1.09849125091404
0.99791637196176
0.609077148928755
0.801221048932778
1.15404305923199
0.405813405998266
0.722740979417501
0.479520165091544
0.463755873554702
0.612022307091283
0.576816270716187
0.334104570992284
0.47854282286669
0.500239894001084
1.90760841454316
0.617784567047459
1.49084461535546
0.859326799114916
0.933058725890808
0.747850067293207
0.568633797132551
1.3900257076211
0.451829002516374
0.441632548657459
0.855082066910733
0.787246526966241
0.955923893281302
0.257124709604844
0.686205137243073
0.466442169710327
1.16549463538972
0.510930290737565
0.611463212739858
0.569560613345745
0.912821370622719
0.680957662673838
0.333516035396319
0.674864905841546
1.03430995817452
0.807464692650324
0.522683131922908
0.66461041085254
1.310689205862
0.484914589112537
0.713289810264887
0.502314125991615
1.16408937314909
0.333814280967199
0.536416081862799
1.39935294088914
0.685503915868564
0.425026905802287
1.21923199266492
0.364027417176944
1.19516024232403
0.538281807082352
0.618094102377923
1.40136988153446
0.441445293952366
0.522386573041423
0.626498091626776
0.685538483858
0.860651758041966
0.667456464363808
0.513888209271962
1.0952186797628
0.52245290486396
1.04703639978351
0.465678519989858
0.487736986067243
0.472587148587273
1.00031754075296
0.514853527423736
0.818879729456139
0.728014581982528
0.795717242330889
0.664306974626958
0.522792908026728
0.731630487950712
0.483938497336727
0.417954065732274
0.593311598984674
0.439553972390306
0.706477291205119
0.798850636135439
0.702046300071129
1.14222396421152
0.622928414596976
1.42024065403852
0.758523709952527
0.54020048797934
0.510298955519526
0.673996594251184
0.689968374362487
0.689342123153538
0.802812653737122
0.693417331706008
0.673293817771973
0.845708691539607
0.401062053411255
0.817103846388408
0.623959753598704
0.760499851057443
0.614598777248653
0.451944430249349
1.55615242213118
0.879693011274663
0.806088921862723
0.449200502811164
1.43627023992356
0.915693744953497
0.833085530224161
0.520044197107921
0.943463010488783
0.594663738318673
0.406899974092854
1.85654932043291
2.66538629603256
0.904553794289604
0.384325402762444
0.665550137895249
0.879336345561376
0.402199032799598
1.53118806567298
0.853405075778019
1.16603721126802
0.520886404927653
1.1444523460393
0.502040051785976
0.501761788653656
1.20822087909753
0.829719779037581
0.497455124227072
0.522087337557998
0.70667295593183
0.539072105164361
0.753733312750251
2.47657292292803
0.678771629848214
1.48810723585103
0.387423036361749
0.48068138517935
0.747772920838512
1.3449049883213
0.719318791251658
0.589761106298074
0.852178093341025
0.63178938170764
0.893948700390008
0.831265578284139
0.873783416850122
0.928019309816157
1.05406471381274
0.678693613243563
0.870083767235356
1.48118527668973
0.377480924968432
0.379953486388641
0.521239857278363
0.596256270923518
1.07673083061364
1.55383023941217
0.755297571128389
0.536268680792602
1.43583560943376
0.509103869132221
0.921323552480028
0.375037859583307
0.223329783729787
1.24546671186982
1.23512051906419
0.860262194027346
0.650982413752621
0.54638789382097
0.79352113245084
4.43806149665601
0.648415093544704
2.09832052685403
0.927696910776426
0.555846988001085
1.2357593524645
1.32632315472464
0.660160027178589
0.549190984221743
0.678403697505871
0.690546315604034
0.607637961416657
1.60665491024923
0.640888633286154
0.285283922592809
0.643594016176364
0.928735335713255
0.564781606972981
0.742667516289592
0.453626591185509
0.66966965725309
0.660555284018587
0.624971948008962
0.768740622046519
0.974029782076036
1.09512350442396
0.653415336254715
0.755664542722774
0.772865518498098
1.00058705361854
0.402404555684349
0.31255680189389
0.425126309841291
0.572824387257337
1.10151632990172
0.447906955997736
0.736849737344721
0.674503055752868
0.487437258080529
0.769933598366037
0.464338936086366
0.659616492239674
0.602873407687893
0.717848378750269
0.502906194183244
0.481858664577867
0.540688733289482
0.404850413799089
0.787047864307378
1.34664671703013
0.806962883927423
0.712363667779232
0.458377378490571
0.570745112188365
0.441852315610734
0.37363492658814
0.357616504591529
0.258645272833876
0.807048677003966
0.497551557858402
0.417737508800632
2.49063656401845
0.929350345424714
0.786069811395841
0.243261057193422
0.91771054049748
0.712622829803265
0.956868813977377
0.858051499086758
1.19013256571528
0.498377515995819
0.437952438763561
0.808864500337887
1.12011916340406
1.11228198941683
1.05073205737646
0.902224047255675
0.99765734900649
0.884897537157059
0.642596288203291
0.539512364602195
0.490413121211428
0.825738002248983
1.82629845965407
0.935683491743818
0.864026760826379
0.859252212837839
0.822152963729226
0.768004856599273
0.463195420789581
1.41249033254105
0.568358652656503
0.437756050839359
0.943551614062534
0.685217450887565
0.562022590263072
0.594550366540933
0.645916588400068
0.891366027951863
0.252651117849842
1.27796776427994
1.95066960836941
0.565431330483705
1.12651560461423
0.694285856158886
0.905940240223723
0.514294138443593
0.707871709373737
0.952107898794602
1.65462000861706
1.34929175283553
0.600157525255527
1.11431130674358
0.535267016811945
0.398317723743337
0.637658900739608
0.532510537421775
0.368685019754366
0.449569591405112
1.30746540317782
0.567539926507141
0.654422335591959
0.423773831409957
0.717659130579357
1.10148906356484
1.26861635263722
1.7900012898312
0.828359819412224
0.593069124729769
0.965009444486232
0.525586047163697
0.486679298210173
0.814071176247302
0.821663028089249
0.434721810984313
0.44183376386479
0.923828913894712
0.601801335337803
0.766251381277496
0.368856839467555
0.673508036733742
0.421487881969936
0.519412033090507
0.789075934940415
0.412425030007753
0.669196028448877
1.07265988118773
0.357142463925615
2.3289779146058
2.1979852312257
1.77866717467038
0.437092562278239
1.19950476211352
0.865024454269671
0.368008525493294
1.05622002802352
1.05343066198471
0.626806340573444
0.60860031148723
0.641258873147383
0.619093856312761
0.330653661782315
0.659167376329292
0.821703205356426
0.498743907570144
0.972566831829988
0.880932522093985
1.03861862363047
0.701950807002239
0.336398761474593
1.22668150240676
0.642520303519368
0.569421499248797
0.427460940562844
0.579287726012975
0.478396769183516
0.739252299795397
0.571745550472941
0.420607995359413
1.67532197524972
0.458951116594202
0.564514924265581
0.958964590482772
0.239244099840327
0.989608865963317
0.353394877534041
1.01016802086608
0.417008104618205
0.682808070554347
0.342483086395182
0.446839305844354
1.86027342264047
0.64056505850508
0.900640827269711
0.7102854540758
0.522868329500713
1.00052033559231
0.658404531455816
0.602256702719236
0.609996470653612
0.531982798662718
0.419253425969814
1.65615515803777
0.618328548935907
0.533826664382477
1.24335535927734
1.84270790293611
2.80877285747572
0.420095666817077
0.704480843127684
0.449365701772137
0.608726542331239
1.46441680502405
0.517112517063886
1.15881332245333
0.835303086623955
0.721234308570557
0.553870687937932
0.381312907995943
0.375343926351779
0.464655051707211
0.440619640502548
1.12305588406328
0.916577255705115
0.714313236682324
0.792486133236251
0.618944635555869
1.22105920256163
0.814160265251896
0.623574990571479
0.906196089676982
1.01341434514753
0.776922657481282
0.502315923045648
0.589873115963478
1.0624382956649
0.957676202057901
0.571231812443698
0.700132345441216
0.698864304494508
0.850911964716522
0.903459085333316
0.739304843172331
0.263702206752279
0.335131665155014
1.1298770922384
1.01754406982548
0.853753877405065
1.1713892994216
0.877316184579927
0.728240044738206
0.49446060560623
1.66838863874343
0.757149096987628
0.850680764391696
0.739656939894285
0.444903901814192
0.462727118987746
0.631132239414746
0.533128478167457
0.628713232523392
0.453668914325287
0.920451861094143
0.39900972177413
0.838425260573819
0.663924372474635
0.607350000100374
0.582729287150362
0.879314398323879
0.47865133263114
0.387912846954103
1.00407203552775
1.39612590112208
0.50766932446604
0.93438904001258
0.417542974704006
0.51147413052602
0.899495192088694
0.858934637333875
0.756118554488476
0.587339373577716
1.37855611124625
0.443996661803772
1.28328480980362
0.564116693220671
0.588550050166363
0.594624797375262
1.20164464946024
1.26355612623169
0.517930678922208
1.0255610045162
0.815248197961173
1.26502700436275
0.546523459910326
1.35176663017315
0.645495873200129
1.02211165779031
0.359708078677628
0.593955582141565
0.591965329043846
0.75995915340156
0.5364571665267
1.35396160796383
1.15751422342868
0.77954578399426
0.612998588624436
1.18608231492102
1.4485357668093
0.953710843910614
0.603904524247706
0.632281754948383
0.552473700835075
0.716642087192589
0.262920355915759
1.73802474213677
2.0622666091973
0.795263826309279
0.485881345444152
0.252624366874552
0.413717942469917
0.644888401091085
0.532658549135379
0.959292092597433
0.418024679503336
0.384599986153702
0.804912815081186
1.19088078407764
0.567252695629831
0.299078386592213
0.773241106360098
0.526381783521616
0.238719186233347
0.662005382722778
0.387505479838448
0.755232526181854
0.760075550980965
0.312442001083752
0.82606446832105
0.372021611510511
1.78140969593132
0.744513537108936
0.503760023148971
0.954066320641608
0.39600980784329
0.854087251291204
0.433612610405577
0.306811765905859
1.22775994955253
0.748303148013472
0.595997361288193
0.352333369832613
1.17010289072347
0.628646834092497
0.900346529436651
0.27479479419778
1.23991807379968
0.630144224759913
0.487332136544821
0.562415295054179
0.488128422874343
0.707850239568874
0.654857817058272
0.834675651752475
1.2498844737491
2.85532492806248
0.489958913440392
0.759758873087017
2.86003806005915
0.77419336180741
1.57418316501654
1.80413065807996
0.730845639120923
0.41058251558927
0.394423854719844
1.05907316816384
0.954851211862049
0.372647844994846
0.582765159576507
0.952373859835518
0.787640021465198
0.545050922814624
1.07305523692325
0.507662688497245
0.517695138157784
0.51027299972204
1.00427648671309
0.530258598323405
0.450512493775788
0.467001179683411
0.402119294860917
1.51786003787673
0.828728132245047
0.961466118983197
0.521166442464561
1.10858847755127
1.94097775926344
0.354933119419791
0.496068829782179
0.887619492816801
1.16178399433063
1.54136689776612
0.44829368351221
0.533936870669939
0.955339923816783
0.339161992191953
0.938036671228001
0.687737505560788
0.840484874104392
0.406270895169791
0.985896512745268
0.856073606092066
0.562775308513866
0.604826295331014
0.622940188978629
0.435408102216899
0.475861108571801
0.634109327034755
0.589945489568976
0.371974037534979
0.946369861631515
1.09974092937386
1.04768537185236
0.594625239378348
0.455733077641567
0.233725413231894
0.534109132703988
0.764875489529328
0.429087710601708
0.603029653925956
0.634167227421155
0.456990304594669
0.468989806394818
0.479105653484742
0.716168833598569
0.79652227911586
0.622578161708185
0.75686274628029
0.887985277836622
0.615527664258521
0.919530356047306
0.646974819958654
0.524100469095744
1.18040216363242
0.842410329960698
0.97635382078283
0.259780166357475
0.465034907132529
0.627432796054577
0.536975779840994
1.05574999901315
0.710883225546305
0.85282051628047
0.397674562324021
0.807521826373372
0.631647493791315
0.29544819920634
0.25983921532125
0.548291438843205
0.702590970631676
0.566151298237245
0.555683369958715
0.764310537650323
0.804430108419018
0.662211915728695
0.419102258168256
1.24131455482998
1.15640193262553
0.868175198433989
1.59106676165655
1.86739989216959
1.49651587483076
0.640024373951459
0.573666798069308
0.794481463440316
0.641100656269559
0.462290710496264
0.865210738135913
0.524313835183779
0.672167315443278
0.673599717565977
0.706809580040907
0.319966714834662
0.930191888934814
0.464908527888602
1.32636009805465
0.666717065019396
0.708457495386638
0.770565349201475
0.547345745934783
0.850881067289794
0.770119255347634
1.38860376179615
0.472765209518813
0.546976922368728
0.32420792886809
0.394892904201198
1.10168505082145
0.625314972244952
1.01157493625013
0.33567002572786
0.565210690947996
1.7556839425915
0.720464918199644
1.089137336221
1.03155468167899
0.401946185457499
1.11283852128387
0.766908275706548
0.593006130314229
0.482318244712803
0.611369712984343
0.933871925232969
0.512239576569119
0.617544141713026
0.586796449814148
0.731192522734821
0.716543994279847
0.890393710569347
0.392872851095076
0.742754850961054
1.28879345927602
0.747782336893533
0.697345147908776
0.960898695852493
0.642348840801257
0.397338600293795
0.799671026537396
0.688096209448671
0.8864498015004
1.30940882134101
0.455761735133133
0.393876357433097
0.709240917448496
0.696665558738689
0.517741671535627
0.676664412365828
0.881302783291594
0.81200432816647
0.317625192935574
0.751468453286234
0.589498839357435
0.45342462617852
0.437896773646059
0.504346765405318
0.940244714211973
0.582409265023029
0.432688825601613
0.468895702362736
0.219878045670882
0.700415975585986
0.671236323149755
0.556305159231052
0.444294266412165
0.600902590074988
0.43315366639335
0.597632585367949
0.633827059415079
0.811656898705374
0.788310707860156
0.865422589024828
0.46268638041504
0.388527987770482
0.727207615068272
0.569500392073019
0.356136902073591
1.08832775555378
0.649156774494844
1.80352943622598
0.721256588748744
0.61558382948101
0.77208814082766
0.538690015558722
0.488112463346827
0.861942942471299
1.08863248227213
0.522685502115511
0.261268834703966
1.3670964480398
0.927133313154402
0.961894695264389
0.529429944797382
1.1346570576123
0.913278947390055
0.836627168451165
0.845760990251656
0.640181471120761
0.874296888455214
0.447174792914895
0.700031836254912
0.660233837280127
1.78547523362464
0.351837185662766
0.529405783002178
0.676845834638922
0.855113755475115
0.859559780702341
0.280663540379859
0.511338693468719
0.819428918203614
0.785956323732869
1.11094399317063
0.758261720110177
0.583991689184703
1.4427338936811
0.602585795261916
0.596252339310666
0.957098610670553
0.822176030123689
1.01027128628218
0.617897714330754
0.724458875303893
0.614821894322676
0.912925447447128
0.873316217490168
0.756181739445564
0.594747563080506
1.03904598191328
0.569338263656733
0.671528069716768
0.329174194263355
0.670517990083531
0.552247604800954
1.41487725128277
0.779500125550456
0.91673291243405
0.438610400329964
1.37815100486168
0.371055294654349
0.890665439299862
0.558694247645848
0.824632929870472
0.416521104295543
1.17575836566589
0.479718751467613
0.239671929525493
0.877006591173017
0.916704902572295
0.828985500410672
1.01968896206575
0.342178483885819
1.03684924784219
0.472429749677989
0.913516960530543
0.714467902450532
0.309477993387682
1.13916330882979
0.701221602463025
2.11526096495619
0.482048190389337
0.615868687414728
0.365254859651849
0.687915065981936
0.426765331816297
1.12889232077481
1.90412054429197
0.676767591464694
0.867774480520376
0.851125575611898
0.951397235910325
1.02241270082001
1.67309150289428
1.06564720983345
0.593658668589179
0.630705042816178
0.619858349902167
0.967061166880799
0.42176842419671
1.32990533062118
0.48119065967473
0.696901139282827
0.610256018207307
0.927187788838388
0.944466382251957
1.10544136730884
1.07861921679999
0.578972987691537
0.949563669871391
0.544655100101681
0.803881881430145
0.997815213222847
1.29685991492383
0.577043884368865
0.866649782559701
0.521032167963884
0.672190986198093
0.483584503349816
0.566085901538384
1.22414925017621
0.793498343701088
0.564771397237094
0.901906671230346
0.58337125157763
0.614315458552397
0.547163387289028
0.276289689413876
0.775714498420947
0.29004485208324
1.42495174646909
0.73411549873556
0.412649600397027
1.02530805693172
0.500932038961597
0.256137546962977
0.95428194872142
0.615408430227961
0.564983698744187
1.01994699535862
0.698362155692003
0.581513949073028
1.07570753602579
1.02214381567198
0.651312923866827
1.01786493123268
0.730692780422759
0.601236067137531
0.659912717652813
0.894482180809962
0.807535917900394
1.0812067878579
0.453700865894917
0.720939308625488
0.32075815852301
0.545330473740813
0.585775404413757
0.703948479834614
0.996005065091084
2.30515521526466
0.286967930397886
0.834281712896249
0.753410769891725
0.512256224590375
1.66957708056506
0.950251057356339
0.489727163597185
0.436995939867982
0.470755760989343
1.02673585427396
0.463541744233608
0.497249257284678
0.589885921109381
0.672219763322773
0.927521556669353
0.724879196217715
0.599040047990555
0.428516368866178
0.404339015784329
0.608050852239458
0.369909177104397
0.921345833892536
0.598207935087212
1.30654291633358
1.10780485209858
0.564057161100626
0.661655785943287
0.455633028188002
0.723051238461085
0.427733690871876
0.828479508646997
0.645363650195881
0.505069416454232
0.948695737847993
0.434213525476135
0.237764180308512
1.05381754740226
0.438918332428146
0.836854830086876
0.559840313899301
0.721862877518155
0.731373987312858
0.708802312540956
0.804497458170545
1.30150495265435
0.795388520642775
0.676384335380052
0.338927473923903
1.34852046830942
0.928188400465125
1.07492723109948
0.64266439665759
0.338664423612484
0.426923930340491
0.714276236141842
0.543229786370943
0.595691194544064
0.580730176636948
0.780945663778087
1.00275153656466
0.467837798274086
0.817759484307283
0.459156218853594
0.622569583647518
0.520322163900539
0.478955538588843
0.367070323208523
0.481798670737067
0.633097649145348
0.414343683773134
0.656360140718568
0.61076725612034
0.994058582364231
0.527388305553313
0.974400470985136
0.575249226537258
0.89037496480362
0.859745407697622
0.326078225719293
0.528626949964973
0.730105331215729
0.941676328208878
1.12357673337638
0.3590224940719
0.58110947787692
0.536104350931684
0.451111179048738
1.21427448635772
0.448172306827316
0.673267433343393
0.544442337578869
0.503545100287487
0.321357272540637
0.601994668250602
0.871111654336164
1.23565269804565
0.801430160402763
0.873848920090958
0.717191520272374
0.592652984776443
0.6398508267792
0.522109455065775
1.17294258994927
0.73144258438993
1.06215461568866
0.933870610015857
1.46009969646238
0.487578028339465
0.934003274327861
0.650360971268852
0.42434113576346
0.937213939890178
0.511680231686647
0.6436224042889
0.395061305391954
0.628880784212617
0.545356989657069
1.17127594964494
0.844161941295005
0.336574813554761
0.928493130224073
0.650477914966096
0.851242929290746
0.298773894030015
0.682029175761349
0.789937399204846
0.323068618515379
0.541249938303112
0.929285947940595
0.754555932292302
1.37861602848176
0.392152932085208
0.691021387028766
0.806995417840735
0.670989302752498
1.0537891036892
0.478304146720114
0.860323096571718
0.441879755460303
1.22969206568549
0.537253163783728
0.801959771498913
0.47526693398607
0.620435919697129
0.604087331923147
0.563621102661644
0.663709103327115
0.754739945397383
0.705450826862805
0.685506848071863
1.43483560666011
0.733205929983138
0.46238106689483
0.595027031628116
0.377636570873291
0.491032003279211
0.60464677867053
0.492409901809094
0.829028048611295
0.890615064045244
1.15079325401373
1.14229191579876
0.518714413132113
1.1627596492049
0.499668829439405
0.838859903910566
0.191765361517429
0.65228019459424
0.521957091680118
0.752646951449872
0.570448673151609
0.583533121822363
0.644062187849025
1.22773603174951
0.64449329972267
1.10902735664073
1.53878151417693
0.521992398372222
1.05337656084203
0.949285390716134
0.725611078075436
0.742345189907074
0.81500111504219
0.430038338562391
0.628226726775037
1.69650876726109
0.92610334109695
0.57995121274418
0.485753609824611
0.871277184076662
1.67831843222145
0.778597130251843
0.668961303013422
0.631769100448225
1.15504764496786
0.744466594041911
0.77690014601954
0.586448054958455
0.517126834773151
0.537230052858316
0.93572127374307
0.668455915186912
1.54775681351673
0.420677866847305
0.92141534562409
0.87865610273924
0.398191936731333
0.694449154709471
0.780399112960196
0.775319723121754
0.687137087217703
0.491805755232775
1.12842772145384
0.876391469590374
0.477120653498639
0.886136821088819
0.533065757444236
0.909925393317443
1.16992351413743
0.549630302682109
0.585243810812842
0.839445697477821
0.722408884191745
0.659411106560494
0.837085765880637
0.961595115879245
1.49738654810443
0.515916906451759
1.71530770575094
0.691630283051056
0.516003263375076
0.88015396224639
0.755575065057146
1.22562221938676
0.394505804363441
0.653725130216884
0.415580450264
0.699640878636636
0.448624842624226
0.671469460586643
0.6953542269736
0.462018300487338
0.599289841618726
1.46683363149959
0.708275111880372
0.934863311475302
0.623470217288867
0.748705750489188
0.774147930024314
0.649968790366548
1.06222814411987
0.805583741661545
0.990700124527317
0.880737944320431
1.21313264167661
0.878274031906262
0.483937234678918
0.487575837116137
0.895708919713437
0.547488985008463
0.310886945101269
0.20268119927496
1.27029539263939
1.24083638859223
0.384628764652131
0.619481964700651
0.641841928115193
0.69746134963719
0.393328688463958
1.00123934654363
0.509822252091952
0.494961604621819
1.03055459457637
1.9008517148507
1.63802074625987
1.38936483783802
0.244759590103464
1.88337956011429
0.603138471924631
0.384758329654851
0.640716998700696
0.839514403888608
0.266254842469782
0.608424882042783
1.35949592820758
0.514092510137084
0.404121826840681
0.616899720753807
1.01667650397097
0.97007536494603
0.397757010121068
0.806780573878324
0.557672310917586
1.74721834400909
0.513076237540031
0.443037106454982
0.968136629837156
0.382614181834487
1.26353224442741
0.951927954191038
0.407886929794081
0.422172977787271
0.647169478922374
0.628751572934327
0.518229768122667
0.598026493818605
0.578452405507845
0.536113171382327
0.714428235090935
0.758786487434179
0.559252273633842
0.878578444261663
0.46372164403681
0.620858943136516
1.02229717870357
0.653432320766393
0.824224754373843
1.31359797177927
0.137385011638711
0.440711276416634
0.581044525900971
0.499758287187362
1.8256007445218
1.02963912468311
0.5153032596458
1.03465032929598
0.808921814186024
0.750314975721328
0.481549522073824
1.25194264329825
0.863465196403093
0.539180886298861
0.872379934504625
0.632293934975037
0.945624853971636
0.511779926450626
0.828602071604701
0.563214840436319
0.916849153672667
0.902838928208153
0.261967010103712
1.2368070677937
0.315750494133836
0.659315661845406
0.519768301347883
0.49819211907156
0.380242035774932
0.326459001753184
0.340930985627687
0.698270313424152
0.959075700491973
0.907424987244893
0.876428300701284
0.311202037337488
0.674446568150154
1.48028617071809
0.831992922715428
1.52384776871667
0.764479440307043
1.01001950718236
1.03977550312327
1.19161400684484
0.585619006627871
0.46591325130045
0.405728579037755
0.406079075749621
1.2460783967501
0.421938229607127
0.446541653457264
0.992527774879442
0.582436665481666
0.511790294830993
0.879250926407136
0.952505282682956
0.935400760211738
0.677176909131937
0.858710997694225
0.430631831251636
0.666539726370574
0.893690322802824
0.551921842686551
0.655270466847572
0.698656640591882
1.43823455481064
0.482283062476395
0.681068050989018
0.984942032046164
0.735257537347842
0.489640782188451
0.188743798665375
0.626114482925057
0.99982574434712
0.392989697419741
0.505843489586974
1.24766767641709
0.54800506455869
0.50676541266894
0.95891815822673
0.900505894243463
0.791099514631662
0.421790847189654
0.802036516818184
0.486637860965022
1.57712539446768
0.546292112313586
0.601435725725493
0.513828933087604
1.59932503281983
0.30151736216655
0.476566785157129
0.612359644346588
0.390147027561261
0.921792519665619
0.534472195105466
0.456826424224087
0.452222218884563
0.968580645933935
0.731417094509022
0.867375794987006
0.342109495699973
0.391025148496475
0.619564780388827
0.556618333387894
0.335877792321514
1.00084648883115
1.70865004725041
0.523054808478842
0.796895063345262
0.510775832435125
0.385350902840273
0.550273536587604
0.945183054081917
0.784184075571375
0.511688352780925
1.40561070905097
1.22624754794427
0.851406642286214
0.742209585340069
0.697329373595195
0.4982972139698
0.62594177904613
0.719310175517717
0.359787138825922
1.02809829428271
1.5667381115359
0.835064281005751
0.84089375895301
0.807012259935626
0.934209717368335
0.545708055073371
0.301943898569617
0.15270260169384
0.437222482916072
0.524510984252467
0.550745434058315
0.772937873214495
0.540734943312199
0.327057162887923
0.601683199962506
1.33048253525089
0.343399345974797
1.09969934603671
0.918947714100606
0.648145307709449
0.758048397037411
0.524087116231315
0.291221222634675
0.634703064630366
0.784327699944494
1.15099355678942
0.281046730832122
0.976998100745139
1.33075442142113
0.621622637574807
0.531750837696645
0.533457247363866
0.80913532578885
0.380988312052505
0.447194505117699
0.461854517817664
0.862523819803863
0.731718773253293
0.569289982405207
0.942812355563871
0.381617578577607
0.892728944034098
0.851951289973894
1.18088999020326
0.332340506638691
0.818814371159346
0.458495110589411
0.681192016591914
1.68982096182976
0.418762759211115
1.17126397093702
0.908898972770296
0.632570885877834
0.556985923009225
0.662390958927147
0.950756984294645
1.21385844362696
0.938522073018196
0.821442184588668
0.888920939372754
0.54738783268888
0.565590851117734
1.36406523171436
0.399581370968232
1.08835006749395
0.622677479670032
0.65671025096966
0.332596995735941
0.73382670634185
0.444711050747764
2.06779851447878
0.723792110144595
0.454214971883569
0.566532636780018
0.433173684470972
0.482865756844688
0.799245593944645
0.88119087178148
0.575305051099301
1.03759001493723
0.930471634949792
0.719193585564135
0.778520404899997
0.47352973013518
0.418357037553759
0.754172515755012
0.487549858155058
0.545822151329903
0.679820410393081
0.594459750833
1.31979181826582
0.339973316697429
1.21035994436426
0.426781019793052
0.942350595876402
0.312661790978923
0.752640105958868
1.12720661864182
0.617228063065164
1.32032761885398
1.30618193732031
1.12087984498084
0.62178579451575
0.549178256464329
0.613904080616441
0.846808907600583
1.03846996128711
0.340356378689868
0.342666118718571
1.00762744593562
0.792976541585485
0.850648635669199
1.46794816582204
0.517278208786564
0.985457168494352
0.652569755170693
0.855505485255192
0.502954412603727
1.44105206513495
0.294461627578018
0.553734739502219
0.294700119511922
0.610774153542845
0.418029603414721
0.25007932369715
0.544814509615435
0.799204743534134
0.794722484817567
0.58022968568459
0.419220634718349
1.47568901802958
0.37555356302887
0.424143923182294
0.51464845002445
0.572815964794897
0.438528916189828
0.654080311871808
0.822443921942285
0.372420138666253
0.85864612333419
0.907179648326719
1.76026323180537
1.16158491438481
0.866541151545949
0.557735891838217
0.532199928182888
1.03316715020261
0.788717591480546
0.874687535190337
0.540256616428964
0.759529883454311
1.077575490944
0.631622517174369
0.76221788270733
1.30735005003737
0.416502588039444
0.952270429566047
0.558830282988538
0.375505874741372
0.454799760894767
0.35959831540665
0.935536757939394
0.537454750328556
0.459340163674223
0.668348859116215
1.44033600945251
0.679087093455826
0.489096495902918
0.667248707244159
1.1105195438798
1.18733762808781
0.820849816049038
0.424260103374068
0.653473685707747
0.302334572853788
0.640614510809159
1.73485840218269
1.13297556814734
2.08884828951594
1.07930763157652
0.652421262953297
0.767579441135823
0.895335395642671
1.41476947715234
1.44477606058043
0.706995914262571
0.640321388740198
0.592096388490788
0.396474973902313
0.846973140316875
0.349479799111037
1.87962757363523
1.42039103196376
1.1917060417131
0.793347102443566
1.3008318610856
2.32017716948707
1.70683562324521
3.42343707815123
5.43181873567662
0.841918985620174
1.00724194832576
0.684650796219882
0.473650498377882
0.51543360601851
0.62229683878003
0.744415476486407
0.839049911300239
0.564558609769946
0.921716564222387
0.852462661487343
0.60276685499904
0.465271446305082
0.18578576975873
0.682531279180651
1.08431730948122
0.929632208876649
0.694787840000577
1.65271069882964
0.653575087551707
0.525214727221686
0.507257267988517
0.245299948239142
1.46063154520229
0.917892226317534
1.05057815678775
0.471396105504121
0.492741715983368
0.483521485219398
0.759590952832684
0.429188650719925
0.617150313508566
0.505131750922928
0.767989767101606
0.46072308309523
0.451728476901372
0.307504578177351
0.924041660434652
0.693345998880305
0.79339884549144
0.826404286712617
0.25521099432061
0.339228601567145
1.10283338309211
1.78151704544389
0.983719503361271
1.31760253567763
0.675945614380713
0.594251917271084
1.05203014730467
0.77788693185861
1.25192810488968
0.744977827698651
1.54815607621534
1.20779469749734
0.570756265899879
1.77334586223974
1.10172018515217
0.87196718984882
1.76523575167596
0.907473251401131
0.464587228715355
0.345714682877378
0.566628608472814
0.668274993682144
0.672034703198991
0.955628126460598
0.600435057596522
0.661781655147247
0.618863341477779
0.874910056208393
1.35620059166404
1.14935166601075
0.911361898208066
0.873923473295823
0.963259952999488
1.50114389533607
0.527120349563893
0.463840202664992
0.653070430797345
1.28991407638224
1.13136633931564
0.537004364261636
1.10662891144266
1.09760352321198
1.3748233316775
1.08113512018285
1.16162343282429
0.620381066408726
0.313357751492658
0.570608236616278
0.871499228959425
0.685935012120328
0.644192675874861
0.734527859188771
0.678179031079611
1.00118284339807
1.48825823763255
0.544378151179836
0.738354672309228
0.680990867051613
0.850060156544851
0.824814412627709
0.632139704019924
1.05203433466828
1.21338580874411
0.90886396543259
0.63122845878716
1.45435250423402
0.630966624794809
0.81764351478921
0.352048505529506
0.457068144352337
0.670980826033081
0.488632788556069
0.505986648011451
0.785581584304833
0.582469759875093
0.386057547996122
1.06570453197542
1.17917239081598
0.974222437290271
1.38918180848496
0.550649709426327
0.385668448343459
1.12261768876075
0.627441133202327
0.756482024199162
0.604292220172836
0.673286940893431
0.499384426717882
0.703924145599916
1.23571857263739
0.747741586144252
1.25247471887579
1.01959518159356
0.484316402711382
0.459342670599831
0.903666182877546
0.601546874232037
0.983139161915117
0.731940227618263
1.66525892859742
0.575376627686497
0.415914729501649
0.320178529925739
0.605465550423462
0.728339159765446
1.25947029700845
0.841687171606993
0.76220279783619
1.44631941505699
1.03782907265535
0.528905243119751
0.721946404037144
1.51015032441271
0.534269097241954
0.780825142683029
0.944387768863078
0.425684046613517
1.07669743994402
0.709253672822529
0.389583771234576
0.515921665189591
0.805824459488345
0.691571980894491
0.411934410832164
0.569915811420185
1.33432021368091
1.52813276252199
0.918669259898552
0.976367322931696
0.490964857878741
0.824753669900811
0.582772216547907
0.715615657997194
1.05751037241571
0.426492650624093
1.07319159218442
0.596858744272135
0.737634035698115
0.898669285970566
1.1310953403686
0.725372626737548
0.222951947433708
0.22864014517161
0.700320009090195
2.87537133704291
0.965346517971876
0.797751409639132
1.27693224997434
0.831034892556837
0.401434333127588
0.723339572219427
0.788726993868061
0.357583243359851
0.435730196247198
0.249186381093731
0.71830391962492
1.02124670487218
0.351240505605916
0.491083385177603
1.0234741478937
0.599881506763054
0.61906221647767
3.1335743922818
0.32988704326611
0.348935628690361
0.425707744031313
0.399846780926925
0.149369054525832
1.1065732292631
1.56192547301222
0.723507578320751
0.306727044880488
0.484172187659512
0.876075156379384
0.474138341699281
0.399685996762459
0.73598144383014
0.774592852569193
1.06971421192226
0.738493956897603
0.670259265148158
0.820980344474402
0.757373779025139
1.93178745171067
2.0114706508365
0.735004916995348
0.899982673067168
0.694857621899541
0.648902601624096
0.353091097477459
0.769781933429462
0.459915162047895
0.223826682252705
0.337798107899553
0.574525570693312
0.690230675054479
0.617463681859758
0.904865833066214
0.773694476681395
0.414696588077003
0.620955978115016
0.490662805479941
0.247494444061484
0.649624544254292
1.46901778098762
0.401537214454602
0.61157062023572
1.81858208780186
0.286023421219235
1.55693174434627
1.16287122803612
0.652808991262576
0.460293286424039
1.1838731609868
1.1130510633426
0.757623867915476
0.760600163585271
0.662906461214091
0.787498782947589
0.643904181291363
0.4201686349898
1.20301171964301
0.563927787357513
0.694110081371715
0.401391177303816
0.421611870836507
0.802800055941661
0.802231524449844
0.472948417992485
0.640582159996364
0.708814869057935
0.88909968302842
0.277757211421839
1.10569046614976
0.391141798521708
0.437442091692877
0.860290068666772
0.911645612854285
0.842627907646388
0.768973300214698
0.859587210960604
1.00073970421355
0.613711509710029
0.2583888590877
0.716510804507785
0.715396953543441
0.422718662201449
0.657571520376977
0.580770900747841
0.427282462179102
0.993335946474787
0.477154821878983
0.87093192875471
0.666963762258798
0.415006585040447
0.914467677956471
0.61965720935117
0.543762447627728
0.901910918858576
0.531693456970969
0.627114261766479
0.602442224439352
1.43882390743082
0.936299479630613
1.41397930667875
0.637955329367563
1.42410459614905
0.474672284972731
0.592448971925441
0.923096226092708
0.548941797773637
0.6639920232793
0.744964426732956
0.540945107071859
0.708696739039338
1.06031609477067
0.669142198040687
1.30010604361375
0.954672014843739
0.681755681277521
0.733449957104901
1.02108581118582
0.472334982812215
0.719140389269554
0.920717462329706
0.441122715684463
0.436548448435664
1.29817822636756
1.05040152495358
0.349159571636021
0.98161769885014
0.482542800302648
0.379851353466779
1.23069204163641
0.639678345602044
0.625681725927978
0.70062197040345
0.380938979378279
0.709939864653865
0.506981960988773
1.23648734757485
0.892478837653691
0.76694839370969
0.97881994813089
0.423763746603368
0.655694439428183
0.746598627358898
0.539793657619661
0.391982932505301
0.647528599959946
0.501417152180617
1.20165968435974
1.02271677662863
0.747582982814436
0.40110145831512
0.3295661730531
0.517017363428543
1.98806311786685
0.794429562623733
0.577725990222542
0.444928892419867
0.798908645749999
0.544413538244254
0.59461366538051
0.632786527750245
0.362081171194427
0.366903758384709
1.84604024731278
1.43998650423443
0.54003475446909
0.402752107832319
0.61184325539579
0.546885318843142
0.67440638808523
0.81278581450855
0.50680822316902
0.436932137839862
0.438495491041951
0.576288127678301
0.369650527061454
1.41240129730965
0.972651454550123
1.97716101718715
0.334080350747614
0.528517756777249
0.716743672627044
0.887807232829691
0.757903858959263
0.730923827656825
0.457290369971632
0.78322656548143
0.498846527179557
0.831590385954815
0.962369587743706
0.586583886609273
0.600316268632419
0.686986834658902
0.5148882615026
0.37433926268741
1.07420113878403
0.517906297841336
0.750724236727922
0.806902116006075
1.86544587959863
1.24795237060476
0.704789743898947
0.590860299219889
0.500806436546303
1.54226516249975
0.442523596361644
0.375700108632798
1.01446918509832
0.834064285408062
0.593528808502202
0.680588273231052
0.530632297584286
0.802586853404772
0.459469528463894
0.508848052818494
0.622508047867346
0.932125247172921
0.562378644077151
0.467325130464639
0.677154641161983
1.09290913071486
0.408320556011551
0.209836251800999
0.499961952812078
0.61454422510509
1.43209209026534
0.673979062793116
0.86549202866317
0.812131867004275
0.475812156535327
0.811282726584069
0.87490294968504
0.786970855760459
0.999665602423985
0.925185391793458
0.697924552113967
1.00475995969828
0.629006202314737
0.296977936043971
0.587623717346635
0.526451498994625
0.503796268950109
0.806996106833286
0.900776809278229
1.20483858253798
1.23795142920336
0.965647169903937
0.590252384030689
0.417363731638591
0.216968108592335
0.521706875212633
1.07771814881122
0.4887007554709
0.825486404316696
0.711741149747605
0.668411072161042
0.706911753006809
0.907375070467607
0.266788113861713
0.882662375106735
0.408145989955636
0.518820704070314
0.41750139369606
1.3261925139076
0.991841750420491
0.323798804803811
0.932254561815946
0.612209414350979
0.824648203514939
0.696084670775472
0.694845208082507
1.11423290078236
0.966483476035987
0.477143768923127
0.798526590727254
0.475348360722211
1.09628600370412
0.584606035246537
0.566059851341039
0.435583441938805
0.622434920083259
1.20045405173507
0.475843595457929
0.496552557921342
0.882008898270193
0.718928373107088
0.771930085951336
0.830923278479736
0.619319404316235
0.515801672677562
0.692506689445347
1.08669812261019
0.837141478892605
0.581938041114953
0.317608771725186
1.32866477593834
0.623740077859234
1.35674044707792
1.21996994902795
0.619758700927687
0.799104263159401
0.498773527348318
0.719680103715095
0.92612938094099
0.946624315147812
0.59802735439738
0.555168739556193
0.783000235746123
0.562954593341605
0.945691838951756
0.860542355886082
0.806442554743185
0.342628211086386
0.574724942302915
1.39436623172725
0.416575441704984
0.662133046661973
2.4596738232349
1.0567054326222
0.889304851915265
0.354628183635968
0.455263359522852
1.06355009561658
0.540845455874684
0.678640098875473
0.389059360502436
1.04858738097439
0.792515143469534
0.343107132433074
0.293668928189955
0.268396768667905
0.430632995216483
0.661049169998356
0.248136932409286
0.949396728972124
0.832612388125866
0.390286617170696
0.386277029370735
1.12236571184192
0.578216927727616
1.33621764759767
0.565913525028253
0.883146252577456
0.929225762716667
1.06953198075381
0.458045285621945
1.34441766138098
1.05488033628883
0.420350099085679
0.579839360047428
0.680473963671842
0.902172827827633
1.02926371524093
0.549754062342277
1.30906642292851
0.749586349115195
0.960574851117317
0.972420592255192
0.531841734344551
1.14238727834153
0.916832763847165
0.519491850032023
0.801264479018341
0.987832417770248
1.27073686530708
2.16638872270362
0.873610944234618
0.557942972185944
0.43940870514968
0.545226808598302
0.488043403137859
0.443219335371483
1.0300919421018
0.989519680527361
0.913446454471042
0.321423149121046
0.43200584341858
0.895436719557996
0.695639481072295
0.415634063464734
0.881986999154094
0.760958966112803
0.417255077654595
0.672520932836909
0.341589437323565
0.341521620610485
0.758485267916084
1.82813032452941
0.92247000049577
0.5316898888759
1.35536145989955
0.418377875413304
0.641439510708434
0.768822142766053
1.24308897724203
0.670569756828636
0.666658780100822
0.583760388874428
0.692010570132812
0.471931142786355
0.43174272443528
0.488923874135554
0.410769956795136
0.683106898896281
0.755348322087559
1.76430298674391
0.443906828238555
1.14129061950389
0.708949098775658
0.793909520906719
0.796463540021513
0.680713520640121
0.525878069529754
0.868586578407179
0.779074930164176
0.497386929930832
0.524436552650785
0.387398350147976
0.647849666172084
0.73088445727832
1.0887207103319
0.543652413333316
0.662190916022999
1.23576664051364
0.904503111542745
1.47665131577733
1.53546051274604
0.409767958608251
0.384256176165689
0.607939922686128
0.462809377388922
0.507981757233971
0.81494461540177
1.61612693451321
1.00128655096799
0.433985342897451
1.33899100129307
0.507774373994478
1.23929194911655
0.750970329342622
0.715362679461441
0.881782152423422
0.880700023391696
2.61892018278779
1.38090214290515
0.550921559620198
1.5547992214226
0.394042548704214
0.544434418691407
1.30554163952731
0.457826554680744
1.06958780379399
0.508483107902273
0.950861677150848
0.372226291715173
0.597518570399303
1.43391808358618
0.642405914886061
0.482477907921844
0.504365900450835
0.545073177245325
1.16889546951452
1.78037948977287
0.548001235906668
0.659070558446789
0.881811926751567
1.37707968297125
1.88286934335243
0.93886395309553
0.524417959665527
0.507641646262647
0.763185086156008
0.788218086183247
0.400905212715
1.62787096486967
0.550721646156949
0.864438467604442
0.555766066592042
0.585769257105887
0.766279274386035
0.724680649986128
0.388254944131173
0.673001270767272
0.753103175960565
0.330208933318866
0.860870738017585
0.656919783839611
0.567900109531118
0.452716552296929
0.561962896432755
1.05525373640386
0.3985324733288
0.453988453528408
0.906550123547529
0.681853421843839
1.04820621693342
0.829410121827059
0.415171805811414
1.08371406080622
0.438445131790455
0.649985068623365
0.989537274608322
0.628843894814954
0.879274975440829
0.291917169093118
1.50425931661485
0.494133171628357
0.242001897922782
0.626250771085955
0.516414679152992
1.00680025461836
0.326780298802731
1.00180537947233
0.326613498161114
0.46904307805185
0.976838518269683
0.609813702477194
0.913885920324707
0.415745993166232
0.603936133330644
1.08909120131697
0.632830049344116
0.685151223073733
0.386420979894974
1.18784694632117
0.728899052505039
0.349910678138321
0.91776704536901
0.685670831285929
0.701115260284991
1.31245369301758
0.728927367962072
0.669524026539906
0.995857349013743
0.655566379593541
0.538992873192561
0.544926756879835
0.662601454784774
0.702672629344904
1.13977619358355
0.903767405911488
0.277766137704342
1.02621022583406
0.881667878400251
1.00508662877847
0.875611030843105
0.601236161413183
0.893926727281169
0.638009285449023
0.510989866894168
0.870780532948202
1.10543313833156
0.568869456317413
0.663969509381406
0.600174013851762
0.382239140031666
1.19344765072383
0.610307023590878
0.829147637576452
1.33768244024028
0.443404197447675
0.701493267458104
0.766841186754861
0.507936818975189
0.799205044886556
0.509375716943004
1.02376712175187
0.399348123200341
0.443419426069396
0.577862922776945
0.297053506162889
0.706451679053425
0.684131623468678
0.573725673020266
0.740456092650979
1.03686997392766
0.618617802191685
1.06115735899693
1.07824883604796
0.53872391372107
0.474215684641559
0.419124102226818
0.890621114004661
0.694112007607233
0.88189143657877
0.421915066603473
1.07314362498763
0.981157912804212
1.3473665252644
1.37749956590875
0.43093833874716
0.954494556963081
0.82670293534458
0.680879019569767
0.879784454632035
1.20267288819663
0.468048128998428
0.637967570577967
0.415262405564877
0.737153946996917
0.559030420098592
0.57043756218753
0.889208325968262
0.481637668026856
0.315064241912943
0.668960000940293
0.350391986216637
1.15622594756774
1.11549309334899
0.830887913004988
0.521507259751255
0.721697481318802
0.777777972448763
0.636169246497061
0.31268914169383
0.597968723410291
0.907024035052797
1.21709237426719
0.358812636780233
0.507126915619112
0.566792761282823
0.454591326247929
0.974271010376584
1.26491299969062
1.18195855548142
0.379996008128732
0.994823854279406
0.582925795907577
0.936051043804646
0.622744902981179
0.984371666743953
1.21425169143799
0.642339538152974
0.828322690810522
0.629700554045042
0.910146340214958
0.569768905651966
0.907085513704658
0.651000183073902
0.907712857918293
0.899684818983881
0.822693218609705
1.11535717366254
0.451517675095207
0.558850273034927
0.872086614388432
0.814231685980894
0.718409011643973
0.539126251963697
1.18804176631019
1.97451887605881
0.466502141239613
0.583207861689158
0.436547934358069
0.448233000154448
0.545561345380509
0.636660117316661
0.567250795634574
0.528194920559609
0.465278642769489
0.563529784514711
0.496696713593709
1.16821500684528
0.353536261123642
0.601603362734164
1.41126500101002
0.594355510657762
2.06163705040936
0.851948897971476
0.551206475687472
1.08435686684037
0.379371745412175
0.883342021410754
0.680302888192463
1.34341860752131
0.977195245422503
0.451007769364085
1.26043868720297
0.603738695502196
0.718695069802229
1.19530194428221
1.03921731062709
0.602570247258301
0.972470723448714
0.59083720203515
0.880782031047026
0.639029345485828
1.06382042442371
0.602468299035666
0.705746429310068
0.326884356864336
0.550901396545931
1.07070677835528
0.149113143105967
0.549653577770108
0.62352597494331
0.697372741609676
0.717971937678969
0.371532309167523
1.00230882676076
0.819621603196652
0.534791001238195
0.709350081541147
0.576343893805361
1.35413364836992
0.630310707358605
0.486152521472078
0.377373084307173
0.887333883298295
0.436173138996612
0.428768752183871
0.651330813288304
0.77768136730251
1.39859324806525
0.444187456075099
0.384354293385368
0.475434128679607
0.461427159299536
0.468648880142319
0.722470689775199
0.431107189267277
1.18027949420747
0.784329988008341
0.4221607295282
0.868861232932373
0.445308323191058
1.00533916547451
0.394497953843474
1.29801040711508
0.774535411329696
0.597913979051294
1.29355996648188
0.650558854654934
0.742463988662625
1.21061221811927
0.68383324671566
1.74217669913083
1.33574048202217
0.535127412052077
1.25996644847292
2.09829709451852
0.615880948107087
0.853410725535768
0.812044507221151
0.773982431042064
1.06311691182354
0.440593833599514
0.874583173861774
0.365050321287035
0.525871145384959
0.616813826923449
0.962752932889379
1.02285443307559
0.650989868096089
0.357617680252317
0.635549099020488
0.756848249410403
0.529689558634711
1.27114466935616
0.742617354297351
0.397318165257247
0.627152405671072
0.631478719862078
0.585989421090766
0.829382313619053
0.868756745485931
0.453969865417117
0.761413852025099
0.668867357942893
0.437488050321979
0.702085582002988
0.652583031862521
0.647474800747728
0.663315591435219
1.24760264618784
0.755759555251638
0.400568529967095
0.484085969179355
0.697670858982812
0.634237300598936
0.474635890677172
0.861553637516948
0.685156539033635
0.694135659694568
1.42889584983422
1.34515450847748
1.88753014309712
0.731040100770203
1.10681923955387
0.546727033471729
0.535001929303085
0.277326041962897
1.03752424247724
0.681912141877025
0.571619812877287
0.809664659515026
0.952172307623504
0.609724832369341
0.823434940745111
0.473516781726794
0.439546253325974
0.629263703636839
0.48282812002164
1.03899137132693
1.28352973193818
0.81522270028659
0.452379414677896
0.422531212579724
0.511520767594007
0.866946345572034
0.320608040735961
0.768004317622432
0.530044222567721
0.648303551154478
0.725828157317002
0.750422655277823
1.82190279869606
0.350523614730982
0.800828778542655
0.740729387323681
0.93558446020735
0.866515542883191
0.896912979374761
0.62930929661734
0.396931795456764
0.431263002912554
0.878578019363847
0.672362559600206
0.744841710833622
0.724185364878147
1.05739191283476
0.590124107312263
0.193079490611098
0.639878712496246
0.950915386908337
1.09476394801953
0.559557613181475
0.360697634053115
0.519803496722421
0.708492017538547
0.422259719199815
0.767879315641868
0.449384896498736
0.631976290251772
2.07069887268693
0.622090074868543
0.900057154672955
0.544171746345458
0.785400746411241
0.73001686129914
0.487785288556281
0.705104572170572
0.463710608129067
0.914678568712885
0.949180174326252
0.473018729100307
0.751193312782524
0.501199480441969
0.766157121175642
0.709960940114453
0.17470521585409
0.903587502463103
0.557184168166749
0.807993782123593
1.07165896082721
0.802765923804579
0.522122327522521
0.411094666746428
0.513400169652035
0.4730647417662
0.856600098911639
0.617324585060228
0.584138827158824
2.80549440288486
0.838860740804057
1.75256975668085
1.35430517707471
0.556250859252084
0.513886958297193
1.05562158229574
0.836489409639218
0.557654025054749
1.27544520623227
0.957756939668283
0.694359203646443
1.47258756921531
1.38864317700502
0.42374177494009
0.639640348599295
0.36763885065324
0.354059542174191
0.354649150298496
0.345114673774454
0.648289370728926
0.448128923132173
0.572759088449732
0.564207301815766
0.622558574160286
1.10023909206808
0.492795879559227
0.551024341881549
0.47688807074873
0.542315070650152
0.848893320403302
1.23121778983844
1.21261890239443
0.679042727966071
0.56727466611732
0.515601106920667
0.975974700776858
0.960046219425412
0.647895017376176
0.668417203457912
0.603780129777753
0.752204113799232
0.912102043204164
0.62640773193396
1.07784993923469
0.531954413081542
0.643039541161058
1.13953194781906
0.35265901613465
0.296798519579013
0.622331059534004
0.54789605996993
0.704609022863447
0.768439536135974
0.626267117869032
0.822290972145818
0.538212835759015
0.57904137756599
0.279533175504712
0.221239252256894
0.541776278951667
1.17069858793371
0.62803997370536
1.2663004288496
0.81520272261548
0.63525567565231
1.53421349092487
0.599799844225383
0.607613280483579
0.863081085027208
0.602710537016412
0.895098375769591
0.792004654708474
0.54381263226989
0.640385190595366
0.311181586843964
1.07217511722133
0.912063275442297
0.871839643735813
0.24051330476781
1.30113660783521
0.233730932610046
0.342908652275659
0.7012495034346
0.800555374707333
1.00766067367486
0.519115896925548
1.09995962628332
0.530455067758973
0.41911237409254
1.02046105487198
0.63427947887215
0.912256194279092
1.56481708631207
1.25735899425317
1.33364794576354
0.687222166155209
0.385133892396485
0.736685887045958
0.573879746106501
0.530184576942221
0.873934121904286
0.393576762807865
0.710525636686286
0.620485791657445
0.497031419457591
0.507393064811749
0.332045389918132
0.419289968888588
0.246165299750784
0.404179792395758
1.2860343329666
0.906837544096323
0.491814547393976
1.71294266023141
0.434056644746588
0.604432189144093
0.990838204812751
0.49659675851957
1.05399559460652
1.47499151999114
0.885666696285166
0.468710424510694
0.655860976109887
0.765966927108768
0.601299304826278
0.376805843051346
1.13339076583285
0.85690354789959
0.758248887425982
0.812185442317876
0.664367781330657
0.749504002782675
1.02849434849823
0.323384272411523
0.849725038230156
0.421607166694292
0.533374400453142
1.15688542353964
0.478423644929794
0.544051096728572
0.698049939678497
1.11273129080198
0.906032147889532
0.7047649848915
0.772625729673532
0.597916121670227
0.629607907716096
0.747238641430056
1.08843087117814
0.796868570903792
0.370663416064549
0.539937504284139
0.932599878322411
1.16924604600532
1.18678657318431
0.60661265639555
0.489194838183609
1.02932417873588
0.553181032439575
1.19765633300959
0.574647375943669
0.911558329160402
1.90392676882793
0.505833344418381
0.537976982989286
1.23306340969115
0.951648845684921
0.719806154342349
0.393567112083903
1.04079613874553
1.07102368629743
0.881285448845338
0.739309399563104
0.626946040722716
0.505164713484393
0.924648694687791
0.800336965897208
0.579277757243526
0.910741076808207
0.577909633712852
0.637043172716692
0.268422667054458
0.657728892844466
0.591735578237174
0.545110234564334
0.841777105357237
1.58971913093875
1.09928541341508
0.879600680130389
0.500127940323653
0.497521374487062
1.67372784648841
1.37256989482522
0.39482347515505
1.09651969604457
1.03209135590248
0.335110628586384
2.22073659625209
0.404727535613527
0.366042101097531
0.343762415635048
0.478653285358521
0.577927528315507
0.456638960727845
0.581148522694926
0.767067695983202
0.768130193443699
0.456365837264921
0.44580510839008
0.65435014259828
0.982341756751378
0.55236742485208
1.19762098130418
0.88195832609561
0.92466770280494
0.642563916477922
0.47833356794566
0.693981268888809
0.406575788800557
0.714199310355371
0.849866866526426
0.763987964666344
0.707718574235628
0.605864296722522
0.557275713905909
0.451436389385291
0.518761374532699
0.386657815876113
0.439293644251337
0.669930980337137
0.932419790035099
0.939251320025565
0.74063442577149
0.79234870094759
0.406312942995402
0.486269180278483
1.04366581587205
0.53353881425771
0.367328819831728
0.697040962785103
0.59911241598164
0.701243166318654
0.343208057596843
0.656343439532591
0.760144319247817
0.736368640648627
0.54171708409091
0.514582190023881
0.747755895615002
0.933211247442778
0.697775639107334
0.48076991029189
0.777890536787326
0.829747619477591
0.904488886112841
0.497962258190027
0.59495952238402
0.637365260301154
0.603969660872746
0.462879677756028
0.596193518310852
0.620104202475111
0.511429224312683
0.431538559609779
0.932614719162827
0.624259516727672
0.931664955982648
0.810716707606788
0.801129132141069
1.33153602347985
0.746532862177242
0.671159087546561
0.396143041547677
0.755269979270875
0.465324836610586
0.485904959985212
0.479748279390682
0.863442231710331
0.565022500886302
1.33394874594331
0.429873394244339
0.929727327160625
0.882412197890205
0.720283771981218
0.541445420261019
0.734292938797004
0.466687115604781
0.30442290188635
1.03674696203788
0.886855536807343
0.831356836689669
0.946586457600154
0.921547822482727
1.89127417235595
1.38850822626234
0.957897264585512
0.322296721657505
0.974836681243525
0.52050970793667
1.17512835877164
0.417089439906784
1.05743879695458
1.81228475504616
