54.5351023885069
63.7589153271684
46.8905268745134
44.7353470101606
51.4720771223949
60.6268904437612
52.3577020857856
51.9350006609882
44.9845995627441
45.0234210866642
51.2023815736225
48.8441159100255
48.0074647622841
46.7181736641141
57.0570303063982
52.1768881945629
46.7213982104848
49.1889986027142
54.8107363692125
49.7776165835208
49.8884963965091
56.0170868867776
45.2291376256747
46.1062346588052
48.5601630211889
55.7223170293588
56.8499189398819
50.5343143231411
46.2751621134503
51.435091814962
46.5765321048176
46.1164148081435
47.2310997587151
48.5626556273351
50.3604951287363
45.7592398133829
45.6392227333938
51.5127253807218
48.8919278774067
49.9048024277618
42.7452394036083
47.0324309257745
58.0430896181871
50.5394797978701
50.1585212885263
52.7235500114715
44.1290084876238
43.9351354708173
51.2007205937465
47.3138294708404
49.9365924254122
46.8463156019189
53.7605694671059
52.1765595252127
52.3748349930779
56.41269596548
47.7329715294249
49.5992925865376
48.2129646723903
46.823686236124
54.8490703317434
49.8004782574065
52.8093510994436
48.2168535367236
50.6462061128492
44.7262479194052
49.3051771002069
53.7581209764009
50.8829531042218
49.4022640945898
49.326795183253
44.6457530409921
54.2175895423254
47.973539745845
52.5001944675512
55.5487102831118
45.6965653625903
49.0059259173022
57.8586001098798
59.0550444025316
45.2854193631094
48.9299092579566
48.1854281709465
49.0460252568407
53.1686232860127
57.5090214755536
48.4273577723904
48.9753191114365
49.4598891720995
50.5422639157402
45.6079927036033
53.2094027587337
46.1302545137102
47.8479467988598
45.1783899851744
47.3916399075749
52.2759768550337
52.3206060313635
50.1444783445224
52.1743181780101
50.1921392635026
48.8743835116242
53.4085349652377
48.6896929711997
45.4808956022553
50.3162985955852
58.3290944233717
50.7088396636928
58.291700432404
46.7391028586556
48.2287821234378
45.6851368819113
50.2198212148194
56.7262779133602
57.2178943460422
50.6391438469226
49.0666773028542
52.3570184416451
49.3295177049737
52.3206051871689
47.6298095638571
48.5097507159244
49.3252009135101
48.0327846538684
50.1933893175415
49.3502260438706
43.5242150730603
45.0479345973257
51.4944755266925
51.6203725186535
44.3905937507165
51.4981963699393
52.2923933455701
50.8760185055768
45.9170254420848
45.1481620288873
51.7009113062157
54.0894102077333
50.4594175477786
49.0207135175525
46.4032241326384
44.3012241074255
55.8956723035685
49.3206853185546
53.5704157006062
49.4175192208633
45.7150412106585
46.8561601135058
55.0242836665683
52.9345466051744
54.4225698085506
51.1223388158066
47.0044101437336
45.8461285538223
44.8561956275026
48.611132284719
47.2434628829098
49.676753911552
51.8347697318484
49.1555697616353
53.8686461711279
55.7388880008026
53.9842208850056
47.1878410636882
57.9021579439616
46.4601125733044
47.9797660174244
51.8009455161715
44.5596950742401
51.1344441451217
44.7924332983413
55.4692569079782
54.4389350534146
45.2117580388354
44.2748387551394
51.0324103189998
50.0349569784614
52.4212618401367
52.0370649395262
48.6691661700396
51.0994148393387
45.1093341650141
52.5223156733346
47.1951411020606
55.3473699427144
50.9328263964861
46.4119764859213
47.8149992556146
55.4844562257971
57.7036762950979
50.6580478574514
49.271520195009
53.9300063101619
46.2559972794001
47.6810842164998
53.6219050720705
49.0147610334604
48.3157076962124
45.0619479731315
50.0585192994855
46.1246771529564
45.4779827413637
50.4291465518737
58.4685286803115
50.6445327439348
46.1555020630998
48.7844047485082
59.1597325316432
61.456103872799
52.9954880156732
51.2195495937627
49.1906222315989
49.1679638438721
51.345381814807
47.7342104861141
48.5560482038921
47.4676383353938
52.6211359799712
42.8785853219007
48.0858521261885
48.3963293759067
53.2318105402134
49.8062062708089
47.1289734949528
46.2081182682949
48.6799238519264
49.6262553345372
48.2002721731892
49.1446521484685
56.9881789551682
44.1152623887498
54.3637268033597
47.9936651187138
50.196877615029
51.4162485113045
62.7680232404832
61.1507454209323
46.6535191091984
53.0737006117757
46.8803329019109
47.1226661027694
54.4424643073161
45.0973899065837
44.2382028389303
47.6217149515717
45.7278199638104
57.9615374008886
56.6315543218323
55.8415724337335
45.7133689310697
47.3696831219987
50.6904342022309
50.8214312609209
55.4828259306211
45.4666240490248
46.8346723501863
48.6486023512651
46.8301819272033
56.3991788925336
46.3083995602858
45.1276543188277
44.9176618843306
48.0627518872309
54.2968155052166
42.9257780093011
65.5502243910981
55.6010285960702
44.5206081448043
49.9363167264431
53.1937681613142
48.3598497280431
55.7533402176925
49.8720788063458
53.1101364288799
56.4255895569968
54.5863615465864
49.9184490181471
49.4233550707784
56.6052224539074
47.5791526772119
52.5214348745243
55.604152761091
65.0429514188789
45.1418432050607
47.3172544436774
49.3605483373393
54.1804117896027
50.3137665718188
47.2725564231213
60.4936507992152
49.1980060400597
45.0867382643928
46.6919333043123
49.0466985831582
44.0266864924011
52.4607589833677
48.3884326606744
50.2446995077062
47.8934971772296
48.4957126202085
49.5018639198624
52.2571166588769
44.1033740519109
51.7445855306275
50.1338069825208
55.6395632393357
56.1076237067181
51.912888282349
47.7730489172938
52.3033193576457
46.4314283345809
49.957360323917
51.530444405445
47.0482274236529
50.0722098666827
55.5831292748248
49.4964727716644
49.226762378264
45.5642812757601
52.3251004600859
55.349598037092
51.2721300697421
42.919592904209
54.0849970180184
63.3412853454197
54.5069923749647
49.5434655964277
52.5414819930843
50.720525453581
49.9857161359208
59.8293087429144
47.2074711545402
52.6153541520869
48.9525896874157
58.5882422831895
53.6579447690894
46.3854163733313
49.6232525836492
55.6216649908745
52.8058135936416
50.1910232258526
52.0640001761174
54.9735627277393
51.6869854635531
48.0797641195732
47.6232801507457
50.8374885435749
56.8680598355982
47.425785608264
53.2664054228973
46.5113164793238
51.8742539851209
67.1000025858755
45.4429838317103
49.7359636805977
50.9646050859541
45.4405262712388
56.3351405801457
49.5262506389653
46.0552757794355
52.9372471378132
50.6783975526527
47.692632179834
52.0611144278496
47.9980944232046
49.7620306848796
55.1574173779658
55.4533080518149
56.7210998610174
48.2200712679038
49.4501467758745
50.8389891278484
53.3015593962127
47.3030934185134
57.1617860360956
52.6345780335042
51.402960405638
52.6074284683849
52.9525973156117
51.555592517117
51.3942114588679
42.6163679525226
54.8068666910625
52.5086243907315
51.1008704391364
48.6547265557365
55.103241367684
44.6374708501433
49.7861352809111
46.0967383991891
42.1186629298141
62.9495152475533
53.2623494709116
53.4329581237496
48.3585145921713
57.3286543609594
47.8813640040416
50.080332699509
48.0049915926493
50.0278085215345
51.3987209336032
45.1872260443297
46.6933051222491
56.8475344454915
49.3864319877528
54.6486255773066
49.5715538593903
50.1590402579358
46.8029214388692
48.3048343502348
50.1079501790265
53.3072037824672
50.592333349186
51.2201897234886
46.3552561366964
43.3244967467045
44.902813237271
48.5595344153973
45.6497955639782
46.3574540845325
46.5050641434108
58.477937876705
45.0502259537738
50.6766249027524
47.9766941075124
47.5415332578279
49.9819081333488
55.3082560552392
47.5733518349132
65.4721073800505
48.5633610132666
47.0910396355649
51.3846881958796
47.5787212918384
49.2591010433191
55.7772997429194
48.7479284417028
47.1981302354462
46.9265308464787
49.7122977892914
65.2413825441614
49.0004584251634
49.1926491131732
50.5607890083916
56.553291795108
59.4316900819017
43.5469583551983
48.0868611519535
56.7267498587626
51.8086212096618
52.3403194722219
52.4380697675666
48.4486893269406
58.2057370883934
52.0004193435344
48.315791411948
46.6805924775824
51.6282122498024
51.2594845518962
61.4023945854609
49.0378529213868
49.5989118286407
51.648688045043
53.9931659211079
51.607191091555
46.909270729081
56.8326788829131
49.7099716618282
49.3040884462726
46.7863521417422
46.5617954500563
53.3403915771181
58.8967338475163
46.451031615205
49.5232292417277
50.4165013939972
53.8452260542884
57.8870144866987
52.9602474201675
48.8233057521196
49.5670101080856
48.4079964660741
49.9592917086413
50.8870662635313
45.9074017533758
54.6611790597196
53.3980416977751
48.7674649245922
50.9027623017396
48.0617728793215
44.8807298850372
49.4639945667563
45.9159865530011
47.9909586804708
51.6982977942889
49.4884136275143
52.386041605872
45.9602372233668
45.8070110102588
49.046804067416
51.1260623123825
52.2906119296827
49.7810801352194
51.1457364648776
45.981583621316
46.923415026786
49.5499851977149
50.4458132663244
48.9376393305429
52.9309861419576
51.9613821965409
47.8993218130166
48.5349583061923
44.6918218435853
58.2867244480131
53.7156738386028
46.8744766501185
55.7740339584998
58.1550927749189
46.1027486884217
46.3858259454751
43.748081242034
44.7668738567841
47.0395581641936
54.143557631187
49.5487404656784
51.0488756503975
49.1137199837344
50.4543522085627
45.4646015969011
47.6245815683847
49.9017274259818
53.9625781068891
46.1763419743047
50.4635298072396
47.2833067095119
53.4771706047588
60.3589185655792
53.5671710955915
50.5545740432896
52.6358038762788
45.2831565932924
48.4539775205528
53.5702380776846
47.0168719774176
50.6543396990277
49.4642351531016
52.0391827556343
50.137340349193
45.0095947375066
49.0961013020823
46.0025824739622
57.3368070415463
44.0910663984978
47.4690035605933
57.8457479385488
52.4395272986938
55.4126483630393
49.2945243504082
52.1360765082685
49.733504575869
46.6856201848418
47.3780126865711
49.7362846984581
51.4208386346437
53.9985743652354
49.532719746514
57.7477259856192
44.4312682803154
50.0937742472241
59.5443107630667
52.6436259440042
53.9783008001316
47.0915536296351
48.4066973290232
50.9868287299645
48.6577960615733
55.4118096250388
49.9272628303754
47.1735323523685
44.2694320912658
60.0434544209315
54.4648528338543
61.0672998808934
49.358683784896
49.0195038597946
44.3119406216862
53.906349957444
49.2945190935096
52.2658760689261
54.7922249649147
52.663274628209
44.5956699127465
51.4409243910206
49.0362238192916
52.5913070930238
47.9095513585328
47.8322686266477
51.3259257163737
45.4058961709856
46.632977961943
59.982199907687
55.4704513520897
50.5945048846656
52.0999582484917
50.4391010718916
53.3987286195755
51.91370205421
47.570635596847
45.6386296873969
46.6969904920585
43.476654339117
56.5773104860116
53.8004420213251
52.5318167213962
47.4304566353645
51.4798115801112
48.649778199233
49.4711612648498
52.2749999206627
54.5847107058002
48.9384610970548
54.082042500975
53.4595382684953
48.0555482223857
49.588833543156
44.6803587699453
48.0934603801162
50.0174500411125
45.851840587932
49.8666204608132
50.4319674903369
50.7367930287812
45.2045379224058
50.0103432222215
48.1807776870339
46.0512020388117
52.1428385606236
50.2834677676382
53.0616072858041
47.1255059401493
47.7820757869297
56.6153799440016
43.7596363471723
50.1321411351691
52.4936029600084
51.0479407594485
49.9632924692138
51.4426921889086
51.5310650306154
47.260148803129
48.2288097260561
53.77831341878
45.5213028829065
53.8839305282018
53.7984558835186
48.2942483376868
56.3217287449752
53.2064542363083
52.1429867865175
57.0220739046235
48.1071356385809
66.2653853913702
49.6616044911862
62.6263185066477
50.6183074358119
48.4061453019149
45.375020032977
63.9406645819366
55.1134615174553
53.9948204818698
49.0460650432121
48.5300692345613
51.3579489326991
55.8883077922665
53.2779297139904
57.694170741702
50.7590637889297
54.157946789934
50.5771612816221
52.3951872596399
47.2556981971115
53.8970139008254
47.3895174485369
49.0570955552043
46.8217442616303
52.1904045781243
50.7705959024782
46.8793190554841
46.0561790469631
51.2163026178665
51.522856101213
43.3133133477012
51.8074350786659
47.6648391885333
53.0951619111408
53.3012998836901
53.0515931335901
46.7736792032055
49.2645794608137
46.2440421731483
54.2634237080948
51.0882856027461
49.1349578852542
55.8556569665799
52.099331045158
47.1299209962809
48.3495094992103
48.2484599996136
60.3866380475656
46.0958197841525
48.9696282418193
53.3790810690928
49.940535334702
45.1338100977793
43.8102640882858
50.3681242141075
51.2208520898314
48.5271528993232
48.6409769372501
49.1203847558458
62.1651893637
47.3414602236343
51.5948565299176
59.08757996979
53.5049633502653
47.8266015538459
48.1201910047688
49.4429676283907
47.093726816635
54.5780681395212
50.6635841822608
56.958727635765
50.4860894205134
53.2019619992168
48.4132433730311
51.371759819287
58.050582263423
54.6398099498292
49.8600663194823
49.5672167094917
48.7123199433584
47.8021551709399
48.5483946760384
61.6799683546251
47.6847831039272
49.3443554510015
50.713335894869
52.7397710829469
46.9090945783032
51.0856074419673
53.7207367154766
53.7778973310694
48.9007535804922
50.655204706585
52.9534499498852
51.1164407104504
44.3913228604853
44.9188811526141
49.6156076540858
49.7408208142099
57.4433268966033
46.6429620241715
58.4075172188192
54.3470979924898
52.1957050854893
54.2649289555164
48.8465105920593
54.4096945918081
60.6578905082659
51.9734631956551
48.5917400048622
50.1540448811981
51.1152740316767
52.3230835970571
51.4925395702193
47.9431149708417
54.103114325334
55.2422650814075
52.1697737664589
46.9597430556528
48.5824236617912
52.51168071217
50.5942048637963
46.5912440339048
55.9676213277537
50.1335006111339
48.6440548359095
55.5826848278671
49.2892545629148
52.973360163303
50.7979041459482
47.3786618518055
51.7001708090174
54.9167702622899
47.6868292565294
52.1630012666249
48.1390174496333
55.8290685448739
50.9507807530633
52.4880464395625
49.0411276034534
47.6423810574264
51.4017673804394
48.021033710936
48.2518794861025
47.4707230500847
51.2256632395142
45.2731804575456
49.2518903738433
50.482873015506
54.5155304019283
47.593045891908
54.1074231375505
47.7652484584517
53.7730352113774
60.4047052564406
54.5880097963359
52.6609868152535
54.6394691112599
52.6945933011698
49.3109120985112
53.1122628255606
51.0668493638592
49.2783771931412
51.8784274599232
54.3232147118789
50.2256329412002
50.1911309058881
58.1063057390225
51.5406818840148
49.8140082736142
56.2158504512728
46.7852129630522
50.1360202185081
52.7025468533647
47.1902318750926
45.6328738169588
59.0936865729545
52.0048405040308
52.7940201290425
47.8476083041283
57.8089309483367
48.8400492236334
48.8436625072892
44.9072996806636
57.5015037656231
50.7471608488292
59.3471229800872
44.2807531828195
53.9854047610943
43.8651243543866
49.3841169472028
49.034237782536
51.9376509703128
51.5415808910808
49.2288425735195
50.2847502596135
47.7291581671148
50.2843643363896
49.3401104113527
45.5512151517107
52.8794096610627
50.2036064428289
77.543777280752
49.2809110805889
52.7152875388441
46.463443789118
44.6912577053549
43.5791054847249
49.8601028891427
48.3033232872211
47.9519611714059
49.1441730569805
46.8094639701304
45.1008878788619
49.2479899353193
54.4787388439159
58.9358920077291
53.151770471549
55.0938840513186
53.5294581212355
55.6854033560973
55.0662999122269
59.2416049806298
47.6998047210739
48.4478804649869
47.8289727104892
51.0012386574742
46.9162513924221
45.2731753887166
46.9206428153399
47.6466095729186
47.2304227474215
50.7903084658365
49.7912632559779
48.3439129213028
51.2551713996025
46.5114144329254
49.970709079197
50.2863048110965
49.7239486753471
47.7982654200419
51.1032008441966
47.6237441451293
57.6342975323183
49.2098553401252
49.1617147154215
46.6064625124623
54.13880142432
43.4713918093153
53.1461245651658
54.8669431499871
57.2347474849651
45.3385861440197
47.68303161239
49.5861694071141
51.4507530939919
45.6564359163897
47.5299492370929
46.4148520804078
44.9142844070011
56.4270613957178
45.9338957487645
54.6048841318075
55.1958097179731
45.9324409508113
49.7241477995532
51.5313927055366
46.2041233985147
47.02312812485
47.1008663247766
62.2506595307499
45.6945475716671
54.621716418462
55.4889259335569
48.2202208731007
53.2543995021603
50.9425297775127
43.4629805356897
52.6228105038233
49.8326264940849
68.0470251773843
55.8317115289081
45.1987142845918
47.0390067937329
47.7785225743726
53.253924726832
56.388026898704
47.2375246229787
50.0466446711081
49.8903620765904
51.2022680820932
54.1737527672755
49.0604927258807
51.8259680502848
51.2594138481181
51.6543045920529
59.1163035841341
52.7043245251434
47.2658582514745
50.8379791497842
45.7275669114439
53.3662833915099
44.6716192570303
56.0563095879702
52.6653249826401
48.7649412786825
51.5292347731107
51.0852998481683
44.6289541192003
47.6728472854836
46.2444541432361
46.1376740473596
49.4573812175664
53.8807739654337
52.2783340542093
49.6133520213268
47.6086161326448
46.9172286705862
49.0090020666443
53.6953647884102
46.3031797614184
49.3884378411312
50.1593757863231
56.4600989067713
47.3349530340658
51.9564069576586
51.0941833211484
52.7089005517163
53.0605425700547
46.9321999271632
44.2490864601547
45.8701786684908
49.187528250643
60.229004425804
51.0260841852275
51.8240803388352
48.7804965039837
46.6824245512607
51.3517002217095
49.5585506555929
46.8286515726194
57.1945684432932
51.717315449868
49.769008638423
47.1749398146411
46.8319416832449
54.1493590143385
51.788007700361
48.7189353162688
61.9353592415466
49.2361541730694
50.3423623562787
49.5089982337854
51.5912305723205
51.3793466823507
51.7963661953253
52.4048023471388
46.1684831462676
45.0681918802417
53.5196470882887
49.2833131350267
48.940631907305
45.5870823468265
53.4651171474605
46.1798173463583
47.1254201806938
45.4250806865094
49.8788765681125
52.5772290476848
59.5612390286704
48.2159096769653
53.7068032743332
47.4152216522756
43.7040903593852
50.1238459100828
50.9244328527437
47.7778383622135
58.6670009077349
45.1192972368023
49.7099154117245
49.7611767224815
50.0585544640442
45.3702454906692
53.9261712778759
54.7666827899202
50.2484740808004
47.0819126944382
53.6198888332789
49.1482929001816
50.9693485590275
60.6456867341555
49.3535903266596
48.7843718942605
47.0626943966467
48.9369881120573
51.6300929342806
47.7079073374007
61.4977950287436
46.6544334955781
50.2088704019175
45.7417834917348
48.8735498117497
47.0454666050281
53.4378894845405
62.3750380349359
49.4227762832941
51.3654667798916
47.874575174339
50.2236296830333
47.8983032171514
49.3012808270677
45.2316685373679
51.0218481314129
55.8378566189111
50.056037905473
46.9551991853989
45.9449637561499
45.6465300402085
52.6554518325395
46.7919771227216
52.9644027961938
53.87293233046
50.4413596020744
49.2645787784339
53.9526461880693
47.4612634569969
49.4685236030615
51.9363065894189
47.6817847510017
49.3225709395417
49.9298372689329
55.2394562927533
48.2975662714436
49.6442600073186
53.4790240176357
54.1619167841058
47.0683266121196
50.0711975157638
49.7897625400585
53.0297891524561
49.2449385662674
55.5285768125559
43.2233498477792
51.8216238915154
46.7174501175972
57.3931110400867
55.1355649694371
47.5829772454349
46.7929246848815
71.1309639467162
53.7497741321882
43.5820061239693
44.8635638318419
50.1028314003141
50.0298379331828
47.0558555064933
51.1997549721021
60.5864972635258
53.7222693730831
53.7047269365985
46.7439362439563
53.8109233602669
49.2253601873574
53.7647560876749
52.9485985813939
49.9323035099304
50.8298408740248
57.0890926979016
47.8229268578843
49.0348115967538
48.8940769760152
48.8261279683434
54.5798936528529
48.4878007338691
50.4238274299757
46.9270802131713
49.8984157727771
47.6529617502779
55.1880468704062
54.7257992910322
46.6076650432601
48.5649102560021
50.3013127564129
50.4181291227404
51.02492422177
56.8396679925285
47.4112637611766
55.4099560872905
51.2038629315208
47.6498912922142
46.4147184574345
49.7635102554338
56.6356823660699
45.2955209351419
45.3671031332124
54.476258611268
47.5843689170505
47.053188331931
51.9213196946782
52.7235858668824
43.3720249910206
49.0374447801135
51.4722967070939
52.9172675588053
45.4370455545411
47.10489998287
45.3362839669004
47.129215869803
50.1780333588611
51.3904944904132
64.4053638110207
47.1065611758705
53.5116121449476
50.4960221970149
57.57930895322
44.0610498556294
53.1703213355178
53.4433991104809
54.7184787717438
50.0733503380997
48.8709677017006
49.31201510553
43.2524240362038
46.0023776387626
59.811350017085
52.8824096966391
55.2761465538203
50.3152309171968
45.1767448469613
44.3482508147924
51.4851153674604
58.1469898646276
44.8323618637455
47.9309191979324
48.8278282524187
50.0807357814345
43.0832445478012
52.1178717297052
53.6021921729356
55.3740854321769
47.0788081884591
48.5992230598878
50.5270980714429
46.0771929220368
47.94630229397
50.8588609449622
47.9063250964125
50.302390897112
45.0300283222304
49.2448610196461
50.8642026552757
44.588961611928
47.2364763014722
54.2438333694908
55.4796287566152
47.5668535286634
44.9438992436115
47.0407344961505
53.8225854931601
47.3765738780743
44.8436026778931
47.5615891581145
57.9690382265697
47.4155850013449
48.3682028918573
45.3578675536353
49.8696339548441
51.5381891379893
51.5929193930625
54.537252111532
50.1267004142956
43.3608541039229
45.8027017595158
47.3837342538263
47.3083804974144
50.1694434832023
50.0504579543736
48.2417348596641
46.4453845202505
52.2320221476694
48.4349137888528
53.5581315521848
56.4029389827141
43.9547016692003
51.8401492459692
46.4157913944953
45.8450200589546
52.5386474172126
52.8570058261884
45.5300247646456
47.3281154134966
46.6254904462758
63.1512605283287
45.3125364274313
46.1907962117384
56.4272568266693
54.7309459675575
45.706132779792
47.9708742443777
49.9802915097659
45.4965574790439
48.1406598316765
49.8488214285343
42.3521934579635
49.356157638433
57.8338087585279
44.0894540663459
44.0177317674754
45.549369950416
46.4416426282823
50.8569898022274
54.6628570243297
47.5818990939742
52.6664643284525
53.1106620094701
49.9319631173684
45.464922907387
47.7424944440813
52.0723092712471
50.2107617744643
50.4123483870665
47.8427620498211
48.9139169674334
51.5528412127727
47.6518413785283
46.0383547667579
51.9843118023878
53.2095838294506
48.0866862371463
58.2270676920924
49.1424018746679
52.3234772025485
45.7428963982681
48.5967923210361
52.1764487635085
47.4833100069054
45.8267541779341
47.2779020839665
50.4633657978609
45.8679156711785
58.5381732214636
53.9434514044374
57.2086287826185
46.7694971152181
52.6809852138621
52.2887962992502
50.3357202210215
43.2672008057652
47.2984363451058
50.2802015329758
43.3770510664949
48.1008562772227
45.3779742876141
46.5032737450818
52.0885035115265
45.7312712915751
52.3462770443585
44.4551019296626
57.4458033984364
54.7534600505008
53.7377472758988
48.9953414386765
47.8957301640662
50.9144412120862
53.2254943599338
47.2845197566834
44.3664662380016
51.1307953219405
51.3049921943804
61.0900635808536
49.172479685244
53.8940018911048
49.1756881178054
49.6500971569095
52.0660073307322
48.0223626692053
50.9782598920458
53.328716321389
50.2245298306687
45.9379483023953
53.9732165459329
50.697867204083
49.4936274996647
45.0245344474423
45.1378846248799
48.00207283816
49.0080718711564
49.2511645833099
55.397520392114
50.6462307109005
57.6223201108664
53.9050908196689
45.4041167731646
50.9717067534523
44.3807103849569
53.5754696908104
49.0912441365129
56.8894057124683
50.8287622710658
48.1181340275405
50.3153823548413
52.747586562082
45.2131176507195
47.8955817371502
48.7863255165617
47.0408251518192
49.89123112638
56.2916150757032
47.5980542838914
44.8288476973639
44.6951991851209
48.6460724046814
50.6344965560807
52.13998200837
55.70436364399
48.9347041699667
47.5781200030402
51.7480623109723
47.8606785189322
55.2380560136592
47.3562204638414
45.0010090653977
46.9460993221522
47.4468146711204
52.4935605587354
58.2356529794038
59.8278211499212
46.1205129511548
51.168736691938
48.633181319486
53.4466621626604
52.9755335437846
49.0556601190226
51.7732717081176
49.0998226082673
60.4298020965907
48.0759731086725
52.6759724117758
47.5079981908831
47.7388428110849
50.8063423730654
46.1542328899244
51.3409439598169
51.1061623237449
50.3843176948909
49.2409050403325
44.3649703997526
53.7563004187388
45.3075235398942
50.6300146284619
50.1277971258541
48.9988609646941
51.9629388276567
47.7070151760687
48.3639013437972
49.8729816942599
49.7121866739573
47.70879331207
55.0655431699663
49.5874966607251
45.8134884244163
52.2669252756688
55.4976734291893
48.0902977629688
51.7357732570356
46.2026427674347
61.2357893264868
48.6085677889043
49.8523341822664
46.427246761514
50.663168123546
51.7358196607746
51.8356715846173
52.0758511006738
57.3158648823614
48.7120878912506
52.7039494390956
49.0775185874771
48.7553535518272
61.3136583531758
49.5047838135764
49.8559236902238
53.9849244986812
47.3000731096626
57.7444360329124
47.7429387713676
43.5437702094787
51.4185506640677
47.2209222968036
43.4473239996792
46.0539887751896
52.5951043598014
51.1701922851827
50.63113353968
51.706360306343
47.1695859025384
50.58394885781
52.3350207403009
47.4388577058003
52.3181361607822
48.2273722220604
49.3464680231302
47.9135657044476
44.9170579623643
55.8675007555951
50.7117775356538
51.5469395512756
46.0827160801928
49.9204032137891
47.6813074424142
49.6528113374182
46.6831901115179
52.1739344528346
58.0975974356758
50.0392611416931
54.923477573235
50.3477188392028
45.4787808535249
46.9419805886922
60.344825354083
48.9834692113236
49.1284762991715
49.2833266264875
52.6313591479107
52.7964677583198
48.0328355860162
51.2348052614938
57.7206372914798
54.3808366211562
59.7726415488752
46.3967135419101
51.1438629320225
44.4208706313813
53.6984043346122
49.612074528439
57.5105261420118
50.0327888581668
45.1146153450245
49.244371730215
47.9663806141934
51.0207335782225
59.2016063941829
52.6409763693205
48.4013519008434
48.4923112440156
62.9802119381321
51.7819011710752
54.3392952486537
57.4743842781585
45.4655279673528
48.6782352556805
50.1283693238008
53.1985457242543
48.2770738321211
50.0693922452728
50.3102391773221
49.2543385829702
51.6361055819456
45.3829921582382
47.7147436137952
52.2559435413736
54.3734950172277
50.6091218207874
51.3483633728803
47.7970096394569
48.3669236860011
50.7455962697476
62.9852400598725
50.4151302695612
44.4775629411904
48.107105095251
50.3539760038408
61.0904913076208
56.4999811274636
44.3134768131758
60.8123286541014
48.8945023799229
52.8796244849129
44.5356345393539
45.3672986264935
51.8127308158352
50.9214449522811
49.3175357203209
55.0549206482356
49.8855537439101
53.0876970752375
52.8999881292938
45.6594267571976
53.2353657394796
59.1258794962781
53.6352859199726
47.1702830833726
47.9845369196059
49.7243625287377
50.7028139860712
48.4193961050448
45.5250245648427
51.9212817659854
56.85831439218
58.7863882728752
48.9953819242105
47.7610494494934
46.3139399654471
53.0440613564072
45.6503586731332
49.9547169034241
53.68325282617
47.5029967917638
51.0775325574936
55.6109052052387
52.8857521292612
50.9390440328506
45.106128411676
48.1488876670118
50.4223185005365
53.3201125264761
52.1212737086055
54.1059061675132
55.2147210751391
46.654183709048
50.0541313306019
46.4624991280213
47.3972889665973
51.7855245396496
50.8062248904464
65.0130029491401
64.119979922428
57.3222377644582
44.3327709264602
52.1139407474892
48.1066006117217
56.6326691044283
47.2004517018531
48.3732561366129
48.5576908580772
59.4303881624264
46.0571735241504
50.2795612360413
48.515076631328
45.9573330557494
50.4132853773058
48.351428084433
48.3111008536592
49.1454836483489
47.3160555408963
44.9558706425704
50.2128355423168
63.4620305377748
59.308477695618
48.7862751432335
47.402106843191
53.2198261498488
48.7997200702139
55.1684426236735
49.7624150490371
50.3061159858663
61.9059530436522
48.670458603692
52.9691523543414
50.5129978805178
46.237630784725
49.7325301697702
50.3045280385551
61.0150594396105
52.6764403831907
51.3309826105802
51.1837569631303
57.3313290833331
48.8522078666571
50.1373155422306
53.2722785176256
53.6185004752205
60.2438417332462
48.2013547749227
50.7464218939499
52.5375103218895
51.941979796885
56.4429508624283
55.9339035108781
44.3735568460254
55.2151671359119
50.3284878652601
44.3463371059506
56.185545964315
50.0163872421398
47.0414007788076
48.8662065947986
50.7785277836406
49.8986706467086
45.3674670878852
49.6834911500849
45.1584908559251
45.5618280926428
49.1324525611015
48.4975707485276
52.48971780555
50.0424911158467
50.1561642075984
48.2762912763793
48.8753488885032
50.2620666339332
48.9663922702017
53.3999636878456
51.7918446812057
53.6438683193872
53.3310222893275
53.9576992693177
48.6455657024062
49.2739350973238
42.9623755490855
46.5582890319364
49.2051107706941
45.9859118068473
53.1499651017775
46.7240707993843
53.7814520897247
46.1038826720155
57.1427477129458
52.4920997306456
52.8444289643644
48.2685421701351
48.094200862984
59.3112757603713
43.415787813635
55.7608463473496
46.4582677578542
48.2994593979484
52.3819114267408
50.1292704918484
54.9986169684217
47.7974023486531
51.0038565767866
53.6380716684867
51.4589602128908
48.170123212375
46.2723012924407
51.1231555931059
53.2600586830717
51.6981895935991
49.2159600651223
62.3228673708239
49.8725200532201
47.9198298292493
49.7464210604239
51.6615983219091
50.1961212793826
45.5359136295667
59.1004106402377
57.4243126416181
49.3391336585167
55.9589264072038
54.414291916496
45.5094866441008
56.2270158874593
64.4337943309193
52.7779076495944
57.5888468644829
51.3300281384238
47.8128168645422
57.7447921330327
54.3171005733568
45.633192594503
52.2683746845218
48.5428075629853
49.6453788608819
51.7092382259357
46.0162489235961
45.2329287455555
50.7701962796417
49.176314444531
54.3262101647637
51.175615196961
48.0085307206524
44.9318440979992
56.7031415730374
48.3455803054842
53.245177088997
51.0140379265147
50.005643041765
50.7360389577598
51.3088160274674
47.2455631422474
47.2625395411917
48.5689077871739
52.9129235796426
49.0273076305401
52.9830895113069
52.7024534867441
54.4509439926656
49.9563302010712
55.5387683137498
49.7732342497633
46.3043459892855
50.4731650613208
51.4550908658618
50.5912530105421
41.7736603199917
55.1453656884035
53.1717363627809
50.657561061506
43.9071026766727
46.223000910054
51.3303146442573
55.7604866011915
49.1199095109853
47.5338576030324
52.2537997417282
45.4647204923435
50.018210627901
54.3139582474824
44.9988593135936
48.7603038230841
48.7908832983245
63.5349729083465
55.3136823836
47.1764868542503
54.2081205971152
49.9413733142542
56.6960575770365
50.1936342012142
45.5985147690166
49.0098376785547
57.8746884975915
54.717483938678
53.1814758454779
48.2365239897449
43.4820225090711
45.2193612317703
50.3509199577782
47.3927117618819
55.2511967841385
49.9908754330903
51.3791692068427
47.3442332829186
53.9077291043543
52.1522561065753
50.3060446847565
49.2030143260251
51.3064718191304
50.2023191245561
55.1102975764346
50.5823016955553
49.1762343702822
50.0149597280058
57.9876645036427
47.4728930749602
46.1187142217565
49.2212607144252
54.8184156212194
52.8182626909453
51.0447382295032
63.9935285865568
47.5860356404172
46.6517965329569
46.5659295553179
52.4215580864478
45.4331480001832
56.2642649548928
51.0556292697726
51.1383450097796
55.5372689961113
60.5316014034826
44.7608438691947
45.5803792820011
49.7625318892614
49.1884523917764
49.0997971907459
49.2035283840949
51.1124212754793
45.9232165628904
53.5220982725734
47.0324777342892
50.1563771884494
53.7472715079426
48.720782204314
44.8092711923944
45.6957788260384
46.774799291342
46.0125407903099
48.7177314137174
48.4175238614683
50.1916381087895
49.3220310131374
48.9083634514245
46.7101559197932
47.9119525642928
56.3909211128177
46.4068076406549
55.3087365634032
58.5992288771265
55.3039939953064
56.4076691159277
50.9472385063967
48.8215544613592
53.2443424781221
56.1193549968268
50.3005674690593
54.0275502022552
47.225539065027
47.8645964051572
67.4263068548374
55.2986364172164
45.8213468147638
48.5008490157302
61.8796863472756
46.5233632552679
47.4225864359981
49.3044596885061
47.0621640667761
50.2182308853211
59.9415157631962
52.5635088269822
46.2043738049151
47.9197581736327
51.2790885330447
45.9365794038636
56.0125573238062
42.232322373814
50.3652110727031
44.983729945967
44.2259013756433
43.9232344810025
53.1433974569979
52.5446029292627
49.3881617395183
58.4001787647245
54.9561160994091
49.5556502508912
53.1858122306761
63.1342496032964
48.2909043021911
52.5588137014381
49.7525512824311
50.501226440326
49.6136854809173
45.7521099405528
51.7411853112947
49.4671775813394
54.2514858126738
53.4842209701607
69.7453148550527
46.4768167857994
50.5486444167984
51.9761057868174
53.2841955456718
47.2385343092331
54.6201293980381
49.8156582923058
55.3481721730277
55.2924975852624
49.4164048954697
47.8297313357407
49.8747764562081
49.3219826571858
44.3149565161622
51.8739538851863
48.5400438213302
46.9629558548377
54.4335319771785
50.3930402484126
53.7399191059411
50.5734615027672
47.4000129146467
49.1308203932736
56.6004134632917
50.0031647768469
54.3544703015049
45.2253044151957
51.1277574289263
56.1002528016298
43.9654326650088
54.5892388524718
49.4583149786996
53.141353268536
51.7636069785516
53.10048878235
51.3222682008614
49.2182744935748
52.1102191985707
45.8308897490627
47.8079556448542
57.2808540897586
47.6566830831978
54.1770493242998
48.6853071946542
51.2019663042442
50.7138403600617
46.4741579473822
45.2995572951638
51.1105514815876
53.3572522876112
51.3826014446183
60.5499273874061
46.4401290040087
47.3803038897865
48.5229113655378
59.4874746565513
46.3057838263415
51.8354162360676
47.5035864413818
51.6423777602087
50.3767621434005
49.0508535038835
47.7021203039082
44.3351083811459
44.8201938747934
50.4370599933118
43.4268922500659
50.7261335900276
54.4129871274474
49.5480892226316
55.5347508957339
46.6108146080062
52.0499334956729
63.4029632834523
52.4717578518363
50.8749600521447
55.7753872888661
46.3401015969031
46.5214419078849
45.5020597197676
50.6975555287546
53.0020737013688
51.7397335408516
47.0117988570144
44.1179970925403
54.121705064412
52.5946315728594
52.4754865155601
53.2089187155191
48.1651968442231
56.6440751010717
51.1777331559201
54.4402434252758
50.1353017487375
47.6679696444288
53.204920503661
48.0069437230684
44.7990694423601
52.1253958329177
50.699144791806
57.1756303316366
45.3763923779143
53.6724116312722
47.5264946849674
56.1593094361708
55.3579591714842
48.5742600718575
55.2633766707018
52.9561966275264
47.389019276277
49.7469784990843
58.6693222598424
54.978054238627
56.1345127966454
59.4707740388122
46.5052482195231
51.1931585665104
56.8555196362182
49.0105474698828
56.2017557063321
50.4425274602941
48.1393331410936
54.1540808947088
47.2556008193665
49.8010411830706
48.9838443951562
47.6191111102622
54.4979765214602
49.8501576633135
45.5909850322874
49.9085705634403
47.1474439707212
51.3038648038924
50.0182691185949
46.6677480859261
52.0337724418452
50.7800557382107
47.4116107083288
48.8529833215851
45.1019550580462
53.5203778821119
54.4452377146824
51.5043078641786
46.1380467126286
56.378900135179
56.6106064314641
51.3182262055411
55.0088435424183
51.1370272398993
46.145781316511
54.0517427563334
53.698289385485
57.2575457968372
47.7609107422965
47.198182291369
51.8869200466611
47.0497136267863
49.9985219460925
52.2717471010633
47.2279775976025
45.4794560243944
45.0705426903958
49.7659635824316
44.0672604992122
54.6168158544024
47.7490646495256
49.1486834098925
44.5133540689599
50.1530993362597
54.2530459904464
44.5095707256305
50.7346197075189
55.3575006590812
45.4824362783721
46.90300763895
48.1447150819986
51.0874765651013
53.9051736354453
45.7766824000391
42.4199581677177
44.6054299154745
45.0254177141392
56.5867554315359
49.2363116278493
52.625036564996
52.3012638875133
50.4987410059273
50.4461107632524
55.9984129939253
49.8054415527881
49.8921741954564
53.2766117822781
49.4321044561429
43.3114708779105
54.6314642413927
54.3729658841588
46.9221804526005
53.2227108981006
50.5632671583941
48.3474930612085
46.4105150123758
50.0891878290721
46.3106921532853
49.8259588015262
51.3441990864516
44.690685446423
55.5066867005157
44.9764047466726
59.1223242558609
44.5643625442924
47.7289932791375
58.243528654886
54.1214204767988
51.527190395175
46.9168401725039
45.6775676304414
50.928631795967
47.8318468995795
52.5186373769977
44.6039345149109
52.6932302071894
50.6530069358418
48.8615723449943
54.1056665924097
56.1076838958881
62.1514661858231
52.2786077965475
46.4674650619772
51.9353258605746
51.964088944435
49.8599019005008
54.0390038456751
52.2944042004415
45.4068117869572
52.9367025073835
47.880092606905
43.5632816742305
56.2015272239756
57.7349507541099
43.5708992302284
54.678288169822
54.8304052215765
48.7735899798457
66.920672512976
43.1514169397945
47.6696115063429
69.7291575450666
48.6093268869196
51.5241382063971
46.2314969304263
50.7600618355875
44.7796279890644
48.9435978069072
52.2716248662032
47.0592346775262
51.5600878386832
55.8256993301092
48.2163474328178
50.1334044953275
49.4472605537987
47.8838844462261
56.9347961245716
51.6729684246648
53.8635968671913
53.2744181699317
46.104434888892
56.3748993741586
49.5659893955686
51.7032510410781
50.9185867701625
59.1746577172213
49.3283602181797
53.0602197546661
52.0766597037906
52.5634847355845
51.6226886223714
53.0889300990087
61.0546092872028
51.68081485975
53.8858614669872
45.0371465109299
52.0772281035386
47.9977908528808
47.3292435845465
47.4033039161202
54.6616588464315
51.8461563374479
59.7351199229832
46.6748811885902
44.6056811897915
46.8862585593612
54.3840217298873
58.5445546606428
61.0404797219535
45.2967817120017
54.4044427034573
48.7928388363991
55.6868473068005
46.8891001116897
47.3143276300572
56.9719180051868
48.7064730381916
50.5765373049539
55.5802953036052
46.3875737086642
49.3154132955676
48.1878836288692
59.8835631693034
52.2118731434934
48.5827156089221
52.9380468387596
52.9555013256647
53.9166000699972
55.9319299535902
50.4344153655237
56.4529855550422
51.8245177309779
42.8718800565258
52.0814929783975
48.6429633800983
50.8634657654182
51.7364975904574
55.7238647802083
51.5968904029296
55.3874912905738
52.5086915605842
50.117863073137
49.5190712329655
46.0693725631478
67.3396647253633
51.3838922046183
43.0935153277653
43.8227816103268
49.6541953273598
50.6225215609489
56.9525690548663
47.6807356186674
47.2634696321432
45.6103403326882
50.8342886260129
52.1341766204411
48.457827272748
43.7990824249964
54.2926216190377
47.8725060821902
61.3908077281084
45.2172906818599
49.4477821283691
45.9070435739391
48.1897606834588
47.7615837416124
54.2571925564129
50.8022796332373
53.2838519589257
52.5670884012101
51.3102869098813
47.0360902265911
57.443883785228
55.2601441941126
53.7289132324674
48.7011051930047
53.4591023279472
51.7894960625545
49.6976004497745
59.7380797423559
48.886790023383
47.6278840903454
50.0257131124653
50.6449547001277
46.9043909289279
51.7128318947315
47.399546638033
50.5164469738334
50.6256254309795
50.799181134242
50.9290430940457
48.4648975725184
58.3123592215472
58.930262026864
53.8744648286592
46.4809179910815
48.5845315314282
45.7714435459183
53.48981219044
44.657653337757
49.3664140873689
49.1024476073904
60.2857392585351
46.5124195844314
46.4225150690494
53.5045825670235
47.4879485318947
44.6374568031579
46.0437419007902
46.2218710951317
56.8465523335484
49.8184647906222
58.6135820106608
52.9503834212626
47.3149322145056
47.505449602771
50.8469142091478
46.5765240691488
53.066405638584
49.6949401685341
50.6083275711995
54.64545749987
52.3811564511272
50.1345603584453
43.5002485611894
46.9183772419423
50.1889635846924
57.4292131660078
50.2590580587803
47.1369427004837
44.4224524805037
53.1119059240039
51.6794793568142
47.6357622182286
50.3157427588945
50.4541022689743
58.4493005504153
49.5916573665656
54.4617279568233
48.7553678543656
52.5471257685972
50.3555045494234
46.2709544736967
44.5413796912014
52.2967387864624
52.111986417762
49.1560331188123
53.1558522873068
51.6811878589455
49.3467371064178
51.0966501002868
48.4394678582631
46.176054793789
53.9126093203501
54.5337551448904
47.5515327434584
49.4367311099873
47.9478327596472
52.7326585749281
49.7363796719043
45.0394405841824
50.9716750801049
46.1750910013044
54.7809992501983
54.4615464259531
54.985636175945
49.2198236599055
50.9313452606142
48.3480508884347
52.4950503474932
55.7061767959012
58.8108215065839
64.6273046725605
49.781606348645
56.6010282283167
53.4021929155346
48.3824777309952
45.8488640476487
56.1756143760334
49.3969846269917
53.0713526131612
46.0623594080582
50.9280022599479
48.0196316059309
43.2602626999448
50.0208285797658
50.8093210894345
48.268706942954
45.3079407821835
53.9260594924579
58.5598675340578
58.718998458041
45.6415344857315
61.3754039541299
54.7752499577699
42.9637497631194
51.9041988289462
52.9671698845347
48.4349240024368
52.7003099753618
52.1556303853392
47.9096609045745
73.7350108118134
48.0283303675384
52.1214294269847
46.9503613216931
60.4925683488312
49.1586679937973
47.6210036178759
50.4417647081526
55.5151804168501
49.7161587969557
51.3182966565786
50.1000336743562
50.297564573578
49.838014114149
49.9338792523906
47.4219803474178
48.0322585473808
52.3950283295069
51.7970250947755
49.3820829729579
48.9501682434818
43.8943473622833
51.0576356773414
42.4934379565203
52.8752922088847
51.1479432727127
50.8244410471635
58.610225693459
50.2867317014431
47.0062499028157
54.4943696536595
50.9632269696407
48.6386964195154
50.5045892034689
52.5600107462754
46.6434260158495
48.4653568125687
48.7526132670946
52.8785190582931
50.7344296965515
47.9700320920159
49.4912620426861
48.9695997859631
48.906153864689
49.6860749207589
53.1233422035813
51.4507138609417
47.567340072587
48.8551187339842
48.6531041933858
50.5197044271278
43.0833901448553
61.5150302962067
50.5961901361131
48.0462896688723
54.955085286188
43.9024868643189
46.1939578718734
46.99818440559
51.0360442248612
49.3485123082652
52.0073349784094
52.0233974734782
52.9705357900138
51.4310096041466
58.4754336344059
48.745656329843
59.1698198345691
51.8322814761196
52.0782596294771
43.9211668799911
54.2681570050016
49.2764240248119
58.2696954530952
55.034956436096
55.8300424274473
50.2102263474119
57.8776151761561
51.3931675678568
53.0934492693729
48.7007605118401
47.4964165601576
51.9543491911238
58.699712474136
48.9878236927275
49.316471493387
50.6177653470056
47.9513804600669
51.8266782176357
48.6166688946323
52.8277633215809
45.7386522961706
46.9371660220587
47.2568299543622
43.9268326655646
54.9158003346549
54.7434738064893
46.6857378881541
47.0715924903864
51.734881406502
49.5837570962409
51.7550122157507
49.0761914900152
47.5583947982205
54.8106084411846
47.4558963025408
50.9098105277588
52.9386009455588
55.0142122406481
46.2279368972808
68.0080103983972
46.5699699764333
52.4127365849806
56.2575119168945
53.0022292705691
50.9453701758141
46.9480880045715
57.6889747076957
48.9857035898704
47.3657237701898
50.659366815991
49.4678786500445
48.4432564570478
57.6204280954374
52.0565780985557
51.014990041932
50.10827494315
62.5509514190005
53.3310787043285
63.6761371470636
51.3732860255718
45.9738341534358
43.6222653931096
46.4653029431835
48.3167716542409
44.8590326503896
53.2785931799649
48.8799552401978
44.6659821131818
46.0744170271565
50.8271658706971
52.1341697301763
48.5677655295758
47.5160573713028
50.3725367947721
54.8154903892501
45.8619591553366
47.700905366415
52.7560609348622
52.2672469115538
69.6091945748421
51.4296219200395
47.283318770445
56.8826906810509
55.8441739959661
44.8663260795223
67.7885449006202
50.1549314453615
52.308101779641
52.7031551007506
54.8978691004305
53.0122348211146
62.592077118998
55.8396528172646
49.3155173987809
49.8233000290343
58.2166213771796
58.1309096112713
51.8348673982893
49.7446411001406
48.1818622779069
48.548922243507
46.1144427772018
50.2547172785583
43.8997412896073
47.99727009366
44.6486758164153
48.36042820786
49.1788848365493
54.6890181751137
55.0468387032602
56.08462796504
58.8214005386502
47.264400060428
56.9865626784346
48.8028306536727
46.0804361659437
64.9021507770087
51.5869834022551
55.1762960952168
51.011467269392
55.1252407280606
48.0414159103555
43.6821236417328
46.6957391929071
50.5499991464547
54.8854530158058
52.6834063252893
47.2813916871031
48.565554425668
52.2721661818605
54.397866048041
48.5131478282183
50.361664356677
44.1033342265538
53.8276980977429
50.6574934891357
57.2554388289456
48.545513276203
44.7633445099216
50.323986521113
52.314512006455
63.970799140435
46.9855607488565
47.2173653733219
45.5921682558627
48.4754527657005
49.5193486447378
48.705916606037
55.375846834607
45.2999364734899
52.2229691676522
49.3428936412786
49.5033489638545
46.5955637276406
46.1240362767429
47.9629947059492
50.1020332425529
55.390571327128
51.7315947851689
51.4895219699261
49.7479314699755
58.9707991802315
53.9355565479797
48.4319026875213
48.7339305065242
48.5361821164345
51.5976440313519
47.2776239789194
49.4371266910673
53.1182459284241
50.051312391059
47.048688368588
45.7244373359142
51.5470135012065
45.5069022754691
49.1391710855579
49.3768508383005
52.6533039001947
56.4231012544513
58.4693126737121
51.3915506726523
50.5306192347881
52.994911604134
49.6240256564641
54.2248208652415
50.0430886470299
58.022706458675
52.0032641890419
44.6646124733867
50.1368821444833
48.1479024624129
47.462115689069
50.6591788878734
57.1462898043628
49.1973062993301
46.9915549531085
50.4928632841055
51.3567358962218
54.6207512806503
44.5126067404552
54.0334735603391
58.0256988904345
51.8420479018173
46.9384152860615
59.6744029154821
50.6750885654853
52.1567085246929
48.015913512652
44.6367248647354
49.2225126420763
51.6952479725303
48.8462882163903
47.7819787729692
49.0742503813983
57.3175124827995
47.7012840428722
46.1772596705525
51.2734313416591
55.5216968429581
51.9354163311396
52.0480821714862
53.3917163758885
55.444607731434
57.4233388155416
55.9250715641691
45.9352584026981
47.2786285901145
55.5602619427359
48.716500109259
50.0121636587252
51.6587614399842
44.4836491897794
54.9487821425524
53.0879656206182
49.9016914501069
52.1023857170332
47.9109418576679
47.3697236814767
61.3352838910077
44.8371942796767
60.4908827833934
58.1130228659929
55.2690808602429
46.3698556928613
46.6157478174685
48.0337492797482
47.1372763295895
48.5801926165001
53.8716532391983
54.9967638237433
49.3998208628789
48.1199493821721
45.6811082614334
48.8508611429655
53.7429310846585
49.4389791262393
49.0395001723483
48.480021787001
50.2219451510157
56.7385614504171
46.6771693543346
48.5943769360425
47.5642108448006
43.8322819944516
48.3057789258577
47.9509745350375
46.9530337579923
52.1833558483326
49.1389215401979
49.7200199022808
50.9447025883626
51.4385193693592
50.9515938836363
44.7629640406018
48.9024738701322
60.1983055757957
55.0392033504796
43.1618879875232
47.3091526523052
50.7369591136642
54.9434811843087
45.1803160167874
55.6218378040184
43.7239090905633
51.4499518818688
60.1214312777669
48.0755141549362
53.6884264396777
47.8717478699323
51.851074515267
46.3058905780021
48.9026706328745
47.0431332974324
53.3509320647472
48.8204139871624
52.6233968879361
44.7855276737999
48.0044805056942
55.9045129477596
56.8384325692722
59.7092110327484
62.2631605690629
51.1861017926493
49.293403795589
69.92590065778
55.2981861730249
45.1799614943824
51.4209496107157
57.7470383908108
52.8358783959356
54.8050467590787
46.0355284271076
53.6219704807227
56.50426795066
49.6975631481691
48.4443921868254
47.5815701434583
50.0176281214174
51.3085233162892
46.2663999657415
48.1195680514546
50.3893658106473
54.7879015253718
54.6174556492716
53.0265890677274
53.9477975228821
48.6558620665839
61.2233182477429
52.6052629777243
47.5043995776851
48.5930772318767
46.6914703885501
53.7934796818926
50.7311083640281
49.2395076649907
54.7238995117232
50.6663846412144
50.3067599127697
55.3292507860396
43.914548317589
46.889753323918
52.3159480241168
50.1918840468049
42.7295358507789
45.0424502982268
45.0906234677242
51.0638608807473
52.0759317457926
48.998525075522
51.0696908296502
49.6057201809577
49.5993424558162
52.6961886638432
53.3826331856898
49.5957418150043
49.5446952939879
47.8663452491294
44.6007046948921
50.2115489096301
47.2123515167514
51.3908462261862
49.3240090016659
56.7328494332546
58.9577922974338
45.9262494049596
45.1970242834027
58.15062830803
51.7179768377235
48.2314481737313
55.7642226156918
57.0673343949423
51.4362236072205
44.7860983665948
44.9297967228811
50.4332625133703
49.889820218358
56.5429212214311
46.1780198798546
43.5312081294001
44.7886135109196
47.6380409182016
48.2877863160493
51.8900135558624
53.188844323166
44.2009738714738
51.3870887704244
49.6376178235744
50.6997978518096
60.265824517817
48.8803232020994
49.3478110251682
47.6860017940712
53.4017227078841
46.8522032520853
48.8908813706974
47.967399947561
49.0691991214832
52.0029281676114
51.565176311999
48.4097343024607
50.2979652751149
44.6039516812442
48.558789040749
48.2578866402773
52.722747088403
50.4695765647967
49.1138099550314
49.9070426568504
42.9318343539959
45.9249948263226
48.9441159936118
46.9162518029811
46.3647081003579
50.1367802526528
52.7447590000713
58.6565396952343
51.3905907460237
57.7122806739875
53.8829465202648
60.3078303867176
56.480381674746
47.0151446909699
49.901007224572
50.7498383973594
51.8071434685761
47.2905920411547
52.8025114965801
50.2393188030288
56.5824271461468
63.0728252609752
49.7478529986236
49.5731447369222
48.8872699223377
55.4403255461505
53.3564663614268
48.2707873789294
50.448582003771
47.8671235567579
45.0966236098782
59.964863997025
50.7478023284693
58.5367274900531
46.3370295694761
45.6037735910745
43.581980151149
49.7838467454944
45.8788432661384
48.6432886729986
54.3738920129119
46.3068805817841
46.4745905253952
51.9483791859207
51.2869813246676
57.0501795917291
44.4866929149335
58.4251745281757
50.7881627210331
48.2345964800051
46.8592542851703
48.1429228254067
48.5489366173044
51.5499930209653
49.0794281248897
63.6412991781819
47.1448939818602
43.19783620336
48.5625816367675
51.9149255559335
46.4263146695239
50.7163230837843
48.7512276999745
54.1812209806795
49.0838372617648
48.8813337040997
52.3373044520525
52.3301325272797
42.6593284104457
52.6653596956521
62.1390058228821
51.4510448366646
47.6391081016758
51.2139111903054
50.9169895033213
50.7654091424226
44.121757838911
50.3295004395687
48.8362052803213
51.9167091579596
61.503205903745
50.7785792081163
46.2188103156717
46.029072709104
43.3315467290686
50.787017492099
46.0075505063728
52.0637697164668
50.3515175515631
54.0186578267177
46.5092660017971
51.2087608545652
54.9495336305128
49.0547576915884
54.3523213372225
48.4726309547213
57.7977940741793
53.6091564216493
43.2533263587695
47.6210272946426
51.2342435765322
54.6935856500235
63.7208481596706
49.0931708870398
50.9994354194105
55.285115161757
48.5388288264941
47.2981736598234
50.636467535863
46.4112911384059
53.1916293908754
50.478259573312
55.7107467531805
49.750536177459
52.859259031135
45.7279050552303
49.7571342214994
50.5713026271503
44.9538926823938
59.0942242743037
53.6835097601209
50.7248344848348
47.6809566481615
49.5588016752385
50.5428411242639
61.8396994192924
47.5434072908761
50.9264939304653
48.4210038272918
57.9913056392619
51.939712570436
