50.2120892447803
48.0533630885296
58.6534530366451
47.7427269016939
50.8627966436949
48.5523661254852
50.4259218797213
49.7275486821728
48.9940677307708
53.970034165456
53.0119119084053
46.3800002698629
45.6881382244906
53.4950680005281
47.0935319215284
52.4340562594631
46.7636259313155
48.0471419082555
52.9348657299371
44.9862780671132
48.5351187313729
49.8719927016835
54.4306934485013
54.2957365688178
51.3568701887065
53.0757392317964
55.8679024872596
52.9223771841288
48.776647796253
52.9490013017101
48.6184457002401
53.6592613333858
57.6270441242245
52.7179371600311
47.3398013601978
48.6352241214006
58.7161077305962
58.7868361280018
51.0323239486465
47.5997778906447
54.7459886961303
53.8016923874012
51.0859854978512
52.7671289002061
58.9513655767808
51.9916613063207
48.0406918465285
46.2894294023316
48.0330026958979
58.0727606659073
44.9411685747808
47.3747049765498
46.0531210664748
56.6137527661128
52.1900878661936
53.7292766138385
46.4429608287443
54.655690021533
58.6416926701784
48.4672350396952
52.7136910386345
56.4459498336337
48.5175708514775
48.5276519555129
48.1234072430333
47.8702737729863
53.5751007931157
53.3266991799947
47.529671276643
47.8136349926518
49.5660945544824
49.3740283487989
55.0832731588447
45.9709179958684
54.512251039838
46.5119833854744
52.111537712759
51.7459490704035
44.2409516105724
54.0438529071501
49.2296458887925
49.5517833196362
45.7836515504597
53.8144477798769
50.8037798377765
51.1091901153206
61.4200659402545
51.2113390495032
49.8107344613139
54.0028388633042
54.9152783894469
53.1138460410074
51.2375420927782
42.911872401367
47.6337236871586
50.4674683804068
49.5150648341969
46.9252878071598
48.3250110952838
47.6001551725702
50.3934087962614
46.1885530437997
54.5281778732956
55.1573807043966
62.993828365232
59.8396497940841
64.275806136977
52.0848264696509
52.7156629761962
47.2692607858691
46.8764751821306
52.6829079870791
46.3431088716826
56.0378257233824
51.3724979311317
48.019008240638
52.4630375787099
59.0825154481921
47.5081559229449
51.7399192415782
46.6887680787921
45.0436786593246
48.9448919919296
49.2865126895976
63.6619383655175
46.3803948044996
50.4313722687694
59.9465704600559
54.4687119082586
48.742307122303
50.3236317256993
51.7923313884643
47.8704754944809
59.69136527624
51.5778789849352
50.3677130239137
52.2429935773059
47.9657562470786
55.9589218083681
49.054250942464
55.1302062119743
52.1533417953584
44.9213971611623
43.0797101609123
51.0584318594347
49.7636925762945
49.5144865873602
52.6833451553414
60.5299858280386
49.6546467358027
46.8032436774055
48.0100305068376
49.3042732702285
50.5966332787446
50.0249373532679
56.1530994503765
45.9984388886151
51.8770201625105
51.9187077629062
51.8228330392152
49.6886760090158
54.481734791191
46.5112439453887
46.1471655356864
51.7122821939336
57.4320974860285
54.2508436110868
50.67575955541
45.6063381374033
50.7597886466338
52.2565780198885
53.1034958231639
52.6021810176613
53.1656821783999
61.5276935713318
52.4636944019516
55.082751991505
45.5259531237371
47.9010478723579
49.8567848021816
48.0111635242438
48.4130115489508
52.9092519607581
53.5673850184998
48.3249216743952
58.4824177943564
44.9786534131618
47.0633306037459
50.8592455547142
55.7173019757911
52.1969482061649
59.846781873999
53.1806801764841
46.5966594979174
48.0563509090194
46.309012091019
60.9572450853668
49.6364354383013
51.3246999752742
53.3787765664981
45.7242729778467
49.1093572158724
43.0600194719157
48.262157900853
51.3243750092775
57.252518095582
52.5765727274995
55.8559850720947
48.4463847783716
57.0019508961405
46.4681897931001
48.9420194491185
46.9816657276124
45.6412224099675
52.7681539931963
66.0386989310964
49.3476241769297
45.4572504546093
57.4883301777929
49.2238426574922
44.8536772483035
55.1719187119382
52.0762145196432
51.4981112054898
49.3406656398871
61.2588862632865
50.8793384691108
63.4739270182584
50.5003424170445
49.3058899795249
53.2726501648475
55.5128565043866
44.429882255678
49.0706060160782
55.8620076863248
51.0621007531033
53.6209362192187
53.8688745929191
52.5612825954941
50.5919210959416
50.4430316248445
51.833691808678
46.9401332416043
57.0669172191269
54.0940048916667
48.9156171564498
44.4735427487004
60.2945052915117
48.8294007272754
45.6655434441829
61.0941671724777
49.6220825469751
55.5555222843112
53.3308847326172
53.8940925110181
50.6157560172776
53.7755838315768
51.9330443418353
47.8636777445057
47.4360398576221
64.5896078464533
60.7682679429428
54.908767972713
49.8873422632681
46.4667905840928
53.285397198888
56.2909857165727
45.6056980737883
46.0005778246939
50.6406834423747
46.2472549280339
50.4276689863055
45.3663799313417
55.0379091345703
47.5043835605088
49.9450825473459
48.8680410124721
56.6843745583646
59.315862804312
43.3628816563209
52.0770073684753
52.1377589818696
55.9618559948263
57.0738538817201
47.3333703995072
46.9617203847274
62.3238848353332
56.0035068419953
44.4972347844267
60.5019694225772
50.0667356292039
48.7705038603744
48.7953004849782
51.3222118168449
48.1187081880007
48.7599103335831
52.1085302556013
49.202238650846
50.2870610869031
55.2390246921178
53.0450471828957
54.6299079280338
46.3860780170384
57.6876720640053
54.0685643952984
54.0158243494965
44.0252076447628
49.5286782251598
55.6611309415411
52.2022314550696
56.3701366458166
49.1917190564184
53.0631801458823
50.3563437463161
49.6244004387713
47.5690358696052
61.9361448512965
58.8334524133978
62.9530844110695
48.0476871553672
53.390164876909
48.7844685503656
50.4338507020011
45.4003358085899
50.5266893017632
52.3665002296888
51.5785747748224
47.552516716583
52.3482529102147
52.3245996967993
51.8824999720075
53.1840646027778
60.81927891976
51.9005025343115
49.2837402309394
51.04627827072
46.8828747058688
53.1327155291762
52.9939697860905
44.6663531356007
52.2053409087528
57.9981381014566
43.6562487938782
48.4746975456307
48.9079995395407
52.0865996926671
49.8440160153099
49.482188872735
63.5745690162489
44.4112733075423
46.8009820918915
55.6988885712602
46.55597686859
58.3882025969066
47.8136771301508
49.437420063517
54.76319094284
51.2262703435179
46.5172360399112
46.6472046908591
50.4699002486921
51.0632246591368
49.864239519135
54.9376184973419
47.0187110072505
53.6014811818535
50.5167397824088
48.6465711266172
44.571905720724
55.1932558060577
55.3067958123381
49.0927218494709
49.6727855631233
50.1758212284325
52.5777504518733
51.5227390841312
54.516005373597
46.1052402502039
49.0406264908342
57.0183324052308
50.7909509482938
50.4694827028775
50.6000564174209
67.403788233204
47.6386288165703
48.7928316214951
48.0832528307915
52.4397457106517
49.4182411233049
47.4585415584589
46.3447295424348
46.6182518590829
44.8988275405583
54.2253659327626
55.4317217252803
49.3314085428578
49.7286097396291
49.6426914848925
49.500603803411
48.0502597235838
50.7627806082012
47.1856519943682
49.7166681704117
46.991973601536
47.2854809717411
49.3300392949615
48.4965908179527
46.6063631244817
64.0864956172708
46.9880206093277
52.9127591033234
49.0480615399645
45.9264059077172
48.6304522560582
47.3022685600885
54.5248351540589
44.1627607471455
44.0274284160466
48.9999219740337
47.1695250278116
54.8581630299827
50.9139700800627
47.3031446437867
50.7530155402837
52.7596211894374
48.4602671358241
47.2006112235956
50.818645681545
49.1514021476814
55.2429859901532
52.9329785269805
51.0668659034517
61.1477000681468
50.0729122142066
54.6090279968773
56.5661250171654
52.8465286570531
48.8998384678014
51.5512182398842
48.4802858774953
49.5115318521782
51.8629805239523
49.7455859057747
48.4898148051301
58.223748802322
48.4979496328305
50.0257600096558
50.3402047020353
48.6004654148266
52.88452352339
50.2826360405188
48.4643138303699
49.5194953192433
51.7633671260668
60.5373556508084
54.6892230519613
49.7262786476747
52.9232456303355
59.1267446000645
50.5441537024435
50.7287761208163
49.3197060733391
50.9085799483541
51.2759394792582
57.9228064690021
47.2832146991509
50.1578640347803
63.1235030020126
49.6543937303385
51.2596499630422
56.5908389211498
54.6715810490456
46.3281332474431
51.0249234651411
54.5643271531502
47.3636534553369
50.1319448484976
50.3922997422849
50.4336109519399
49.124403227857
50.1857087225549
54.3838221746611
49.7344943312715
50.1260326605392
61.0368239806379
46.6722632115913
61.9832085432531
50.722856378608
43.6748857925117
50.6014930844617
51.3527199622888
55.4573813941671
51.6763237353542
46.4113639056593
49.4521545695335
53.4898880303023
42.7004700766791
59.2764296429995
51.0640705856147
49.4295962362239
54.08210340072
54.33212024208
53.4082759042266
54.6355155730855
51.9217348947138
51.4391720331842
56.3554767070549
44.3806083129729
54.3004963999233
52.1494405983922
48.0889332129932
51.0811187381055
51.8422746703758
48.3311965426635
60.627599288641
49.4855659476834
50.0083755081381
45.3822362233607
53.6428641183144
52.8314312464088
56.4629422599894
57.5924715228834
44.761836531023
52.3096516961214
44.7883750244345
45.6634649088202
44.6707619025865
54.3478662030891
49.7596638296145
48.4633476632055
54.2259883093516
47.4279824606439
51.2083646016277
48.1544609516174
48.556593591896
55.7279335408683
51.6696344555815
50.2884623895192
53.0138923526585
57.8241671728763
51.636201872624
46.5657293964331
46.7919579731701
56.7023693726235
46.6514574229447
49.4178180211606
52.6316563446399
54.2772509766181
52.0929094465052
49.5757789070411
49.4110788382625
51.7029191971352
54.2646325390819
48.2446319545134
54.3327053769569
46.7178716054247
49.6262146666332
52.6070057589166
53.7476417583139
47.7048711648437
46.1086247632857
50.8176713537154
53.3700191985892
45.9093013239804
54.8935814134266
51.3235539170635
51.6045186814763
58.0185292065552
46.041065756218
56.5118954667712
49.6298578426441
52.2449673219388
63.8631767868244
52.7439161796179
48.9272164102351
53.4675612609404
49.9158359911895
53.398555300197
49.8210308699835
46.719206354335
58.7587920940726
46.4171988890599
50.6251320141365
52.3053305752759
50.5419697755046
51.9960338134834
50.7834912068032
56.7272666441809
42.6635936439259
50.7217390787612
51.6541157111062
49.2717629843251
47.4379525645698
51.8160182966363
44.772927262592
47.2630246855559
49.4037880447898
51.9526162160564
46.4059483790495
53.6080372984541
55.6297620809811
45.5502292618164
45.1693223185947
53.5575993382873
51.0955475798019
49.0921196635707
47.9634986401903
54.2996286503446
56.7845523686185
53.8054264076628
52.442248092456
51.8172809392595
47.7944906607573
51.0648619826209
46.2030055871091
52.3559351853173
48.9027877696525
48.4281717718928
59.8891031706696
51.6500386549109
54.9738787317665
51.9670358685354
53.0952847020925
52.3253453789385
59.9605367432721
45.9729913844614
49.9009603759338
52.0094251960423
56.6151124065958
57.2042013690742
55.1770898442298
65.1873532975832
47.6495424804076
45.8984717280532
46.4352629427613
47.5286343732115
53.5723349746187
58.8854545126899
52.9221698018229
45.7767630300998
48.3149321073615
52.5944786324541
51.6422940447253
51.7575557221634
48.9687254981778
45.7921141274008
53.4090966281503
50.306976439219
47.1229643425687
44.2920524655167
47.2248632451384
55.1505546550474
47.0065277792742
53.5169230381977
51.0338876156145
48.1846007690432
53.6046754775647
47.5125724612177
45.0394899186686
47.4445528818
49.0669140230881
51.6303430413674
63.5496521338562
49.883940890385
49.6147537893467
47.8654735977991
51.8067675429107
50.1700171869165
58.9776426732348
48.9721025742624
50.0851496868785
51.1859375194951
55.0980840806895
52.0567083285791
45.7545189519355
54.3315166320438
46.5648983045499
46.3238111271744
47.6471372039872
58.64508476712
50.9153475781625
47.6266004620397
51.6244292294571
53.7118971700802
49.2100452391783
54.6317693654828
52.2378476517645
53.5317822480594
45.7448722509569
54.13250059288
58.7979560117733
46.2241203067412
48.8042053802811
47.7252895996891
49.2849777886695
56.18751091248
47.851516076065
51.6437507966249
51.9334546057423
56.5913423118959
43.5747033298815
55.5642169471956
47.7832578007913
46.1408984616961
43.5318719721681
42.9674501684785
52.3125051000576
47.8112282009551
53.4044251555189
63.9180896069714
44.367439772016
53.2748347275822
49.9457706205683
51.1259991615866
58.7954019182486
50.3395837255895
55.3695915934612
46.1886578008938
47.7764847594111
47.1486823920651
50.1137607360465
59.0408899279482
49.8051379470525
57.7045284501983
49.3734973649281
63.0953414674931
51.3420786955616
57.2388279719674
46.8259743653131
52.352010321152
53.0270805043766
50.3289889293105
49.9273782070545
51.1448695051681
48.8205229641813
54.2595409049578
52.2111075342195
53.2589166908046
44.7380515366407
54.4796230121139
48.9468558317745
51.53666281532
45.9660370377454
56.8839975903038
46.9893080646204
52.2307906515557
47.4663952684151
49.297046426924
50.3958411124532
52.853216543631
53.0997269594857
52.3458787416586
52.0942199771538
53.7102275581969
47.6072217552187
52.2371228162846
55.5705856806252
55.4610665602748
56.1895893897475
46.8277688368436
55.9161692122051
49.5370027139363
65.9324475764572
53.186527106438
48.475519372218
56.9123594290369
48.3843176110699
48.7306701724298
61.8701822476562
52.8099963237874
57.6304296528603
55.8652067609632
52.218518255205
58.5869803836456
53.6921169920787
57.1159184601524
50.1269889344839
48.7545066465463
55.6820283666529
46.1135585587457
52.6892707566164
52.7062960414402
50.9895241761865
46.854522588319
50.9415697384046
61.9604172817862
60.5692802184087
48.5420629937755
50.1594908494138
55.2044413312501
47.9372095501948
51.1646863022078
52.4517943650372
52.9195319718375
57.5846572387989
53.1678854950625
51.874831494604
55.5351880633013
52.4802018490805
46.2379880854125
52.8453508192924
50.9907854343277
47.2913930914602
50.3328698960428
54.4137771391785
48.189234752394
53.4349712952886
62.7735415265041
46.5601572565284
49.2527293689814
50.8954265082522
60.0514171233736
45.9882765896904
49.2953437899802
50.8281680216571
43.4878787539592
52.4662403905016
45.7092624733446
54.6398161446779
53.5020541807554
53.766369302558
44.4797570454629
51.2524953505812
51.6781414656768
49.4089862236637
46.0846133629514
50.7485284993332
52.456331200893
53.629119186248
51.3616117333641
59.1571139315853
53.489652777492
47.5319210144218
49.7139906137748
47.2205774208044
47.4005761558284
50.1958897629661
45.8701605914628
54.1960697087865
54.4890402666831
47.4327421835186
51.1637178053909
54.4107162219544
47.8840024030101
51.2269945620323
47.1035519485888
47.8702218791416
52.4952879616714
51.7447866378464
47.3667939195388
55.2229121871715
52.5378470723983
49.2284326678758
46.769387921834
48.9083291130611
57.3715139687542
57.1507144124168
54.8390675499041
54.6765607261941
49.6273308609612
46.9130016734189
57.8159544366657
50.9003640837931
42.1402884419563
56.0181692277251
49.9919503382923
47.5201901807958
45.7551632051495
53.4176905030466
49.3648312169471
50.2476694181667
50.6700268964825
50.775116168845
67.312408068903
61.883141413371
46.6818110183614
56.08760884726
48.3108576191659
49.7076195022942
61.6201949442941
47.3401275493366
50.2032951271378
46.2920072350165
50.1486700229117
48.4225356871589
48.3181539579579
48.9561410943906
49.1073874956824
61.8700038417209
46.3166159249282
51.4840181444703
48.7738844924448
55.8393132836255
49.7851724740946
51.8950441245645
58.4749301083972
53.0488399658406
51.1592035738106
59.7497941060201
48.7945886811598
46.7750506015682
53.3440914118831
44.4446968984965
58.735724908452
51.5015378724988
52.0392294548861
53.302912725817
51.3547463169125
57.7864339292029
47.7439598570124
48.8885418244607
49.129091713947
45.1982314967904
54.3917373704383
47.6842914685695
54.7746287024898
46.8985465266472
46.3117811834403
45.8355938357226
49.360353286113
57.9299235486706
54.9185616751376
47.8374759410181
49.7051369010607
51.7333206005525
50.7476565101606
48.2305588326957
49.4989779073695
45.4453991857144
52.3219518780253
53.7170329594574
47.9818230633486
51.8061104021572
49.76008877645
48.448661128065
53.0445603345107
51.2136347587279
48.6268491141173
49.0381819422562
48.8009519049219
51.3758329247557
59.6856516482746
54.7855030029089
47.4733840326174
56.7550694901635
45.4322816625909
50.5387974189328
50.7064106098112
49.9765934693028
52.0193145916997
50.0556352830374
52.1260832515592
53.1096278616109
46.4036855187163
53.1525143239182
52.545414975372
48.4836323231429
43.2760914483084
48.3411372740163
46.4479971959646
47.0411537573607
58.283566387847
45.5129489931677
63.2475011573872
53.7379265753476
49.2987098573916
50.4457663651179
50.7256932052015
56.3023239526606
44.6628485499239
45.0639499283356
55.8591999834455
45.6295909584226
59.0189983099887
50.3853128714328
56.041784227183
58.3128034988753
47.0807461005492
44.4997035798863
58.5039633246189
55.3555623387413
52.6629167479135
52.7780947067588
53.4679288594803
53.9303435465466
51.1004494230356
52.8452153674696
48.9210927421
46.3272897832884
52.6942766939408
57.1748757586409
54.1642475410397
52.560573317696
46.8042119707174
49.5248736568309
50.6500256919137
50.0542650911706
60.595233483849
49.4620307431973
53.7546025098723
54.5319606038757
54.5190397501797
48.7589774797664
55.6834700362285
56.2481403497058
47.836593924386
47.9812697448977
62.13737069891
45.9420166016422
43.323425430781
49.0642402814557
46.8639986294416
48.9318656571306
47.799513731523
50.7110287131088
45.5645833673956
52.9167439321435
47.4586608100274
52.2740547784739
46.9677540687598
50.4051873312049
53.8787288835401
51.5873438904668
48.460430155628
46.5523453781009
46.8453456142131
51.732126858327
44.8248567276598
48.6764654415852
47.3416046877994
46.7691385656711
55.0699512954677
47.0586030352306
50.5716721886739
52.4909898318388
58.1387093957509
51.6006497493639
49.7984375813769
60.8019605984378
47.8173843765603
47.5463939785481
51.5319160760513
59.0193809817875
50.4707771151757
51.5668762756866
56.4578929278906
61.5644212498123
50.6231381061144
46.6687864623324
49.9651883317521
48.9505888917375
52.5871248922919
48.0923921733863
51.0057486292389
46.5519890276572
54.410301814843
53.2266600780524
53.6920784056237
53.9991342914578
45.3673983194336
48.7633501807528
51.6854971183623
52.2367721498446
53.5023230417377
48.1603968853758
56.6351346692919
52.2104026840657
49.4760744132392
55.9341614314817
49.9528541504202
47.2997024146843
48.3901039991794
54.17987239623
46.2728654294493
46.9770892836267
47.7328070509268
59.3226698760598
49.6557535657864
53.4056035529683
47.0366736119054
48.5386091825717
50.1057767522039
48.7002182839512
54.9445029672062
44.3555100678443
58.1023863014899
58.4249743566358
50.5323179510547
59.7610329045598
50.0838720273432
58.8675158555124
43.8840212509735
47.7018923892513
45.6956063703247
52.8264072798144
46.8791171768595
53.6235144329394
49.2783084782158
59.9614473614859
53.8474301927123
48.8167520867239
48.8794290139289
55.2773259074351
53.3944344064384
49.8531153420917
48.1702132200963
54.448112346218
54.6892466061832
49.7328464342427
50.9523060479719
56.4805594889724
48.561997548337
76.1709968430155
52.2727910551156
46.044413187774
53.6449116683563
51.4635487389085
45.3760517651169
52.6835285065378
50.9022051482534
53.96714439591
54.7147233337353
50.6161849528993
54.5060869259067
56.1890261007347
52.8298455376338
53.7863104576328
53.0608781563186
50.0815765214122
50.7965887260931
56.33296889548
54.1583964864438
54.1804153214251
56.9097608682852
55.5833972785698
49.779988626837
56.9568509920909
45.2807655166172
48.3786263722097
48.8311733212321
52.1810897785881
53.0461811753416
48.32615847257
47.7906838623209
49.9893364381032
47.2106197753073
47.2012730216096
66.583454601329
44.8337546748541
47.2558087256796
50.7450638314353
50.5512712966565
44.8007260401032
57.3784850570209
53.4701268830398
62.027416011397
48.1749954016809
57.2627223437383
50.765419628748
49.8065835396463
50.8260125426225
48.4122957765019
51.0813607991851
47.0063562280079
50.3930384977718
49.9496327179335
52.6753762336163
48.0200603646613
50.8951837361396
52.3626300882422
48.7773597204422
46.9242651325369
51.8159365858488
47.7144085276787
51.6486395605888
48.6148299947613
46.3171621316191
59.0047991199226
48.527170839149
50.8757399042102
46.6685623144073
49.0870046410182
45.9604298996129
56.8126875419161
43.7149396879433
53.5273470220457
47.1742242815301
57.9708691249549
54.8380771803291
51.8766391438631
52.2145962488456
60.0228350124362
48.4248467706695
46.6007339068356
58.5260553771186
55.9938825037813
48.4654849308908
53.147252436821
48.6286546414465
49.6834005899691
47.0175130262694
51.6031158798538
46.4074119182382
50.8832882371117
49.5610197996899
54.5138922629615
48.8530765963985
58.2074932645216
45.9805745725727
52.0363192217864
48.7950516969283
51.7015634271207
51.2276159209616
48.5653802916937
58.9884553572217
50.3129777474546
52.2133336840016
57.4198706129908
56.9627833669764
49.4473674105637
61.1709837632514
49.0170269713072
47.580112172586
49.1152395510331
51.8240175818805
48.6867566900313
52.3227581047106
56.5061083141505
49.583850986401
60.470426646876
53.5441377757779
51.466875762758
55.3080210491642
50.772405528678
46.6003300093506
56.022482134843
47.9615517893499
50.9051934944352
49.8929414213177
49.4259590942953
46.347614792465
46.0868085417041
53.7596765675155
48.3718210102884
54.998023653641
54.7019585278002
47.0618622994285
46.450685673613
49.1633069940249
45.173620358791
50.1730912153298
45.3934237090817
45.6874894209136
54.1456753298523
57.6064985979946
52.7827209684136
54.0196769859788
50.5201240612314
49.5235904899332
47.55293749639
48.3274142357417
52.9355618503887
47.5167087567529
57.9982377558355
53.2385786824734
44.9533985039856
52.7136520713095
53.3225680777049
49.3289156690012
49.087468925636
59.1927554607745
51.2801507725901
58.306241570584
49.9892773905943
50.3876110705742
49.8212675353435
56.8807279105736
47.9649627489172
48.6562948572144
50.6552288397224
52.012868869076
48.934684710474
48.3969727873665
50.6544210360058
47.1293830084309
54.7269810264666
49.1240933063027
57.5704108178269
44.7166114197288
47.8982822439076
51.4391675735836
49.2327983932495
51.3999531250595
47.7122735490306
52.6446824945077
46.6924906095282
58.3450614271722
45.5638233838723
54.5790135786169
48.8416429850189
53.418376147953
51.774559663998
47.4193064862164
47.2678719891003
49.8223959684453
53.8943145185005
48.9977556566918
51.0828734119141
51.806264406066
51.1706845028114
50.0811168600905
47.2700590566067
50.7750136604205
50.3718825400581
50.4825742529335
54.1741844804517
45.5046708628244
51.5683830797206
55.5635940800003
53.0367921212387
49.2151750814835
51.4845086207969
46.5011653365821
48.422683988561
51.5594128274597
44.4607203568571
54.6178801054918
53.8468070003621
55.429610887545
48.9538550141183
55.9169806146296
48.5882572184226
52.2763062363536
51.1802630249904
47.6228730884862
47.1208108758387
70.7264338460283
51.3193989081685
49.3033107616854
47.1601026184352
49.3323144837058
51.2527082736915
45.7911079883001
49.9928766532413
48.3899412894363
51.8276928519763
57.6953754634065
49.4569346649745
50.8663751812484
52.8956348639522
44.2754544974179
49.0482078208207
53.9245057873081
43.8489906581628
48.9712231077718
49.758503941593
47.2683356861815
47.2152043739928
45.8772592323617
50.5181701740479
48.236523525055
45.2977126995953
45.6112978129643
42.3331880226379
47.0209913732197
47.5589193824016
54.8578545075882
55.8790961771294
49.15529222171
46.2394360083536
53.5232545888015
58.436258239584
56.7573108531287
53.672142406424
53.9992937214083
55.2048268733187
53.5772768026929
48.8279387199112
45.5311955537355
52.3927636835996
49.0540235599553
54.5226495500562
49.0548266276921
56.2291789525573
52.8949057211059
55.9876707555465
53.2682108802769
58.4109566552067
57.9565390087884
51.8467775025192
53.821558385211
53.1090208123093
48.6931709891804
49.0186845662323
56.4880810423426
48.1041812500152
49.512678490718
56.2355356271002
48.4946089711083
52.1826622064478
57.1938197385596
55.5577435262458
51.3693837341011
46.1661077276493
51.7151103191063
58.6290360077627
54.7050118993811
51.51252812479
47.1257087743429
50.3120002847374
53.6958454459315
51.5875397093281
46.504574620067
44.8802146136318
47.8760584782649
49.1831737771321
45.5729151806463
51.4377354282683
57.1052900186046
49.1808658382842
65.0852612144824
50.7746362995431
49.5888366046312
45.4623635119882
55.4126164269994
52.9953380938058
50.1850829632419
52.5318070841184
57.8752561683779
56.2978677085243
54.7801883963819
49.638538037902
59.1709817121392
51.9098125803673
52.1345326322543
52.7754766654515
47.0873556832306
60.3163661674501
55.0560272820938
48.9522527075678
47.970614252824
48.3912496493452
52.9202488212029
49.840515686258
67.4716685137489
45.4861764805579
63.546515277251
44.7073856386695
54.9930353098867
58.9965094941779
50.1411423159393
52.1437196571739
48.5298203787701
50.1664552922757
48.5909976386272
51.2132909595449
52.090915377522
48.0520506286756
54.6305975166809
51.1689877924136
50.003396737056
58.5048123285297
51.0899953183205
51.3900855898773
59.5097757837546
48.8341766627893
52.8607986534637
51.6132607281163
57.9930149644894
52.8086621205353
48.4594871987272
47.5983135910805
57.6739898137566
51.1700747615836
57.3687802804982
49.7379624161168
49.8385768982415
49.5349261691784
53.9552729039342
51.1724436282426
51.5360949098964
50.8189861975137
49.525395217511
51.1285564591753
50.2486677370643
48.504847117192
58.3052840136046
57.9931116305649
52.0034776895373
53.0460841732761
49.3684718750164
53.0618079862168
50.5006067386372
43.4140289211372
52.4302373121406
52.3182710400164
53.9751545972519
48.4951744083025
48.5079793977229
49.8481230422956
47.5270318950036
46.6731806991428
49.4722998988529
53.3340361728547
49.4718740369811
48.7968097993146
48.1666936500677
51.0407256275177
49.5631284534176
52.0053741019128
52.4754895027182
50.3714272629835
47.8230935786086
64.9752541625129
50.3035044460655
55.7154636916743
49.4694602952269
46.8656644580145
46.0290821096019
51.4080738648992
43.4960791978554
54.0786307746445
54.0997034407391
62.3094991512188
49.55986028386
47.506459167399
55.6867612828406
48.5313485761107
50.151533592675
48.5193796930445
55.6119338655004
44.8601084743037
47.5307703800881
45.9806493108238
48.3724183425304
51.0154975677037
45.5054538270794
62.4720631682981
47.9366033284725
46.4346162280347
48.5119802489097
50.6359508055449
48.7728792418914
49.9810038008065
56.0172208686107
48.2550606895467
45.7573099627438
59.2149559310003
48.9569469988173
47.2610194288034
51.7511289819375
53.7500280241467
49.1034636419176
48.9605124132877
45.983181286959
55.5503712450921
53.1178425608123
51.9221531793081
46.4303097152779
54.44149497639
47.5138838082333
61.6457715757274
54.9718355064126
51.2674279384499
55.780431732956
51.630120756478
48.0390897916601
57.6657166032232
48.8972623051531
53.0660968260148
55.6357922454677
59.1021619273921
51.1465077695511
47.3782229736557
50.9283785684551
53.7447108981361
42.4875792769904
55.5991882899725
45.3165425163691
45.4660141218632
57.379859872127
51.3702636275644
51.3741196653901
48.6637117545567
51.4201930470856
53.5990881178803
52.1226315782885
48.0302163184695
56.3829907457163
50.7415053165339
50.3537597131594
50.9659570739738
48.5336797265323
51.2841390299433
54.6729503904119
59.4884299967771
51.4776385725123
60.6590650978002
55.2317533723128
47.8272517280857
53.6360631333184
51.7595232074851
49.3301509047355
49.7965546193415
57.6761375371507
53.4777491728633
53.4625273503573
54.5190286812521
46.1571697631418
43.7162147602689
50.6849332534694
45.1858074802878
57.252800475937
56.5303264770983
46.1855957464787
51.2254896056712
50.9771409948265
55.0629249533771
50.0310620671658
54.1137346515029
45.2486584645459
58.0139723932872
53.1398699293377
53.5121809514514
51.2108171571281
52.4714794224717
49.538638812267
47.6570351758465
50.4373575939696
54.4729563290596
49.4892057878529
53.3459482696772
55.8942276054386
57.7356629609854
45.6506071839655
49.294880199449
44.1042269383244
50.8918232274451
57.72715834623
48.2762732075739
45.8735900215594
60.6398133425975
60.4369837417821
48.5843537833145
48.3648741442362
51.1180391053556
52.1854039062236
65.4800592772651
49.2940452961806
54.9108246681341
53.9973135961898
51.986423017951
48.0174752778498
49.0654266913966
58.5166761487177
49.8857255443067
45.1391498691835
50.4225609851744
51.2548237541969
49.8323158289604
52.8732321938752
64.1718445162227
57.2334390343474
53.1589802149367
48.0862584087962
49.2215042498079
52.5023675893011
49.0121130047061
51.5598568767009
53.7292721224894
50.063685424622
46.7701999601223
49.0961611230916
50.1546372491576
46.8448416774256
47.8229452868285
49.9182801993111
47.1263372812208
52.8167943171011
58.4415995393613
55.6304855609676
58.6697757655672
53.4504906318852
48.7090489139087
56.882855569542
58.2346967034314
48.8236497596513
47.1005415532436
46.3094252478918
48.2600889632185
50.7845118649045
47.6699225993805
56.3247769961087
50.7693087654061
47.7564311353858
56.7313986860105
51.2406464279527
48.2492008056207
55.9198694249427
53.4602884140862
53.5653384903316
57.8152349078922
48.0449963121284
48.5449252912208
50.5846406565388
48.6293442246341
54.797050705867
56.5853814828687
56.3912144225795
47.41331796523
58.9784841986254
50.8647512057889
51.5378916736355
51.9966428536146
50.0049910497832
46.3229773455075
51.4204733251236
50.5411262462099
47.3126617780688
48.7177125168868
53.6011620059334
48.7195238352078
50.2905275336991
47.274398789225
46.7120002918385
46.9602903687218
50.0849838446449
47.7131913263848
53.3806942269985
47.8987675044935
49.6311222318225
51.5260923117118
56.4560303410353
48.1351125595481
50.2457087820357
48.6078810793263
52.3234940963135
60.0467852050389
51.9276069343972
45.4522850192125
55.8096058084079
57.2685732085038
50.4281213801802
46.7582004643491
61.3581147401487
44.6555936539051
48.1619925104665
49.5766889427687
59.0068002558811
50.2912813593384
48.3601636038627
48.0010522317325
52.6378757567317
53.140011565562
47.9512680570316
49.0293595097655
48.6411877154039
47.5187508517225
50.3520050646574
49.7325250077274
47.2731593376135
51.0994454285645
55.4117900772103
55.0702842259798
48.8299575451899
45.9025204993806
49.5235308356584
49.7406972682064
50.0073787439054
51.2713432164583
47.891831589578
47.5701252409717
53.2794226045595
54.5238479083277
47.9633572358821
60.3913557378699
48.1319751536219
51.689054337589
67.3412202760102
56.7144634761878
46.2447090863793
46.200278607352
59.9796874156099
49.6513123898334
43.6910733259196
51.047145371933
47.500017446136
45.7741583742709
51.6849877834879
52.9263908191431
47.8031794220864
48.2004311578718
51.6225901300182
50.3988456333599
53.8783619012165
52.8885336235919
62.4011500356141
48.0098681732048
59.6838874181591
50.7386585256749
48.2978425092473
49.0333289235599
49.8349819266647
45.6454652306113
50.1159614035063
51.3437772928144
50.2145499003685
48.6680776010735
49.6952304482199
46.4502445396788
56.4776935476766
52.5446312920535
48.6535804591487
46.0536655527521
51.0705717198937
55.102409172016
58.276286845651
55.1769594266746
56.1563655237467
56.2598761881569
54.159890095373
48.0996547492673
46.7514684843524
53.4384597284776
52.2886744437742
46.8942573371487
54.141048705587
55.78216147199
47.4885538837347
56.4146071624109
61.8697124430229
51.0524805904939
52.1159810484929
49.3622335120828
51.8699747291532
49.4608194890062
51.8139721591132
47.2925294084677
58.7069636324875
52.8903427989204
46.734051916191
48.054180474111
64.4473944734908
46.0588726308028
56.1363975507848
47.0550262187475
53.9549285252277
55.7984397114495
48.1781265160527
51.0955528263839
47.0902959857716
47.7107985929374
50.4931018633811
46.8368769756072
53.1433724962684
51.4557387175184
61.2807055103564
52.3223249613003
47.8791735470429
56.7516506489729
56.9043227844679
51.8126348712021
51.7526248075965
52.0228351379422
47.7221276250683
60.5576346980922
53.4069841600201
51.6560985819157
56.2383430880324
44.9447870154608
46.4522490951203
50.5927528130705
50.0960544815879
44.3952880661885
48.0545899361032
55.8755046818819
52.2767053110509
51.4265237689587
50.4922787635649
54.9461945276695
50.5577903747393
47.0612745837848
46.8086964313493
49.6161757870208
50.125930222053
49.9964637601031
46.5532045069058
50.5334883230587
51.968169157502
52.1792726223487
49.5683183552389
50.8452130525285
46.1183021282119
48.1062901461347
58.2028106373585
52.4556488655523
45.3680270621641
50.569722254809
45.7141681453578
72.4265459806555
56.0569113066863
44.0819334299823
52.8054121373832
48.3334902398682
54.9052925033627
57.1824574016295
48.5168210490055
48.0232585439947
49.004868865768
51.9128071474917
47.2327089532531
46.1031037941685
48.4363100671371
55.7885257600941
50.8697827062073
49.2463016354382
49.7208383177786
56.4341664988107
56.99720813468
58.223896183277
48.7080844491789
50.3036396992128
48.6349622139171
47.3096207185807
66.1104613606917
50.7211106016653
44.8164213242983
45.0430140106438
54.0597325786337
53.3609974044109
47.581066843338
51.6487790267986
51.2234548143447
51.7226571464902
51.4083110824877
46.6091223471789
44.6142345461899
47.686713341802
56.0447598164673
48.5838756117037
47.6653777049266
57.5859418344283
49.0754317654101
48.4463753256866
49.6422704315266
55.0089429641456
51.7294720995535
61.7702189558539
50.9648485183392
50.636129313111
49.7382882467976
50.872467028852
50.8739966734457
55.2263238787474
46.9985069705572
55.2149388192651
48.1655008852876
48.0567307381382
50.8527387555601
49.9289652505633
50.4641276833901
50.604632644986
50.5142330743576
48.4754442849406
50.7190018855115
53.6846426298012
57.0454813471677
51.8983814074544
55.5689347290749
53.3348995767062
54.0044006220329
53.4870477787309
47.9737726215558
46.3712779190278
49.1842850760295
51.3106274163384
44.4489874612843
48.3919103134064
51.1159266957308
48.0658909395565
53.8239137001064
56.0453623129237
48.9113902904275
49.2214492985886
52.2195523131949
46.2982645305933
49.5576772343319
47.6857430012195
67.183223980921
59.4078156053175
46.9756527277282
48.505669289975
45.5602837090854
48.7566394577931
48.958476515026
51.0671206348569
51.9301352581642
49.7598285450452
48.4531224659952
56.0969158039853
57.4056572567059
47.8810748223302
52.722363104701
50.2873186774182
55.5849149082629
63.6521822395951
55.1433209273828
49.8731391534849
56.6245248227183
50.5654465990404
51.2057711397216
57.6742472623633
48.1605967506321
43.7687464372258
48.1529712892547
50.4339645049483
55.1798521287695
57.969066645499
52.1938028369529
48.9082381573774
52.8238694795365
55.8486076513569
55.690736410046
61.5072157252212
48.1782314708169
47.8550000465682
49.981593051211
47.2144336476427
52.9365912887743
51.4177497364375
62.2451280309128
54.1181656104749
48.3362666903138
53.2071512111732
44.9486553075942
50.8257835452216
44.6263091374682
44.9767866558335
52.710567176
46.4285332026806
50.2013205996682
47.6565153381857
52.1307253366221
51.8836242644252
50.6389087026642
54.8951777456544
52.1805894291009
49.7614869655322
48.8075826319813
48.7051376939284
53.6223932414822
52.5988337047459
60.834221345028
51.3952502254424
49.5302748834779
50.0345097510142
64.2654622709381
51.0742769044309
48.8276921992481
48.2176288780458
51.9064439229701
56.3164964006742
45.7734140983756
52.173832126176
53.3789836262955
51.0624978433082
50.7523189706164
48.8867850863978
51.0542350895072
46.9791933659868
50.1060906554185
56.7731338044811
48.0022220188066
49.8977724939706
47.9309144708642
44.8632420519337
59.0682563864549
50.4758893761148
50.0756984569769
51.9132806665886
48.4639419703971
47.0090477225338
46.5658867059224
49.7920742588567
50.6753018729327
57.2221517716009
49.2852199328903
54.1443388394423
49.8995164101255
49.3574190079438
57.7220979321904
55.354905436361
58.2399846376219
47.5590350664161
44.6799300101481
52.1761255885944
48.8099364815484
50.9503086656187
51.0234910396749
47.1302985992877
59.667734266019
49.846699394571
49.8504706966839
49.0092829334161
55.5807977079583
51.1381887992664
57.6627068953012
45.5167384998132
50.797710916959
47.8700411683509
52.9313174624599
46.3353614957301
45.0120830153735
46.2381160584096
52.2336547844564
50.850719448669
48.9491194267608
52.5967697277934
55.979025766798
56.9130478116128
57.5472047827541
52.1788170777058
47.724640683456
60.8406253921146
51.1654112572075
60.1616945878812
45.376996913334
51.6884076174102
58.941364363574
45.4924897056385
55.3494648399882
50.7731741477998
53.9973289053793
53.5172789290795
59.5900783641414
45.6207223006044
53.4172252636736
49.5736702456972
49.9953228879516
53.4897753991263
60.61324634436
50.8363291465817
55.4616939878443
50.1839046240859
56.2058392421584
48.3955781195989
56.6556507619987
52.694323727188
48.0221846142909
43.6310244058248
59.7186232526909
63.5135153616144
50.5818553807972
52.359312522837
45.3047852731764
54.1156994374957
58.6432833728895
56.4594626650467
48.3425817574158
49.7806208907897
55.8275200288007
56.752955064832
52.6623615023716
49.2364997994469
53.4157178187898
48.3520800487535
49.7149503675015
47.84809069974
56.1491489563837
58.1564011071302
50.4425932015914
54.4031642312512
44.3163383532535
48.204398913279
46.8100741387281
49.7785679177803
50.9271198264293
53.5092859951793
46.7021305145618
54.7943612323586
58.8313215511104
51.5919199301737
50.8431451041729
51.3007393502045
52.1243983591317
54.9722827262143
46.2258081303304
48.0664951127794
45.5849416052064
52.0553944714299
48.940261525075
50.1465436517831
50.6398376121387
48.185764653994
50.8147764343507
47.3797486979506
44.4977651356439
50.985381612709
50.6822830478037
49.7788390520489
51.5712400526621
51.5510709003823
48.3809329616865
48.9924785237726
46.8722146568026
52.6105227199188
49.9118931306714
58.9163411256889
45.8769994529154
59.999144843861
53.1053611419004
50.4521547959133
60.1906066688811
55.2567943681824
52.4844524998133
50.9003505945505
46.9635840690178
50.6504949919561
51.8831596370615
62.8078930580748
46.8250732077205
46.5342065724472
46.5490172597402
52.4532193887107
51.9905751126238
53.2455177988086
51.652194538793
49.6245793166859
46.7139072728808
50.8561531079102
52.0001900612197
53.401645707715
52.4786371363503
53.8226785885611
52.9713435642596
59.6742845114498
46.9167883097914
54.1979716076181
45.6932587653143
57.8843350039824
50.0205177520623
48.2702657480139
48.205344389056
45.6962844633095
48.3504117360964
54.8754011572769
55.0334385465521
61.7087550681917
57.0942685193551
52.1954125076097
49.1977460722207
45.994953949347
51.2895702995586
47.6919897339231
47.5627830012977
49.5768735194302
58.0847368499297
46.654089788546
48.0187215776874
53.9345186565413
52.1324679138012
65.8951801119073
45.9712929257382
59.4641813540455
45.8951126580203
47.8851917116119
54.4789953967528
54.743371195879
49.7608360521653
55.3085613831162
57.322156677084
49.4400270821244
48.9171821515959
47.5133257704735
54.1750137062613
53.9048474821738
55.1095176704711
45.3134184049115
52.868225825359
57.7059184838071
44.878472875575
48.9796884449916
53.441184750835
50.7144999968455
50.9219839403877
44.9405716646321
56.2710705120586
49.0284132129157
51.0392704741928
48.4234337129441
48.3725970806078
51.8264893836905
59.7660225805574
46.8746842488647
53.6147832462407
47.2744859102579
55.6140399969466
52.0219069336676
47.7729488848541
53.8001757340422
55.8716925524244
51.4823465392589
48.3695346746432
57.9022240681506
56.3480859558859
57.516100895643
54.2779696878441
49.6138383734886
49.0470066100309
48.6665904782787
51.44431888646
59.3600240508165
45.0547049473097
52.1988710026735
54.4540088789733
49.8966200321715
44.4312919583198
45.5407816617609
44.4369446051722
52.0341836816358
53.6412647089487
45.3645250190438
59.9699939579376
48.3394450855008
58.7568119855175
59.2438609640317
47.1572848400131
50.8197165957597
47.4050763317945
52.9502413062318
55.4651468405947
47.6143827692367
54.2088051876886
47.0547966920303
45.8914914861126
52.103284472084
44.585697118718
49.0522689370276
48.9245169314923
45.9118922378207
58.6225699741246
49.3458494121582
47.5631600317783
51.7898579111439
50.5916036421716
51.3012645122188
46.5687660218171
51.9714841605731
45.3301222491414
51.2181563257117
50.8041149350515
55.8386851632641
52.1012204340249
57.0038082263262
52.8219652163932
49.5069774354324
56.7823700501217
62.9580690961649
53.87750432642
58.4803227498832
50.3743797902566
53.0685799368837
48.8449857040296
44.6725877102367
52.1028948401837
59.0907614779183
50.7241955073897
53.5165483623511
55.0282105125441
51.6440458528035
47.3084827080636
49.6413608189254
50.0357701391581
43.9067672751975
52.8392964210851
46.5620947918533
54.6198675217166
50.1652205752475
51.6395351623669
48.1611605187515
56.5739940581251
50.8013247517151
45.287348376981
48.3972577876369
55.4686222640732
50.0827312400894
47.6408503009179
47.2778589191638
47.4886804725236
51.8882784217922
44.1545661677672
48.4107315741993
43.3223378980173
50.2150340928685
61.6032413884769
53.8745677230437
54.2847221698578
50.459874899567
57.9382830305368
51.6567074180104
51.353552599036
53.5382155667033
46.7233691704802
49.3262267415807
50.9179983076252
55.4203859702613
54.678096951069
52.0673195920588
47.1976693859897
51.7879639609971
49.8375054820738
54.7214694236101
51.4575716851022
47.8258718408164
50.2385130942278
58.4302749325464
50.6602923529376
53.5771651661981
47.2685523206341
47.3183907753997
56.5507465961403
43.2288613842656
54.4188054537956
50.6127873104738
47.5550339400227
52.577169749479
52.050770948996
55.8857900908905
45.0996593150522
45.9789679470046
50.1769015940879
48.6355196474089
52.0864026983659
57.8235668953655
45.0049481318383
51.5717628994275
51.300168044275
51.5778377637924
50.5562147072857
52.7802513361713
50.7039002750149
53.0550116899567
48.2304390410561
48.149541956019
45.0614569131178
51.532576532815
46.739441700276
46.8832615763395
53.1124824283545
55.6456088830153
46.4590122328138
49.1600044641023
54.9120233435584
48.5626881458041
49.1674609123243
46.7868500502762
48.1297318967201
50.8423110559324
50.1815064579653
53.553715837852
47.9477943907935
47.6412256867357
56.0514225831674
52.1245775611594
54.3133623154011
59.6019047008588
46.817545889733
48.2520888792613
50.9524502076281
46.4599130232558
58.1443774152126
49.6598657497621
50.9811981268659
48.444638216857
50.3268445309724
64.6475184325661
60.4355028628388
52.7952456787955
48.1660105817823
52.8474369272692
56.5468905603801
53.0264416536445
46.0955156318648
54.5825164121509
49.3037521211209
48.0871856141583
57.3258835630701
47.0896630876631
53.3106653784907
46.5351308302544
50.1956882697265
51.8134266080146
51.1343550009461
51.4932590874024
53.8061846895615
57.3299861434103
46.7165095439913
51.1165736291097
60.0522695444281
56.5557606482863
49.9379091072685
66.2562028304029
56.916114836841
62.5016999867303
50.3340411125582
51.5017281841528
48.0529292058043
53.9405009645836
46.4065303773425
53.3811205425648
47.6902123630896
46.849240447663
46.6770775085018
58.1223303484371
51.7930113732104
44.4378165570933
56.212130686686
59.4298287962357
47.6253459286972
60.5921718444047
48.3174833077707
45.9896340968519
51.8646540581083
47.8184747535958
49.5740827889903
46.8450917765006
51.1635176211077
45.7799419886525
55.0375430368503
47.7138043484623
49.3033657648989
48.8033871100581
52.1709754090404
44.4487682674669
52.240590136527
51.4581529547493
52.7447862980881
48.700865721884
47.6437984451341
45.9527783287626
48.0749450391506
52.9424877789141
54.4854010445548
43.8886653709406
45.2622783515203
45.8187864145586
52.9464382832833
50.9045108465941
51.0022727225526
46.3125236855306
57.4478592678886
54.6152354411173
52.5326643041092
45.2140802363689
51.413956710922
53.2003267615332
61.0750530491567
53.0875124247526
57.5898764915115
50.9573247810366
54.9780990294358
51.112515485629
49.7387818316548
50.6784942916676
45.8042929699739
57.0157244116982
47.9489845419943
45.3275335694054
54.8232281722197
46.0984438558452
58.6609512547813
50.587034397719
53.540308385996
55.611222514371
43.8800312910318
47.1534894745759
49.9027412078769
50.5484479976202
49.5222399265312
48.8218393128616
46.678140038714
59.4876446748486
53.447016611939
57.3163696707381
57.4813433100113
50.35088943603
64.8652969477086
52.0229944572377
58.4206502366017
55.4136286876078
49.6537016261059
50.958667435773
46.601740638155
54.5913384104999
46.2557920415434
43.2155548415582
51.6790372878956
45.9423669039893
61.3766492776363
48.6871508043852
52.3082242869401
46.722106691578
54.6691007572605
47.2402826792946
54.0653003765055
50.5551709703598
47.1967979202538
52.0185560306712
51.8969221400445
45.9037384408968
49.6228095570787
54.1839295477171
44.1749091104626
60.0562683641279
47.4173909967464
47.575657764595
55.9443387666773
49.0226773799956
49.446486246806
46.3114642285867
56.424067558022
48.2265389389477
59.4971514208049
54.233315492579
56.9937616272101
55.9739038009962
51.2026315050191
55.5717366769171
51.7880200924922
51.1347555191728
57.4220153141003
45.9684172714981
45.6319900265035
47.8718454491807
50.4727770501012
51.4204533272391
49.3434821266575
50.8293953531376
56.4230014142116
56.1749987857278
52.3517839781138
47.5244613647312
54.2087723133168
53.7558563455049
50.2979336582339
51.8049194212982
51.2176453140379
51.5051161895629
49.8710368037987
45.6050941784507
47.8692129464184
45.0715727500499
50.3963856115502
46.8469084379756
50.6664334710999
49.0378704555058
44.4109511970281
60.4126187439594
51.9237461342812
60.4274149340371
48.7954403020197
56.904353898989
55.7675121680868
51.0256750733233
45.4622911553272
48.6646019329277
60.2974781225647
55.4843743050329
45.8106848561736
50.2405832535129
53.1973564373427
49.6850100145584
52.2188421235458
53.0809003589744
52.8697538986572
57.1388198388767
50.0078116569037
49.4813159591782
59.137800285407
50.6879609223771
49.5237507527377
53.1295299062761
44.6209060106536
54.488883133581
49.9480079146138
55.7928525790648
54.3222819343231
53.6019999160896
50.6091272664877
48.1621433902331
56.0134384136874
53.220406652956
47.6692388539183
52.3270044609941
48.4919292545623
48.5500817177296
49.4393477160084
49.6044880775783
49.6779080478133
52.326499812097
46.2349828587785
54.4673927913141
47.8903906367167
47.9440617246889
55.2363343534516
59.0706814892428
49.9485859628456
42.2352775195752
52.2194749560506
45.1793146478819
48.1202162573132
52.5401434293516
49.9757073654155
53.9463539887373
51.9161934593459
51.3943714108674
51.3455967742291
55.772069290314
46.9848539950451
53.0687003982993
55.3366543810929
50.761849905923
49.5910022473575
54.9211149827833
47.2127105875016
48.8848609162491
51.4204841536791
57.3666732905822
46.9175218785489
59.5321053309788
52.3025513114686
52.1496111010848
58.5955772810919
52.8915329790286
52.7011489829799
44.2722726544989
47.8902862174848
56.4009994231954
54.1312412164032
47.9641118990001
58.2569231018709
47.7584104895558
44.5207889089831
46.748235445679
47.0726010867244
48.2236248306375
49.0906967077648
46.100946963237
52.0120426995169
47.0650243669921
53.5763744840781
49.3152886907691
49.331105234336
52.6131117616284
52.0937296652764
46.0556130650348
47.1250031523182
51.6680911145198
51.0003475694246
51.7562739404502
52.2586168227504
51.0108885928102
44.9980162453359
45.4606496360536
49.8551727951923
47.5532397673002
53.2405880633702
48.2381800236183
53.4331762030539
62.0604764961909
55.6030121596815
50.1424072850778
59.6017166995988
50.9425809448632
50.0108368142103
52.5312285836553
49.7739081798409
57.7682969720084
51.3319815902397
59.812305742566
46.9259566082709
50.9282095958561
51.6414789910573
51.5786845957726
54.4940848558152
53.6265333127149
50.5603179205299
56.1426045257432
58.1431971421265
51.4568803157995
51.4718801781384
46.0069703436125
57.3679467417372
50.7294067561327
45.9766118034234
52.4486555651358
52.4257084675376
48.5534684530595
48.6987091758903
45.8449499832688
51.5119777692896
63.6709825077584
53.0962797274977
57.3531982389447
47.343580981417
57.896626507329
54.356114151324
48.7284229474985
52.5606421319014
48.2162581521428
55.6319395438174
53.3502295359431
47.6342513631334
54.198204663291
66.941617546297
52.3964489863572
54.3576190777795
56.6290214493134
48.9162731680231
55.3495981771554
52.1476704151131
61.5333888220169
43.6202070187607
57.9903611346764
60.7376313946107
51.5671599721855
48.8149671289647
44.8350656664323
46.7177306368932
55.7890700196869
43.9810154666947
51.3163760774133
48.6128869199802
60.5394784224027
52.3567178790771
50.4332724570127
48.9120399356088
48.29807228881
51.9954967332984
46.7495372765548
47.1476561803856
52.4209023856207
49.0891093025785
64.0755264775223
50.756387059347
54.6677105984289
58.4125462326096
53.5370593406329
57.9613407889556
47.393863601941
46.3870220433081
47.2887418457833
50.2922627113745
57.7661877008181
54.5245860685429
50.8519305973962
51.4416261211056
49.4299012093977
56.704023382829
52.5439829691402
54.3054472634882
57.0316303701999
43.4541649393485
52.7155012722271
62.4986843890595
54.2982418134046
51.3603120478083
50.0826653063614
50.4590513305817
48.8750352106347
52.8965447499255
47.9523956309126
71.4691375411703
58.5490925858413
47.2000739625479
61.1072936496585
51.0123185219644
48.2197356504992
49.5394360777854
49.3535185442824
49.4309662131464
58.1494028102388
49.9194590399019
55.7061953816828
56.2249022619147
50.4571346903968
51.4085597093759
47.6989875645395
50.6684619275021
52.5776524774756
54.7120770697717
54.3677649369722
50.3748617194229
54.7150815255224
54.4281560176756
50.3812643940378
50.7594534868066
44.4039835967674
48.4505557337493
45.5823871555171
55.8023108394175
49.1487785907723
52.6036784375797
56.5660166869852
53.3488767240755
55.0353652242269
55.2644584171796
47.5003568476031
48.0581255656389
51.8838385564262
59.2506973925092
58.0925589854925
48.6745927820609
46.6824674765492
51.6282756366051
58.3304779695004
51.5862235312581
51.1912438578353
49.7379108433028
53.401860265063
54.6084830083979
48.6328344138763
48.7130620199935
59.8421684321447
46.5928932932589
50.0520043662819
51.2784212318757
53.3842135305179
48.3606695337918
48.4516364624266
46.8555623764565
49.147128788162
54.0899587588942
51.3864774827263
48.6169532033449
52.9439281209735
47.5581190872274
54.8717021163502
52.7170764890619
53.5504979757841
52.3456741561698
55.1686790389194
48.6980558029702
51.2060257886793
49.0907736233087
58.3053301117066
56.4560004524727
47.4297803413001
47.6969718368122
48.1534584549441
46.7118045271203
52.9391308478036
47.2976931423053
46.9998992950154
50.9483380779598
45.098784328637
52.3350634884305
52.1749985121051
53.1702334705364
52.208858677691
49.126164465438
50.9879660790393
51.7158824730965
48.3281518000376
45.007204061481
48.102506927196
48.3168245304241
49.2028587868189
48.7170261680432
52.2802880090772
49.325380257894
49.1810700800282
51.6479396737534
48.007496400339
55.5103311186821
51.6846508314044
49.8729624545203
46.5624001365274
46.3899378478807
53.6742785113835
49.2207688079453
47.2304170716301
48.7761285755615
48.262855145022
52.834026598172
53.0275330141483
50.1823497312778
47.6780096882717
46.2652592058609
47.3077485854531
51.4777112047679
52.5845334089934
47.801078708762
55.8793845841529
47.3913076097075
49.9490947440778
48.0939935563992
48.5908266059516
48.3206888423192
67.7991554967602
