0.437686214188462
0.588823246093071
0.704923030370716
0.710368751048602
0.809949505221147
0.73384312309979
0.762936792372895
1.26351010574344
1.11259989941262
0.888321253865675
0.324943228866773
1.1213048647314
0.446222479607002
0.311282713860128
0.622213540833531
0.382058310562822
0.334261673634094
1.49701496315488
1.02801253871004
0.96063697877408
0.668230676856137
0.556762508512662
0.517848320627653
0.47600704497105
0.860240973154367
0.514882375520731
0.618605914335472
0.391027737828319
1.04216219437875
0.78134457755444
0.490860403924887
0.292257495157578
0.479485293047204
0.743482488115161
0.960967733881293
0.215346521020738
1.06149186550126
0.565155592779632
0.579787195954398
0.917088152302538
0.46657441197236
0.329713745726809
0.472938685642143
0.552670956959682
0.605754789328263
0.503864141096037
1.45989508302358
0.897202768359623
1.0345272557019
0.511384791279439
0.802537721642886
0.659045664384963
0.512576498627781
0.69572592703029
0.745267660221536
0.745145817156105
0.674914108752561
0.695710609783967
1.27598844176727
0.911090174150281
0.349147482252714
0.423403283369493
0.66511661462442
1.14127011560718
0.969920005873042
0.823647803195709
0.741955259417915
0.57926775567138
0.993163865639876
1.17134700585926
0.683447077154648
1.01568404036665
1.20148954961989
0.83618405495604
0.291361214858729
0.78232944931143
0.6550706269149
0.77724258421925
0.645709245702403
0.822966258905795
0.483426714474623
0.552069178450302
0.408523628590903
0.364421661927837
0.24359508966695
0.98750521750341
0.924023409315897
0.800637005474645
0.653248674172553
0.527209277348802
0.870777207015693
0.505490504485546
0.507526889947658
0.902196859564214
0.316548773275885
0.286066461897305
0.74901048860222
0.499678359442986
0.173161144859742
0.489509791841646
0.554044090623094
0.42378816444686
0.680405276394894
0.341104355764792
0.520927196958311
0.71668831767139
0.731178714421289
0.981338400808812
0.136270250778629
1.29224324831547
0.986350508080747
0.56906388322541
0.836333092194671
0.493821424274616
0.524361006997865
0.986034850431867
0.341386728941
0.438688148424973
0.885917189439436
0.595172552015178
0.765075228726995
0.956218856193901
0.923281295776939
0.677938153044407
0.699188811991746
0.551104737637552
0.973926301231452
0.696389148697821
0.631605623996741
1.52961650700261
0.61033262614845
0.583212865488815
1.09742285529183
0.918027698093752
1.18460748498775
0.624471684627453
0.657498435384536
0.689060652071469
0.642642759029123
0.523974974015237
0.610818719685046
0.728022034810502
0.439191839787989
0.432282559910027
0.603569026992056
0.64347851174401
0.368512079058392
0.504281025244588
0.692426269821104
0.765383609963598
1.05773290406281
0.615639670215263
1.24733332723342
1.13512283270275
0.851269252543919
0.435991715041163
1.0832823433499
0.672737992435131
0.78116888723939
0.612260035810278
1.37863329757508
0.961640211229652
0.340282341730353
0.747276010180942
0.330271594922806
0.788732332670439
0.51831170363179
1.14567720376745
1.18022112290381
0.513597355895527
0.621090242369608
0.728238998659267
0.558031917298973
0.637548316882944
1.4253438694918
0.979964409925105
0.492071783609682
0.910267523226104
0.881980497047938
0.458368861883936
0.586828823948314
0.65964349140184
1.25011847821815
0.611671346641146
0.986575042774769
1.5162939788085
0.808569920962158
0.38904168048972
1.06554702374231
1.65152637314511
0.379395374603618
0.439652705115885
0.730226072008907
0.821475878209963
1.37760916953867
0.660817517096028
0.788003618291433
0.816021224527743
0.585116244626039
0.802326785837173
0.685886917670773
1.29656672956254
1.80559788139927
0.622298926442822
0.571540865260016
0.440427224289652
0.922189000724087
0.590798914225986
0.618341103190869
0.901202368638939
0.698195340430118
0.611737339339171
1.88911052048784
0.562913507765677
0.370501680633758
0.754541303163434
0.505247820591742
0.718176530066265
0.458566769288439
0.652595137577487
1.10886052599136
1.12820553882339
1.38509086073691
0.3014749160828
0.704845548186221
1.11499740110109
0.567240325267949
1.21997354662396
0.93376930703121
0.923997050453762
0.350513391818122
0.637046930620852
0.935519688036417
0.65950298210005
1.00478760560012
0.737956338370925
0.416289816722296
0.849865218818386
0.844066806997362
0.535758339534019
1.34446986299174
2.07884487349908
0.906974266160491
1.31499041256147
0.31390641994413
0.575209307493697
1.23909541017845
0.643724539417279
1.62292269585556
1.13741619654253
0.730157428706502
0.323070754394932
1.21081722556175
0.802241299341157
0.725937562367564
1.21155499414778
0.342649933897984
0.51473004858957
1.22832547801347
0.867534027856359
0.936844090816114
1.20103995205183
1.03475801293288
0.538327630572733
0.611807145332433
1.4272439661275
0.631807530626931
0.825410791230554
0.730595786181826
0.436424242658272
1.59015295008201
0.529131527522869
0.889261535207561
1.08147065446501
0.940160697297645
0.731776747295696
0.909823858076314
0.495560191745658
0.392057085272226
0.542025604158949
1.23811323145999
0.556685250902543
0.524606968820127
0.930421914457294
0.48559606279297
0.669315333625063
1.20734062644552
0.991824587037557
0.438641976633079
1.00561056583107
0.525362633113394
0.498024810697239
0.709779602318778
0.848137644080548
0.64357679876616
0.45319048980229
0.957183507741797
0.531603012630725
1.21372722240349
0.222301740089032
0.674269194272742
0.994383264035005
0.667131671233336
1.87890323882573
0.704217485558887
0.921934603005772
1.44859504999148
0.503861254086392
0.562198816308098
1.08721789848761
0.342246037736669
0.825274019500268
0.775189890481261
0.439345477242545
0.987482136954912
0.670518975013269
0.729983426481082
0.340503904812837
1.01757239038678
0.684294588623879
0.225671763288934
0.430337235313973
0.63390030802247
0.854115394464468
0.726809510976978
1.21474265198388
0.570828098994437
0.481520954970506
0.971268386115283
0.530062353943745
0.450481020738851
0.582937869082166
1.28949046117321
0.561874735904073
0.882204974048882
1.04886393100845
0.995411773981367
0.415280376255744
0.575168453010261
0.914654170345103
0.833625865810383
1.31281604791919
0.820615593284054
0.425109816739718
0.395835609692463
0.939439450698255
1.38470511769441
0.84033909280834
0.66378384259554
0.708078409457571
0.600004975610036
1.15440229273779
0.425019470627879
0.30171006731706
0.662744188374133
0.416634321030869
0.708122683980486
0.801775848215578
0.932805910744893
0.295428011878489
0.723647286707816
0.485074347560108
0.327271217989939
0.472548809071964
0.662450003192729
0.676071809790985
0.625768244069933
1.10057320116508
0.683107990359024
0.817909392019788
0.578548093537783
0.705686620786034
0.621709155661102
0.619702077619974
0.731446559775593
0.634319451188925
0.549377782045738
0.497655525436933
0.957153678580371
0.307540210206766
0.810738349740429
0.450523961193083
0.682800399094593
0.786661933967796
0.642517154035264
0.605128805200611
0.507138802501388
0.548449232776119
1.09333417689529
0.586641867858455
0.98722828207318
1.57540359157859
0.316918728396584
0.561420658240026
0.574376013517909
0.916764047169693
0.324876350090714
0.539395069401076
0.195991335617281
0.775064087966351
0.386143306879589
0.512028459844647
0.644110695723326
0.731305633708137
0.736411374401413
1.07612146360619
0.97905344439663
0.820185672852374
0.67424861548341
0.640447011685293
0.410085057591386
0.568805302145154
0.41371707042078
0.443910404122155
0.625876958990065
1.60213458171669
0.462287277763356
1.15473258802264
1.41259052314846
0.651756849453585
1.55938030780885
0.442355194845986
1.00335115354585
0.475976962225444
0.482307583027098
0.47141431146643
1.22816314571792
0.583832738672761
0.22972947303027
0.586370060486188
0.48988753652731
0.376200658404206
0.608742715597996
0.748912946469797
2.24967542152255
0.489921774006274
0.752640811519157
1.1584958158949
2.30747333747584
1.77065577663074
1.20662267050771
1.24331087506439
0.923528786695622
0.432963065585656
0.868556415857124
0.812485008697355
0.699382935920412
0.508814749512561
0.463565069861463
0.933353914247798
0.482292668113536
1.05588917963598
0.546801074072376
0.671899409205131
0.494712349911661
0.621186830966148
0.497436739962381
0.61850429748724
0.937966766450838
0.873022083453778
0.227361832461479
0.61090896708997
0.939176005424938
0.867823498397051
0.303929978956332
0.665773090378692
0.603932048946858
0.645847029238073
0.937214459706964
0.859326711634991
0.643905317991612
0.562880649483723
1.74496529659887
0.958930773398359
0.497398486802462
0.244224902083802
0.37738338168398
0.205819833878064
0.321901485911575
0.73566239009678
0.523387051726121
0.692827109833395
0.895903454025984
0.230524472371414
0.643797015761207
0.701547740567691
0.410878586003521
3.41616731835687
0.816194654881181
0.766094247189907
1.43952513234315
0.647190835477004
0.717957494505643
1.27209696611528
0.483474028437675
0.409284782509512
0.981146569166031
0.51970073150308
0.720891804114736
0.721726139921419
0.480129089944303
1.62525713067386
0.738329556601041
0.242968337081933
0.629287492722057
1.40294981425656
0.885392716782218
1.13960178514442
0.67624423723803
0.575935751554283
0.410664078044943
0.865425078078754
1.17744311673452
0.927809102471679
0.934641906109327
0.384310170395056
0.35471762586889
0.53268892432153
0.297378060126386
1.2418658941354
0.766500596636056
1.00743525149054
0.873242069854141
0.309131066946423
0.530205771702895
0.34368126309868
0.462648070339483
0.905162706085839
0.557465579052805
1.2080727200386
0.624731557810252
0.696593292802817
0.666654281159891
0.375362823737461
0.463265078109167
0.736094441809277
0.754896706202494
0.572272344899394
0.580276016078347
0.515090644444135
0.566043049919477
0.408026724351044
1.90893590677184
0.70340838441915
0.377130859134201
0.698744185655989
1.10972461893473
0.761320463529957
0.848200787020555
0.21510878079592
0.829601637953752
0.835700042973546
0.375171587814392
0.992015439891647
0.372160602047623
0.201642958487734
0.30174880246506
0.705705694836553
1.05609162524904
0.612129036880509
0.211347098906251
0.748744842562193
0.884835976654123
0.877290086467827
0.578218677327969
0.953155370343279
0.376709249888683
0.971895482701926
0.460301583860156
0.678860853095281
0.640749287861063
1.04672128237468
1.02075903445066
1.39138528661654
0.781947329775804
0.641758391306937
0.495132483892751
0.415975238103184
0.59791035669621
0.521966480476648
0.343598753656955
1.07828580491789
0.990030158863621
0.589176854488632
0.874192357704223
0.487795506292505
1.03240713010574
0.71176863124965
0.55501405160767
0.664917419662862
1.21220452867443
1.16505695033482
0.6128026866389
1.26002890880382
1.00292989142896
0.670681204620621
1.09255213313209
0.907143867537775
0.745735893427298
0.782337719390651
0.886890533765474
0.423005214642645
0.45528881788963
1.0268602585899
0.773950103167667
0.719067667301468
0.835634852884796
0.68614543434042
1.40013944928798
0.873177423188706
0.942510125309451
1.25890493697453
1.29810799553465
0.491873319349922
0.151221930644082
0.819571045282311
1.05940429092303
0.663263330023313
0.320280479504283
0.240482987634193
0.409267160928652
0.382445149463918
0.673332662992972
0.669965377442201
0.624954715437248
0.759273094736486
0.592104182672712
1.47611178266218
0.900748477565319
0.939023819336987
0.460862472091831
0.365441270567989
0.467877278414529
0.40472351293795
0.649861671287302
0.347613359749414
0.732478280328607
0.499325365245858
0.601621880820204
0.942472377512256
0.486463856700979
0.409897899493949
0.319640230558407
0.974284564518318
1.66639350761459
0.75702607019209
1.04900763764997
0.975288313168447
0.5623614719395
0.508854460017905
0.742671365012758
0.726637641557399
0.7708579409282
0.676892037615934
0.309683665086004
0.330448370466442
0.686039860975542
0.242584835587207
0.929762383427547
0.622970097329817
0.500890547636506
0.420747995517085
0.592783646406478
0.361845598167266
1.2599588391039
1.27501773796117
1.03818827645197
0.838215307292735
0.456324644400839
0.422759000140277
0.758446223998533
0.75177987985316
0.537991270756351
0.897620971861182
1.3690872837429
0.965034661671139
0.494135018713295
0.64471422683939
0.434794945912013
0.76011028396954
0.373323918724741
0.520413171796737
0.504646191877937
1.16265327324652
0.914396335328491
0.495148812477515
0.47570662062904
0.750631929913917
0.889222713717217
0.537279446691795
1.05130817339324
0.944863247282821
0.425697403812025
0.302260483612491
0.574797434449567
0.256310413898946
0.390760323160531
0.92606650745653
0.608940388628797
0.378114346367074
0.21597839679364
0.47419394374853
1.26644209654504
0.473223539132045
0.703833870168472
1.03718747052803
0.86926080919275
0.362604435485828
0.401486329338191
0.636764663711268
0.738044694699008
1.20102013179186
0.62173671530087
0.604630104544267
0.596400555010828
0.695840991567335
0.858354942312004
1.11567477007199
0.936609082610512
0.971884133166375
0.547724532597153
1.00685919193883
0.65868244566297
0.935756474879313
0.222906084025982
0.69333390120522
1.09633662983508
1.06758426008482
0.793594703822605
1.1895937565867
1.03313526834026
1.0395758597917
1.80934668412843
0.740029205422239
1.09373434575011
0.677399365955273
1.0089295303377
2.33620532229114
0.605862608227855
0.948350369282143
0.431257302702679
0.48718858457915
0.931578225398715
0.52190178882858
1.02938502708039
0.651497216972983
1.05660268092792
0.602374813805351
0.807172227448471
0.705940072440003
0.436265521001723
0.344563952605272
0.532637110180161
0.921370289801113
0.862713956646188
0.440211319496434
0.42817187221787
0.807936010491164
0.838668606042238
0.520194548911422
0.647790277843247
0.654086274037531
0.308223874225767
0.681995677061444
0.774006307976409
0.567263550991515
0.298065947841633
0.840741719376484
0.768673138172255
0.833072780105598
0.46904941904858
0.445698159786945
0.742694725356789
0.979413450932757
0.728217947084329
0.927686314303295
1.14385370189203
0.613079120347554
1.17843716327486
0.831726275012813
0.551855871996118
0.517330891278448
1.02028844812394
0.498742167903237
0.678051329206959
0.437095942685729
0.484733055516762
0.978808816523237
0.830560677883542
0.405505107848019
0.546229855131807
0.873681038322463
0.736315364729166
1.17281709324569
0.875506110484729
0.713386540064206
0.660940680700815
0.348881028160148
0.654995269121574
0.614999468006713
0.919904026343594
0.543347064046987
0.738251052169506
0.218228719319733
0.570057456039604
0.282063240422211
0.503472518564084
1.16149843154687
0.850770955004134
0.627983141522562
0.60753199434679
0.776403345441238
0.920256688077888
0.783575943788273
0.910241763307685
0.825906188602018
1.11350700581526
0.973605703272531
0.558254230942498
3.07584756112854
2.80117967379345
2.07868218646954
1.74216659525197
0.647578008167779
1.50488904838422
2.4543436810456
0.5266872831263
0.634864933171445
0.688392465829287
0.98230361088439
0.845468059004415
0.679991909282176
0.682148737115873
0.385495790520467
0.656156446062738
0.751726989446774
0.365059794202206
1.01667544080994
0.38678112648646
0.601246134632521
0.663007105497508
0.715718044539663
0.853553132318724
0.479365293128667
0.415108172688205
0.913769315555718
0.700685969000784
1.00391924656033
0.581670773857564
0.945141350246303
0.994978681385831
0.795469231116705
0.661932696288893
0.437002944319264
0.771428745097555
0.71609345063247
1.07082223824139
1.30401170458195
0.976252081276788
0.928384372309613
1.03546425730869
0.682396487112103
1.58942145096591
0.528960687942177
0.753964328054137
0.6368394501437
0.445439903185214
0.560857844710535
1.66443889600166
0.524114479828966
0.311440611856733
0.454775988906738
0.618237952806822
0.605192768147816
0.323833032333908
1.06142001766656
0.518824998679369
1.19553001557297
1.5309503651602
0.814722664246243
1.31428241209053
0.453758838407554
1.11281322001908
0.477413174864782
0.866731020892246
0.95709274606798
0.669458164275867
0.364188394863147
0.520761292087964
0.305953443987715
1.20399785716203
0.542607050554749
0.441983653453599
0.468254772135882
0.697639289253818
0.975338312657946
0.787570743771307
0.280130943802883
0.697231321260754
1.31538237428321
0.505803802304346
1.03535984502148
0.55220684288898
0.526919084484639
0.847787024341601
1.05383936200921
0.976068831020403
2.10049047324138
0.825419278094682
0.507689499767294
1.52935921011339
0.392562418575239
0.686680646070558
0.473235584594709
0.894826043509024
0.9342105212045
0.676634796019655
1.48901882510344
0.613665772626884
0.905042397700819
0.464920184801328
0.42563617495055
2.06405590092082
0.58621653651799
0.678491406454093
0.307682145172155
0.785532972849322
1.52586604268328
2.20654863321604
1.01917810804743
0.570586737470882
0.6318592336348
0.456570139657563
0.409539352833597
1.58228770755239
1.59054913553579
0.754446517247561
0.774441269441036
0.502071316644097
0.934236909081886
0.263974554794988
1.16002837814567
0.545959864673966
0.737905866755824
1.0700360886817
0.765954822839878
1.41563947508283
1.18240782382609
0.371518679018967
0.155073601181735
0.554417462284161
0.573654513024907
0.817616187484628
0.511287063288348
1.03781394389016
1.64598070235459
0.451757091896993
0.485321293866695
0.426713714530082
0.536140794185171
0.949218968266946
0.679757155519601
1.495108855163
0.630931910583439
0.639710248393664
0.606632389549921
0.641023989994121
0.943433103729442
0.607469666265901
0.854390935117639
0.711701192879415
0.644206137138849
1.28557225518437
0.486266789444613
0.345177694140756
0.43547364049318
0.756196602448978
1.39177443371515
0.395987546890894
0.74654167741838
0.470631363087986
0.938520248827169
0.56797911697628
0.830093852635306
0.736067173915132
0.397885824613749
0.625910319315363
0.516218791837832
0.554587174479198
0.690825591232702
0.760466103398301
0.634554178178723
0.901633256841071
0.713152333930836
0.897684879619077
0.897010113413891
0.347827527664689
0.722452087360243
0.583065357318071
0.653681804874022
0.504336976925617
0.60561604257561
0.706072817649153
1.20767394836339
0.33082525558939
0.691080264808146
1.46849052692888
0.902261245073505
0.309781089099081
0.53615156787546
0.618795617999966
0.594244554569297
1.02642954056473
1.05606620968154
1.21574168972753
0.581706316245044
0.445979701148231
0.478527162502895
1.04448419096273
1.54916752202444
0.907766057661985
0.508770515687811
0.66106130618368
0.402942421139397
0.736089243963061
1.08528596731781
1.26481300509685
0.40566565385451
0.52115622567538
1.24402320282956
0.538056863743786
0.752892492087286
0.652015609262192
0.738105714930182
1.42044896529989
0.578429467374757
0.72333442496382
0.821919639296187
0.909714580623198
0.876682732443831
0.793490449112316
0.571306255580011
0.807687532283499
0.444384802277474
0.595232531499665
0.610666757587777
0.814544297663076
1.34056801718584
0.934405453816525
0.72262256060796
0.793888915454702
0.73160254218225
1.09506866935093
0.731231401079592
1.48641229354289
1.78231367629025
0.786474803372557
1.15292303511119
0.747189462529095
0.935208440235695
0.556872521085986
0.920557005849263
1.217457020085
1.38854549854479
0.870292058423585
0.433642314166437
0.674518441451406
0.698649252493283
0.438430625065396
0.870551997091269
0.817086346290676
0.486627895814621
0.344612801300045
0.917511435882501
0.961720097895548
0.571968094239282
1.0984732830247
1.48631694297632
0.756314850581486
0.389822255719072
0.813917674052304
1.38067863601743
0.546167825001435
0.987363058228629
0.468423654861568
0.940023695729796
0.539696127473342
0.741681635246945
0.66936785875006
0.327557230968569
0.316707613099322
1.06239378179579
1.18782963314157
0.590062838336104
0.445959398516936
1.26682651949036
0.899623636087663
1.14657798839408
0.702303595029919
0.681136068347291
0.54133700988971
0.929924240517884
0.87642562390123
0.524134345328272
0.66731389495756
0.928427358493918
0.409242224801284
0.916836471374184
1.05901532458861
0.675327039181379
0.795528346119082
0.847551743520412
0.412035004070328
0.339261850081653
0.612984684199213
0.482820692901877
1.18663285308656
0.31040624902262
0.436317283847013
0.799290956346119
0.293990687939874
0.512854080956146
0.330296069926048
0.660411044236052
0.617976624111692
1.56530894564509
0.667630096241381
0.783366137291275
0.466057581066786
0.333468437384513
0.515603744206493
1.36672957822154
1.05269264441068
0.666149375077185
0.903618782362285
0.673550010977859
1.21663710916764
0.644221232917087
1.37900170947852
0.520672693709558
0.905628684430653
1.25555200213471
0.834280786073267
0.884186323879184
1.2111254018153
0.922452622181117
0.311424727895557
1.10828585374967
0.55593952926052
0.818814014830871
0.759145824041336
2.60223209780418
0.639355831115759
0.770913782316236
0.405199595633213
0.496225686414858
0.84244121155027
0.983513850768673
0.379076179920259
0.943239794946776
0.878787175887381
0.609497478322162
0.602935791308998
0.220760147663605
0.878408101347893
0.33706462389778
0.311182102859309
0.964431072297932
0.44378410813383
1.14898203962686
1.85796270686771
0.91834541734797
0.951594218176522
0.509815737354013
0.618422608956317
0.541533212911785
0.96112240602641
0.684359329463745
0.408666292510829
1.05532038155578
0.259767746144034
1.3608837964579
0.601969090020583
0.880816268400973
0.650379162364552
1.53182878191643
0.666460002535846
0.706057637026516
0.523901314147309
0.451585510015849
0.639448936342447
0.601473089109976
1.12678129463681
0.539678244424307
1.22946307006123
0.30453505148463
0.377220599541869
0.698321979152207
0.325098196083268
0.531210336369858
0.866056038266497
1.23714553231686
0.716023578823215
2.02787049579283
0.896270334024264
1.98437559476467
0.869122547379095
0.530451476174485
0.379787169233732
0.609667180381298
0.210736822792142
0.570576955750871
0.381095645830076
0.804843507077836
0.817971299833216
0.758244407755193
0.730571755018575
0.445998306763141
0.619505802977302
0.568244431268601
2.00560134965508
1.36999789385809
0.504318055031488
0.460217114942016
0.448159579895311
0.269571211897866
0.569875496256177
0.461837026275547
0.903281706134911
0.621531812538018
1.06438727864224
0.43764914082038
0.236769376498759
1.03735783004605
0.307037205283045
0.614222539655292
1.15847963940386
0.522056252338189
0.976653847038553
0.591664649096541
0.486346395458679
0.373208661712088
0.684383267860879
1.78682182109314
1.23260078557727
0.602411081463599
0.751630497875909
0.846908554276614
0.436161033825076
0.383861708575809
1.41818151059466
0.337224099464879
0.68008502584301
0.579284775375324
0.824876198828315
0.673193240834643
0.708735509999236
1.04443186101757
0.799001234071258
0.548255188680421
0.36247779668553
0.680986168089844
1.36314137579763
0.815920984391667
0.724525898858239
0.604633321509468
1.21325245148423
0.395289854893318
0.621977157233796
1.49993146389897
0.604765991205018
0.857718911844397
0.592734900515276
0.585233487380475
0.735141963575753
0.761193577659932
0.416169119898936
0.858738122678969
0.938897067972502
0.75200646674621
0.352756863255822
1.02528594076509
0.373640016699745
1.83883672885553
0.333127520967591
0.723586254263939
0.57080501484481
0.489290590181211
0.783858515792833
0.910606690213169
0.365420746893361
0.558019178865992
0.761906067841237
0.736513779462052
0.479727013971832
1.13459370751398
1.62984087585166
1.90200007046065
1.33048380095218
0.348686376077125
0.68594400236023
0.582134471133089
0.372655078763626
1.00319143944772
0.639130459610564
1.09978834976552
0.910873146797592
0.56543754587822
0.422160636646543
0.676386620979851
1.35691277144263
0.676891023125965
1.18521839092171
0.623485463322919
0.810268718162679
0.717656798380041
0.388416416569728
0.954481068538138
0.368614666316203
0.351339281253688
0.70638201628166
0.713134663446021
0.353435367367318
0.546522683275436
0.791709885860503
0.516889884780221
0.565368981565039
0.862355559183782
0.797211610002018
0.638102716784949
0.852756334463692
0.502759798766795
0.777519357702183
1.34253887285499
0.951971071216842
0.83600896249579
0.460567287106619
0.405369266820103
0.528815216439317
1.31627683365746
0.789374500954418
0.753787407303822
0.592829393971474
1.31964742255549
0.791227661877754
0.732953012617985
0.669538559093655
1.02492798426426
0.604269612251559
1.3183138184909
0.622119959246207
1.32421548399527
1.56115516703416
0.702830662389908
0.616580141282503
0.520015458643525
0.806561547797698
0.983119719445144
1.8268072932358
0.617865733468715
0.549214640751505
0.578049896056515
0.462074364053549
0.627896306402835
0.903024644956061
1.02392440056264
0.651733739594877
0.341243657235555
0.488067039391524
0.76532481037158
1.33374321270429
0.631171578241361
1.23967152580054
0.763169225271476
0.970436376165081
1.27017978826665
0.686005039695969
0.933688391993078
0.97073091869271
0.876833139108115
0.655966210464277
0.348281795663676
0.381828255177304
0.964849780742386
0.759931738383179
0.316007604929544
0.18184057481382
1.01749528308729
1.91343970680533
0.687629676404924
1.8275385430506
1.6867032292689
0.676116073958141
0.738047322880121
1.22576910623566
1.04374793528847
1.38979434261617
0.667823541886051
0.630336376893419
0.828799681963259
0.348951297384626
1.07321653906004
0.635389531435853
1.02382461987478
0.793887559435736
0.60825577726706
0.59761917544638
0.932978327450686
0.619120827964183
0.435893770232528
0.491422671625595
0.537396406178495
0.356139356148656
0.739375948266981
1.3739774056232
0.601021809839679
0.779392549305683
0.783359118906514
0.721608416640389
1.14950783108963
0.753044041987334
0.425587711372217
0.680869027868431
1.09849379705213
0.585796444162571
0.889149882439458
0.894119529043268
0.908385649322448
0.743238403757184
0.890729370096547
1.21947940061998
0.911034531024852
1.45005908126097
0.174907937697082
0.707945883519992
0.700963253800471
0.464848075444517
0.484920957306334
1.40339211698376
0.648896657521769
0.531690831434442
0.690476386946057
0.588089041823996
0.576375113012043
0.327256629822641
0.414368063036591
0.421235372770407
0.689006784592087
0.454600147577745
0.38317468424367
1.07068063546811
0.54292851674498
0.275453189665375
0.588066097702587
0.676948704367434
1.96824429515508
0.796553743981094
0.387172947493075
0.768075710491789
0.82272107530891
1.15787083410432
0.903694929880566
1.34136463151137
0.609198642739152
0.54252287870003
0.295897078274555
1.03456055940639
0.373740027020722
0.516679108885547
1.15709389228225
2.22631898763595
0.509696857802015
0.518927237712319
0.949737353964242
1.80600937690065
0.912490928582796
0.326377250067904
0.714554343427247
0.603924016856186
0.345544321068375
0.87389704191442
0.141443938850492
0.645529306125403
0.871906587268058
0.613090393081701
0.687085760181486
0.45829339107797
0.59579063316954
0.701669820232796
0.371922734933845
0.704587726134324
1.00633347694618
1.24358961402358
0.596248185504744
0.405129836684743
0.324579629186183
1.08729881251364
1.02971693163372
0.331050831900192
1.46704589874836
0.768761380681904
1.34672205019197
0.780875828228473
1.01237797350088
0.578635587188899
0.626901351371146
0.595846289630901
0.539204655736377
0.357856522216173
0.499912432344928
0.375931015914944
0.513786886408034
0.287771060009905
0.698141659872852
0.423616147198612
0.595240387059248
0.869928395986426
0.80233939573662
0.499174321574928
0.342502670958228
0.427568109592132
0.66302146437822
1.23089970376071
0.518182821393495
0.748794301405759
1.04470247070013
1.19863629852459
1.21680222340047
1.53071911450608
0.717159052948729
1.12526174855883
0.663155063874876
0.449214129055427
1.18274047990191
0.648221531228872
0.182130520106194
0.627881481785965
0.585323149563496
0.57606491865477
0.404707014101317
0.546840106315722
1.13304488735332
1.19457885298328
0.483309866322076
0.822536695097735
0.714022176236191
1.85419522044421
0.85313960381695
0.690263794524955
0.537738399254327
1.02398821089224
0.720492964373607
1.29016401422313
0.311773533980431
0.679779723395782
1.28089327718358
0.886699247603786
0.279252312057219
0.733233221706282
0.762285205399327
0.751095341854278
1.42174437090115
0.760035137889512
0.328748811065737
0.640882317245996
0.341341243012522
0.386168385980848
0.560300327500184
1.28471240629806
0.560210097530644
0.72405962290946
0.631708828908258
0.750726109984682
0.68302159423347
0.673368420050905
0.463435337532277
1.05679383935952
1.46524111396804
1.18945464428725
0.531938660980486
0.691852620156973
0.431069196182805
0.8786260864685
0.382822142139673
0.438813753599743
0.953451456414806
0.596122438307606
0.674801252307525
1.26909891281634
2.14127317985112
1.52595502236879
0.341508616843027
0.197945474152751
0.579344138903011
0.616272509351667
0.533288146808734
1.24312680897249
0.707140381011111
0.445384404562431
0.822907394697188
0.646878297576684
0.419238530412323
0.610836350503608
0.769395310156502
0.806072027659237
0.528231188936555
0.641083852598125
1.21016757783616
0.561462142396713
0.815435588170751
1.16806431628236
0.752559862456663
0.442943647284913
0.781082188678467
0.801626960757584
0.950382849491888
1.12310950799364
0.483594242305095
0.512149425900252
0.924975208944906
0.992317761484218
0.401674364162549
0.534557136836886
0.60500270911913
1.02945488761271
0.555170375664296
0.47004672020589
0.726550059290822
0.530155552725557
0.216931428660233
0.745740932296376
0.725430801881485
0.828172540155421
1.16513847865934
0.705680178901404
0.613297516477717
0.745093201827009
0.569353212623524
1.37447118242266
0.817129260818283
0.89449725029554
1.27874393743858
0.947258291044738
0.450818791561945
1.00721002208793
0.632638029640714
0.411183658458632
0.849527334491377
0.51094720350256
0.472641779758126
0.194402527505677
0.328200559797386
1.16457452295096
0.623367678594859
1.84646827870613
1.89927090766509
2.48987953462574
1.01360919473805
0.484523631394711
0.481962060109885
0.75877605820572
0.550789797132185
1.52501970732406
0.752060704581536
0.730170548222002
1.03660312177843
0.595959476231898
0.888636418207536
2.02914475300337
0.908779695634732
1.04053344069974
1.0841392799535
0.72215064085662
0.685181438603728
0.526259714324597
0.255038558548318
0.387744872936216
1.30707195278552
0.530788516720901
0.614738414392133
1.08960630236064
0.35181573693035
0.543725482117029
0.685152222332489
0.203537475649551
0.990024842708352
0.587410183254308
0.677756675360197
0.473526327177561
1.05271373692925
1.4461512681468
1.55682151796623
1.03435208413289
0.320557353193093
0.576090714062622
0.85447102583025
0.990782155715118
0.467598486668096
0.858755971803485
0.685656593217313
0.542605278943867
1.5455052412959
0.434942574461122
0.522280692289481
0.487501693927113
0.221899357236818
0.83830600431019
1.03284888357102
0.644816756673984
0.522668300794327
0.500371761728095
0.58564948460336
1.66990743691726
0.599966862427735
0.790803982068551
0.49288256180615
0.399623323047591
1.97577042692712
0.549180621660795
0.450541305008551
0.387613298959398
0.59199198825486
0.567132859228223
0.741104318180938
1.51600501498512
0.61137025220296
1.07171065377953
0.402338352628815
0.665646229071163
0.897857079250659
0.979799846627731
0.52715947231326
0.921791511106899
1.0664788800427
0.372383764197492
0.311835418659436
0.440534392117591
0.632494698582216
0.428969746328536
0.370797210551665
0.745618153852887
1.17233175021706
0.581617168219448
1.02791865937955
0.218192815134535
1.28466445549251
1.18626652352475
0.477001646950675
0.717861474742804
0.421514455720481
0.690008399172429
0.554154099014393
0.712624454732197
0.566899014953353
1.35396222003045
0.401922210113457
0.500469356365749
1.16438884152596
1.10512054565278
1.10814707120644
0.590993705088019
0.627081791841121
0.637589285670578
0.984507970828836
0.957110644280095
0.975789297350613
0.809408100781985
0.707872987857425
1.43059064387665
2.33776250175117
1.33414393800628
0.936661751424297
0.937622889588411
0.539877594721992
0.412271580154489
0.616777138993885
1.49686320733298
1.57424961963486
1.38003610425838
0.653136570162348
0.727844280304706
0.788886643986602
0.503221869906444
0.412491733383642
2.71532199361803
2.19546360351167
0.825986801380157
0.479151026112408
0.48660352007338
0.615924169893435
0.492631690145424
1.06525501851833
0.862430263594117
1.45334777440072
0.478558316767116
0.99477221839583
0.477948145954132
0.351563012573091
0.971221971512062
2.25701011061732
0.503940662408541
0.654549184275416
0.554711536461465
0.401543473568674
0.600141267254263
0.599361823227142
0.533983191987614
0.685080845221399
0.390580965335692
1.08971324958924
0.730452959560679
0.438449759753869
1.33931990778942
1.37336022342818
0.799522349156004
0.757466706395226
0.695253197509277
0.063257498877188
0.348899068203498
0.714463359531137
0.668362364162732
0.70960528518795
0.809167337899799
0.306274316249344
0.558891172624218
0.588676749708853
0.56445349823693
0.893360774046761
0.662274405186097
0.391893391370672
0.583956873252466
0.522835315670727
0.545124709917453
0.563066405541417
0.780831362823538
0.432533661837682
0.642384053382883
0.736520094257788
0.471472213588303
0.611664090015421
0.64844334825581
0.461899451040771
0.373286215864144
0.790518629477295
0.786400707846615
0.574760460042629
0.435448802373537
1.45061121006085
0.934570061055366
0.599635213549207
1.10016226165786
1.55940688225171
0.579075788248361
0.98179843865768
0.434769820228892
1.38130177502897
0.361193773183976
0.634723991884778
0.572043574030744
0.622158847294311
0.460050685520039
0.333261158932842
0.57509631014533
0.905291470739091
1.05436525807079
0.406143508468571
1.28239556625219
0.270090932472449
1.39325294278002
0.416637026005263
0.388603258855234
0.672653797424651
0.747311790287453
0.807442540950512
0.986541153457026
0.464016196957178
0.590748006784692
0.687141580568697
0.540710530755699
0.686230576764418
1.1581225703379
0.381614733984338
0.392123856001349
0.834970479276599
0.681503510244356
1.05992658814345
0.394959636001792
1.0360329010706
0.226287029482059
1.42402556601224
0.263603228937903
1.4467917579192
0.420587410710437
0.189025610389296
0.506728525335486
0.406122081980984
0.191432933941069
1.18540262732385
1.48575863012292
0.921835366813964
0.319681363896049
1.06401868047813
0.937355469691143
0.645425889810245
0.489253838881095
0.640072311430896
0.751078544753441
0.930375789568318
1.88472331307417
1.5118033534831
0.655204285486471
0.68296024850373
1.33420150200641
0.776561823985193
0.504876772805962
0.851518436123667
1.19953832216292
1.28062187263961
0.873377184200406
0.70237484532114
0.644279040417734
0.904680335828763
0.559673783895281
1.67067256405442
0.33163501926802
1.0531153412878
0.456132192228775
0.717599955906691
0.996185902087079
0.779496714321147
0.908326651500005
0.369846198291712
1.09420106303697
1.75102106586036
1.27164415740832
1.29627829587445
0.536217471345094
0.721232823222097
1.8583015365724
0.71789569207212
0.683707245253496
0.641196713445509
1.224446605323
1.00377029237603
0.457124119151605
1.16360405061386
0.438559058270944
0.9072498555878
2.68524656567578
0.673662629968729
0.61156710125871
1.24548292391001
0.838065601260051
0.906439266413526
0.711051674843735
0.36226533051499
0.396657051521576
0.742080952052573
0.758964304055807
0.91815860898924
0.044651166042465
0.965388523627283
2.09085231005459
0.678449313593473
1.360979081174
1.75943643680311
0.474534943078121
0.754642209998643
0.749270689335772
1.26961063293454
1.38184553879629
0.342906929273425
0.875993851648609
0.57485407683634
0.873967806389567
0.737417803856921
0.802126599442122
0.59729557781142
0.373141502728738
0.72116683765552
0.192967001614732
0.659954482610874
0.656102294798711
0.871066897495778
1.56265893472862
0.846704733580663
0.314828808749998
0.379055736960011
0.261916892615945
1.09184987556088
0.995982499933263
0.970076867833492
1.13642126020024
0.763991442481698
0.776587121527989
1.14107217510365
0.395246656752089
0.411449908090821
1.31648770176975
1.30895873589292
0.659920405226196
1.06491377226405
1.37631605347418
1.06507186560677
0.452087906750225
0.858667529974174
1.13603048767518
0.789505814447695
0.486253532692927
0.944755082438471
0.226310309018357
0.295402085939866
0.633624537034941
0.151136850714508
0.467495319639941
0.649439594733472
0.860780450967431
0.733207263946831
0.735355745823974
0.847560014133415
0.439468299065961
0.641482214495725
0.507031959200382
0.645093091333494
1.09135226994549
0.342295166529311
0.735874784878978
0.497274646616776
1.46758519694926
0.582641072961978
0.91373991266685
0.87084188825188
0.536944938898574
1.10656147253366
0.541504918804012
0.447365833628593
0.489412642634413
0.567473118604091
0.734161051549637
0.765343609133709
0.834380400693259
0.456585266445859
0.45428133660809
0.829748364881203
0.712739903579305
0.865617921435992
0.864848832304837
0.685344753809315
2.76158311186386
0.709896931519884
0.397792140970262
0.663354012193103
1.06951219258493
0.943000220128481
0.661959595431985
0.72847501703594
0.408128191830593
0.784362129854631
0.297509060967827
0.334104818032988
0.933343195660302
0.763202838513951
0.823651616510079
0.78580527093903
1.58086863205058
0.581871983901117
0.464945109313038
0.900880343841315
0.545021830849201
0.418077766583982
1.95962856063356
1.03432033314814
0.956666585029
0.357225764486487
0.42750534162317
1.50780919175732
0.585476581371213
0.548996547813692
0.803451352119331
0.962300952416099
0.93643012675395
0.775687278501719
0.515880244814903
0.792399242323768
0.492984823454993
0.358245263383269
0.8321735691559
1.03322018426654
0.784699672633406
1.0495260746048
0.624720396878683
0.58068182440585
0.755731677270915
0.233917984372837
0.782775856768833
1.13426636588628
0.736108337457104
0.572994398366677
0.699051212788789
1.03584771777195
0.844719965357923
0.957284341304544
0.439024897094705
0.641209333743229
0.826127005937945
0.622310825560884
0.890587730029981
1.17928875034122
0.837641194155521
0.370256039637517
0.713903455565017
0.83033102978224
0.339329206550701
1.62308808507533
1.11767420669226
0.860834233155225
0.380650582526088
0.873432375830582
0.626094888583737
1.04944565479437
0.484071733520199
1.4763804622938
1.77529655267429
0.49817284262505
0.404641811066087
0.763072689871554
0.61034253957882
0.851308493826251
0.565787364193453
0.632073975548628
0.728109330898082
0.975212727903874
0.410957362338893
0.813469174875602
0.838339765631832
0.766994729338645
0.337406173765901
1.0325174472854
0.822861804971861
0.796642979521842
0.894027421964529
0.726408943626209
0.766351756592201
0.565287037307559
1.16304795310779
0.758033240561119
0.752054777666685
1.0311322205156
0.396701551196711
1.07049128125361
2.31474461791213
0.584707387069896
0.842429986817197
1.17637428123591
0.924657262448799
0.405415215038472
0.807376377472766
0.581033349064573
2.27214463162766
0.67330474068723
0.422689893997858
1.09206837150773
1.2878076866094
0.779827716330916
0.257011842807642
0.925236426844398
0.820522504194434
0.601774244555923
1.63263945324609
0.356554020967596
0.610688081663306
0.480969242570531
0.600671647634915
0.768737353070352
1.34178401354601
0.444042000325936
0.824752611167025
0.504681573339771
0.649707199105754
0.674882876822768
1.67669627370901
1.33663436163753
1.18964515861258
0.644629205401595
2.21291132797657
0.958370220080292
1.08945522925891
0.866815566574547
1.24850582751299
0.654003981487077
1.05850189693625
0.530642066349577
0.625075102550748
1.06231070389309
0.578101824028141
0.498698309606859
0.980661208841502
0.498164271525247
1.80300999161138
0.362611723355392
0.524223352850626
0.660999474723356
0.549652764924167
1.66999252313649
0.961566282793766
0.580979434377505
0.745273846590002
1.5760738235121
0.461088789640365
0.943140066113174
0.678299145170576
0.532447864519203
0.67381048625455
1.0385155975904
0.627679842598375
0.596499479275472
0.181713203313306
0.4947074515119
1.02729379849741
0.583174402787578
1.1991295256954
0.270174196346358
0.616630321940291
0.670730075317036
0.749207796849392
0.31902192131839
0.961627707551894
1.04085628109663
0.399001865716985
0.640626640453338
0.677672035537416
0.798485380023376
0.64230138659866
0.709763472380637
0.558512871422556
0.708074478555981
1.26174794284379
0.941999579828945
0.524502886955878
0.830938415818351
0.780067846124141
1.28172356336537
0.447791670541839
0.884224723159666
0.364278670516191
0.651865088207345
1.20198884573174
0.85751605827781
0.713625756667445
0.616929540490346
0.225420176329504
0.567368405722471
0.573206402059506
0.719447817760229
0.295580189662782
0.475083110659182
0.579374683776483
1.52083990529868
1.03201298683725
0.533099103608336
0.887767090213384
0.813663504445828
0.820266508636566
0.53778680536599
1.02066615579442
0.602423527120246
0.814339416087753
0.492140265933124
0.842187335939447
0.888970183154968
0.978106032477246
0.654957681433908
1.17503699523141
0.613500916048486
0.242730852655541
0.883836211950528
0.99128100877388
0.649038938510985
0.875753548838912
0.468283218646656
0.680274851545907
1.43769743061235
1.40003029547975
0.438632059888195
0.491448176886252
0.460807324888254
0.524036501102716
0.68440424176406
0.618091128045475
0.795280421628812
0.899246832133843
0.590847361752366
1.03687573281278
1.25528485299792
0.708308706619928
0.74188301873625
0.588627001197824
1.06774865455639
1.31051345513996
2.24849038824539
0.596208957318223
0.377830669725004
0.594300577323693
0.972583179992199
0.928377646658095
0.42858217174988
1.01197587406506
1.93321364099762
0.644049006605078
0.629633224528256
0.512957520433769
1.19018435994676
0.770546033866727
0.766682794133608
0.850157011269616
0.48311649942453
0.502571670706897
0.5791423246874
0.962793596956288
0.845294126542074
0.468163136002733
0.833549337084909
0.511260044889938
0.840355189564118
1.01753119159462
0.377522184231611
0.642047252869358
0.459774086993921
0.599520521585623
0.613670026111946
1.25816785083299
1.3141885414537
0.616020260173581
0.517205076895097
1.04598839527322
0.47179104295065
1.2964525625924
0.600382305912009
0.38470661184324
0.538137059093678
1.12468924490608
1.12750883972033
0.724988673114231
0.544135658700471
0.93861895189252
0.520811400908483
0.322793292253922
0.208791381532361
0.251368537096332
0.617878519335124
0.573314442401752
0.799608512375342
0.286919704362043
0.777687386806234
0.912372962940523
0.216202465747858
2.93142084212386
2.4343668553492
0.613858271713857
0.566527258216243
0.94244261211682
0.525130590094805
0.805061225514842
0.952208607975617
0.226823472269368
0.788271092975804
1.22943304599448
1.76766877159726
0.315053451734621
0.68552547174056
0.682112973370341
0.301441467708691
0.84612456684498
0.499398378070905
0.599250459009201
1.26182035553352
0.89419651166219
0.4680752813828
0.534020294271546
0.38707856066246
1.15536912636937
0.504848488537948
1.03858168429721
0.655228365023409
0.704273069065684
0.782291857655057
0.402176797498069
0.50500217270781
0.964153570887815
0.45560208789792
0.297065527702408
0.541189759551975
0.462056958035882
0.826508094980011
0.779925282327104
0.434664547996358
0.389744032386389
0.378285199591406
0.539680998905934
0.439583950776767
0.629566190936815
0.431147324613663
0.936605432765668
0.601624329560089
0.63665051533146
1.05618447126607
0.409440574447976
0.31126528040873
0.515058864484416
0.379491062596804
1.01366618462433
0.802555786465032
0.66903329033761
0.326056266429497
0.336491091763535
0.549839009650106
0.613797373992246
0.39518770317158
0.677562231735223
0.368904840505828
0.643038611261505
0.505861897030148
0.924270054059986
0.782754217038418
0.71310103244649
0.327936629028486
0.675234471070448
0.705084810367511
0.699987878089851
0.222784953542493
0.495287174246711
1.208878954792
0.81088403980457
0.966783487921647
0.737572004930017
1.62848626887168
0.50710871862159
0.272907707081818
0.460463856808729
0.544159550696318
0.491225612513902
0.275775669066894
0.758569049587525
0.837394113509931
0.540458498976709
0.640012701597481
1.61261498387949
0.678433380770031
0.515006520822186
1.0567765111433
0.697394723985322
0.700382097397596
0.40399084383106
0.359366537320837
0.567541258322631
1.41947346143096
0.254914246923582
0.363905882097915
0.539000107429826
0.346641689700085
0.497553477322077
1.71228457092143
0.871258293265622
0.808824087695019
0.490421521553518
0.68105534545997
0.550138824661972
0.579349678040292
1.15232739663091
0.309847827521105
0.682852964444997
0.697637179709724
0.477637571722408
0.0525154421794177
0.647560413314622
0.610256710426966
0.797079408899341
1.33244289623352
0.619900089096193
1.15353267050862
0.612587179914676
1.59241800957324
0.673304933471115
0.7111769552708
0.396419857185142
0.645008765331432
0.598765871916526
0.652025935106854
0.422644700042717
0.493195221072857
0.678372054510588
0.838615289354222
0.801843173951837
0.13771811021288
0.716777047602356
0.72236655311121
0.903840632161415
0.966312812737146
0.934132331975316
0.760444997205635
0.378969104542612
1.30740684545992
0.373217095529768
0.62549545422518
1.546494456325
0.539614696185015
0.55454061484335
0.3614053289445
1.02883370218425
1.34190100438557
0.629878292140182
0.393719342853582
0.578705014775339
0.553878748248239
0.868223416370823
0.658737837799808
0.336016945194535
0.894724403504483
0.70611066046243
0.663404055876956
0.227194042385478
0.499173849877851
0.445509304815874
0.838814323204129
0.434730775021173
0.306580953895312
0.886797508430334
0.736287983523825
0.882920542943095
0.364373150832067
0.377244844549872
0.541015840677899
0.461276076320003
0.596210010527003
1.03582838826001
0.837986706704711
0.559479829072336
0.921660621484791
0.749297341048103
0.653981386397794
0.544813803216244
0.857738278364734
0.544243360218681
0.571801706885668
1.62159855342254
0.436772881731039
0.473373720983304
0.425597468705645
0.809095676508804
1.44773018936734
0.825130297520121
0.577690288241193
0.614048615172801
0.421814342620198
0.599861485267534
0.579484035857101
0.738625837144077
0.505426002141772
1.20177708807028
0.938990806746514
0.399783089308903
1.07974840572949
0.689681033837315
0.951148493572972
0.366741488341545
0.653888646166131
1.04323073242408
0.668795258189352
0.60886667674263
1.72404285313941
0.482966989419527
0.308730790830619
0.533210815969066
0.424437514561423
0.856160161743657
0.454568935138385
1.00942850848138
0.820186086313487
0.427102747674496
0.647381640010879
0.565730393638556
0.988296292565037
0.41429051698778
0.516874174434415
0.681920460369419
0.850376106638739
0.670643923449865
0.877858216216631
0.955933202117347
0.559481907609343
0.956144191833049
1.56677913306599
0.665069048138128
0.732880132582218
0.998918330467614
0.620269584810643
1.27502778244839
1.61683191411909
0.408334581454416
0.734428463665075
0.761409668908951
0.589831081837484
1.31035026276579
0.600289647948623
0.266187561922028
1.07088735328226
0.76710435968719
0.965961336235096
0.71940043448762
1.36901951524487
0.308277111508391
0.670272991201597
0.823742532665639
1.53410397677762
0.959036903294756
1.76157028278976
1.61463014418829
0.716203151258427
1.23188864467967
0.348036602381534
1.06917350187019
0.267529166025682
1.4327016439534
0.371753730631662
0.610028320207327
1.17043657912748
1.51617646315471
0.457825147887976
0.671998349813621
1.29907480209739
0.858950427777867
0.249738503488732
0.79297639977983
0.205506267977997
1.25970433424457
0.375628048697778
0.541343017219005
0.839187377642957
0.761088268854353
0.332054746620205
1.59554355327027
1.39930772340632
0.715484368019081
0.63245383099297
0.782934334271021
2.3458895059651
0.803512622742698
1.02029140837845
1.35857983089074
1.20427082632394
0.357586679467122
0.400569882620384
0.401492133258709
1.96848298042736
0.634198406417422
0.219414246409989
0.476663083635854
1.50904441819558
0.758065287352547
0.455639710632055
0.447643691232342
1.01566167435219
0.785357458479803
0.803633437213201
0.439006328951016
0.727043028591401
1.3517616215229
3.03609493165563
0.264822818935678
1.30734533028829
0.625898897666525
0.7955092919693
1.06509547104909
0.663318849070599
1.03122171201805
0.357611088188538
1.26811664438783
0.577112615501667
0.532016019400385
0.405239182886359
0.465736906393855
0.819090162006335
0.485689620394565
1.24603611950815
1.58915462900998
1.09582532519984
0.476865704992656
0.760370705891497
0.437515470147997
0.658349543281698
0.435984085526835
0.461893888526316
0.257278419422718
0.453016836184902
0.32371412436913
0.455385964375768
0.979633335439264
0.715324427362609
1.12699241201343
1.44552228956237
0.45412058867847
0.288853569149934
1.10651591003014
0.308345848871025
0.459123952002155
0.288413691070966
0.868157167241489
0.616683357685526
0.874632431453384
0.450881089024945
1.35712723326855
0.265311365024415
0.412985273898223
0.478147923722217
1.21615908213675
0.74233193888769
0.842725369188323
0.355086489141004
0.687962838362017
1.94059267042447
1.29444354208931
1.71020619223928
1.05126578426551
0.640329265939526
0.621186964752787
0.62029461416968
1.08266368186931
0.724824828008684
0.669212933311547
0.771595264511415
0.476203245028617
0.876134976065785
0.687700550265617
1.00451329094613
0.844776213729821
0.727420816813537
0.507276989173566
0.758675677120287
0.935931107304895
1.24554525938788
0.626244698183713
0.491542712954758
0.519911228317609
0.985502890405413
0.510351076193894
0.788799215055037
1.39534080375329
1.56808226587965
0.355011430433146
0.646881444362493
0.509418877689388
1.24211964528505
0.581256460021551
0.882846120369647
1.15727908498665
1.39331677431923
0.60424519881226
1.60386095130936
1.02200611219451
0.59575078326826
0.879797312949893
0.642024079992305
1.30136377972374
0.351711732495666
0.943248855954991
0.45366706680703
0.53322803365318
0.870020819909845
0.600724721363788
0.846827322658231
0.895483079687243
0.7207359047557
0.651992941407639
0.592297749221536
0.579627500571914
1.36281446683525
0.732977251828155
1.52793815957262
0.544968687342332
0.71307310788289
1.06229155320461
0.815679676782116
0.733677272863385
1.28010893640243
0.380747433199844
0.562024955103061
1.22427091816569
0.69548356153878
0.655462433197968
0.431116842987287
0.916822798251118
0.955337287529396
0.893429657179402
0.430350095410686
0.866620545873094
0.475380423568605
0.455326592884907
0.711537120322949
0.935038329641462
1.5083617030161
1.63242821339355
1.64727721981987
0.971498276449941
0.612186152210403
0.497726111936846
0.783294682551003
1.29730911903592
0.950395736706165
0.93579694183487
0.91381121357897
0.908113544195094
0.664024994285119
0.248433789783058
0.505549457406765
0.79625615000484
0.519832571814819
0.611466468932493
1.16503847899287
0.599973154071541
1.0710671156672
0.686970054538162
0.947568950148034
0.364891015498866
0.652158170198312
0.790815419612383
1.88769145122523
0.40061220802356
0.326084653651341
1.79219307478163
0.923058688626788
0.774954756198689
1.21913871059
0.431699134365672
0.542353699414109
1.00923989136976
0.895761418746971
0.709079654280201
0.904379052499076
0.458011109089784
0.726694276171042
0.247021076587789
0.46398672902419
0.634669633916902
0.987511152822863
0.601345100355153
0.815536198849323
0.468453187879901
0.977011913866614
0.42805824486381
0.683231779431124
0.752347463351798
3.09701514346995
1.69045000372206
1.08273419297403
1.6919515746327
0.952474750142836
0.80652236822238
0.768098441478699
1.28009259885583
0.89876376738403
1.02276688292759
0.981125073728463
1.24439541009234
0.682301576883945
0.761685087130801
1.28513124501491
0.910085755480678
0.423379068195101
0.631325421222305
1.18830157412144
0.693590616763075
1.19252214089877
0.404313784393308
0.583879022414025
0.552422791607273
0.361912577528117
0.971258805034636
0.788846219535301
0.594024603929966
0.683548921561723
0.729988126961882
0.799853333142674
0.919108820034464
0.716791673838972
0.31197992249029
0.381046958643775
0.96037244561753
0.840225253677025
0.834549114322397
0.871968874905849
1.24288480772432
0.775454067757707
0.735072291740226
0.839787321499135
0.874605297883206
0.766157016614571
0.970099254024842
0.565876418802862
0.732692633185526
0.239632974738723
0.780491153278732
0.957412720097606
0.50984539284869
0.685260845217319
0.758963557673769
0.914859062308894
0.757174118436241
0.552335734295645
1.11395146242368
0.470724603064198
0.895418082027666
0.528886651285839
0.374949941077712
0.643970045732221
0.749391174686849
0.393526866514118
0.737990127346412
0.921945043834079
0.463183476857651
0.960370359995047
0.841488311968423
0.522029720989946
1.301130344716
0.748311333505816
0.704422829761939
1.60052042928748
1.72458661616071
0.881365792574107
0.540859552366584
0.729033963772811
0.53630960324977
2.62891073436989
1.84565697088862
1.55967030839819
0.621544392497801
0.968526214440024
0.818635975556705
0.363365470292456
0.819410061672354
0.28885121585326
0.607041023659578
1.60962862047493
0.283075672497628
1.03137271045202
1.76074033268199
0.567372913672597
0.606680754633434
0.527581882400903
0.793757834604241
0.800933921195853
0.228290325900326
0.6676076202621
0.246009927220033
1.33548551622418
0.632600986201958
0.767177095180634
1.45418368734943
0.764209719346911
0.501339308219441
1.04536497370426
0.932984436305626
0.586583105562624
0.478264674179701
0.50372443884815
0.540186206299713
0.620335105239777
0.497836846555846
0.396029008110321
0.478620323464243
1.16715096332464
1.14588013578249
0.626187019860678
0.874501762474894
0.660769879691231
0.400727604477247
0.739918140209669
1.46770451120142
0.698213036204471
0.491845359369809
0.657489333445472
0.885253054264758
0.432635319900839
0.479393666399968
1.43052278402926
0.740485011371366
0.464893831980845
0.371670041183738
0.60738088778997
0.537913017905242
0.567814394326873
0.482715801195975
0.406569038854359
0.731740129280957
0.820222007754929
0.632007820676613
0.808369987596616
1.37751182598738
0.56116485341949
0.726333651646664
0.335995023957512
