0.554133149041958
0.33026733182349
0.44349196043696
0.763901868329554
0.613759408540984
0.745539408471792
0.46761360238101
0.593981459652334
0.919125780582566
1.00358496104366
0.838389265846882
1.90803194849696
0.682994988347345
0.896909684227602
1.2311913797721
0.596807523481327
0.489204863196008
0.7302858975653
0.898370474986889
0.490659589694512
0.682327003789369
0.636392280889172
1.68616364493983
0.637195510345536
0.343956687833446
0.62500240129015
0.921731469665269
0.63430073842717
0.216469472032865
0.615763058225666
0.841910940572772
0.435000737675444
0.666306088121222
0.526818647119978
0.835862919526351
0.34644638183348
0.533169556621531
0.500679957700469
0.810416142638773
0.957959269776209
0.657142781428621
0.38098497742683
0.839269682258085
0.764268501036065
0.4820270615093
0.655739952538463
0.589354769012182
0.446900414651974
0.655921731121555
0.649881459636771
0.409902737384333
0.42786285291969
0.824761273379358
1.16771828069143
0.742391986984487
0.594272562167311
1.14396507653459
0.900777270510164
0.345781136542877
0.443403129901079
0.243742583051839
0.634547703617815
0.633822628631231
0.803941029379341
0.474077393933424
2.2157791107246
0.782403754503297
0.958156843844004
0.445311589665551
0.635004941936811
0.86582329715322
0.371507530940496
0.819408727283131
0.719300868837721
0.457424646789446
0.671774331373825
0.740644357647563
0.773938208917486
0.658419920671049
0.636457201642173
0.553096388139902
0.27285579562759
0.590158422480352
0.606256276005383
0.518234233118191
2.05611270705189
0.997379146170479
0.365629582278836
0.816713391290362
0.996637470213829
0.789702770243596
1.23432777704523
0.361197561927964
0.912150268222233
1.69958401796828
0.479506112945892
0.678594478982473
0.486015020902482
0.814671150521674
0.221152874890264
0.702609634572008
0.445789522849165
0.561138828639319
0.831551572804693
0.776320592040275
0.548137479570431
1.2639492748838
2.10817067181446
1.15488330717519
0.793357688658924
0.654906814224386
1.06969995806246
0.5444995639325
1.03988364283321
0.561737256130382
0.966946586843164
0.389965659520313
0.584684453076039
0.156179851210098
0.890758493047985
2.72698642487069
0.48696680824393
0.684627980430256
0.908871628956415
0.382028036623165
0.427063766723753
0.477219016397713
0.166411065241555
0.335139229898429
1.11472196169622
0.53088748374339
0.564593821712512
1.53305757434605
1.16102907800362
0.580466348995828
1.33978266603566
0.656306130858674
1.0686353723035
1.19838477054198
1.12606764285634
0.942319708994016
0.481531626144531
0.458966318257272
0.471513921171992
0.951473919493667
0.485703108238558
2.09280083204205
2.26756252123672
0.669741463679303
0.428712959638117
0.825947065243764
1.18567749058181
1.73396898620049
0.739049981606302
0.404877393357105
0.42695110312503
0.389481579801037
0.479911112228582
0.58457399982421
0.883484501808214
0.563199109889261
1.4121796977134
0.888238952220405
1.25565349716343
0.337000939266897
0.595275751224574
0.442066457103852
0.374401363678545
0.878640239842658
0.605491765564978
0.650076256662695
0.685049365901706
0.508706852666684
0.661981117535666
0.614441393807939
0.818724851942962
0.696299597371227
0.492744675517344
1.03528993673757
0.768679575402414
0.571348286997152
1.37924189518184
0.501001373147915
0.278539617467627
1.32332222573724
0.603356730494169
0.595700552184478
0.387155624254542
0.297584000385628
0.637861935901955
0.307858014674087
2.43458148122398
1.00497190146037
1.1991718163279
0.607782658511327
0.790080891458991
1.19407217472018
0.497094096933998
0.762999348109362
0.694205480312415
0.498262596888488
0.623675010542092
0.80139826206643
0.694758259126685
1.16424600593237
0.433830338707431
0.850838091704206
0.740845810931179
0.664729043371246
0.423885928387079
0.488133196403768
0.980658776399876
0.184056088725822
0.471921717262472
0.775029654166588
0.899561558043706
0.478525610723466
1.2995309306611
0.89175505948416
0.422072777000485
0.613687656647947
0.827674882596369
0.871133928864771
0.541813985021926
0.712828159784749
0.74573045921896
0.986554769204621
0.98864966674312
0.76436504219566
0.605908429972719
0.677405895848842
1.21150331827688
0.58632360057401
1.37424411636592
0.94145558331171
1.42883920198272
0.427642437597936
0.318652903767301
0.231945496899697
0.761215532309389
0.234007896124804
0.356484477927796
0.458434679812615
0.58562341486726
0.668927884748022
0.545801202709761
1.22990842156296
0.0909115316296028
0.362692767760841
1.18524899543123
0.942620338086475
0.360664612659346
0.596208105375605
0.524633574384373
0.96256514082714
0.58337365874617
0.522182252915907
0.837146989923257
0.828237090012469
0.782671266570166
0.38320097796291
0.748399031256135
0.390668250498112
0.378779940035865
0.427419500125774
0.511906007373375
0.388471609264401
0.721601445066642
0.46209019035387
0.774921547161554
0.59259473491739
0.631491203408938
0.4748617504677
0.621380895178748
0.633025477176249
0.807236432981446
0.904740982700977
0.897572568125993
0.934435424737275
0.303698371580452
1.12670902190248
0.432408247570095
1.27232938513067
0.808278569919999
0.366081339468077
0.245755483499265
0.665207160139901
0.41388418117958
1.27302600057709
0.302389645483849
0.54530758320532
0.455599280479378
1.52493388382888
0.641824589422917
0.786085222889422
1.69073814540685
0.6354187456611
0.768128707432257
0.675487063532481
1.0022811944044
0.249490935112769
0.567052607707872
0.382348008663333
0.520533547440015
0.960439006654268
0.6173548712508
0.476968969789132
1.22007300454267
1.79059837113948
1.05900442245431
0.842330319914984
1.26721708993812
0.493760393720809
0.796236448172825
0.914291552765494
0.74638986371527
0.405321190740948
0.518240457635325
0.875873089586111
0.511466413483056
1.04706719823355
1.04084276645251
0.091383073026042
0.816238440333331
0.465961660947318
1.21501441471199
0.558322773867395
1.28851272876838
1.40441872901147
1.05882644186624
1.36921178376669
0.496347948786096
1.37302335307604
0.489404591597447
0.942492330034401
0.635793668553372
1.10078873710035
1.13026238033268
1.35621013711289
0.591548072527649
0.539347832500295
1.09454505000331
0.702288981148244
0.60322524426263
0.809755648195643
1.08465587149326
0.545588745619089
0.228639740890056
0.832854682770675
0.947025304936009
0.556002518615082
0.368216682919177
1.73656911895127
0.737866694582914
0.350170285099603
0.93246553454259
0.546525694850134
0.530156226600029
0.593628490110874
0.926580905298915
0.681333210115582
1.00464261668445
0.206654155748755
0.337672524879633
0.818958956049162
0.661084880503684
0.650959125174753
0.327613029815014
0.510986555760748
0.452939401548975
0.680072189016201
0.576283609146581
0.758070899842653
0.664980651109611
0.788495560863677
0.939465152507434
0.829974982759266
0.652742237731849
0.288523957569084
0.452685077289771
0.416429371984139
0.942712614639447
0.47534070308541
0.811050992003171
0.9714688307925
0.197784568856516
0.472975875285088
1.4144540005366
0.832600968970797
0.527669947902407
0.898453668057625
0.706838603256167
0.295249336527557
0.468987489602187
0.470519833256965
0.673759784592045
0.555672191611837
2.31130117450917
1.79141671323026
0.18404646101598
1.08768354175258
0.192734827227865
0.439252795974555
0.76668336287258
0.992960308780408
1.15025269701544
0.522424880338898
0.722649703614493
0.351254045372702
1.06586088384673
0.521518268453415
0.936863983987002
0.430432250680334
0.664088934343083
0.869006815782764
0.358318078721175
0.64295125086018
0.602045339829898
0.933100411767366
0.569198458285785
0.579685413039701
0.432834764230622
0.44875670599188
1.05586419709653
0.424581376736177
0.548093249102232
0.529677034221469
0.688635981156514
0.758155399644813
0.546424374308934
0.684600692789857
0.856808144488359
0.934626650172228
0.724662069032163
0.531472690629736
0.407690288692688
0.480137552317461
0.501234083367946
0.872330293497537
0.479048266492994
1.12728830523687
0.451558384988662
1.02172425912097
1.02842785081889
0.760776171799488
0.539415185433925
0.537370978637601
0.724022836269426
1.0175348920766
0.822778571287682
0.561310721076149
0.447104040403856
0.642744770832903
1.28799807690868
0.560785716021085
1.07501698258306
0.613573463508852
0.776693791113296
0.772372303099828
0.370792493199976
0.484456807438544
1.11296585791237
0.897162760925694
0.48230325601622
0.711412884362996
0.540619476488768
0.218430155484015
0.85282602984367
0.861818756689827
1.24233712729464
0.593181648814971
1.22323674344223
0.676870169657132
0.603617535891919
0.466306686110588
0.175683736697433
0.535962633708434
1.14799919351048
0.751419373347503
1.12888224492581
0.640329492187554
0.221234498672976
0.57892813601304
1.88055655226099
0.600930616829404
0.845344382746191
0.674605001870966
0.791326274217343
0.387946630646058
0.871216152601997
0.455841784934739
1.12153462364947
0.788930017533145
1.09542493161648
0.472870694746749
1.17302083718549
0.149023534048936
1.23829537686462
1.08418419543277
2.21630000525471
0.220054220365709
0.649111561086117
0.204050458925066
0.695886115869218
1.39520341923705
0.385529393782233
1.04425145119922
0.871924558861487
0.74224038799031
0.943396921727533
0.185790796818921
0.494489995385076
0.664685920658156
0.803129675495121
1.27285996128509
0.240701846716241
0.635130240947577
0.655716968160871
0.738909828038419
0.570963011287229
0.595332663879157
0.712185011145868
2.0641783767061
2.1554978147445
1.03584366494752
0.533842996246929
0.50385102980451
0.766129515739836
0.636210834157454
0.48066401727683
0.429916676256697
0.669945306789048
0.137289058873868
0.339311279902934
0.971131950543084
1.00420786841809
0.783755816348355
1.4164614739698
0.454400665064231
1.16726316512425
0.470372419804087
0.440933854988263
0.776053245307458
0.378386062439435
1.3317982001253
0.425033197870938
0.736588762377951
0.510303448383288
0.870627978110313
0.660868186235722
0.643881368113582
0.356235128087355
0.835793779594841
0.363422367282505
0.663087382133764
1.0819084448176
1.5578973693946
1.15647486548517
0.845036186194188
0.570937866234626
0.557447984680881
1.04926639370056
0.727089049850181
0.606687767272424
0.763299501914997
0.768166731348123
0.938991254972392
0.550333827579229
0.686597113472051
0.487036158317156
0.654178271086671
1.09265670320375
0.82657895824574
0.737732367551113
1.02510028398487
0.88757101630929
0.448512490528763
0.619122897194951
0.524412666136217
0.859998832769661
0.226430606067826
0.355992715048163
0.690841761909905
1.32347266686315
0.761359489106719
0.762367081492241
1.25480699301643
0.509058926166318
1.10020302068382
0.836028521357348
0.812182292367211
0.391631057239344
0.640410892780851
0.560270082975444
0.750765511825738
0.630268628074691
0.446573836753753
0.100742565798498
1.00935283995754
0.708887593682506
0.417146744720664
0.696116178661796
0.992871142087609
1.01956237357072
0.750266077057701
1.19954701301226
0.595867850158657
1.25299632215552
1.07185830189273
0.686943420483717
0.420897058499056
1.04224210613191
0.750803302129818
0.479434374007211
0.275542287387723
0.19493239150411
1.0716184083804
0.712730075597004
0.969272962238963
1.01045328534319
1.14401651773505
1.41881472616262
1.99528767770035
0.448061738400244
0.362660681958823
0.354392982444843
0.822250292892143
2.00355168035121
0.615566190988967
1.1744865284382
0.324720949909027
0.861040834934402
0.419697105130882
0.417787262738566
1.17287407088977
0.38197938726077
0.608712466312895
1.21227148539992
0.677944566341686
1.17974723805604
0.787403190999237
0.602860207156263
0.473867332003358
0.52622856794689
1.13905697860702
1.11886786770107
0.986508234251783
0.405571839926746
0.64517026826043
1.5623079353195
0.145253413618828
0.740659680942699
0.738617646171383
0.721305499200695
0.682027165941024
0.426792362808492
0.834144783512833
0.750229527079057
1.18247488946963
0.389175074793845
1.09327660618144
1.34660610429325
0.444237507092347
0.863679894366699
0.57461120947919
0.66844049837908
0.775723347107366
0.603247859122736
1.91143131427619
0.697899709590208
1.31730907390514
0.823521586950097
0.759005824310942
0.780765471003139
0.439935981771521
0.758009852412986
0.464390251431811
0.983441857222056
0.507405951880902
0.700600546433841
1.53411114893143
0.391509942094803
0.608090373626776
0.528388649852704
0.428788603705812
0.961073533823113
0.454673915504307
0.945038699831821
0.563433980683412
0.566281700791236
0.442434888566727
0.63568669301401
0.648608441158533
0.731335220302623
0.989858154143461
0.457268274816815
0.423892885305881
0.344007237977345
0.480059581204932
0.437250428278918
0.525674516288789
0.543443229184299
1.02682032317365
0.299786132872898
0.382114699725295
0.642959977317827
0.177446604425428
0.424710785592439
0.941508423677697
0.655057036065199
0.911646874386246
0.569523116342503
0.843049759198335
0.532317241457869
0.359669012401001
0.855658118772767
1.15523525175811
1.19523122645597
0.231992421023772
0.419180550318172
1.17329798290068
0.574935472541457
0.316748371352276
1.08218363361057
0.476298744760922
0.807926455935817
0.601870665098631
0.56799286249646
0.770645993673832
0.647913149234412
0.77407802623341
0.876728352396841
1.67873489793716
0.829752893661283
0.352437932445116
0.308154385588776
0.367697529552789
0.64405981120153
0.356594650332346
0.566139830714362
0.544226876852926
0.267360196341235
0.716416174406814
1.23711150941247
0.469286955142114
0.434948358028437
0.455315573888174
0.457539083709623
0.314725547730559
0.614530419883445
0.525280603841923
0.294022405719352
1.11076101627278
1.03256946464655
0.693934678044341
0.505122209554918
0.438462613211714
1.19582035669492
0.648153611032991
0.371409744283405
0.929757658023999
0.350765357127199
1.21219984814097
1.53143902501454
0.874498397449458
0.333912779022105
0.568908164352999
0.544016284688377
0.468891983802041
0.723488408678921
0.834343489810486
0.733611158599063
0.444374626125838
0.222989456262641
0.892187151426291
0.533751834425804
0.875320278427628
0.575774319521549
0.636460169947553
0.322792327438025
0.686215854034495
1.45154347206851
0.714934198331281
0.379980601364573
0.822740170890137
1.53983227941716
0.638400221089916
0.672017468560508
0.868721436898877
0.756048461343984
0.380683365093974
0.984877735163334
0.511314942901589
0.524416687183062
1.0157230657946
1.1080526327692
1.51609230243015
0.609389433768181
0.605351298023275
1.72348967123133
0.617599145953194
0.616798244573604
1.19834909547668
0.345602466065971
0.318000463443951
0.793462840201152
1.55415214517129
0.697460769621341
0.754530252336492
1.09590837211007
0.819382692501404
0.626178776807537
0.716200039865169
1.46807955837234
1.0642742858913
0.261520008359509
0.949715626188328
0.442591618901394
0.946776935444934
1.02873168902645
0.207818859532818
0.530279548561472
2.31779617865639
0.640500689613064
0.792245778123419
1.28041170433711
0.707887107828457
0.357651429679262
0.880706813122924
0.479084848641934
0.463123688198802
0.823260844704178
0.419537089361053
0.43166760190832
0.11459453522429
1.35838621485781
0.80829312351857
1.14908912235667
0.938365847987869
0.501652730339675
0.691293162968437
0.372520022147661
0.969717224358654
1.11363357121992
2.17875324870361
0.447160263124525
1.43414795907425
1.41630437455865
0.757707966891901
0.591385628385224
0.495974303866863
0.411558583269314
0.679262897712918
1.30425121788546
0.25060120748329
0.47472823754562
0.305627192451089
1.21093243378879
0.47296126133642
0.502650654812805
0.311144327604571
1.25435352557173
0.824213327997762
0.859199461595982
0.464513143263291
0.964765882031504
0.408557195871012
0.572050092705936
0.875074039456578
0.652174412141589
0.707019686702746
1.13618743769299
0.634617692705853
1.01464302077767
0.0812315972939616
0.625072633704901
0.345120699858126
0.220857128777049
0.815317227313847
1.09788939125959
0.493513475398447
0.792731766931547
0.284191059387326
1.64089456546627
1.266637878293
0.530693595653173
1.10727056341257
1.04065616718781
1.29921213688349
0.99951607225725
0.364829067700141
0.606667728629976
0.585896770255202
0.432941607884572
0.445513014228514
1.38011440187478
0.673528159074837
0.625692206951064
0.502576464466917
1.07621493721715
1.63616255349268
1.50083173594555
0.871337674754831
0.62410991619177
0.445009280396999
0.423000613915985
0.807813983716235
0.828980639023405
0.740470466477832
0.457212560528453
0.606664507706002
0.695527872260787
0.462515726696051
1.4401666310266
0.389140886269406
0.844810680067487
2.06017258978774
0.577379145952431
0.718772046777171
0.629593358533781
1.24199425529268
1.22604793849435
0.58602240945364
1.64733694758491
0.614834977045122
1.19919144763878
0.469969234034298
0.503950520748264
0.468968981129644
0.87268546712508
0.675654828118142
0.508728813556406
0.570044459198347
0.841229964357902
0.786961774822111
0.318436151360074
0.289684321467074
0.64661305076441
0.772918557867951
0.374062638381972
0.885811978965927
0.87696906327112
0.439927482577411
0.958524645719838
0.577561350559105
0.971287932387986
0.969366709773641
0.463997814141135
0.304911514186433
0.334863729060582
0.522141064856256
0.65443587684194
0.225275465659764
0.294665765841697
1.52693463481664
1.94795005929616
0.338249976646241
0.203686272504692
0.526186476105151
0.926031639430147
0.425872861715978
2.34126014991886
1.06787892842941
1.05869684531874
0.617623536607018
0.69531319915514
0.851259860372279
1.07090075988421
1.08566425926094
0.444694788303016
0.502429391200401
0.457743398137484
1.00386599765719
0.54859279218226
0.898606944755777
0.301374085095099
0.361798402070718
0.654989360049672
0.54020554817174
0.305061481765236
2.12144217155372
1.97262454042017
1.34865402470723
1.08909316192151
0.757614041333063
0.533804588080723
0.927342866146719
0.753107443023192
1.03544494727455
0.818923899587002
0.690185186685808
0.985733201611166
0.756627939017261
1.8373974827897
3.73134432507345
0.780272210293853
1.14110495016058
0.581202540698261
0.734639992933886
1.3586757146778
1.80003159053716
0.570896314828605
0.94283781428359
0.525980437034947
0.375878065075285
0.673003001876668
0.606093817854422
0.553003539413878
0.584429045098564
0.412799688600622
0.631380186893673
0.837910459047255
0.331336316753786
0.207401467934126
0.22367720055282
0.279798661639594
1.08072389078353
0.374304841248593
0.970674475148726
0.714274794948427
0.792410989149577
0.425124746618631
0.518806380708333
0.604337478582832
0.467515050771157
0.748879609721643
0.339045826935477
1.12691604556416
0.612976548363278
0.567307990230526
1.21025477906005
0.698826583242731
0.306733642882054
0.9297497951035
0.692788019981772
0.254008707106536
0.996073822582477
1.11687801028091
0.949400619907395
0.809095638538944
0.528071741417654
1.14069038588179
1.02550658331898
0.655868711766233
0.89600624128468
0.544315194439616
0.32753341228023
1.05298186686548
0.831996695627754
0.619304278756916
0.632410660551935
0.372825563753402
0.324509836901137
0.531138377990396
0.961495585705522
0.437297053525555
0.973120223737506
0.720793799152853
0.605003983184978
0.797779044596681
0.760887936888363
0.402051134363438
0.835225151753034
1.00442981682121
1.2447746759345
1.01050167775461
1.09580818210831
0.569341693604092
1.32222421818704
0.640590531777385
0.641313361947646
0.402563263197777
0.815261225094138
0.549329704660073
0.477596680939772
0.97384645449165
0.40394642157818
1.13865886634182
1.43582552361939
0.488212319129156
0.644602741091499
0.781731687302021
0.39433870194752
0.340399449551697
0.514101926770608
0.887544538513327
0.632735097470733
0.544759698060523
0.6760581986065
0.801552484595719
0.932039081941742
1.02550745496591
0.488022298636733
0.908408034587301
0.590020035919982
0.994680391273923
0.607793261460051
0.46185618288971
0.487419974770002
0.34540163289803
0.549339014438018
0.67122102324256
0.546169232178516
0.474488299738639
0.217854870613434
0.44609402715216
0.129535226939979
1.56174111214189
0.820052809518237
0.560000530793846
0.500803932409021
0.270584450393853
0.532322919811344
0.276943498571035
0.389503344862408
0.642247588049794
1.32563840827442
0.344192052109058
1.10923563077945
0.950961762570352
0.691681088201166
0.718616163061965
1.11388602311306
0.745496676273337
0.412216297526855
0.465051583120697
0.595550502449078
0.318224853109292
1.05923470238825
1.87341701649267
0.791895306937926
0.392282555551695
1.45298093816273
0.574974531049655
1.2803105896255
0.202186852567361
0.914300462662363
0.754103368673641
1.04083074637876
0.934549259258032
0.365737499418074
1.50217270693345
0.575507374829586
0.827057038460127
0.626783636678982
0.418629996694924
1.19754260782247
0.403523148651006
0.744965070213824
1.21358370788553
1.16766439746044
0.762626267318733
0.500957627029767
0.46522487998391
0.875291841084697
0.454303002095355
0.537684983056477
0.624379048789953
0.428172535330364
1.09473470976639
0.279345195198313
0.75317999559794
0.358246229713805
0.544177752840209
0.434939476688124
0.930934347919271
0.602200725672347
0.967303835149048
0.565069437471036
0.526645584215097
0.697538113069985
1.30988181506576
0.683539749505753
0.614911538658359
0.713855069162791
0.970477688649339
0.592767127168707
0.465507453535712
1.24930008858391
0.480757677601757
0.247423875227665
0.78539979028557
0.541180112541508
0.502177764362213
0.529397871448705
0.530538625528624
0.834318048546737
0.920509467675608
0.280554124982646
0.272955704065639
0.598362192711697
1.01841282099114
0.749449750808421
0.483246179643934
1.11368152084052
0.316155828530031
0.803099928081358
0.748674688473655
0.889042619558162
0.397045712461434
1.0390000700092
0.50040693620124
0.639013518073706
0.621243143190752
0.459730056207079
1.19896500469865
0.775519024040776
0.963960561656604
0.512222260813586
0.691160438692984
1.23536515222903
0.783741772977151
0.434775262687785
0.310205715920497
0.717673245748446
0.895771794000562
0.338999813165836
0.997575442677632
0.676358235048386
0.773883549378996
0.439927598966804
0.651940627126484
0.410549365033234
1.37467150106641
1.54150086381824
0.979190337225197
0.272517390907073
0.518430909022415
0.400534830908396
0.536255256341143
0.850962449452037
0.499078255293526
0.470703586549776
0.867434649600661
0.755257360504276
1.12886794631436
0.595993764983876
1.12128686853884
0.815819580881787
0.632539776044266
0.589194826979937
1.52381567956967
1.60464838572619
0.226776511146647
0.801904739508544
0.487479468705165
1.15739841420313
0.331773031331708
0.26736936837215
2.97701614926663
0.586566230232095
0.596677149860601
0.556944588895122
0.773556232200448
1.15265167195062
0.746390029249373
0.794167766504676
0.500637262274713
0.997939776993439
0.411817596274
1.89061994162137
0.755548631230158
0.546665519153245
0.95499007094877
0.41157978157134
0.187541183916426
1.50844705085366
0.674232437185466
0.664034850473947
0.420907274193211
0.426323812050492
0.700206575575046
0.918972085980739
0.641927391349109
1.5435661666977
1.11068344013333
1.17521043146881
0.435545330872156
0.651768363616629
0.731832932090657
0.276818779847951
0.876011197930475
0.339816040130306
1.02372137807708
0.65551394636202
0.929974810739096
1.13661883707173
0.306625433580665
0.863395114731302
0.651383811048706
0.756231575156225
0.112831631860274
0.942376222779253
0.728698594654575
0.753915553593377
0.399247033641938
0.548544764274051
0.392779913592549
0.164524378462451
0.585799145240543
0.80490593374396
1.6500683858709
1.2545615422727
0.508735418165919
0.397365348708066
1.26293028731948
0.34979404699158
0.477400373702856
0.59962431946296
1.2124019736641
0.900726611632618
0.78714542727023
0.930317992028111
0.415156329244365
1.17523161120588
0.654317817311129
0.293015265897942
0.440105370507492
0.5949838940523
0.68933357752753
1.02135108410946
0.338755389855523
0.688630849052844
0.535317943325865
1.7027008427418
0.588537307945761
0.947652056073956
0.80486234420483
0.119057526983666
0.826651406574774
0.460272164174035
0.570206468357008
0.594241638777193
0.621490593910339
0.99721739153902
0.222963445203788
1.20843679950905
0.65325214544514
0.400814502125097
0.382178380784741
0.691002235693967
0.756192250361132
0.463488191913574
0.311193639548594
0.587152394686473
1.01323400143258
0.578983716341637
0.695833156989017
0.330971215110363
0.683170505981073
0.328177452381147
1.01696588630447
0.459984999002142
0.864469063359432
0.997775789236771
0.579107323009971
0.599589996127021
1.18204589494078
1.12907410075421
0.897622237657581
0.296151853662638
0.461572545430007
0.775066115835335
1.28440617991288
0.470101800500168
0.737987423609563
0.654936732595861
0.806327281761014
0.669335129941028
0.564193829605957
0.593207710747844
0.544925054194263
0.611463278788345
1.12560584730314
0.508044126543751
0.992356971394598
1.23301487119076
0.323392630380942
0.209208321252106
0.559469438156069
1.28024499387636
0.372768401037544
0.427120275544046
0.557914192798531
0.619903669238706
0.332333402771355
0.28358972272889
0.666897903131923
0.590627963675922
0.736502715704971
1.05150997023587
0.59407769997151
0.633425148235921
0.47864056744946
1.00594221177563
0.735480549583822
0.614122548273912
0.526413918560973
0.59700990841187
0.986488934694474
0.421329417799488
0.661891971172502
0.721597871242802
0.864762698267452
0.371433249928643
0.347716765104979
0.315483656535584
0.28300407421955
0.974188502992298
1.66571966322362
0.50279321960208
0.702426019728413
1.30411526667164
1.17874625573472
0.65457707511607
0.414401519268786
0.495884601809902
0.538473414872644
0.66271208704637
0.952937105129725
1.13235783713338
0.623381721836444
1.55274043743718
0.931267233066112
0.612342775585917
1.05053594760801
0.533190378724644
0.60125067595859
0.506949095027053
0.402558111960829
0.637143770596639
0.389665865636776
0.669461383641916
1.03451733384056
1.40635768058265
1.46237386641312
0.739782806992916
0.434250192429306
4.58053671394558
1.58970652105239
1.50063487503727
1.04277271769086
0.684245983430027
0.840419784622487
0.51679371964197
1.23246344052373
0.605396167356285
0.362143613409229
0.60180105219282
0.567231767097091
0.867900575985041
0.321771380655474
0.310710795548219
0.749818244303503
1.25175021887242
0.283196221022488
0.579732251386075
0.437750877167434
0.489274724043449
0.628172629006487
0.708505430915723
1.26971999140389
0.897048526814204
0.462265223659899
1.26908879816532
1.04136467349345
0.826298651988083
0.484279627696334
0.843096762827683
0.750219936917176
0.774020279128733
1.39239059347805
0.540245688614144
0.273011188174422
1.0217055412225
0.46001608814234
1.14573589584595
1.44820301388183
0.497886943329272
0.862790245505385
0.119920050656753
0.829805631171951
0.705851074971118
0.412282476585846
0.688986539911107
0.683979855406684
0.230409949590337
1.30930622560261
0.476920059606128
0.559912601555062
0.629154738255978
0.540236347326531
0.508200417887211
0.526753607438896
0.604889391599884
0.534593376948721
1.19605670103387
1.4202832170671
0.678110854149658
0.47129527496856
0.454474797026977
0.492196868236329
0.530179890317378
0.496212475719973
0.830943931806557
0.988061900172442
0.148734273459492
0.600768201093851
0.482169914384427
0.159370853131216
0.880132781817418
0.482744642209874
0.394888485558977
1.17489620298217
0.662115607033247
0.61830537167663
0.322015953231392
0.818300053347316
1.46503937806369
0.929546482864666
0.480022027271554
0.460157353979435
0.346920804138708
0.33369190341285
1.19245878086442
1.69078507907181
0.879441809882827
0.68158971162535
0.676626743718875
1.2062803852867
1.45425496630267
1.60885868466816
1.55189575293071
0.279500291907158
0.758291381493287
0.353138767173607
0.793486602895114
0.901502181403754
1.40038826607818
0.53101402274841
0.930396937000409
1.32172925438679
0.404046585057809
0.743904475867372
0.600674312965493
0.370899699335541
1.35488066649416
0.84240965955201
0.312091639379398
0.543062822608538
0.295304155371852
0.314902214563562
0.753738829221021
0.763108510694534
0.0934827400333473
1.107904254631
0.708140188608192
0.390379504552137
0.64092668142114
0.706062360540505
0.677865629477906
0.867019866094418
0.687748523170284
1.20984696892254
0.676887280220885
0.963258766759007
0.715760891924558
0.824765511812327
0.413055746119748
0.429683425961671
0.51063425068069
0.610337679155241
0.662648817205443
0.407665558731198
0.277360142338009
0.471577524712844
0.587316373758522
0.903972339913992
0.582657719529014
0.167066763086793
0.834862087425503
1.11403291403945
1.82770366166527
1.55608572372809
0.58180873587563
0.714338184737971
0.258027590217801
0.404700832303363
0.35483575491317
0.570894916540321
0.442677503073094
0.683645016499528
1.7149498087137
0.671928451267736
0.437863665697031
0.527078594687647
0.388665487757603
1.72990484423876
0.536914830243817
0.641573905245244
0.323766499472593
0.518714713234842
0.521807889434372
0.565746212838172
2.84838633633918
0.860227347587703
0.625692465608296
0.95852125503591
0.269485752345422
0.70264983365048
0.511954479054676
0.693138748251764
0.536114594847715
0.598195325296857
0.53736178896021
0.649227258958771
0.423358572398515
0.327728525357377
1.04937101091632
0.902451588447244
0.326130343442371
0.764810640549459
0.583702322474704
0.443520912792014
1.34175939394746
0.804880330054513
0.650883229895631
0.399277270614542
0.336963885097579
0.66177132414054
2.20683816206647
0.828056573414043
0.32325273128374
0.520421099776236
0.324337773044214
0.319305087940441
0.416496816562265
1.02429753823576
0.377857616364942
1.27820521147083
0.18845061262286
0.867926883904574
0.890784648149613
1.60211104032269
0.70714706129613
0.643401753867049
0.628570019849482
0.747413976957728
0.606664097642673
0.437264681148752
0.676010018842081
0.539787523535235
0.73811262587841
0.947940540979505
0.703668920801727
0.673053178390623
0.738419914385108
0.627441047716751
0.425714472448146
0.782182842612383
1.03583123035362
0.673093516912104
0.6636060674596
0.778804061737243
0.473906497664168
0.93156726906247
0.482797992707712
0.765978438044907
0.374917837163977
0.654012478705276
0.585840235812198
0.53140915063493
1.19178684472582
1.42810548041162
0.580689179643235
0.864942130348989
0.622670347095698
0.870579885748451
0.256697051493616
0.46160717018788
0.41714690522386
0.352578171385869
0.571970319526341
0.544874501947338
0.381442417931481
0.332776286653954
0.757265139069845
0.555075735301853
0.61069825448096
0.908807114517768
1.2164455497815
0.757149633408275
0.971225430722085
0.51263133969152
0.433796444141549
0.619558918010997
0.961610518125652
1.050257412052
0.304383192166753
0.656975423350832
0.250331562134045
1.16078638858203
1.09642435424913
0.392765965998188
0.68877369874802
0.720922175434747
1.63303984285971
0.897167880186839
0.438404338048048
0.703313434031043
0.459328412356584
0.48023239503018
1.05973770393652
0.626101805750938
0.639368971333641
0.509662961607253
0.627847990913371
1.00424905417151
0.493245888636196
1.93606183973806
1.47247982392674
1.16204701188882
0.397020654760663
0.542389932643062
1.05575737498983
0.3731669623024
1.1324603780686
0.631797552695091
0.539985071623008
0.579347300212975
0.442512965492384
0.792643430981733
0.882526925292048
1.61035985424847
0.342079644440452
0.81766126193242
0.859746767186327
0.719896762048509
0.819214975903907
0.753112672429193
0.415809096351331
0.860049845344912
0.40543688126986
1.08764966289032
0.882760674452715
0.572470217519966
0.589235067454025
0.99279326950034
0.788910649935902
0.989864587557768
0.340601996594219
0.411123498146655
0.414735540790232
0.504377316272759
0.935749106572479
1.26782723139501
0.259392583634001
1.44044963646526
0.552223936986027
1.2743879027769
0.539161159165608
0.486785407688185
0.504187329339302
1.55610439553019
0.608703373145207
0.635639187806365
1.29241953082177
0.906191650935426
1.02469299458131
1.0170241295345
0.394594877840819
0.977260345001167
1.00054181610635
0.487005092388679
1.11385599113232
0.392647399126936
0.744105198368067
0.989891209596564
1.27432165459124
0.46545865995545
0.332969611151294
0.74268659742373
1.29434909022123
0.458908663972932
0.204656252261068
0.650241943170921
1.14762885402768
0.557185114731343
1.14308600889736
0.655616718723609
0.571913731964958
0.506520448592405
0.46035074132777
0.53316224583488
0.624065369413173
0.422232295019637
0.512180514089049
1.24482340118362
2.22303621360383
1.87946042627798
1.47753039353216
0.910724863227103
0.669702867393607
0.483612466766363
0.894661905533252
1.38389287447409
0.593894818213267
0.342240618623691
0.621892463532297
1.06540725522019
0.687646289315573
0.50913270309059
0.708407106425397
0.448617714288736
0.330083224276789
0.611708885551912
0.59675741292039
0.547930942196567
0.25697273110395
0.688049148897143
0.375989080905634
1.36025800629942
1.05354605759961
0.818233256904544
0.768615675231331
0.91216838533657
0.387293820794358
1.22354587282008
0.348729652835748
1.29235084302402
0.856694930074136
0.452830550099038
0.380928449511461
0.790509581706633
0.736103606781987
0.757820985248101
0.616988755122867
0.594041766656662
2.45936184741656
0.260491840933075
0.422350823946768
0.654722088757504
0.300470815870467
1.20222411922938
0.944943430065935
0.823181821276508
1.15862086413701
0.322558199452202
0.693824777454264
0.331272071903413
0.478572704770536
0.933170896959846
0.355010321405375
0.606167358238265
0.890071337009098
0.99939951054117
0.38946644294972
0.707276700027831
0.211942225644916
0.602714281461737
0.572059234692218
1.21646164105756
0.881036033830351
0.645198101188139
1.5456821682586
1.11978518735188
0.584541606810999
0.601423876518131
1.45893375469566
0.978657171497546
3.13984664806564
0.564003725871387
0.30006095554766
0.757630549504362
0.217336580079678
0.46204402250017
0.620971656925605
1.62265624692831
0.46558851127636
0.183216436275735
1.24443501322938
0.69488443060354
0.703823737308171
1.3219659291126
1.87433514500102
0.352354085712723
1.12313685031503
0.836706792066673
1.74190638349707
1.1546287755488
0.694196115216476
0.303062911805492
0.577935396395165
0.738758048319629
0.626135232885868
0.962910989191565
0.466403347623337
0.246740913005144
1.66211976704136
1.25681738445141
1.30954820786677
0.932836677799732
0.159142420445617
0.20844476798137
0.475289945091858
0.523261604751581
0.583096332367831
0.212653172120678
0.620611170460736
0.790055916222543
0.705292046869433
0.558638376332898
0.493990352127902
0.555952633449285
1.3191005723063
1.52120657026764
0.286456651296669
0.726935551135975
0.645500962969057
0.524819604332522
0.74369645297888
1.80088276491884
0.141471618672349
0.512821410844153
0.971315074322554
1.277321829505
0.750587546172358
1.86759801398648
1.32672001516932
0.69821611513282
0.69286092738218
0.976902705179666
0.417847632391168
0.889800156799428
0.792276768326863
0.783779289354406
0.546365927926853
1.31103535420401
0.421260071366568
0.737025338166042
1.33830933567691
0.505721091949881
0.477031507698643
0.412047328262312
0.255610565364883
0.469133788797556
0.39042316900319
0.306004603927701
0.776843905850849
0.477254670016259
0.915703351193237
0.854851857739918
0.538516209788389
0.332779472792293
0.462862513980331
0.126661513667519
0.567119118899077
0.623626271518575
0.917940041019802
0.81825272462711
0.368616530978324
0.744314783683484
0.819120734026069
0.539072427271904
1.13611911291051
0.61003256889766
0.702936516068398
0.518242644815192
0.427970880001938
0.449470074538572
0.706258590364545
0.692119556007236
0.613054407975841
0.382804536482244
0.725737936643958
1.12723926019647
0.134987853365745
0.664741256481116
0.748155172822933
0.455295870175485
0.657740249504103
0.512723183667082
1.30090139760019
0.95314206004567
1.73304644098836
0.685271628471607
0.803129286073497
0.719023321517098
1.09315269075734
0.856832184438396
1.12017840530176
0.706635776579678
1.31089635298088
0.575586630528952
0.576874115111841
0.642473804274004
1.08709705913675
0.523976536039684
0.608515617808058
0.641846362520842
1.07402686245502
0.404824882605458
0.36964037528627
0.583512694163936
1.34241244913026
0.634341821583102
0.74846914150363
0.938784424986412
0.612776257664315
0.591440894209312
0.915838990139444
0.404280857578309
0.493803541314301
0.79208153240985
0.759481282479268
0.624680634246702
0.897102192113267
0.799882832194033
0.293329395008637
0.376745659683184
1.27548657708614
0.517533370093558
0.717349896284341
0.319630810270843
0.531523376908497
0.712855231812394
0.528096360599578
0.47530879745587
0.882540281389922
2.42966073390951
1.44333894314744
0.755332896902582
0.64314042714026
0.531708414195246
0.169128677036756
1.57467482500073
0.728393757038272
0.952085168714339
0.585469541491241
0.88008279787713
1.2318387419494
0.17654097248888
0.439623498351092
0.510125234235608
0.906489899601292
0.703766642525436
0.652592503314706
0.596523643532844
1.34420229128815
2.61337780571498
1.6045680178732
0.921235040595763
0.335364824698099
0.645314851217337
0.707827758565109
1.5890714107012
0.751336799538494
0.383614802598552
0.908165647914992
1.0236046076934
0.741080682503795
0.370132355225471
0.35089599130848
0.7440486722165
0.781465238269021
0.259607613404561
0.364252905956541
1.22068261919625
0.621706932852087
0.602903556186539
0.889957107934694
0.406236712699614
0.477334447973512
0.35937075229095
0.70419983655888
0.753198182986692
0.441199502473083
0.517779225659019
1.15917530571439
0.553586010443742
0.499732504413461
0.639401099539409
1.00930880607705
0.529730493053435
1.11439480702246
0.882315372141396
0.46164827513105
0.537567765194361
0.931531925594653
0.542209183758142
0.782063144294096
0.544933843764362
0.376834018870167
0.341798994376663
0.313291057591351
0.961142012647165
0.950607770362868
0.787045046712728
1.5465860178704
1.08619592623836
0.901200451047009
0.761918265603464
1.85286113371321
0.433860653286145
0.495731579287364
0.396013207304107
0.772403543420287
0.696266118782084
0.625984747211609
0.98018881165338
0.760873722087201
0.294526252776533
0.95896780304674
0.383782285767778
0.412997506715342
0.644570668509237
0.770050916473926
0.547386515129234
0.939480387308536
0.483689629701433
1.5396987405946
0.33379046910084
0.739608946958024
0.456154599232679
0.905009222729619
0.828526698297976
0.60500782475915
0.0596946581914876
0.823664392138531
0.684601872144671
0.623169257673284
0.669195310744481
0.252489887596836
0.579718912856488
1.42293269101393
1.68557954754292
0.603002590509568
0.318337156688792
0.236152308779171
0.519316642895975
0.453407546168723
0.331120119024581
1.01000206252028
0.754350817809465
0.669187893665065
0.781842860964846
1.30189964784337
1.75947148337523
0.899655560953217
0.187421804101982
0.666710066230135
0.76183142152325
0.764784215517504
0.387056982420272
0.351042032626772
0.627994417707896
1.20847708310763
0.884126272278569
0.471237049591109
0.697836572175257
0.938013872717848
0.371497780229632
1.5550868200707
1.30693970493139
0.831019229669381
0.484097671887657
0.982688637651413
0.537586495361405
0.783889586536597
1.12636514826312
1.23518631595884
1.05586451452968
0.718993426206253
0.678858294498792
0.531793531732769
0.431393459815618
0.449846076744045
0.169768802227571
0.987337230466521
0.148435710991465
0.801994784894713
0.654187914403041
0.41265606964592
1.29674641164601
1.19342219084501
0.75752546343657
0.601260619792333
0.961107844693781
0.0711855492877809
0.784071389727075
1.0078847788196
0.587343757620059
0.641082415610792
0.559281651160053
0.504683233771474
1.04659574884367
0.905216102196713
0.722175021058944
1.35841753212208
1.33192012456154
0.70302624977733
0.635906930301205
0.574289922391269
0.339885619129238
0.660240727514604
0.240170682506269
0.260755193063489
0.929087648536684
0.398903869729078
0.563438301883061
0.821597581376524
0.681377870602761
0.964403089020982
0.96078383194103
0.90922948495149
1.33633878180388
0.484814787705729
0.195145617311024
0.680890244056405
0.36053615141904
0.609059419389696
0.162289570990817
0.690012396703408
1.00162525252673
0.595271363382373
0.817990330611132
0.939110490412269
0.638332194197655
0.801757968172246
1.20885651460067
1.17554637429343
0.583524370993409
0.531664451477442
0.462915348093337
0.313981858161032
0.748952653091532
0.689434471272954
0.300835956119727
0.223843002581969
0.939441872273772
0.804498882300601
1.19704330802365
0.778829279134102
0.422929672654772
0.639635048817865
0.427107896119044
0.877442568881262
0.473396026358442
0.74806316548155
0.66885057812374
0.288979378815518
0.621157784558105
0.422134241635491
0.654013457343297
0.398705627234272
0.396343144595548
0.652257823797774
0.653747490772914
0.643957812733033
0.74399605967634
0.727129228945191
0.750145200124922
0.668876797389238
0.78891900414521
0.537767857810856
0.548338942723924
1.0619774465695
1.35626590122886
1.16283420506416
0.746879765120643
1.86066277078981
0.554296617819282
1.45731792705574
0.503601057407863
0.459745549079505
0.512342584701042
0.465948383831852
0.669499841071931
0.797895451865968
0.805567170109235
1.27753277276448
1.32354244389487
0.759829450906336
0.675434960758092
0.851432535101988
0.899778722366721
1.33844695342904
1.62520130173189
1.98170668026617
0.726739115288032
0.38167630496421
0.559595980073367
1.18415820946401
0.825836182701898
0.335890940525129
0.718064215448215
0.672372432559233
0.353393334722239
0.579401998806561
0.509759816195692
0.736004845560864
0.407852867923796
0.228975915991532
0.22886657834921
0.371974705118891
0.0322191872407392
0.305255425114023
1.25729515793421
0.741091017246452
0.690219944260421
0.593561143576284
0.498316916637645
0.336048532661573
0.470863553612295
0.467634655636336
0.457369922847513
0.634348725420125
0.694113112181501
0.789126013646982
0.750630834078605
0.600537265276892
1.81498328930608
1.05617431686075
1.69232611407133
0.36753388113365
0.508409542459642
0.536309772775592
0.685581597679753
0.455001776292529
0.498431828941929
0.509531466477482
1.13833205192975
0.237594113141628
0.578239734591345
0.844690641992315
0.26453081832887
1.03173274154231
0.459566664207408
0.744001762350875
0.7222692232979
0.293405606531673
0.584431085951562
0.289109493089535
0.545936485651686
0.428522778377761
0.41942325430371
0.642282427840415
1.6160941925902
1.93394616961437
0.898043950314916
0.433724452242781
0.632741219023411
0.399149989486057
0.708031111708026
0.874208937390126
0.737532010601781
0.786515801117068
0.835554759547324
0.537582750738216
0.917835132153527
0.303907412707142
0.935467502904273
0.845346965631974
0.26142473764477
0.507403092036617
0.901889872774437
0.388194708005797
0.296504469484557
0.74711444224655
0.363037201167998
0.386435258440002
0.26803484238716
0.68479365144937
0.622433538956014
1.08998854538003
0.486746880195646
1.03507474604627
0.765558203547022
0.882208082223047
0.445023531440521
0.386213802438311
1.62581586678198
1.18932119642843
0.19172128609326
0.705447045008616
0.662217381573507
0.690326446917911
0.878020520729311
0.85567982978958
0.0600840316738454
0.420696104300313
0.253450753040484
0.322640348742706
0.836063908361427
0.722529673592696
0.345834556582658
1.53363807769214
0.395170627685259
1.20725577400768
0.244988113317592
0.440370452694352
0.432005421327377
0.870472404525227
0.549681761988336
0.33230407238045
0.67924979551382
1.14571113108155
0.34577052307981
1.09679389085335
0.496390732264484
0.90137878621192
0.468351114267496
0.598411214501918
0.846010426170963
1.02300891478772
0.318829609529231
1.15849852022311
0.639987052721009
1.53076543400705
0.45162398347381
0.229090374217819
0.422367810996527
0.660496111302588
0.71497742219628
0.466976058743011
0.402539364602592
0.491916548928483
0.56541343154905
0.387396234282086
0.617126360233978
0.4589329266857
0.767060166949968
0.695074253125734
0.867217286968381
0.758308875701749
0.6500966378331
0.487948221914891
0.501639321134883
0.494975242311802
0.652953887113416
1.07586048705504
0.414092957779309
0.361788517657637
0.518510387341113
0.313328045060758
0.712784643646808
0.873990332080372
0.296483774194862
0.540010087990681
0.646638128472938
1.14102349836961
0.43586027027016
0.955802789362756
0.854877102792215
0.813030933345437
0.972619726774977
0.842101874842062
0.860815912805846
0.0308493126990911
0.982374584720557
1.30218787361304
0.726748742329017
1.20900197060319
1.23901417788765
0.791579494708901
0.376824199417334
0.312095960481396
0.659615732908749
1.07233476520724
0.679095746056351
0.710516268448289
1.03329907691145
0.516536216255022
0.479982395158061
0.450659820412353
1.22197448700408
0.43199658207813
0.702141988341049
0.695836417386994
0.862103602543601
0.648926267469628
0.752100003913435
0.592831293634402
0.517125691150943
0.916650601074159
0.802859250949285
0.346665705859544
0.421317388510225
0.815999581603243
0.449569265737462
0.571110376271686
0.362132283446131
1.45864608586933
0.724594490065239
1.07125574474029
0.978226573703827
1.12731939950412
0.594576536368929
0.466451954423289
0.500424167491974
0.941728433424135
0.417100648071823
0.437259276007799
1.07253190044017
1.296638341407
0.275851891288782
0.181623200596846
0.693375401070634
0.456796965857871
0.918868754089635
0.616524895935328
0.494325859220456
0.532079769149727
0.802344824150147
1.23868348834867
0.84881985201576
1.93575165949654
0.929877516675264
0.397787794627598
0.804888606737396
0.542168479059608
1.13978499626753
0.527915461478899
0.765539640182775
0.353048777529564
0.687848759376975
0.319814869597637
0.361826520236822
0.383716852855707
0.720881783662535
0.876041568575457
0.439118781799152
0.452007754395768
0.484142219470859
1.28681623460949
1.0884504397643
0.371494061338172
0.592037512553959
0.795887837686012
0.717531711443295
0.607490662951709
0.550771659573079
0.527709686894019
0.74109173593676
1.34400986297214
0.815250164823106
1.17223688721721
0.419502187118747
0.412316695311598
0.651864867424732
0.634495563892084
0.40552271187881
1.16954639880333
0.737101030465944
0.482570256469027
0.906743117672643
0.732704684764067
0.563017394082796
1.03794674580352
0.923415885781071
0.828970160597903
1.56196075876207
0.571137143219222
0.615715724947117
0.606994113981539
0.879684134123964
0.61615130578903
0.427603209526976
1.00152280747102
0.954497489328252
0.695464776061482
0.82612640497794
1.42097914880035
0.822069556388226
0.646277540047658
0.695625045791685
0.542712137992629
0.356985943811298
0.50204013867717
0.683216208824417
1.05050377122448
0.533665004185894
0.431171776558847
0.479175469972178
0.750674192109922
0.404413256103666
0.675730097449236
0.555994344058466
0.586050955283139
0.647976885488432
0.542135887426794
0.82398345522076
1.32504768048202
0.519488141727969
0.694897953131978
0.439478466419885
0.737515792937321
0.869409744240842
0.534726771029599
0.693424164659661
0.458809622254532
0.658702580887656
1.17896692954085
0.807244584527418
0.694862894424412
1.5567282910677
0.683705070224146
1.11634425682159
0.796892364755849
0.800220553291461
0.486785921350222
0.533980246954341
0.388663133419625
0.418190125455644
1.00230029997903
0.955411309029795
0.423833032679852
1.71601688003155
0.600615209687577
0.740928962468493
0.526571329351413
0.584256071135998
0.369990116799272
0.897182448059784
0.821002577318106
0.889514817274268
0.484915936396584
0.597576666388895
0.721259082256077
0.769388974252951
1.87831860633175
0.531648199423378
0.973148529967421
0.78338058507426
1.21034046618404
0.233463752363236
0.722457679777389
1.21551649221794
0.941739049860668
0.879821242433533
0.693794257084727
0.671386163211507
0.500532394663617
0.692236972264616
0.478398495163256
0.519709192834135
0.324783073338307
1.03400331037389
0.361826866475117
0.907075104276482
0.288652630787541
0.566811022726309
0.667699457477289
0.632201639774769
0.715864250356888
1.32644262059855
1.10124361428911
1.17689422787835
1.25004485690838
0.949726112714256
0.994814221237148
0.266792930361369
1.23433286117005
1.24833490751779
0.502420958168764
0.646462624736197
0.708909449009326
0.785023221770093
1.558912403583
0.810404969746571
0.471834420062412
0.446495493653842
0.60295325594059
0.809456417736717
0.697053359466598
0.772661269366299
0.451585734238779
0.858186609887714
0.717849233239875
1.3034328722461
0.528281445231375
0.677021279909607
0.76536957571753
0.740224800896954
0.625176262314578
1.23255689866034
0.603445045601643
0.0502747386588047
0.381657350736984
1.41256477861109
1.20285808182928
1.32880783366033
0.549712540177031
0.783791539853779
0.460819551121611
0.527079930210307
0.513264241007317
1.32339534461044
0.744861695730412
0.486968052618743
0.615810904859883
0.893000405077231
0.930118329541008
1.08995532573647
0.98254363966634
0.693249534982725
0.683431332122638
0.282423437902667
0.439382712061894
0.532260075747698
0.706711213523463
2.77097326791419
0.921504151170814
0.919723007942233
0.856320585692807
0.946106585540462
0.563861348446721
0.293469045076991
0.29313980305631
0.647653952987861
0.556574531964339
0.486400944071087
1.18483224359412
0.650235588331232
1.01538833589952
1.04307044429278
0.578329918032679
1.09211888334626
1.16621649828011
1.00256638460041
0.247562817447189
1.00746415417952
1.01914967411571
0.271006803917698
0.189922206212
0.488018189799713
1.46378343896768
0.4427674099744
0.560539844838109
0.925801686379291
1.1843439002988
0.589526506711127
0.4925380527765
1.76858906853747
0.255885935874086
0.92757605741128
0.672507331312277
0.272655432401882
1.55811834261509
0.864242057661432
0.633525013213925
0.540373984362802
0.64181364458181
0.741552435216016
1.36517818945902
1.09291467702275
0.415827586447733
0.773321619031243
0.406786164164405
0.881071503736702
0.532039780002358
0.762389370049932
0.8272457760287
0.404253906992683
0.556506603925068
1.05913105726384
0.366012347052507
0.644469108435384
0.426531474476042
0.955012562895612
1.11418122366667
0.923761902019502
0.394206490988602
1.01406696917865
0.558513616859057
0.642993446299224
0.863595115264196
0.605654159057152
0.773683858663953
0.491762228923719
0.598088815098903
0.458488857446635
0.949151610492655
0.687737900378236
0.531644911861827
0.516829584609333
0.291656013537748
0.663727877203861
0.653216002311958
0.676680546357753
0.433852274810253
0.781026770396447
0.959811860859842
0.942320739057154
0.996860977522175
0.526524725131422
1.06207634311335
0.995443457763315
0.510640808342279
1.09656464405525
0.420304568962225
0.588704931466035
1.78616120083904
0.33721336033037
0.898509316556104
0.471047324159523
0.572443442095921
1.18080480967668
0.775032593418848
0.695897088120347
0.749614529840165
0.346635311683175
1.06996857993503
0.340358402344358
0.378439310954286
0.876654983653999
0.651094273413311
0.575492507508186
0.692816504969763
0.613184045206239
0.344862563204894
0.427866702650704
0.493259507278404
0.450414953328027
0.379833962182815
0.768009847440973
0.45827455012784
0.485150488006474
1.80472546374313
0.469900936367363
0.240077171992091
0.366090578006697
0.431719507202306
1.34621502278121
0.591536117652387
0.3789672717749
0.329239374554688
0.79303877227326
0.707585999577872
0.762392773588829
0.389792581203323
0.544941501657809
0.890885828089231
1.20769715402548
0.975570641751359
1.64283157808422
0.564864186395083
0.422515198097846
0.317449354763781
0.294691807311708
0.510932955320371
0.757991905753177
1.04499953768982
1.03057385494165
1.1515107487343
0.558023494710787
0.529875242920021
0.591290772700317
1.36982321005139
0.930873081943055
0.819457795780445
0.305747397036326
0.752161770379429
0.986688218270356
0.742683433880465
0.395133270485795
1.2370774048998
1.49988032894713
1.22219507150201
0.811387392007048
0.470420824025731
0.375966096909019
0.692602065738061
1.28094161102051
0.706145003432749
1.12553604176056
0.576512350540537
0.399756666014847
0.350126980734819
0.671252142029467
1.25660607269451
0.412323167855811
1.26683533011247
0.9093827119911
1.67629705728749
0.408259412319703
0.970066823181164
1.21845985556034
1.08772477874289
0.304678514241316
0.754703588268625
0.690885124922742
0.508205666442417
0.909809973514293
0.316705347769694
0.761274181605572
0.797129137630244
0.611965249801775
0.399424735800246
0.697892046225502
1.26358753278148
0.525148200036252
0.358397913827459
0.316263517103098
0.557067283978832
0.376233067481282
0.822287677370918
0.696145037970524
0.807453924703218
0.660292233215835
0.597436539717255
0.632971311293402
0.911860388063761
0.694652579384538
0.761656962497343
0.919794890115365
0.256804261721201
1.19865391554072
1.87926666834771
0.904759338600752
0.525375002752468
0.665939535431373
0.592308703970023
0.438388871601637
1.41358535540064
0.49805661195648
0.501647032014947
0.771828005251046
0.512553995171587
0.26670304137294
0.809392037740329
0.508744542248045
0.378003043493052
0.98788638046797
0.532479448632716
0.453368050429342
0.36661212721342
0.499231031383079
0.931429791673174
0.787331801155607
0.757930180361755
1.19707191194968
1.00807719832961
1.18296352757006
0.29400378751611
0.157867887712418
1.15534136648893
0.194307487971683
0.517976773787081
0.486150946986717
0.689758608155771
0.962952238042402
0.339401104671788
1.42327573814582
0.710743824980905
0.767075886468606
1.02617831785944
0.375284625590585
0.502133195428803
1.12251861937845
1.58380962854229
0.495843274832397
0.798326521363753
0.641135579314962
1.09869886774607
0.964643909410444
0.845297149948842
0.897579255027143
0.62034176254931
1.05062413561901
1.08705750999407
0.223191587012601
0.934538849734248
0.530369072686011
0.987291641500009
0.587667235604872
0.383983569923305
1.3262831828106
0.520750553844881
0.80739996717693
0.552534280199477
0.618234149276334
0.807015557970758
1.06619024449224
0.460500950428196
0.473863178814888
0.289859284966863
0.413172585518282
0.284963491407097
0.452184322051138
0.66516301347326
0.861938681427892
0.927421191717979
0.416986579096394
0.733157156452782
0.941649723300607
0.699780775708012
0.482887300887989
0.497196933003005
0.578304101303774
