50.8009009887524
54.7507107972456
49.8305058283424
49.4850163396964
53.3595902020627
47.7372064384472
52.744130594202
53.6384837327742
44.4067190966598
46.6168535784945
50.6528752452516
42.2576387809781
44.715191113964
51.6139507953796
51.2299648206523
51.7795150552173
54.1192423451884
48.6663932221105
54.4888083238213
45.3624942140767
48.3797773847112
50.723408231954
53.879370236351
60.7183867412189
56.8476614334669
44.1996574981431
55.4453219878735
53.2793889812807
51.2502242275404
49.6175403206818
49.0544316568405
52.0609510797713
45.1768163418794
45.6104936072266
52.2583138424279
47.4638850079574
53.9524222366494
53.5933906301689
48.8140506073185
48.27695507353
50.4652108380293
50.9010558191487
47.6879490795232
43.5838959201764
45.9867085938848
54.6646282060243
44.7589465324815
45.8298481339993
47.8752074673055
51.2269980910649
50.2554937948887
57.4377743111025
46.3211109100534
44.6104033855314
51.3670864726713
49.0323794369683
52.7732606615112
47.5026298881972
49.0849868681457
50.7686770602653
42.7975068477801
46.8172691461304
60.247184709978
50.075548230138
52.9755853539406
44.4287280307651
51.113143198018
44.5541855976406
51.6051475727781
55.86040916636
42.9925153847376
46.678319289414
47.2534570427655
51.9819765200417
48.5365264903655
52.0081338395077
49.9006422299689
46.8514514182546
46.2786871298934
46.8999879808731
53.7496047602552
50.701619044404
47.5986634527039
50.8266640010556
48.830902992431
54.245045032077
51.7398424974383
49.5312046494172
45.9924843813627
49.3463965601776
58.9981181917762
48.2962219549069
49.1866504284432
43.569447795373
46.7911314723394
43.3139273126988
47.4380990708628
54.6035233709582
46.6535709784747
53.0930727796448
46.2091151201729
47.5292075264041
45.1726223953687
46.3137716087834
58.3756990062822
51.4057115514025
48.6320000686915
49.3007782945731
49.0779762879428
43.1276095223778
57.7056863380334
44.950632142606
56.8878924358549
47.4432613781323
47.8321405336956
51.100197153036
55.6932574481629
46.134671384557
49.9007315987184
46.0409665876897
46.5634792733829
52.2452244122403
45.6702845469944
48.6865398977644
46.3599030244681
52.0655000787844
47.4984479382885
46.8516132670934
49.8990014732446
49.5048846055867
50.3703766404295
57.2858352924353
55.8577292948526
46.9560640736249
51.5201524172305
56.0402688666457
47.0735464386135
49.8955139463142
46.8139849548987
45.557885114186
52.0867371713146
59.1748252595972
51.4006578165696
53.716727878433
55.1687096677091
53.7363377060205
56.892389330279
48.4676981706457
52.9765414586067
51.8543805465264
45.9731805083636
51.9415670500038
47.4997278500214
50.0978305824777
50.8925084595487
45.3384777561159
54.293640856751
52.4458534981779
45.1198475564974
45.502463978029
57.2846903010692
51.293851093681
45.6484970188198
43.5122283130156
52.0044180712887
44.1283138850846
45.7189204076248
49.3349212030865
48.9472758117605
47.4025978627407
47.4724457695195
51.1757435802839
49.5428109445945
47.2665008814466
51.5687786466836
44.8404348308074
53.4760140003177
46.9189940149467
52.9929790419032
47.2999695457291
45.6761960437654
45.4981293791916
47.0314136444002
46.7341917821037
46.7018149508514
49.7686605383451
50.8490519625108
56.1246270343904
54.3137646574623
46.7480010068345
55.1860684273037
44.546851490125
49.9158443199594
45.2909960033258
51.8626772411415
48.312963146065
47.8702676207028
55.8433495648742
52.6946111914845
43.2773548998574
47.9231167070056
48.9591625918371
47.1644318036785
52.7343699141169
43.7730987083812
44.2574489939675
48.8781023161449
47.2503444523606
50.8351835554462
49.7144808690462
49.8462965209646
46.4729282850351
46.5525189760246
50.7682738425231
52.3532044147344
46.1277859700643
50.5673784126798
45.0734240167651
55.2975086888942
48.2065083812754
52.1814904766713
57.3400077497479
51.3098784159095
45.7869402953836
49.8900761440381
48.211281865332
48.277474351795
53.5878019725157
52.4742341409485
47.5738613870053
47.6744473677216
51.2924043941437
44.8689651096116
52.8234503916724
52.645213411243
45.4126942896519
48.6702328127612
48.3221918403174
49.9503666743543
50.7324423779386
50.2785163807046
50.4547126766539
49.334928376324
48.7540294219467
50.3558029703251
51.4071176107033
45.6249316346152
55.9571500663651
45.6052145045904
47.2748746736272
52.645988079131
50.290088407692
51.0792343122745
45.71656859081
55.5668092341772
45.412128178749
48.7374328821347
49.9395754205667
48.510577404055
45.1776256794073
46.1658552164518
48.3092861356961
45.0812149277448
54.6852196598286
50.7302757602227
58.4642478380605
45.0013738294815
50.1102296486493
54.5533991150437
45.0560321464392
55.0999361077343
51.5910755652054
51.464695376911
47.2043469518331
51.1750494138382
51.4950038099119
46.2240859680572
45.6014609653525
57.5573561040472
56.4446193929686
54.6391734798053
45.7265335708149
53.8381644020216
53.4851487701822
49.4779489329925
48.3424935489055
45.8299364254282
45.6291495463919
50.9114633300204
54.3590567780425
50.5145461339078
52.7305803610532
50.8945621386253
44.0409578172477
48.0212740443955
42.0450977099928
51.7130430733721
49.0609013010327
57.2335223541603
47.8987552582449
46.2841522148793
48.4669987796073
47.9918657822149
48.1441347954989
51.2971263206724
51.7464265693476
45.7263881505042
50.3114562217605
62.8380881984931
54.0076654339198
58.5958729852773
50.3320005675656
54.9624161472612
44.3163384210651
45.330875371579
51.3907063506757
46.2276974836298
48.0122022504621
52.8937697711691
47.7114551121683
49.6087153645435
47.2485305923644
48.0789977050224
51.5139308396002
49.0377358893979
54.7565178483776
55.2747948526452
52.872776384347
50.7120704030117
50.1866343706847
51.9267598601418
49.672354071103
48.9989157218911
48.9984099160328
49.7569900604194
50.0895889967812
49.0711674043283
52.0578874816019
48.9436647004864
50.2451769587303
49.4775888940506
54.2051452861218
46.4512199508687
49.3361982654746
51.4415358150504
45.380286955897
48.2446290243069
49.0226187302843
49.0214729259906
44.708719992722
48.9110042815902
49.5781619479772
46.1324025621915
47.224658520941
49.7373014611203
48.6285979538727
46.04072602214
56.3712933101325
53.5554088953208
48.5391369803694
54.658183112866
55.031493201742
58.1771124373473
44.6004084043631
46.446703207584
44.6742552991928
52.1350039706354
45.5513542389895
46.502999774188
47.8331717851958
49.4413274243327
51.5641723393296
57.8351448581182
55.4408008213118
49.496492509679
48.7644806981141
46.3229585041309
51.1171542070587
55.0072383614032
49.2518722014551
57.1624543480832
49.6281938624682
55.3760130658884
47.3288232930473
49.0030266688165
48.7372879348103
47.9062283578894
44.1897036935447
48.2742260479645
55.3090916675235
53.1406175480801
51.5912260366314
45.3298797010068
47.8242351857099
50.6857416896213
46.6214249103539
51.226836563064
47.1441646469767
51.4311178265739
43.6749194359959
60.5112004289572
49.5995768672736
58.3670874466555
52.1327548719305
48.9934195832964
46.941173836741
47.7360342534028
45.3248261076853
45.0332588676942
46.9559367011472
52.3771446098151
48.6902347028459
45.905891843973
48.1503843922552
51.8884056411877
50.0626128765786
50.774573389688
53.535241181094
43.1626625836933
46.365344297294
53.1254553306439
54.1339657371977
51.5706716303286
48.2788563454838
51.6548596217987
47.0023009269626
46.9171866469225
48.8581624539739
46.2224488019576
48.9112435778051
49.3791009841312
48.0067397169161
46.2328262622195
49.0843786644113
50.5845395444567
45.9368010133054
54.9138323726964
50.5605134241627
49.8677561327822
50.2135636627801
53.5520844243502
46.0047765055636
48.6456236345642
51.7847057563286
51.5941468067409
50.3180947720517
51.3731038787477
52.3807925349803
56.2118357328399
48.9105234025125
56.4377615697908
47.9837246440945
53.2802468459512
59.1240867933379
47.4804094053514
54.6118315241004
45.8938378581687
64.9811578873276
46.6587001367242
58.2837488203183
46.593118991651
52.5492479528429
56.4647566174692
52.5095675683912
47.7070499841998
46.5922620146656
49.1072771637176
50.3869959016029
47.7163625920962
50.7937093425222
45.1757564968801
57.7074623742405
46.3653512092656
55.1847941917556
50.4480011430978
56.7167881632882
48.6318173739586
48.2649169994573
46.0541986799862
48.2149196286199
49.5549094418902
49.5184181249627
48.4237152575554
44.9640297398162
47.8871647243241
56.401775168697
48.9043717506234
53.8787387306962
50.3303485591749
44.3427805852395
54.1263958342233
52.4678857255036
48.0516751626562
53.5160897120983
48.1666561768427
45.5878386624443
47.7223723174841
51.8750708684966
52.6654533139479
50.5871807304488
54.5899697434719
52.1791936126466
45.9954261638816
55.6396966690442
54.8709309114361
50.6606192016099
46.7233818492782
50.8676693505091
50.984089476955
44.8644842160346
48.1822106604912
44.522854219363
48.4871375857459
50.9997809857773
48.626871205403
47.6476597737388
54.7063526713278
55.320425017952
46.0670428185819
50.2899805354194
49.8802192790184
54.5876483943933
44.5226985859028
50.1650013497136
57.2857893941149
47.6552489161657
59.8745332899995
51.167708439161
47.2613455942593
47.1842188208101
44.5361076112161
44.8984868359836
50.1966392214194
48.3479270907956
52.2184052465808
50.1181324904667
44.333558972952
45.5207586373365
47.3169846421109
52.5748766376734
46.4391554888752
49.950820998986
48.5376382714524
52.4003987284043
51.0491116217066
47.402826693431
49.2865173000781
44.4156508400847
52.6814685952919
49.712328182588
49.2446460747265
57.2497092440386
48.0680936721039
43.9424983267796
50.3495192106828
54.0345261928042
54.496692392162
47.7297034858301
57.3011726309785
54.5254954605188
47.3127377353372
54.9861197677385
46.7490207971201
51.1979682094147
51.9406316061842
48.034001000922
48.2171873196574
55.0053764919514
57.31362928544
51.5022614284957
49.6213367252947
52.3167113002119
44.33825453593
48.6629339279507
59.8986912439727
44.0349419764925
45.5943442753087
48.1529469922831
50.541755248544
47.3643059222627
46.9124268536965
46.4893420655993
49.4279786304613
54.1531679836264
53.7413946439305
50.5289587989189
47.7012851623611
44.4637693758241
45.9885078460833
46.2412382551247
57.1735596195425
43.4665195436774
48.2854085014026
54.2321989511866
55.6092565934508
45.2711670346023
45.6213684364323
53.1475769731051
48.7210173699014
45.4792970587588
47.6811712287194
52.7721996356543
49.3322627097542
57.0754495919462
49.5686737535958
50.5543461340319
44.2797524739146
48.6043751893466
49.1813918604935
50.2308284071637
50.8945095316118
52.4636086005329
54.6906457103396
51.3528872718286
44.0985524035836
57.1366618432388
50.9322605769841
55.2789828255581
44.6190805771674
59.9510534344331
47.9147016185544
50.8197841903017
52.0206011739343
46.0243209995175
43.6846430260705
48.5519874084785
48.9088300366637
62.5347483207229
57.8357592110818
45.7976245878224
46.0252018490467
46.2167801583823
42.8802834784772
47.1147150892791
59.0012383699225
52.0195595714932
48.1475227507428
50.0613103738375
47.8319803390606
44.9198333895483
46.6321084402214
52.1360937682464
48.8659062759649
47.196274692845
51.0493875619335
47.5301551632512
57.6106294065062
54.5223893948959
47.5087715307899
44.8523376921219
50.8720670820406
48.6948525188427
52.5637678761511
47.5661751065
49.4090083125545
44.3646257219916
50.080625232302
47.3157669220727
48.59553279812
51.1298044759239
50.6654111170353
46.8090521762833
56.5686176732753
46.1013183174031
58.0543716816978
48.7302849971164
49.1564048748152
49.3518848977456
49.1948303385486
49.6672307409334
50.6610146575428
54.8773644351302
54.4205502292278
55.9596069257354
48.292831825968
44.1621939695252
48.5353077678286
51.7939696767564
73.445121106998
53.771788605424
52.6397912258546
50.3456490449377
49.6756510089821
46.6088034990811
47.6111238963111
46.0910839594122
46.1332760112817
44.389354353603
46.9545078110906
48.8230119231217
57.9871924451502
48.4062143850673
44.0813968836407
44.0171043904758
49.9960408252805
54.1653003542598
53.3462158632802
49.2750783358786
49.5848605545616
51.8437053829937
48.0273958852647
47.3512383947493
58.1582000765181
50.141590550696
48.5225363937489
50.9527098774337
54.7199710446432
45.0473590419496
49.4539743355354
54.3511335716731
46.3768269916748
46.979615993818
47.5401470879858
47.2727654567688
62.9388802506279
55.3378930859623
45.0054971576691
49.3728980686182
47.7401662841702
51.3193773925426
54.1458847487937
49.4231340418995
48.2648922067275
49.7890702874231
49.3097051190359
50.7992714408069
49.7236161266128
46.8713934557516
47.4464448566889
47.4377124754803
46.8164186002448
47.0044646498519
50.8249369933653
48.5806504686377
52.2156096845395
58.7953918128149
47.7756511862092
52.2296436201097
51.3694776989965
44.9015701218377
54.8955639454351
51.0250671749153
54.9507030285739
44.8639741954795
46.8399615320732
44.9955863150487
48.8040643087906
49.3789317941373
46.3413194093787
48.4941797627399
49.9026637915449
51.8539723082602
43.8300669400243
49.8419535282304
54.5895315648788
48.193039439591
49.307077457072
50.231389097295
47.4469894239836
45.627629437685
47.097909982216
49.2743538255577
52.4133861712885
55.4583497545345
58.9408413952796
45.5135341688904
45.3445444901623
55.6593763413819
48.4848739956051
50.1111380029732
47.4908336724545
53.8536418892096
47.2752358673131
48.4325869087803
48.7262862522158
51.385926360133
51.8794708237263
55.3846328012774
48.9213641619166
55.4558254157445
49.2038317030184
50.3124632827458
46.4956344577686
48.0508609805346
46.2917150873271
49.078106786261
51.5471054468214
48.4346077491873
46.6416221395105
52.7111041447545
47.9842168693094
47.6407956722289
47.2814741717713
51.2252104156638
51.0562138070353
52.7654238190324
45.2405667535175
63.6232826479651
51.3742849041908
51.3644715852671
50.2122230389119
56.3471563235446
56.4906801480578
58.090922158697
49.0376003659815
49.8346566530485
47.3409443304057
47.7873534300838
48.9812872465439
45.7336235211316
52.2651653210874
50.7768287608238
51.7308214426466
47.5750141946047
51.1482794022657
50.8220603700336
48.2509140512861
46.7976209944263
50.1102397612946
48.473681277217
44.8429596263151
47.7705128839849
48.1782451129164
45.7659367274307
55.5445040979223
47.1844460039742
48.2379535191039
55.3234774878001
46.2871155741055
47.6892854652932
61.2374510255287
50.984108625753
44.0946707814016
48.4835224532141
49.0939086823724
53.2262958794124
61.1111589697485
59.949500173191
46.567526158586
46.6983656529233
47.5518924808407
53.4984711206586
54.2646299881178
44.1314723756635
48.9932750005598
46.4905088156077
46.2009519130964
44.3735775910886
46.9121136805721
50.0535842240922
49.1828310149839
58.7890718385695
44.70930007898
46.6630720999657
57.3284615717391
54.0103726496063
43.7700287442725
44.3353889967717
47.1106495715621
46.463371254188
50.2566943693803
50.7702266995517
52.6737186875999
46.180197801063
44.0649033594259
45.6028509550973
50.4880140628659
48.8103717411468
47.0829561255155
47.4437474809487
51.4857984968873
47.3500006001782
44.0213088660063
46.0935920617608
51.6416718940948
46.6497435200962
49.3922691007215
46.2143678632632
50.7793168029285
45.9759255288171
44.5310919918653
46.9483066174451
53.3897783010446
51.8840903129456
46.5385909483925
47.6289760226576
55.2222388209431
48.447436476868
66.2130632378896
50.562291820356
53.8434491442515
51.4186142607955
48.9110033389014
49.4887300696845
48.0742353884645
53.8561666562652
50.1409042110383
52.7727150289989
48.4628849759926
45.4922616550691
48.8465522474691
45.3619291274897
48.0091865344558
57.3513953533506
49.6819525636251
55.6082081725546
48.8401040756948
50.7827590596852
44.2112002764329
47.624700098616
47.2426512316891
43.4823709021495
48.6367380777586
44.0628521383028
52.4286886030515
44.5875042947272
50.132125349149
50.7002031566349
49.4134140866521
46.5667572841629
49.800544091701
48.1185136483513
48.6616149015646
48.5648628960447
52.9247605161055
48.3888467953966
49.9546419633137
47.5981523079195
50.0048663887305
51.9461059977458
50.6875587449377
45.9899767833614
64.4671867520924
55.3047077324176
43.9546736187434
49.4182087897044
46.3194491064544
50.9304807420098
47.9021119114303
46.0728315922938
48.6727657087115
50.9086897691982
61.7946424359993
53.5792640699807
48.3570419906016
52.0204748411701
46.5949164375551
49.9127153296073
49.6463478222408
47.7124410743246
46.0756933641465
44.8934284316373
49.4364322707525
45.0443588917388
51.3316940805894
47.085335074358
51.4564397257385
53.0810381895592
51.6335583841015
52.85681888089
54.9682266705251
51.0654222492868
49.9199371474027
51.9260553006866
51.2673462358281
48.9735569455176
46.2206483730991
49.5517906890223
50.4031969693395
50.340078941568
47.5057003108758
49.6492663173035
52.9308416538408
44.4622493203592
50.0765654463731
46.5117126300957
46.3202936988015
48.661207261235
47.0123077441901
48.654013982081
49.5319730106789
48.0652227569323
48.7872191778416
52.9178684866457
45.4125669310566
47.5929128826333
53.8501153733898
49.3124465317356
47.5757311695242
48.1832333123911
46.6929108019187
51.0618658168364
49.3360493333769
45.6257112327675
48.2795840375411
51.0032294170721
47.2837414636205
46.7690855519549
48.0672118028707
49.7202736872932
51.2186891546411
45.5934235760539
46.6402995544456
53.5532711520628
43.0717564901135
52.4102740116976
50.8269475213103
49.309268159354
49.6068560755074
56.175699656519
49.7834247286046
51.9731290638025
48.5390094179118
45.124356357738
44.8827409844542
51.5654047823648
48.1555199686964
52.4883896927801
49.2981157490213
47.8524825543256
48.3261293162777
50.4939479575195
48.3916942257607
49.138044249341
47.440973974202
45.7324857521253
45.1311246172604
51.0763254609024
49.035053470014
46.5174775401179
47.6352945141275
45.6311587738267
49.006509442883
52.1798970129367
48.6658724251896
51.7916364320552
48.6233863688805
47.885648118598
45.1242133054155
54.0198702346417
50.8177514098708
47.4458495267466
48.1220030192155
50.4468333225122
46.4868352791947
53.1096059996767
50.7628304741841
45.8363584013145
42.4019487763007
49.0547759084645
50.2587942609899
50.1764037346503
50.2276551740456
50.731688738537
47.7017926350643
49.1915442673364
43.3118080770554
47.0718922111334
43.3565946737581
47.2737186829176
51.4214540032278
54.882312128409
48.028201736673
48.3685011870984
53.0937024514338
46.0797185095245
52.1355189037161
49.6152062804296
46.4208277788706
50.5896604656061
53.4794082077679
50.6738439269442
49.9504440271023
48.3860536690541
55.8254296768564
46.6896093223826
50.5561692954414
56.2202052137956
49.071657520915
51.0766446385605
48.8233736365024
51.2794367606268
46.7660690987556
44.1693094837943
44.2672777571443
53.9462886502271
48.8178869411717
51.1314327070056
48.745999721801
47.7102684111394
47.7613479818697
46.9678388585701
50.6332125112813
48.6812631976022
53.3398645161794
50.3441673614073
49.3847184602881
54.5472644159453
59.8685090059318
48.0862976359125
59.3699683303406
51.940032069013
48.3761326199637
46.4878731268113
56.6346549827617
49.1053653071945
47.9071993648728
52.3388859527742
59.1486918173336
52.1933777729436
47.6976816831251
52.2388705369269
46.274126541043
51.5958374038992
45.7154345305273
52.809509762203
62.5800777131789
49.861327927083
47.9906181193044
45.9195826333691
48.548080572777
45.7667727976558
54.457703821398
50.3083443187781
46.918548287098
47.7542391921869
46.417022048944
55.1962976451766
54.2562915564511
48.878255555977
53.5606751588374
48.8563953792618
49.5336206583867
50.5009407228461
51.2973637333519
47.8925443827903
47.3292409684864
54.7468584396872
49.9409393124715
48.7971308740568
50.9274384988609
51.5062764096929
48.0467522701429
47.516426933355
56.5295533862736
46.1382062297869
48.9777853353136
47.9615271972226
50.004589725436
46.5346781584052
67.3520754498738
53.8695538592239
48.5480747007632
47.4679672522505
45.199312009264
49.170125454257
53.4451256852258
49.0801200618545
50.9763376882339
47.2847826676835
50.9576812503824
51.6615440173155
46.718715570816
45.6156825519513
44.3849721957444
47.770557968511
54.2327618358615
46.981702065153
52.1626923640897
50.9894019222561
59.5857920911293
51.3365569896721
48.9412443473973
48.3973257569397
52.5189425849555
50.2441022951417
52.0460063048434
51.5690285682727
60.252847824228
52.6044039468291
43.853341068503
51.2132311852861
47.7250111632005
48.5820818924039
49.0698870494457
53.7664517210541
64.829245411595
50.5685096488745
48.3447814760926
51.3516956147265
48.6786354511917
54.4353478815682
49.1136930661728
47.0902716215332
45.5748364840236
46.4567481435179
47.1691146087347
50.8353232054475
59.4803609545548
50.2962952770673
49.3659372932768
47.9127703306716
49.7753914369305
45.6978681406889
55.0178196747457
48.7351260949338
45.8293709941301
44.7738817835279
50.6041666673339
47.1825061257903
45.0913590853767
60.0667032854649
48.0196025812255
46.9234048514021
56.2007834554467
52.0837496047038
43.6065760714963
56.4212189617556
47.7734348284338
52.3781867415528
46.6741245917605
48.525884029899
52.2555212457026
46.039738342177
64.1974260535179
50.0466182223498
44.1753113115222
44.5239231741271
52.591124421562
54.0264088677424
45.2481836321943
49.3115011783849
43.6145482275765
46.4086718918453
53.7725852305306
45.8420778559377
45.9056738137713
49.8036025184001
45.6335869467196
53.0437819300142
51.4059185556484
54.5336767027419
56.0731415556127
43.894610068955
45.2181652882144
49.0444446562391
47.9512932177133
49.2045715374073
46.0155199221925
52.9637469817168
50.8216972253257
46.4917098409342
51.2527075667664
54.3083500863276
44.758260304137
60.9434135688149
52.2072893809745
62.449445759542
44.6660678064116
50.9860975395041
48.2703670822513
45.7400493612865
56.1489907744082
44.6655175334632
53.2924215181766
49.8963489178992
47.3603252600368
50.1216174414784
50.3948324781163
59.7048175326403
50.1304964995709
47.7706511870769
50.8109868980188
52.1745510354597
56.2236014249071
44.4811556636951
46.7876027085423
47.5203498763409
51.3534716219848
48.8856847530899
44.2614787438901
45.8308113597607
51.6451478585528
49.1277236568561
49.7426950944746
54.8727453643532
59.2834388357835
48.4363866647598
49.3200133128596
57.7290109259395
46.1465959663188
47.8098483244787
47.4232200289128
46.8849942552428
45.7655379420226
44.5292943678875
48.7475899149498
51.2852426239154
51.0304208879576
46.7528128972073
48.5332987455399
53.1824229924222
50.1288546460758
57.8266472799348
50.6733772651959
46.4535060643276
50.4244973449735
46.5118892466099
49.5302552505715
51.0415560491337
53.4462037372889
45.5354916025718
50.818381812965
54.3267197011071
48.0403157972498
47.0332925646189
50.2697117145531
48.8771068944221
45.1697075301836
58.971034177578
45.5625039841158
46.5705685921451
59.8573918044711
60.6897001005088
43.6141200950547
55.8888221338681
47.2674862799639
55.542899158039
45.8646657236174
54.4408967750545
48.660555273833
51.1546560907743
59.1726318500119
47.6044033096291
43.0030846457539
49.1620318629553
56.7403275053327
49.5381909029926
42.3924860767712
59.0211092179658
44.5440308566398
48.2505128710786
47.6031987720796
52.4224599062097
47.2096222368333
54.8116009784305
45.3023259439789
48.9637510052989
51.184436424684
59.7844298346196
48.9986238318922
57.0087429077077
47.7305848182639
51.7886765365363
51.3180979614675
51.2664571215936
48.5375224719286
59.6007733921575
48.2385452589529
46.6121086830122
52.8872228505931
50.3171967614859
47.3801206672761
52.082820630136
46.1083387005914
54.0244012860515
51.4948893008749
48.3450948875341
53.7517795058636
47.4752302753344
46.4992768789006
52.5547938033518
45.1809847706976
48.2039141505611
48.7423485819632
53.0852101440076
53.0178203424106
45.5031581819489
53.518741050507
51.5196738244043
52.9202087447935
51.7867132637776
48.2831570379741
53.5928356880388
43.7504406617468
53.3153497154166
48.7335510204244
52.6977477175509
45.9171483853154
44.9148262313192
45.6295336013944
58.1179127368268
52.9858537844829
54.9946883367777
52.7015589376082
53.5372544467943
46.0649061157124
47.9010147920494
48.0448343522259
48.2315646894058
50.6353363633142
41.7169700399343
51.5734984519706
50.2070232071939
52.2532603001323
48.5255976728671
44.7343277163192
43.1686041127416
45.5530630567865
48.2705167791711
52.3107835615126
52.3473391245692
46.8197197357336
50.9662009615824
48.3780085896253
43.7774316882873
50.7023895765914
49.119027652989
45.8863133644156
55.6698880331889
48.0152174002595
49.540676499589
45.6254237592662
49.921058105211
56.8310875777858
46.476293308741
50.7106487363271
51.0070703521262
50.430337286735
52.4027035449654
45.9713697514093
46.3876157102317
44.3335729859869
48.9151157437735
50.0580472320691
46.749403013731
52.6755962628306
43.2951047955227
48.5586326403215
52.6405667795
53.9590539717769
48.9219545589012
46.39180365605
53.7399998664734
51.2833203696313
51.7049706656279
52.2503051827676
53.9293364527673
52.5635535226837
54.2368114275829
46.225665520436
48.6083849340076
51.5458862280375
46.223979844922
50.5180701679456
48.8173779480531
51.7459578506312
50.2535992765722
44.6368283745123
48.5051227348775
44.3313185177401
47.9594329576672
47.0264105661279
56.9055866746313
48.9141997712644
53.3804064031333
51.9104487038154
48.6493471004639
49.5031390263514
47.721566080148
43.9539811731428
50.2594534507418
53.0450457053152
47.1089181509198
47.6435598125515
55.0317178897123
49.0427872107301
50.389028712077
46.6544695934339
51.7308438772206
51.1282985528442
53.9429526471762
44.5970486240109
53.3343519362803
50.3742782061165
43.7010502056565
51.2661666838449
49.1451846246441
48.2610501889946
52.1805115683669
53.9774542992414
45.5947886402937
47.6311430764011
55.1350610015981
47.2067548755045
53.801999840626
58.5236273541812
45.734417299212
48.2106516130846
45.837246804134
47.9536588055706
49.4011366484511
55.9376021841727
45.8642695874605
46.9511868424199
55.4962664895833
48.6821520059486
47.6864307803689
48.6974110469216
47.2876835133763
46.6170439748592
49.2704858094899
48.6684258912258
46.353543006224
60.4343622083172
50.6535340519003
46.984505144528
47.1289772068582
45.0214129250895
48.0231517286993
53.2384874036145
43.7622550866699
48.5561606986809
61.8413145331686
56.9620215028246
54.1787112726987
56.6143755317096
45.5983462236407
46.6162836565543
45.9077380250546
50.2990980117702
48.4542350738472
47.9008571793142
53.9125181719615
45.5298875626647
55.1938319966364
50.1565770357384
57.220380270772
45.2002570262454
51.1727271148977
50.1392146617622
56.6048083306522
43.9019067030433
51.0561823929418
45.4089420945613
46.5360492189221
54.2485731499393
44.6780165408931
47.9204198530763
50.9936684474665
47.5600156499767
51.5589526674471
49.4471389733737
46.7619023315568
51.5506576045612
57.0516652798415
49.6329582062752
45.7722271171949
53.5432173143874
49.489801406649
46.5045058754039
52.8283086255935
57.2796258575917
48.5256389573615
48.4439716781664
54.3438339399692
54.6150042627634
54.5733206403422
51.1249439380088
45.208115143462
48.0306847554845
52.0197536622956
47.9017920965109
51.0567697428713
47.5539275152854
47.2881282940267
51.8655520900149
49.3043753363524
48.8516440738111
50.8869247892481
51.2224046634981
53.3401309719798
53.0616389032168
46.4177379008402
48.2820867381085
46.1767655458291
51.7756496879593
46.5233093969942
50.2650209481319
58.4230281382003
55.4115970398374
50.1856710376283
47.2503663910371
47.6288234303328
51.6621049263078
49.9512546885161
56.5876214666837
55.729322417202
44.6416825134389
53.9702927449115
47.919115260219
47.2524378599823
49.482364166923
48.1566667298917
52.8796941837822
51.0530914081508
50.3540151292702
58.951074579537
52.7667746746105
50.9934912251445
45.242967061478
49.2088754186592
58.9768555607677
44.3853492649054
54.3344295297837
57.3234854634852
50.2338508111963
50.6725162584445
51.8158358986921
48.4137534818145
46.9222743176551
49.9336686778073
45.6988327928684
47.5670969597341
47.2756909132888
46.9565876604267
50.5614321930323
49.2245651178092
50.011690278787
58.1536393407166
51.2994979152886
49.8907010733654
47.6979333124988
51.2524624461367
50.1872030071535
49.1479216439098
54.7770476165582
52.5400356520398
44.3899133910594
44.4389516300568
54.8284014217507
48.2929813702092
57.9680223078583
48.633320834568
46.6551304418163
50.1633217797488
51.5732579829007
51.0442974938861
43.4310066640954
47.2539180029917
47.9348846839265
49.3686036413936
46.8310698092125
64.7191138462232
52.8368568920556
48.2328763825851
52.6182090810766
46.6876022949653
43.6374119230402
53.8135808921466
49.2265249455656
50.4870753343013
56.346756630701
51.4248186495731
56.0806133126851
48.071009408261
45.3009473493913
43.3418976244036
61.3323509264421
61.773694521152
56.8386197586998
47.4694728135554
47.7275904234064
45.3109961474168
46.5323984303419
46.8177966913565
60.3022764716236
49.4703507506251
55.928658995063
52.3377898874583
45.5937234212785
53.5015156258276
50.2553322395372
49.483618925078
53.3825871632292
46.4849673573278
53.4450858406926
52.6253707435772
50.7397669139865
45.319945611685
48.3857820158319
52.4013423562675
53.1661117753411
47.9143669687303
49.3909424909625
50.2003052149178
48.3290098544331
52.1491535580132
45.7521397072556
49.0251261423414
56.774854074194
54.2883231435419
46.7737698852725
48.4799280332467
58.0893041699897
47.1961733802571
57.7631584889731
45.9446280564899
49.4922113713675
48.2258229405292
48.4188735821241
48.3812181307713
55.0753545611904
51.5026645457233
44.9004704789186
52.014275365404
49.2767252668635
45.4565143343973
46.5219704158988
53.9953345183973
59.2374607563378
45.3481132148707
49.3310791086634
45.1668707971166
44.8259764206478
56.1747160181203
48.5569780539169
50.8069953200182
48.0379933576571
46.3117269988463
53.3502310275537
51.0355962638186
50.8602816904766
48.4312455011907
48.0640165785329
49.4310167900787
63.1418449577063
57.6137113940533
49.736541192264
50.7197332089289
50.552190722301
45.9311247021391
53.2557463910968
57.2386101909468
52.2811048879534
48.6949253291982
48.1032981292394
53.2125243654415
49.8565918454633
44.634318083498
50.6468450637589
56.5538490070008
50.6513544153064
51.8089062006532
49.5660943871175
44.371928000501
52.6143002162692
49.8765594890337
49.9723826798134
50.4073629463006
50.1566192317394
45.4128401771646
45.2300378786381
48.3272443054984
46.4154542890233
51.5276717357146
51.8379661921661
53.6325625931735
50.9407046929546
56.6035980382661
48.7534405013011
45.5633025341717
46.0374429357145
46.8603281050893
55.0783149486726
47.3597358761329
51.3515843742856
45.2082654038306
62.5862944979989
47.5046678839384
50.1030351921544
54.1583422298397
49.3886225740665
53.0936986177524
47.6247141764802
45.5983439057894
55.8824655488231
47.1187785756061
50.2611611784277
51.6374907456262
46.7254222605024
49.9766167777561
44.4429852481476
48.5980122623173
49.9743358670671
49.0246703587466
53.4650583509216
51.1950210323662
59.3946503520864
48.0447723560132
53.9612621904606
43.1184484416587
51.4755229490331
55.3187843069555
52.6443248196472
57.9809655298376
52.3314746572734
44.0809419924301
48.9321701124793
48.3849568856372
55.4977820666928
53.8488077394178
58.9331408379822
53.8207915720782
52.8550518429176
48.0101522089949
48.346024850488
49.4893352325178
49.3890750744938
49.9612437400033
52.0023735776122
44.9809512450034
50.1527995404311
53.0029489866077
61.5565517125213
54.0904900761014
44.5670994279566
49.6908762015375
52.8744472682288
45.7468974516859
51.6926477237201
47.9164907342161
54.2310462472411
43.3976025769629
49.2601160056901
60.0998959637656
45.4308178579441
49.4049033484917
50.4392485193099
46.5381059588509
52.7152372096557
45.2477564069872
43.0612098441387
51.1076271532019
47.9887770421781
52.487726446898
49.9849846484489
49.9102202079847
49.2257440582339
53.8706688051141
47.9670208226886
52.8599739589998
45.3315900464837
47.4739865347191
45.3884171539762
47.1705240770878
44.9127051739487
47.892559571261
51.0097405762776
51.1744288962668
44.6190167668146
55.6384266494938
57.3557489669028
47.3020785806303
61.3736872850261
48.9570574426339
54.6160548546848
55.5560808646122
48.9999838525605
49.545346381254
53.8666883619992
44.2095824245844
53.2155547790082
59.1121315740429
44.5254752258735
45.7099156109205
46.0487156338144
54.8045422728528
48.151875692458
51.3796599084556
49.061813799769
47.2432333493904
48.2905022567726
56.528917279535
43.6226280367056
55.7125452446239
50.3896573534362
51.790413630778
56.7515574686993
49.769215772313
49.4696974230412
60.6975868718097
47.4643656397712
56.3670237310296
47.8632828590843
48.3853606467478
44.7328352481872
48.8846384926561
47.1842162276579
43.0185327141465
47.4917587795594
53.8889364177381
49.7848290806248
49.6383906077915
62.665888056088
49.0562550234605
49.3230170143686
49.4622805489663
50.5934815816335
53.3753185140914
50.2794528981746
49.2567062607029
51.893586619747
61.99097323799
57.9718964590806
50.314073523705
47.4869529045934
55.0087012864232
47.5827457877102
46.4409060506569
45.5516366056268
47.1939950906658
47.8589943946671
48.2369402607358
50.6352726555679
51.6043347956439
43.8568896162524
55.1079774481797
57.0925480137051
54.3896631265796
46.2541522259216
45.1387974621935
44.4511268023992
52.3968354561138
53.3593392777067
63.3098659730896
52.9089153161916
52.8295888928983
52.1692831966547
44.7058802589508
46.9325133428275
48.2495490821518
48.0081104082043
50.7725014625887
54.5067713714649
49.5649442001021
46.247258626651
46.1281516477408
55.17025237057
48.2125590436876
48.3993043287025
49.8845342659654
46.760044288843
51.1475818134139
50.6534105320212
48.9591328017823
55.116743575579
49.8998699044542
60.5153183316574
51.1391015665515
53.6510077849608
47.468364849019
49.2499332327735
62.1888269120929
47.5211349865321
49.1385439850904
50.9264598320803
50.4629211290104
52.2087852669698
43.7111287037562
54.7856418745832
46.3975926220528
56.3324185393029
49.7912346678933
44.8814347261302
46.6850395711068
50.8131977173619
48.2473708972545
50.7834153812348
52.5545521935516
47.1758238897583
47.2964227169873
57.2593032996749
50.9228848116642
57.1344338868717
57.8687981938369
50.377377640903
51.2456967474848
49.4686355470345
47.5465248347551
52.6652765962067
47.6932471678986
50.5699534299118
49.1755395738888
48.8756543045499
55.6193325837584
50.0024030776811
54.0397745562115
51.2382366863451
53.1102646012637
51.1430199450579
47.2118644847833
65.6194732149982
49.6189591968456
48.5788687705155
44.0911889908187
47.6362287480501
52.2987264578732
46.8438546481512
49.0793237344629
55.1043455597189
45.9502961119782
46.3861498987411
47.5774402289912
50.92320131209
51.593437270662
52.9424798848144
53.7674566679418
47.6998682902615
45.7164179643537
42.3801852895557
48.833237901583
50.9807107365131
48.4388202461187
56.7661930823064
56.2711825072345
55.0820637616125
43.5119030233021
44.8855112184237
51.8042158563784
48.5148632487249
48.5945857900708
48.3443035684834
49.2762493596951
46.3892599312141
47.8089099995972
54.527201476686
50.6228531719426
45.7566022453926
59.3809937052765
44.6524523177209
55.0979816530803
46.5330285154543
52.2220185856207
49.4802684930926
48.6285991165567
50.0210267732314
51.1897727785008
47.4094410796192
49.4943289825492
50.2446703204634
54.2634348391777
48.7080060555249
48.9909198655738
50.7730017650671
54.1816201908757
49.3176910277464
58.395149932889
52.000835607182
49.9396609146193
51.9231791433438
50.8254695050641
49.4477078398524
45.7921073937847
51.5597531940495
47.2660162705703
43.4992636419251
45.2944932913646
56.5888620618226
54.2310475690372
48.4075451077795
48.6086742109147
46.9355447679756
48.0743988343849
60.4543667157077
47.4098136743542
46.6147170066534
50.6077233007984
48.0013198495385
53.2543063042878
43.4655226263012
53.6976877633829
47.2660841344429
46.0374700411695
51.8298072028214
53.0373430039493
44.1036090588431
47.4293185311527
50.1739074981493
52.4689207323002
49.7183806249818
58.4451703479722
49.2569741836619
47.8345412966691
53.5158527895756
45.4305363215182
53.4965350434284
43.0054857034008
53.3414626452918
53.5658535349202
55.1565667962377
49.27458912411
48.1952619794298
45.1824691120679
46.1271494712598
54.0512406707935
49.1372075780684
45.8878523651012
54.5138738419244
52.1823913208843
49.5684739021634
50.312032925679
57.5601124733078
47.8499402879347
57.4010159849821
48.7420930824978
53.0317795586869
44.7008626686941
49.8805147769646
48.6539759021361
47.8399023948553
51.3248365255484
55.7529881029714
56.0607995754458
47.0754575934346
47.8915335062992
44.3453080832207
59.7374323390159
52.1755832529028
59.0866189669571
51.4023570828388
49.158947489884
49.4459654070487
53.5695882322403
46.9377848426759
49.6464491117217
48.2131620520467
53.161762129449
51.9430808578036
53.028230829167
46.6539457183447
47.7324512462485
46.9831927508673
49.1264052200727
46.2221250003187
47.0872462664441
49.8571926404543
49.9481927032423
46.7546721135536
46.9958876885655
47.0819263465231
49.8011768974759
52.5252125828546
48.1764138242053
45.6188804529873
49.1922690667691
47.3165404522892
49.3525907417865
52.8924392635177
52.4987608174496
46.2027787000834
48.2227982633749
53.1457321582593
48.9818309700372
50.1112719632481
51.0192763886453
43.3679361527793
51.806126100256
50.4818502649296
53.1608958858422
49.0849351721159
47.4645526643756
50.6396147630245
53.4562222151115
47.8665993347604
50.2308143695733
47.6795353649137
51.2157730806499
45.4721728934999
48.8910116031775
49.465003856655
48.7694569781405
55.8765663779407
45.4040599486724
47.1647148106284
48.9307259610522
44.9259096080469
54.5187711530528
45.8783418302223
45.941276242457
45.5056330754439
49.8880055074539
45.7924824868397
56.7734477860651
44.8535151476405
47.1628546526714
47.3028315618997
52.120025981922
51.1665010124209
49.7017275731253
50.4931392316719
47.0700979079466
45.6176762933121
50.9995115390088
54.3827068225807
52.5272058660014
44.4890768430815
50.5708460447623
51.5838976560274
51.9105225349847
60.4912480481952
48.4877601355258
49.2944840261983
50.9680798058784
45.0456379264518
47.0961144729547
50.1661610130052
50.6458574524712
47.2639571687098
57.5399705464902
49.6194443881639
43.1319065643426
45.442926756999
53.3376674731
44.5968231601067
47.7694235449874
45.365394891321
49.7805650044147
49.1871847711298
52.0919624462153
48.6335959142231
47.3299579901035
58.3256636217168
51.9202859369218
43.0091507973787
51.9632887316934
54.5167785062269
49.2070472622762
48.8224345941347
52.6456186716349
49.6688263267769
44.7842343860271
44.1896085071099
49.317895131102
51.29588352373
55.0726925286643
49.523668944323
52.9168565824872
44.7942318098315
48.1056760618514
49.4665821228466
47.5431039678915
45.8060699230838
52.5167021510088
58.2586918467619
56.5891615975746
50.4944356646085
50.2289180133587
44.631528204206
48.3698953432936
45.3300004001275
51.6905313584429
54.4698034694572
49.023169296441
48.3962702730772
51.9977428354553
47.0984636300248
51.8054731737236
47.0755768440364
51.3267629580263
54.4643134179052
46.0709874065781
54.3253186459906
47.6196479015856
47.3513731282617
47.6386117085399
51.5056912532772
50.942814253112
46.4009040047293
44.7645381827799
48.8317123356192
45.5724923327274
50.7921305256045
48.2216645823166
46.8564801930608
42.6798263838364
57.2523322164891
46.4190205039698
55.4436090270856
49.374127171402
45.476155491668
49.4730428161654
55.0205619359326
51.4408204484195
49.1055118288066
42.476142088544
49.5510003104448
45.0674377387841
47.7924757962757
50.257261177955
49.8246774381334
56.2873828009323
49.4039767921524
51.5252184748315
46.7231728757936
48.9620296337419
45.3648800065753
49.3844541328505
44.9532260180573
45.101473671695
47.7802647910771
52.7319562379045
49.9170027277408
46.8349516876436
47.7051197108421
49.9940709601697
48.6009980617899
46.1604063206739
46.9396716240979
49.4503533100544
59.6810252851044
49.3242698762706
45.6686933318561
50.9540320975526
45.9052716426488
44.6498403856165
43.9791476005931
45.0184213983297
43.0429220132255
48.9445194886672
45.6526236452575
48.6767420034418
52.9284719356966
47.6040565472597
50.229075918404
52.0762642497819
47.3438662986083
48.4868663296798
49.6681256134369
52.4782327925828
50.7759521722751
46.6188467089434
51.8060899556166
53.8807954255665
49.1983566177726
45.0010696879814
54.2023477387364
47.1381816558461
51.2476035028836
47.4834122257685
48.2650431099042
45.6819924799952
50.8805529856625
45.5165290036629
54.4096088193877
50.0474352055748
45.4352791519454
46.689422224848
46.5966336463706
47.5094483001233
46.5932752294666
52.0122894997941
50.0984283690037
48.0370346543845
50.2682447573832
51.9409734577465
60.4554060080283
47.6342057703604
48.4319975267899
47.175266505857
56.6607983218794
47.4930106517327
43.9283185066612
50.5751065772288
52.6324290470645
51.5110066045042
57.7588512473691
52.5221596179074
75.2507308356574
47.9092852318047
48.0996786724279
49.9290027230299
52.1761721910237
50.1671032618305
53.2742630527291
46.6687521613093
48.7224449039686
45.7409852161373
54.944980033194
64.0808060071016
48.1907270822532
46.8309236420969
52.628275223335
49.4808652679711
47.2252578945213
56.3846600893409
46.4278996728608
49.8732522764507
51.6548264736779
46.245393939164
45.6531913871133
57.518246441563
47.3706638771118
50.1523154953
47.9224602561221
59.6863126479337
46.3527137751648
50.5471556770144
51.0765748024844
45.5971390562883
49.0949498353911
49.0646607693149
55.3371103057318
51.6370496528548
56.9119643998352
52.6890379345235
46.3512330152813
50.2942289830262
46.6809758993401
49.6932918062135
50.5157057969436
45.4410234632375
46.4680073494806
46.6633175234711
50.4425918184106
50.6009410556893
47.1345959892037
47.1820194982287
44.8796449693707
50.3644199342842
46.1278126471128
51.7148196202015
46.994783620725
46.9889217834719
44.548744581457
55.6393103623727
55.4996092579591
48.2037590079703
57.4677582844113
50.7347150011236
52.1387721654544
50.8436955645289
46.744568373934
44.4655419320158
50.6372906520329
46.8315176544564
48.6682412199464
48.3127979612947
46.733893974625
56.7635552508673
43.6294923551087
47.904585865275
48.6021396255182
44.6329197410826
50.3084085677772
47.9228400975904
51.8744979100325
47.8804387456173
46.5235087813957
46.1815510365564
46.4815158188488
57.0991387535303
47.8323755841024
55.3013784609904
61.1347351663955
53.7696249263574
57.4368544651923
49.0187432704623
51.6627284425671
50.107130311254
48.2092124947574
53.6483487096888
50.1811111285177
50.7258450010875
62.5720664184649
50.4206906054475
46.3272506397555
49.0419934717368
51.9099322728735
50.8113522015957
62.2130315358654
54.2623254114482
45.5425087563076
52.1499492891831
48.7256133979271
53.8300984137041
46.2158320688434
47.6361372939131
48.6468492490284
51.1762497844511
49.0400486945272
48.1411671209477
54.2207811448888
46.7770841858133
54.3287195151234
44.6573200440386
45.9017484269683
49.3028163225991
49.0523335960854
43.8914021907703
48.8597713124508
59.0051853299953
48.1797830203265
51.7085465682382
53.9435781877021
44.7766489189722
49.1209267617726
52.0151194780508
55.0000106826188
50.708656949897
54.8230724690319
54.1535142014548
50.5817693238689
50.5577019524553
56.0215102066375
45.4593740840385
56.29485606872
48.8180659174969
46.6830489023772
52.9814893377102
53.8072390540855
56.3344489602111
58.1647807441692
47.6028685284166
48.2202293266924
53.7245733480695
55.6000160847299
50.2126181935311
54.869783113912
59.9976416886697
54.7953029058224
44.6723316248699
49.3141839062574
45.6818954563188
48.4717131840965
58.3861712067761
46.7204601971721
46.4059036778235
55.7786969860837
46.0923072752678
47.7961131591623
49.7817323994302
56.7197133336511
49.178340440601
46.1085613518508
59.2101195070145
49.8151360540636
45.4185447051318
48.1444900944933
55.508936745295
55.1525192469297
50.1443645854583
56.6320514204903
50.910147766036
48.4927756273185
47.0192346865201
55.0034082805451
45.1105156453055
53.0291442241134
55.7229397151837
51.1075135140758
47.2916969277819
46.5222223971893
48.1770071001552
57.7246873404697
51.6053586762636
48.2419970332111
46.2821700745386
45.6136027677409
49.8810050601439
54.7432977066959
46.215990917307
47.1191851200691
52.7584616637759
50.0907156684344
51.2572514318532
51.8561308652761
47.6583398249211
56.8942177684538
46.0470932191293
51.2709872678404
58.8457443447032
48.2999574202953
55.416340853051
43.2186912407824
49.7177931301783
46.3227831738779
49.5473842270882
60.6925406599547
52.431444923895
46.1723453005414
54.3033289304408
44.04496747186
51.0039849408224
48.1182919623055
47.0208475129201
48.4337464432514
50.4800359806054
50.8007258932876
45.7604955461672
53.2883203885732
51.4208015101541
49.4801814268839
46.0169475362824
49.3276009018575
60.5108822954344
52.753826100865
52.8673870222935
50.3926275686721
44.6389115915444
49.1275715074593
45.9635828831242
47.7853722962385
63.3005741330877
53.9283061952459
57.8673757147301
43.2416628900964
48.4169108960762
46.543664389576
55.0884599274134
51.7484564529995
49.5243604799987
50.2668695245933
49.1227012254781
58.3194489112039
49.729617393965
47.7365049671189
52.8426106793882
49.3363838688012
52.7812166779858
50.2022797669415
47.0378904315975
53.503714114715
51.1978865549546
51.5213731182203
47.8967150637119
45.157806377004
51.8784937595452
49.6770091821447
51.9815220442915
49.9187130360709
50.0884072462511
57.561498554381
50.7594748801841
50.4627723976464
50.919081848008
50.0167258898071
53.1316393377592
51.4022837709608
43.7641041313473
46.5037095507235
50.3037898348836
59.5210007040491
45.0857767194798
54.3633291341938
50.1640669609195
54.5963929476746
49.2874844705346
44.6394004269946
64.913530998131
50.7808465288887
51.842358052834
45.994207063687
52.968001692576
57.4883525093628
56.9077296049372
51.4360836353144
44.6796527833006
55.0627107361808
48.9654714003824
48.2976056469563
45.1618971541719
50.5247050078512
52.6448526165699
46.543946901757
46.7875592000949
53.7379141588486
49.1815944417814
54.3245681129322
50.5594327760743
55.3721452677034
44.3684795843444
53.9442683765272
48.7138707962218
53.4425950012397
55.0133177249071
56.1636851614751
57.0166660455253
50.571517469843
57.821121128256
52.7198024159819
46.6678193242001
50.4417868263521
48.6935635529102
48.4560995232558
46.0744089084571
46.5880265721155
54.9280395732737
47.2964889700628
55.5300706216403
46.9560026469891
48.1137357904072
50.4492574471958
50.260847682415
46.2256139750427
54.9010972766301
46.8864639364931
51.9200473609303
47.0504665231501
50.1820195987226
44.9184433866123
49.447636289601
50.1988103302462
45.5055832382403
48.9736376706378
44.112090297164
53.7744135533787
54.993776911024
49.0232904780924
48.9465212167184
57.0816936127057
45.4717202176978
55.0112403262618
57.3459083702283
46.0447400073268
55.1714267151097
48.3629141863409
50.6277305555374
51.2428562322412
49.5718436889023
47.7387975088575
54.3156132049122
51.190329657473
59.0061236792606
45.3047266158997
46.516086782784
47.7910499818861
48.7410600280136
43.3942951646328
44.6432832409496
46.4793541443174
45.5960247095586
48.3383067292036
46.5918950830801
50.5655121036815
53.0721760527419
52.3254778119969
51.2737947512122
47.9003259879619
53.932130977785
45.7265649500329
43.7678234063017
50.7824871508648
48.3544200261891
54.9801182107085
46.7979425458067
45.1562254525109
43.9736371547434
48.5331510157855
50.1748857132049
53.7786970936301
45.642592287369
68.4014880704298
50.6009858471256
50.9164662591985
56.5627154719434
46.2214475512857
49.0889559585891
51.1610976917564
50.973019780849
48.9649958491001
45.0328534975955
53.1415957570088
47.6374052580799
53.9731643607214
42.8061760906462
45.049171037237
57.0974699916972
49.3784905000728
55.33354245311
44.2506550671584
49.8135748121777
56.2590003087401
59.3930178279121
48.5408386188484
49.368199250597
51.1386718408737
58.7849470275159
48.159743236624
55.4841531339792
45.5503067132775
45.4863335787779
54.0530863730186
50.1375229797331
50.7338312953676
47.023998633757
44.2738850131465
47.3297493730596
52.7570933210465
63.2803899673201
53.7128224648254
45.1765550945096
45.0995342961131
48.6305756649427
50.5436125513886
51.4946818210205
46.6950576798857
48.8715949603886
49.7639981795949
51.5796498256187
50.2221320794572
44.2849668953301
48.0907034072026
47.2763821310309
49.5840682319683
48.4452639272067
48.1254268413088
47.6211750290947
44.2780037186727
52.747780108711
44.7862866751646
46.3826832871933
44.7673578451775
53.2351651994787
63.3301434602523
54.6865943264549
49.7135742924033
47.330006356366
50.2068963881596
43.5155795449476
49.3455628290716
57.5798194777621
57.4246105013084
55.1308646746586
47.0876849712939
47.3200956833899
55.4543254663633
50.297233700082
46.2284217707118
48.034127542952
49.9874842511812
42.8985145939564
47.176724185543
58.0694040849311
54.2237563080016
58.0814334130247
51.2271321179479
58.4102047694055
51.6912199807692
45.1347905850874
46.731528406003
54.4166057920051
44.0660438637008
45.6459550885784
45.8614871409061
48.1356119801695
50.4840718929386
48.0494571445005
46.6683439390783
47.7018072635244
43.3278033771755
51.2079518197449
48.0437695764081
47.7826233261038
49.9928377535888
51.7340400234834
55.9359817959259
57.0988891894258
48.04295338477
50.9039240527
59.7003243037111
55.1843884694903
52.6847794586892
50.685374894986
56.5895275194319
52.5661261821825
44.8508521551437
58.3725937485288
48.1169469453701
58.0852829395391
49.1097761807324
50.5316006614598
46.5561652339578
50.8446048735982
46.4601196234427
50.2267648718519
48.1143903542029
45.7977555292198
44.4690681238337
53.3207486979514
48.0110667938873
48.5885969820564
48.9515976216646
53.1629329614651
43.9826545881907
46.7196831015295
46.8212258414809
56.4599762209783
48.5621469337274
54.3570615279369
50.8992823237689
51.726359145265
56.1811241260248
45.7317811956933
52.5750587897245
52.9592743234972
52.3595152443138
51.3072208708095
57.1883320698696
46.8237099699471
47.6258181371264
49.5891577283293
51.13643824535
50.061717489331
52.5251425017901
47.9515569562448
56.7504809789473
52.4770201846093
47.3231958130649
43.9751596721765
45.5331856546813
49.3535673887822
52.964613522366
49.7066247213334
48.542864260031
53.1186912539891
47.1312056321509
50.5826757874977
45.416879525959
48.4362521384462
51.9700014800206
53.8197534210594
51.6622347816623
50.6178135596177
52.2341961863089
47.2054262046126
48.8834112314051
45.9682443870991
52.8674130371059
49.5841458766919
49.9229200885838
53.8940788782481
54.8097505588148
45.2139267002106
54.226784265156
45.0398095614904
47.6992847806583
50.3086190670252
43.9529636885327
57.442074723445
52.0385295079441
52.8352239751016
45.5950227413741
51.2626538614209
44.1540123896392
46.548424031107
50.585436577435
49.169957679428
51.3096321335378
51.3382260696419
45.4654342714447
49.0510163239804
50.9603271639022
46.8895310624913
46.0238644683517
48.0552123762965
53.0707904058033
44.5680286613409
50.6885210215852
53.8683555021098
42.6306169807031
47.1993291106765
50.2710467252893
47.4301185558451
46.7415628925694
48.9039717149939
49.0000763186639
52.0217909793734
48.3367101856311
47.1046317004296
45.9869367089028
53.8167621828225
60.5925129798779
49.1577336810098
46.9399469483171
54.2316828709153
54.9793997778283
45.2358097402753
47.9586435347906
48.989412992971
50.7014279179323
49.0301825041816
45.4337049845774
49.2693619771226
46.6141424999945
52.8395096074711
49.7103592267397
53.8752549416948
46.1802156309337
58.4231766190881
