0.809050218844487
0.69181004939204
0.493479268980795
0.900605578466323
0.839722791208998
0.431814687726794
0.627849925062789
0.435135724758543
0.818897774046161
1.50247695083954
0.740326495700832
0.33230618575262
0.435587036191095
1.20816085842002
0.593270705725867
0.685605954676853
0.626683162319922
0.92222434701966
0.828227906568511
0.383762065041228
0.738829445984806
0.740684705488539
0.537611977864091
0.790963261515197
0.519620147692118
0.479800569405089
0.287823624004883
0.743901734868926
0.827506233058555
0.478962115775937
0.328363228633945
0.955802767442296
0.560812136801542
1.07413624165684
0.627129727022851
0.778221818596617
0.350513467904597
0.740867681573238
1.12753363885497
0.736394363768487
0.468689484118241
0.689838592017089
0.466910320416213
1.11406427367506
0.611236663045681
1.20842256430055
0.871068050247001
0.510718268525087
0.571915375039524
0.669912103980672
1.18786813777842
0.504837899567492
0.483394415936742
0.398435596072138
0.393174531369279
1.02819054177948
0.560264386875025
0.563816979965476
0.51082614748497
1.05472496737306
1.05435116073549
0.455382006358603
1.12146539089279
0.854425244381185
0.786161016065251
1.39998185317843
0.611113232165392
0.72090749824882
0.366571859255984
1.22615009290224
0.513293922063368
1.33293654036578
0.575522915577402
1.01453745520744
0.581988693934383
0.75135364086434
0.93742281521334
0.791576282607866
0.834138173135035
1.65919337297413
0.947879938872459
0.942496066692249
0.759389649828317
0.994529198604381
0.912574614092131
0.916656775799251
0.533208915180741
0.399441716503595
1.48323729700275
1.00364140406138
0.443527822752864
0.24873507949293
0.425486829232477
1.27423752354497
0.344533894037953
0.766224856443998
0.366473432784589
0.36815553197493
1.24307526965649
0.382231503603404
1.024154420265
1.60812946843615
0.921423310416708
0.344534293290667
0.549440611225123
0.82669824956315
0.614468636619125
1.10291836807195
0.677217223336976
0.746487423411047
0.423690218999383
0.25890842492595
0.503900953936841
0.733229407587502
0.691153026176882
0.708529632420531
0.524113402679169
0.687115334102295
0.584441976375953
0.607015327596358
0.594157838190935
1.58315753361998
0.867256737922561
0.544882223051687
2.41810914145651
0.386136539156959
0.438069204890512
0.274956311902049
1.23964453879258
0.562674605844667
0.932646161696054
0.572937298844661
0.913297641007571
0.80887644238715
0.946365511253039
0.833704422290937
1.06655008812997
1.0738639721292
0.671032478953238
0.383121796471869
1.20760324665975
0.581398425427239
0.31746862286481
0.336007230935262
0.539646281462827
0.705604155360588
1.32942362508125
1.25818558753839
0.548679612903147
0.833628861165742
0.393320855134114
0.40699607462518
0.82194954349501
0.373348325684947
1.55771757572504
0.751323040725064
0.824736664216315
0.658630827635272
0.805407118184744
0.604014305080028
0.725745282238023
0.600305090028318
0.721705467986273
0.700174734716588
0.836181153611878
1.02433332960623
0.526217106617783
0.43655433053377
1.27172133318802
0.976776320950014
0.664548515664421
1.09807846429616
0.683315447285149
1.06349385876142
1.66149131583831
0.565878624769863
0.449332433296643
1.89614517935583
0.599640103503861
0.931940453349958
0.287548038656536
0.331484955947705
0.628265521023759
0.500453424558019
0.359922252602133
0.710011098695158
0.366993929789582
1.04606117919023
1.0171370771717
0.638729849993835
0.57723791685666
0.501982334063685
0.527136184556683
0.54227664569903
0.66817883674594
0.700264004332008
0.792890322776629
0.755460462131962
0.718375103533376
1.7449960044439
0.910628162416724
1.09928966187985
0.837586040275154
0.486190227806007
1.89836802644903
0.877551431447122
0.87357315875599
0.706760493687269
0.529513479143364
1.20704236697216
0.529641728455225
0.462366386953732
0.742820023365895
0.382671616892061
0.627219467484705
0.873610159783615
0.735988391205362
0.705915720663821
0.792096366102505
0.50066268690238
0.457211243100342
0.456945702223805
0.621950662758761
0.328182321714628
0.651410171759161
0.92575540016627
1.27825508001216
1.09746584879053
0.483898840845128
0.401834216710043
0.370750090930205
0.330786430356879
0.871461671102369
0.81766735391778
0.596707905931575
0.976754141595939
1.8055328431183
0.455260007794177
0.579531462986216
0.48111597333593
0.731414994774407
0.57121004211197
0.627870838739331
0.44957693366733
0.621747186951837
0.436934530681265
0.710374543085662
0.834702214812503
0.711752547792308
0.57715514172946
0.593855738633872
0.87147175996604
0.572351772456686
1.42457523796592
0.513508431140161
0.606447106739432
0.986986045923244
0.769201902584162
0.808363768591031
0.972186299789864
0.460285825401404
0.818578784058977
0.276631733405094
0.992179615600333
0.687802078926583
0.317814652600614
0.572984844758519
0.494906176893511
0.492909300072863
0.640466147544141
0.653436669429537
1.09657524587577
0.503121870890714
0.536588201741313
1.24852246812629
0.434717299048902
0.840087950784439
1.10497073552559
0.816465636907016
0.725337869622404
0.887118267134243
0.407452289908329
0.946718174395097
0.592509048020811
0.618810413353735
0.356336252036205
1.02158310626192
0.572748759941487
1.20798231671423
0.62514642200314
0.887432464832987
0.532628933842008
0.836796184480793
0.778197630814048
0.569688904814272
1.16033766296427
0.892700312234605
0.78008200080011
1.54886180544291
1.1233519228865
0.398965409584896
0.44780893338078
0.430229642067115
0.562932360117356
0.782223304818778
1.33449907204472
0.680000579162202
0.551043902499416
0.393129776034597
0.944643684110886
0.391267593340988
0.514461123004733
1.03562007842957
1.24413227476714
1.41814567502786
1.95355493253623
0.956043934158154
0.821564033331601
0.629221140113965
0.687902829495476
1.14812582839838
0.613272503618464
0.359515552798763
0.326126119208917
0.948378962592605
0.765441156542614
0.41089225396183
0.905910485328764
0.565548102487394
0.613151353158081
0.491623965511137
0.735365532071574
0.698701907955917
0.657131807761208
1.06242788260608
0.462224128091948
0.829158227916731
1.05767590856896
0.831815335899716
0.484917991422743
0.573519225055362
0.369739873155038
0.38639997412287
0.964062636050784
0.44752009315785
0.379453596410844
0.560336344948181
0.662969790008163
0.585852545908211
0.879405532611618
0.589512519997129
1.20677748768287
0.50465489327063
0.893882435165752
0.535393188923915
0.754537072566041
0.980058164490007
1.65959699710897
0.717371623450524
0.970855445830878
1.20633582380235
0.807921586267746
0.960422549939757
0.605759478258731
0.57019581481247
0.820370284055798
0.681156602786308
0.915489504523206
1.07374455142824
0.881746259869811
0.470154945406813
0.394931867805529
0.773644770802583
0.5660490928958
0.504997275431699
0.582719621284582
0.675073976406486
0.601169151107683
0.478743686886079
0.578757482449676
0.706254327063458
0.402860432716578
0.724319512191703
0.596193705750879
1.15700479190037
0.717922322085634
0.729956335221539
0.943783405859783
0.611383232723903
0.659394380680563
0.450343220929207
0.534240651111204
1.6256216350084
0.76430649110704
0.674006164755148
0.726602336186214
0.545283129222202
0.523641997480121
0.784149912487373
0.807732405169724
0.848723219722624
0.535633812001945
0.406970664400553
0.477725331852345
0.913525002542755
0.470048433313239
0.525606006954783
0.888293084300139
0.52534785871026
0.772847614201524
0.685123635330887
0.936755856629461
0.841525570809319
0.653296282022589
0.629432743037621
0.58615563239641
0.84948538750224
0.717621132963577
0.566297502614608
1.43567483390376
0.54610663960193
0.488241133903851
1.08310623382255
0.587040452178826
0.802034202194002
0.363064192361417
0.635495238882843
0.622396124845783
0.680688759224005
0.648390208978509
0.663876074555453
0.346666604307285
0.70092802385324
0.593108044069922
0.749331652210373
0.813056067639882
1.30968729983695
0.640328101529945
1.52054608608423
0.762448371381614
0.734281970661555
0.515130758876403
0.85427677497359
0.486662196071112
0.681800510431692
1.68839982908925
0.371629552859854
0.43505472788332
0.776125269884285
0.444395102451387
0.595476134650042
0.781254690178279
0.854993830152512
1.01173291874855
0.76892747183721
0.634683428930916
0.565076387425115
0.894958851762642
0.6181425144597
0.990414697771231
0.543589971271683
0.658078505579996
0.657842643868228
0.553024320914585
0.487731087490304
0.86789097041751
1.40026950503644
1.28104017799727
1.17044891432437
0.286429203562227
0.662213701918336
0.271610321514649
0.564932722221392
0.669871106544594
0.828583184198873
0.973608332458429
0.435516238857533
0.622935004273882
0.642083372230509
0.656674157201642
0.520175140300396
0.648715821204892
0.722668578228687
0.268974659980279
0.766305720539031
0.742239405074664
0.723750475661465
0.566670116830806
1.04798677091895
0.545859867753762
0.513043738176079
0.519989432899498
0.95302370735987
0.505828795003446
0.628246370296677
0.736810662218005
0.602182179417912
0.819854078255532
0.380151381865282
1.11079433159862
0.582219703091567
0.441238905497539
0.770683635263955
0.391886903780862
0.781212496226964
0.545803724847513
0.431969334475353
0.936422277497866
0.544780236789193
0.566493605488111
0.692236760914795
0.581011170790401
0.551613004310342
0.364644510577178
0.971623832170516
1.14161449025166
0.866266604126861
0.48181985143366
0.645920790087022
1.28749689574771
1.58289673022213
1.10247000465797
0.985562338578118
0.694303535802482
0.549584767734717
0.908422982433267
0.597779951056147
0.446501259803846
0.670555081158798
1.11378102583965
0.913098907197917
1.06174708518227
0.64082710839995
0.66979392639014
0.7000605353518
0.732195172530766
0.776449189143198
0.659361011244685
1.41416095766764
1.03327566770883
0.312147081533775
0.513901608223398
0.465767953455742
0.732045082781193
0.768931935962403
1.88333396033428
0.38587016214431
0.386778124065277
0.632116843429915
0.853846720254335
0.751680392213685
0.574480971529554
0.645499633630124
0.769864729376356
0.476828215826329
0.610526323576157
1.14128428444239
0.305736129081197
1.02674550463174
0.649402816997267
1.50781639940399
0.603289458353544
0.271504052647891
1.09888539311958
1.05156382166148
1.03848815053094
0.852397727950112
1.56745467237363
0.696766861335262
1.03771277525389
0.634027088036319
1.100423955228
0.793503265108338
0.326479061453194
1.1707109383742
1.41412863346295
0.721976012931567
0.753033255332891
0.370048269192742
0.751961669715522
0.783023302848615
0.524290549054361
0.534074033030171
0.49860321346833
0.726308986130101
0.888574520321408
1.17780185139307
0.207134208915289
0.4759461704784
1.04181696725185
1.02805829536662
0.992768343348398
0.832433798921319
1.15754691654638
0.624315460430636
0.835011372261981
3.08489277654951
0.78457747328754
0.697443226365628
0.576733449057232
1.04562982922606
0.671602624629899
0.536766075602015
0.509640326852196
1.2393707447895
0.688796268626185
0.631471565187341
1.02987673993515
1.46452253640594
0.483371733371268
1.08529392406234
0.928772855396224
0.690511256523172
0.671408614458027
0.44664024342694
0.675404801763047
0.606275033546221
0.211040462810522
0.596581808247558
1.04529364501248
0.909583180555905
0.372736799454846
0.799677734760042
1.4870454402124
0.781298565976813
0.841437755858777
0.792491916082782
0.932203835301723
0.650046183082185
0.691854460430972
0.77948822151
0.243055628720535
0.891177223589695
1.24659281048726
0.776763439295941
1.08534224890022
0.624603657526878
0.719853870695073
0.312398339274055
0.963785519221508
0.409433451398193
1.45998773931174
0.492195745692513
0.703761886655441
0.463390669340274
0.74660668732305
0.836397990642739
0.742241639964495
0.745342279602493
0.771460496369688
0.566568371921089
0.562019199774645
0.483527233764949
0.786753898085785
0.461597561037424
0.922428864967955
0.833435047588537
0.621825364175587
0.467224964585599
0.944646796016945
0.260254503824506
0.588932600334663
0.448586213386554
0.721239455060017
0.49520384927599
0.520187360351644
0.498033576236871
0.657137353114843
0.588414681296407
1.60501411705303
1.36485400072016
0.46042360468097
0.293756121804494
0.561383942226709
0.945227181601121
1.7055672349449
0.476809355485302
0.774147745728974
2.52879036069292
0.89421458085634
0.48994853299372
0.575574423090716
0.421868140048041
0.601249767850208
0.416464195570296
0.378247644914915
0.640125020868851
0.413976280432251
1.22396227878222
0.472462580804331
1.32725282162651
0.825966670559402
0.278814523391677
0.46073659193962
0.601982495329413
0.896548542975853
0.459472395478777
0.88453049528817
0.703820355155017
0.969932672258206
0.397199361909613
0.459958118619927
0.926162108229622
1.06829368589086
0.84593458350998
0.796091974538591
0.477747023761037
0.465149687175368
0.746367898402262
0.956178283949815
0.871643909337406
1.07159250785644
0.585231253363567
0.768114193492017
0.300022835432349
0.511844236179211
0.308073578404063
0.867096244799901
0.524786051963874
0.667599713569981
0.792484935678442
0.766551086968142
0.885173619348914
0.928480216809094
0.695326830656214
0.587459892524648
0.485512055374675
0.58883633662554
0.633460542068852
0.59423475984946
0.503651786471938
0.817179938045659
1.30268676378903
0.898327406263033
1.19711696220935
0.577112371401168
0.659108038745824
0.639724814190721
0.414032108682167
1.53165428786263
0.437625675744226
1.09012015109424
0.613134150346459
0.800904445549421
0.432422718102865
1.18657329673578
0.274133036714645
0.600412289166028
1.06705613142207
0.74152504864917
0.776950683442433
0.858562222795321
0.656226057840575
0.28424325541335
0.581164751415556
0.40458886348643
0.618519210286773
0.652125923346975
1.00609696893421
0.533000852498933
0.401505279039347
0.377158367003436
0.528874149945926
0.842569078572223
0.72349578224646
0.511592393049265
0.922109597761681
0.796161835947775
0.813206933466162
1.17944795883306
0.539658069028043
0.718134680468713
0.407367711381823
0.565098129571928
2.73273725827768
0.321799389046002
0.780050425913974
0.856567935135378
0.831000376072254
0.608088294524364
0.400880363099758
0.386212240026887
0.644137272398852
0.723518557315654
1.07760638061981
0.612981943260276
1.44615013026936
0.547289076490246
0.614886596425796
0.610062679234132
0.646494528439154
0.629352911527109
0.525977370430846
0.955627108614461
0.909932932880001
0.673848598909581
0.780525063116663
0.410469435264956
0.499031587967021
1.08328073675247
1.11797111205292
0.813045551550919
0.403073316144204
1.11167059160722
0.468871002189669
0.412732985750391
0.897756604028779
0.779544390369709
1.79980211508721
0.712010316950716
0.706957946736883
0.809926442841616
0.659685954775107
0.402610354049872
0.717356902344696
0.345216627465549
0.383915624639997
0.642367872931048
0.608319520306824
0.585562381266228
0.468101630085873
0.85401583148628
1.08954146329629
0.466852232254549
1.20737216589601
0.47475664374133
1.35757888664356
0.611992705577305
0.574104202438603
0.629028610890526
0.484948846640016
0.449819949075511
0.802249003854105
0.843079544578474
0.540489734578323
1.05694073832331
0.762072681834057
0.641181717490951
0.877647767468513
0.416223378783965
0.827334520840848
0.401417306708684
0.883712382763978
1.18153233305285
1.23638626764553
0.570586621779596
1.35374251708012
0.434483221231044
0.703905400184583
0.9684983406239
0.857743749486858
0.727777188744518
0.611515275004343
0.780926942753319
0.324095426399461
1.30297783824171
0.707532524781845
0.557987227280123
0.765839956230816
0.878906076578226
0.559603140531386
0.753090825032102
1.11331178517147
0.893321591839233
0.580468791265451
0.313831235034285
0.221850559683805
0.612892513831428
0.662049490391332
0.539404021745595
0.605294464571414
0.929950586747806
0.894641657166301
2.41314747364559
0.657470643075187
0.739212467141578
0.899299169993136
0.350077880239058
0.925297106091522
0.759299726105386
0.506605002413192
0.63908853279934
0.367346757526723
0.634616696802035
0.395619313548372
0.630743691174816
0.633373428868548
0.695210855649041
0.74674867812971
0.716345948328899
0.452020607291811
0.501204840172977
1.12530885148001
0.606624935820585
0.636831479108423
0.710212075765258
0.918928827776016
0.795801921600489
0.634234603391969
0.675739320213036
0.761549583779866
0.405714849074096
0.563638172584613
0.516704103722493
1.13519278102733
0.568587080877754
1.38339947771738
0.871561638026741
0.517207600284064
0.857734847140026
0.798064101497081
1.149002756898
1.90860825766732
1.13766020929094
0.51542755553701
0.490165932894673
0.666117882236565
0.850898446098602
0.676058080481271
0.587138949344831
0.438052906494796
0.482291353862449
0.578909487676593
0.788751686204767
0.283548670157985
0.966291028386308
1.51113002814455
0.728063295070751
0.89299243257048
0.418201815267833
0.837475451096225
1.41888206413908
0.523923226243121
0.801835778987608
0.72009509771298
0.727994383665883
0.384793681136414
0.765988138540545
0.605972071444959
0.506237856028598
0.917449374264419
0.691680721443223
0.410421063666107
0.585460710441898
0.997763559714635
0.778943928342775
0.473926618787195
0.768201584123359
0.458329073922154
0.673249657787844
0.878989947626679
0.608907134416646
1.43176525584689
0.904339582975662
0.41080236607998
1.0148001894638
0.85699426307057
0.692667212576065
0.691101072709583
0.927716768374433
0.598676795282539
0.892456828876864
1.09519038964427
0.826445883097111
0.558037752309026
0.840356785536449
1.53914161060274
0.851919673955542
1.40632825543155
0.57522878414257
1.44410834520255
0.552024030953272
0.705625112637571
0.735994678099786
1.11786180986302
0.505881193457036
1.33881852205581
1.00329358712161
0.533158914618017
1.00559091467639
1.17631873205013
1.25403849839201
0.463099197392693
0.644325628412313
0.767177377345418
0.494930102683304
0.357876629163626
0.641727911453285
0.655697492063722
1.02880149123296
0.155646880357915
0.453684364018371
0.473199984856473
0.481000937649099
0.638789470150113
0.884879311304806
1.79062607452123
0.765125036422933
0.989524397556848
0.517861819168467
1.36559888680517
0.270673894085004
0.745066766973945
0.568316455989272
0.898974583539202
0.712802141339922
0.62402501927969
0.49170505522132
0.722483368217206
0.422412742545221
0.616301805849084
0.586143789007631
0.589027749178313
0.849706016762217
0.231921209895702
1.22132523551298
0.655759652409842
0.747640481838586
1.12594060766585
0.556197611047582
1.0727844253657
0.683260284340604
1.02500552592357
0.714785619165976
0.703884994699751
0.495980461823405
0.411001606590436
1.60246554508792
0.427311769160055
0.41669309296456
1.17924592125925
1.27452839988095
0.99630435609935
0.495858490914529
1.06370215655238
0.625001765452786
0.557270568282825
0.521843007969909
0.690325811954175
0.585846041783651
0.660820971221229
0.697491712840994
0.576489807661531
0.910932557573159
0.887670007901038
0.938306202763766
0.881498583474521
0.627921902577547
1.67904528699123
0.573402111740153
1.10829437688357
0.880090377631792
0.275512201068372
0.324241925107193
0.255577747378306
0.635026329010594
0.455370608414912
2.42658105254963
0.504692911349674
0.996166720001549
1.0430823340637
1.3521769905431
0.383231218673963
0.366045983391426
0.480249976491994
0.547971000764157
0.492812919542668
0.550565635038944
0.327541448751247
1.4759394931562
0.3932037064355
0.654851954572373
0.95474827343843
0.516636309587271
0.611272525061356
0.881535489698029
0.548876919674096
0.432413481018621
0.892186183394579
0.934471726207934
0.865646802877603
0.789052034173351
0.571477053320122
0.498927022696473
0.883436291309592
0.543892555494745
1.04289903737362
0.938632403335288
0.489758281020613
1.03638481927983
0.785850518733996
0.960983985291328
0.420783743219402
0.702164084016335
0.57047744774368
0.727978488173372
0.911731889006918
0.581224825251783
0.61540004207683
0.699152120117038
0.57841095814837
0.974703937481204
0.878908751404307
0.866492218144175
0.378444122255991
0.517301064869065
1.03662305039958
0.473655503384321
0.307719507004331
0.687927642419066
0.726052405897398
0.613348228148924
1.3789515960734
1.04609621054059
1.04016597414159
0.79185065962336
1.17584644403072
0.867876472889422
0.438819600819802
0.453741989568984
0.762391960668049
1.78691649717408
0.654078852672686
0.893544318329302
0.480519588162686
0.356585812687714
0.378171413217087
1.74728124354707
0.473803481309259
0.829911015505974
0.392180551578193
0.853321727323612
2.07073066370261
1.39383737428877
0.491430703839338
0.75380178866741
1.15620433102648
0.614813716348237
0.845769451289592
0.587633577458514
0.656049299203885
0.479347876715981
1.10709910172162
0.506548207157183
0.736224254593855
0.570974345225811
0.714370985899401
1.32310883697567
0.640135698373022
1.21509331383761
0.629343016397772
0.550176863147211
0.489364631140138
0.787450594940066
0.251941548059932
0.999863635865276
1.3874557947578
0.873091812840379
1.03397664191053
0.766451313068328
1.41848316570858
1.07285718809812
0.477581617502497
0.8920462087168
0.680053656454956
0.476962834960113
0.804911481136333
0.92418788175504
0.366562684012653
0.562210977388253
0.415730422990711
0.490237728938629
0.48174161303596
0.468143726977849
0.825456752434589
0.818423620041623
0.288179859341335
0.688780735782139
1.05107935105773
0.625073038194532
1.20170082813819
1.28203654629682
0.3541598712939
0.545063206127149
0.483406310162391
0.881160428735302
1.35416922874938
0.409754754576843
0.616526330732205
0.255770313612419
0.553152669494697
1.11401091649394
0.711294039054225
0.576461136193475
0.579653059536086
1.34859355171971
1.25843181928371
0.707511024217966
0.528343645183847
0.416544069175252
1.16979626925775
1.2342379575741
1.02745449408723
1.42695145945243
2.92154161986119
0.810632052763499
0.572987552418889
0.945156764783168
0.489046665040667
1.0840730707498
1.13462027900207
0.705532188876722
0.624003862969372
0.729200126157755
0.870185767396723
0.373489724297469
0.553672902237572
0.960784305719869
0.538562859574464
0.735960769014363
0.483324879579391
0.455436896141208
0.80722525533015
0.96414143584641
0.475600173179291
0.660683673496537
0.485430938438044
0.98742113839111
1.0692091987462
0.265886788384797
1.29191762517633
0.759379256537298
0.657494922814627
0.505168043563837
0.485527271793514
0.926398079926878
0.499939022702026
0.736955608714784
0.417976269572677
0.541189235989882
1.14475822541141
0.562115228244412
0.408271843363002
0.882161376679359
0.735220315742314
0.602331708217916
0.527623674750767
1.56446019054636
0.357636387210759
0.409347213650073
0.874464455468792
0.611537904963263
0.566184645046964
0.896596489680452
0.51350131657487
0.483183740686014
0.578661190052931
0.458160582876783
0.594054563928533
0.513730950402379
0.899091946567431
1.61525582271234
0.419206824898837
0.830703924878905
0.744349096844396
0.674380026500778
0.379586846696811
1.01714181721764
1.33226207891459
0.357971100980517
2.14500200709058
0.54666289658666
1.27663257616957
2.56268397228219
1.78945886824012
1.57814045842763
0.438603016014587
0.510040483417734
1.58602464668504
0.612920602130545
1.09553474439151
0.564995822837364
0.543278287182326
0.872313530455662
0.524247972129935
0.525737641789049
1.55305441182821
0.916392296607837
1.82913468799794
0.702471636781053
0.608873775093799
0.950914940952918
0.980232026760724
0.411339842215087
0.440661956021486
0.734543931137918
0.504833216137939
0.750496003180974
0.510415189576039
0.797631349627155
1.34685080915335
0.472100945183859
0.65496224647374
1.08985713612961
1.05211215288448
0.657132524840855
0.709811232688194
0.309394810565229
0.91770325651671
1.37205777349325
2.07855634178132
2.10870233530905
1.41277309656516
0.701614783952303
0.59047526274026
1.18257422412716
0.660527361161926
1.06641290264844
0.522474151220075
0.596050257991109
0.533774164684476
0.407672806356804
0.800680060311172
0.581492882579187
0.6548276337168
0.43532594002432
1.31969520878589
0.674003879957768
0.789839053186366
1.22196594200328
0.634813108303326
0.410746178847789
0.363825080473295
1.32370036696149
0.728181518461684
0.291404065278767
1.09728250513637
0.4883539481343
0.721768909976796
0.84465515553821
0.603407503928665
0.592837968324979
0.666162337292934
0.595463557650375
0.689516199799143
1.15996897926095
0.844538947755129
1.16597779078415
0.570710940479915
0.600250318641836
0.857378375673106
0.515829789683379
0.438061288788283
0.782420180678568
0.738564479838985
0.471118637605905
1.04666819083191
0.785220480177796
0.844292181488876
1.26078451502061
0.718467882031233
0.933662686198227
0.746058011250692
0.829769547155527
0.618659141712485
0.761373688949064
0.659348588587969
0.635290502712519
0.621854214187854
0.459953627011258
0.725242534201196
0.528136457997956
0.623873390689631
0.524585687348825
0.908304779013149
0.626171115781194
0.78297874699019
0.814810625941196
0.589632185182159
0.51364770078079
0.388144419522448
0.628470749093208
0.997910123675367
1.46546485147267
1.02330336252874
0.252074268449113
0.81397573164774
0.450143825950101
0.406526865133734
0.666219296060587
0.295141642197824
0.477822553553951
0.53779486826824
0.944760301114954
1.40025440864258
0.856496745118819
0.898214948044698
0.82876640766483
1.40836930582875
1.16055274653434
1.01207800256631
0.410582264521033
0.879413438471655
0.720105368275442
0.285126817155786
0.313342403409602
1.19785143788059
0.704229706279173
0.515845645447493
0.984249671359122
0.580058289962581
0.575289463524221
0.502044353028232
0.73126924411393
0.865952497525872
0.603005565335937
0.901379923672945
0.739037047422567
0.570546831058776
1.13749846098159
0.816414031674497
1.05798599780941
1.11320219045553
0.43668881398763
0.623394969956198
0.465326338120132
1.16865283608476
0.87502959215935
0.668071090510374
0.98632824256088
0.525228996291921
0.700099651446931
0.635828461195975
0.681666823669175
0.970454052148323
0.956908210468312
0.664913214211632
1.36424241517757
0.400701481645188
0.300188570333654
0.699000703728746
0.869451167012978
1.22380701534106
0.555487756433494
1.01250794528548
0.655472743979335
0.709406433080375
0.367647011865613
0.64618186286587
0.784082738543876
0.352942231166848
0.648431843576967
1.02634001709681
1.01342465253394
0.755885361816257
0.634521540365299
0.60101722136894
0.592161631046485
0.329732475660171
0.491468473550625
1.26073603612557
0.895139323897441
0.960305176301919
0.470830956243722
0.634920966409837
0.866453338721838
0.59507596652454
0.281863759634078
0.376241360396995
0.455889959620715
0.427639501382806
0.464860400080647
0.83693350420435
1.04153414404363
1.0227595840628
0.946125133900823
0.670814795642365
0.473930448055731
1.25257799876291
0.523667635139284
0.459045841944415
0.435622540861216
0.363288526855374
1.77532543510342
0.644872726668484
0.884123685965881
0.692874960748305
0.52097574235382
0.386850694570767
0.52810507101334
0.265319550978397
0.433427674309192
0.396629656058126
0.734975791693043
1.00659748430858
0.675845095134416
0.304886431210535
0.543358605762428
0.40797128230615
0.767078119809267
0.740378444966483
0.910764423275778
0.839371653195809
0.529652110897126
0.625598902823374
0.645754155039744
0.547361953289873
0.34640207161721
0.793657866923369
0.38617179357752
0.57090944066439
0.6783859162873
0.569983590569429
0.526999281425797
0.560855339786369
0.771861776529596
0.664780181994685
0.867085235894431
0.465023189454216
0.453861788046108
2.55795793408999
0.524538359936648
0.599588062064609
0.790615136854196
1.13386999118461
0.831952334741951
0.698985776931348
0.402819484085167
0.894149629398775
0.872209246089385
0.56760835139717
1.00525175980233
0.728524180202969
0.689690878340121
1.00691469765825
0.467335476675723
0.604523118081428
0.853352305694046
0.927596461601718
2.37391795333976
0.907599453940822
1.18650314983106
0.527704620555208
0.909386987896249
0.581521564692775
0.855168750264459
0.398038486154395
0.427098480257812
0.994928042554285
0.621588767627319
0.468816600668788
2.03945293349569
0.467085180381041
0.88521642303889
0.521993378012306
1.54221131589726
1.62876766477341
0.69534335209371
0.679473413179311
0.825584425800319
0.721575611950582
0.706645635620171
1.55432668435652
1.1820744998573
1.79170459481048
1.09600526239862
0.498928914386772
1.20394330415889
0.671792943236442
0.590365486489896
0.807269555230891
0.581199986560452
1.0419165322925
0.703366905552435
0.97571861984758
0.99722779771158
0.688848961659414
1.04826823744937
0.792815027242523
0.641277949241103
0.748160531667204
0.550448524275416
0.947526541806628
0.69155834491858
1.06980981734093
0.965395552012068
0.515880624527068
0.638481077937781
0.78989105301933
0.828296293034266
0.455014810732855
0.560639365049997
0.584220782129805
1.14562367954469
0.780867011530401
0.421435663681236
0.500176188758903
0.91979713087978
0.642327837038414
0.590035823438374
0.467351969287999
0.42957813101854
1.09829669275831
0.289220064495112
0.349595399118639
1.06849183335087
1.3488221294842
0.575959193950083
0.894213035128662
1.55799072349231
0.913485088363493
0.581421239331116
0.551886210637421
0.860921495273291
0.402036340177812
0.725064089932318
0.504840109487534
0.781527843995925
0.55852823712556
0.373877947197406
0.579850176499735
0.426171621615698
1.07823366813562
0.474714552825679
0.339413684658528
0.304581051871482
0.792422586926629
0.844338145263188
0.853417725438099
0.451008024056745
0.69944337023203
0.621514162707566
0.936136997170724
0.967550068535085
1.01457565971962
0.892156109080847
0.435196760707233
1.46389815489869
0.890128037653381
0.384933452940221
0.452259852393028
0.513857670207089
0.513632717483768
0.621639412082592
0.354434719091106
0.590773103782253
0.417015317902352
0.987146134940571
0.926224662193229
0.464081133393032
0.505657657961622
0.506321136552033
1.37488989096651
2.02100673683261
1.01680063727268
0.234512403218865
0.600786447885565
0.628395621718969
0.643114461194531
0.801353983419644
1.00805036585089
0.551553644068688
0.727921245244492
1.32159821298705
0.590963118996661
0.50517041152445
0.919751146572859
0.58735636615059
0.785356392208352
0.448671043917184
0.403535958018483
0.723694428311151
0.381313915925408
0.573026982387347
0.781768327576299
0.492373450901575
0.645646016268152
0.744749838208357
0.457033414250098
0.574049632563148
0.867060756316276
0.575163729081134
0.610299676850146
0.577201219551188
0.408956905035383
0.692303634161768
0.295249038302316
0.296582421943278
0.629004118010183
1.02496665375739
0.841071195122204
0.500131538484812
0.894547790153276
0.913238537690323
1.47800338179171
0.745971864544337
1.07414205888741
0.951528652741139
0.397798255523987
0.616998283015425
0.677939928392242
0.614027053635745
0.916269140249202
0.513298299523037
0.967319029696011
0.852421826396755
1.62181378288041
0.258383240375805
0.440544984004109
1.11486273572605
1.06904567423798
0.356208620682746
0.641864623101761
1.00891816796894
0.478386952869917
0.454939275540802
0.610216787241251
1.01971999342792
0.906683444175865
0.366085135832488
0.970308051039032
0.556746554818357
0.553437905586744
0.530208677538368
0.490094401628365
1.07085076693248
0.765248833513161
0.441294016672366
0.569033552635753
0.43012461397258
0.724280973677686
0.525016897894249
0.884877605874585
0.524087585929078
1.42887658959582
1.1453981308727
0.795680686622302
1.24184070665976
0.845181198361552
0.967584181428526
0.700202643246598
0.578720835732082
1.16366049277346
0.65482569873338
0.67542828126525
0.410538324242626
0.426975038341765
0.427632795753358
0.514557935369168
0.467475832174035
0.445919959130582
0.515416633657244
0.885290283622769
0.747585352696287
0.638839030173617
0.858059415154153
0.655607045773543
0.466380094907009
0.566816444775129
1.56321138547359
1.57515061966816
0.515239642354226
0.830683329752194
0.335669540175241
0.369503640595067
0.33787568787486
0.48244728578
0.896254300693817
0.926715887616445
0.606146436090628
0.884025155352238
0.482803667774151
0.881120117243502
0.708874204903104
0.242223940687499
0.49240102620755
0.529141960795016
1.13317773300354
0.359550153663697
0.999231415477232
0.733118189897547
0.70111009316131
0.582379499013414
0.248703637609561
0.877803500683334
0.760124342193178
0.842962395418514
0.645001639885989
0.53533387360414
0.638400256715297
0.645993955023709
0.437996979454604
0.640015430017558
1.49866803283733
0.915221468659133
0.423804709750311
0.913677176212849
0.507855173925631
0.691005952174136
0.573861611030586
0.397139682259591
0.908258191430306
1.23933230417944
0.311205532896254
1.02148705200369
0.983248600121992
0.951533642794365
0.444541798030481
0.364306110771156
0.733640975207088
0.507885965354621
0.319218062093158
0.56133518041816
0.837489698989396
1.10295001606419
0.933713253243697
0.905629870134885
0.485687652900972
0.762371377126672
0.565934438253245
0.612636204526256
0.633017670462482
0.649315836110166
0.407222061282619
0.291137184438614
0.515725425039279
1.29823740985527
0.298306659230652
0.17587054959377
0.688148773550223
0.698084434007299
0.913773358102136
0.575738423082126
0.907824722171267
0.636884635743843
0.848489897308478
0.411035692119777
1.2378837613771
1.06344979287913
0.549582225610684
0.574297794983499
0.796503010705461
0.398444781683477
0.542851665170432
0.888321004141302
0.707461967084779
0.779495202197163
0.538345943878256
0.257431067095348
0.658596989326727
0.44182975274103
0.72287026649586
0.673408938032331
0.914445605000688
1.33560273087121
0.409474702018463
0.817303363446276
0.684464779489614
0.629400533982269
0.304657550369666
1.10953282643677
0.658324516633101
0.765833418246861
0.55156001198024
0.436150250301331
0.636740480161827
0.559957677572786
0.480055436412598
0.830882161633422
0.793259769653343
0.376836051836982
0.490327933544025
1.33215685207261
1.78127134199404
0.815778037057058
0.635762078922524
0.442255450239141
0.543287293797632
0.767082124542823
0.556429971230111
1.2983556477661
0.53770998431564
1.15073575390246
0.831478198341605
0.659791919478105
0.535729423315751
0.549691675394414
1.31444004454632
0.576444159477695
0.523033736929012
0.41788456702137
1.41406960609601
0.680165082164751
0.407560908542742
0.554351552029184
0.57042568007563
1.00468778966146
0.678889533897766
0.635131339466392
0.388482351299746
0.395840808500675
1.11550479606102
0.675843069952175
0.768135816383432
1.06237687826924
0.804990579054275
0.517240173136447
0.51401976055932
0.595713252691688
0.334060630765159
0.392905631263625
0.719459842661493
0.497156523128191
0.893185998852794
0.794291137265566
1.10716627482357
0.63177653763259
0.822078895295697
0.814757800255108
0.379343885750505
0.759635780162082
0.663754387085152
1.34418656740369
0.484638101570228
0.534586187390909
0.508752464073267
0.994615816259265
1.13402102529274
0.952934019707161
1.32831554023059
0.431501888869388
1.00214516774739
0.567022655559419
1.22781222899173
0.872293361615047
0.852591261629825
0.694532699678581
0.966244033638159
0.323373067246196
2.14541927879189
0.567840183466011
1.5228742497965
0.710299842019207
0.750909010006096
0.71765383819583
0.582136426319678
0.724442544490212
0.658376902536528
1.39633980395372
0.577411689256375
0.684182614878652
0.754156847386114
1.11825105249513
0.406019866954517
0.437840906336841
0.31882490124151
0.893272466197131
0.349172910267612
0.689050295087536
0.895439435403153
0.464195844534342
0.917853246591879
0.732035367264548
0.617208428326013
0.563557103579107
0.296625120108795
0.316199249157767
1.13110487792443
0.94147336778029
1.44498191868533
1.51877291961122
0.740012643710562
0.527674275080318
1.01296201473689
0.90967718779325
0.390005140289871
0.922411736646473
0.467705041761583
0.445544164590103
0.587391867512772
0.675758523125743
0.827296382414371
0.544199755812838
0.514979642300881
0.776089998800966
0.550508311733711
0.66508204111592
0.637258096086205
0.642278044996464
0.622958647478596
0.774438528794955
0.685112913885481
0.256624039960223
0.31604596474233
0.386410226515445
0.509882674437235
0.353824842235385
0.923753678084474
0.851468452322504
0.724396522297536
0.610868638887307
0.592387523758092
0.674051292645812
0.634601633253191
0.556061052837236
0.745376728291894
0.746935666364972
0.734147287475522
0.753528795557215
1.29160112463328
0.699468517304764
1.36346718662322
0.474466817573221
1.06619098680288
1.07557361837666
0.574745846851793
0.518912314552357
0.873401170376908
0.33257370940009
0.403193583954956
0.398007620592562
0.54502066697009
0.502319459068961
0.623800711624698
0.776837758900694
1.97664748388876
0.517504581798892
0.55599704641961
0.65288744923405
0.217190087114647
0.386289473849736
0.558803009750794
0.777989660763377
0.456728031824696
0.687582669574978
0.320338544296702
0.445629482885979
0.733131143778741
2.2213759177772
2.19440751336645
0.550651962257569
1.42633042812229
0.50071884072626
0.990134419904097
0.945089299095364
0.558913917763572
1.1284409641322
0.347465401308103
0.371880453547859
0.998493971827426
0.917106230399014
0.464051331109595
0.7387955918909
0.482769039526115
0.74606381689662
1.0469113124112
0.795705644760702
0.636818037249266
0.38487626526593
0.543386831151137
0.708570666069116
0.906235580825429
0.839012652612915
0.822037819110017
0.632982056522219
1.23210310376655
1.00811317664298
0.6332219863207
0.562248051315007
0.34066488584173
1.01675576907951
1.3752796853867
0.661366163380325
0.404670791586075
0.312619786248747
1.14517003765277
1.0734701737217
0.76887249244076
0.610354080554642
0.39778783885488
0.516240852138721
1.24362920282614
0.815298422038257
0.892777090810472
0.646695067300239
0.862337588858105
0.509988688116281
0.465653113981776
0.510130440832755
1.00736472577998
0.406843387353628
1.10888682598615
0.675243743227816
0.971830332936274
0.809237673706022
0.903112870019203
0.395070591907159
0.562849704819925
0.450701322858464
1.06835613235573
1.02364510114437
0.396765039778206
0.615045605358979
0.787174040199975
0.667932557588565
0.500257322327961
1.06274096605314
1.08533419737548
0.808519236379267
0.872159646637719
0.89078877682588
0.67496307488334
0.3429351949471
0.956428458340566
0.474567505530039
0.713256815926052
0.781948247074651
0.713939129790593
0.84365769281066
0.71347351125812
0.545668576309529
0.64839025890815
0.687391843091224
0.69560893919117
0.511603584060584
0.688568318887035
0.553841392211752
0.520910771165209
0.285445868408159
1.41431630246116
0.551000462659714
0.672445803078273
0.285218484526047
0.803602856885788
1.09723776225604
0.910419310430082
0.961577565319676
0.717860568811069
0.970258694529868
1.05853711441707
0.482011378525376
1.12781806189049
1.10840951154162
0.657623742012662
0.299166984324355
0.756536409045717
0.475099061213425
0.769210750554957
1.0169052096709
0.328849453411905
0.607574772677846
0.426420577225406
0.331163999934886
0.999175743718451
0.343698901688369
0.669464890101698
0.53957604535752
0.603444065268514
2.02461218206539
0.596096979305068
0.592791838181957
0.880899989552957
0.287239898290607
0.41974401446099
0.439229227903896
0.353989290197321
0.494727421757391
0.426384466860199
0.735258753580553
0.886062767693884
0.186421689781625
0.84882828739825
1.06073973891318
0.481016248636596
0.494632532197228
0.98030760074668
0.658892465707734
0.828659532671363
0.573073520649214
0.564347501778943
0.419262431828738
0.410087876534842
0.481411183314089
0.636595721070165
0.574554086009923
0.949817536277637
0.386448534972261
0.910128036968189
1.06907074474067
2.1423811280677
0.548196346245357
0.280252704225868
0.56982479409334
0.946533907203253
0.863227779277413
0.751956164373437
0.331730988394803
0.762935648604164
0.523362429659294
0.878271710520637
0.583834277270816
0.476447694414793
0.517045075649327
0.822663147416184
0.642420456311847
2.04626940965775
0.721121852156079
1.15212654921028
0.593475554044851
0.769671550790044
0.808926118712288
0.592725721362686
0.470091962011892
0.541176379264985
0.57306219675567
0.521760809903439
0.944180936547044
0.718182579132306
0.689750675864105
1.56974033736478
0.70006708837932
1.45474232138071
0.416639550538872
1.01812429174452
0.814276299046471
0.919410155787322
1.18500954016279
0.712134822826827
0.496292344028157
0.901721513775867
0.846733995667949
1.2089955495572
0.38877544813085
0.913590439230869
0.38256095469483
0.667024795383161
0.612907187214045
1.67386580096248
0.548309730678096
0.719006818351755
0.50456262077517
0.431159442041363
2.20056991093026
1.41189442285712
0.72240054867079
0.899960140998
0.525684026979996
1.04785313016695
1.08123509301456
0.464202284431407
0.452961638022138
0.289657437441211
0.454706587443486
0.583190387446556
0.560218652586426
0.623492601707359
0.549160235366013
0.846931504944534
0.61562584783442
0.988856801392085
1.2355702363059
0.623565363062362
1.88352962962955
0.773608754498605
0.4227807326832
1.03451272113894
1.08447774746266
0.930594742126157
0.396771213824699
0.868602107678472
0.584899072037253
2.31219041155726
0.424993262368713
0.569939495093986
0.978931291868927
0.639624909560357
1.00919142466603
0.306237282026076
0.729653330120869
0.739372893122148
0.698964071650304
0.947228054791358
0.812804505327614
0.871941593590498
0.780162496181358
0.579003933293271
0.395094044652215
1.11799896273885
0.418627875035555
1.82677451526688
0.564094104189671
0.532790657951075
1.05422270966291
0.558516204169683
0.398259079072685
1.20477706752778
0.841039544552612
0.555521940401893
0.79654857282935
0.930479470346624
0.533953437645641
0.410623260369917
0.41206684514633
0.331351716286333
0.518032571252153
0.426440610215772
2.54702707579235
0.791540089385132
1.12293729649674
0.664820526047077
0.535016186091422
0.480920904014334
0.800356899836096
0.485541372992422
0.771863033539216
0.438330062134915
0.742141664610867
0.397093894831905
1.70472288734545
0.492354077750416
0.71192275127514
1.18003218035118
0.786169602775625
0.493502164337822
0.424569817299385
1.15211259148481
1.35825892898492
0.7434007882764
0.719614657611455
0.704049904351263
0.485635601648045
0.387439402440202
0.59898414766273
0.5748193124841
0.394746501505535
0.537346670736063
0.557151481314427
0.954201720173213
0.581939105410633
1.47377082547394
0.421467859002576
0.82321105947659
0.591125319432626
0.582925575483935
0.786100948943731
0.482761492794087
0.875529102139642
0.831787186196313
0.612801282150489
0.993584485431616
0.437723391199968
0.350724856512165
0.310414995294879
0.595337834753769
1.2160082236854
0.841363123003758
0.636370540862473
0.836979623173462
1.28715465626392
0.693553725978566
1.17552668995439
0.447917162753858
0.646469308290637
0.407617638802506
0.784323850583872
0.758035025549206
0.766920599164147
0.377683026277077
0.527134558518544
1.03198050344035
0.7288026108657
0.706389479353676
0.567305231043215
0.574714752462932
0.633565354012328
0.761343256402181
0.397009904518967
1.16731534986443
0.640814910780347
0.828075018913162
0.527274634635553
0.552982762309652
0.44408684620258
0.648953601218588
0.532491480329526
0.98307710774069
0.443764897171595
0.616384740651191
0.509992957737638
0.531513564422235
0.983228748236457
0.738774522952777
0.60581689690782
0.679970585756728
0.792120600075081
0.460982533681468
0.659685446970248
0.404235245365718
0.595489519485917
0.449123276334702
0.756774404377939
0.523113711390569
0.493867549262013
0.874930061411643
0.779000532087544
0.21723053085053
0.21386377859179
0.458994181161685
0.549196213823535
0.816653828301093
0.81111810809851
0.397985560325189
0.580534337914256
0.698362993742296
0.762851406099379
0.753640762522245
0.382932303125692
0.829206785075165
0.553613338994071
0.54171860154348
0.721651903573496
0.771413564501684
0.74049216308729
1.2684432467189
0.631713015124621
1.03670014408662
2.37585217627672
0.975640289399224
0.324370614629791
1.12637851226088
0.720055103090667
0.532124351090398
1.11504501033442
0.577062240931986
0.280284181379316
0.293245134640981
0.93251785895702
0.691540891520563
1.04514825576438
0.619630102169863
0.698753760879379
0.569190114637433
1.08481240807486
0.647973353615673
0.348514210892212
1.16427434472026
0.910325983588504
0.693490825160433
0.562051115364263
0.589708405410188
0.52626896046657
1.87105385050417
0.480769055349634
1.49124793407515
0.803929478552177
0.594941739181502
0.490695227413529
0.625552044219389
0.839873679428358
0.468833399872435
0.790039397026631
0.686446589997106
0.503750137909467
0.510541078430458
0.429680577214816
0.888233457653566
0.871732988680205
0.560081938695771
0.63245006907789
0.60454685636506
1.51001086639292
0.259320417810648
1.09812785102692
0.630932064757551
0.324172857157016
0.93519343976629
0.843212890554518
0.65673599771526
0.605267007976367
0.854972639897064
0.764593614852794
0.278951489785543
0.558985519890789
0.761395073370107
1.12234204144334
0.553021405720071
0.44198401922081
0.503324702700522
0.472412009631584
0.652727471640115
0.542957766674934
0.673529258835748
0.474925666963324
1.67718415988698
0.354859902274408
0.813453955521542
0.470940378174347
0.636113730879313
0.602027206722476
0.56349271384087
0.830869980474479
0.541783902641326
0.867974210627758
0.696799760602828
0.833478695623984
0.866112676608795
0.536438248779089
0.535704529345828
1.13015341065569
1.078074770685
0.73253127720664
0.307856266763936
0.802033480234567
0.963954993438143
1.28243261634013
0.593635352776955
0.858979358521385
0.711944958915117
0.65034599622095
0.656238138932072
1.18278894435806
0.87221753406117
0.594156703748727
0.644349957081528
0.976126683196876
1.20433274604573
0.705645259485103
0.48278162238533
0.371134003523148
1.15720855662398
0.603287006678947
0.477587541464382
1.02210445151317
1.54882038580672
0.619164546541921
0.674823262970438
0.768534669014673
0.357262619081554
0.710841611544157
0.225524592794176
0.678493535008375
1.04646435256434
1.11020066970084
0.944356967039857
0.376867162114754
0.96724236271001
0.609084014477348
0.537392525329612
0.786477292936446
0.759898598519211
1.17456185899225
0.799483730308342
0.610687719235699
1.24368353762169
0.907098478959787
0.417460114963261
0.752474007674996
0.699107573447965
0.280864058677346
0.418667574431718
0.435188429372489
0.530170661296696
0.700659818282751
0.217604610960665
0.638798713598063
1.0055990089392
0.88521696303852
0.506805535131506
1.13741278270222
0.606325775817185
0.706150711999855
0.722014511779115
0.30441956170092
0.525379545586025
1.10324561804838
0.768126927213901
0.920043517522417
0.454823667855976
1.08285917019234
1.10586379587766
0.338613954491047
0.876725430901019
1.51814380906631
0.820316820989518
1.42709205065893
0.719497267196265
0.476621591010452
0.860869527158865
0.989399187449813
1.02403931374797
0.384289261791013
0.897014377351657
0.760799095163085
0.383041334942198
1.16656970542174
1.28421270152599
0.712578550598996
0.278780477640533
0.605743570549025
0.411695925302691
0.39574569005785
0.638490561089858
0.736074881279623
0.683906743748367
0.58190303716805
0.637535780930292
0.770958306040898
0.64278439922328
0.894799870211984
1.09549952375627
0.515879232502674
0.545390096499911
0.613995733630798
0.710466042805812
0.546112825158611
0.692414550656661
0.964231110058548
1.22944490983948
1.01547345529274
0.730965332143517
1.04970089114177
0.750630071162694
0.61771090953526
0.525812900853561
0.433255848277986
0.958479543386623
0.671602151415653
0.591152403213413
0.38820352350374
0.784907041679057
0.730963253765593
0.438860231204165
0.912487259918358
0.460268228051877
0.362039830499562
0.725984926046725
0.710263021629493
0.852260732092888
0.594408234893469
0.5550222374458
0.433084280014177
0.615531501253422
0.97461241520548
0.764494164631907
0.484051073272378
0.476823414715311
0.341319387903374
0.922092814321292
0.836281350675207
0.433743468222719
0.731874517420862
0.347371248477008
0.797526012916507
0.428912943404725
0.522927792601154
0.38098490881748
0.587133236133676
0.635674815890773
0.82404351499457
0.440593759904961
0.654894201855936
0.642766975519319
0.483295821602663
0.665450975083024
0.383539323957554
0.870307113668278
0.400956723836147
0.417314757717208
0.536586730327372
0.459859657722183
0.723839754905549
0.548534034213218
0.482133069138215
0.501019367654842
0.587938989116531
1.21014051019195
0.384511525639989
0.832295353184373
0.40963311617714
0.41487440536732
1.44011705876779
0.698052683615307
0.974436595129485
1.28204747424661
0.765099797667242
0.63208067856484
0.938769442897818
0.739575991985425
0.596772986481698
1.07634785502206
0.784959270805675
0.920471074120564
0.903432062759357
0.439964609663945
1.10070044310004
0.442681702189631
0.952680135279965
1.00675539418657
0.496440731427756
0.321004131553172
0.876698307355352
0.503054462283551
0.837367120345198
0.67378367381944
0.711079618357898
0.836816592682648
0.968263687005845
0.798474658102596
0.654653718474516
0.842990198152691
0.618091727469018
0.553937543782488
0.530255654442347
0.937154389222828
0.454180539197435
0.587684011725078
0.634852584379812
0.795477446662244
0.794251086385235
0.332874197226545
0.582219407509203
0.710289225201355
0.64930315063001
1.02567851570106
0.664227986176656
0.892463790825758
0.87599802360759
1.30857338510982
1.07710278741384
0.720358798502261
0.555990172108867
0.477999952237599
0.807508287177714
1.04124642828979
0.80315652221569
0.791588625677446
0.694232536719218
0.825195258924352
0.759709934747039
0.79691355849709
1.51450046042354
0.71778030405715
0.460120938238378
0.66897139230915
0.642131498345361
0.795560484813255
0.936849104913987
0.443295231788271
0.652471254300715
1.84831674386558
2.00304701849759
0.887991017001152
0.760131215616041
0.875658470079881
0.404336848399249
1.01531003800944
0.91963776185629
0.752541405772938
0.449512952806761
0.521195464023407
1.06165365816312
0.94450919112975
0.949799861284715
1.12570781023625
2.27796897224436
0.600915657842667
0.487407909288776
0.559083787961108
0.652426838462033
1.28603841816002
0.90382283140069
0.99749033545889
0.817626776191532
0.806850020857055
0.879398987092426
1.09236995690999
0.710360463520663
1.15439936821298
0.833355023762266
0.374701276197709
0.529812727821127
0.987882607781409
0.365000403653973
0.59328673054431
1.55661154439467
0.598671606030959
0.554117481661069
0.719771800920187
0.704749025896419
0.678968247726483
0.857978246471363
0.720191345434362
0.725573609925945
0.631573917440384
1.4525180325054
0.598077362522521
0.596149597701614
0.449695916392848
1.01798955661938
0.635324331410721
0.629694084030451
0.480771024378014
0.392969609894268
0.559859391564941
1.44743202112866
0.52133415603001
0.53608084480436
0.531647191427679
1.51129673349937
0.443229990459316
0.704069191996821
0.831049529376616
0.626503285692508
0.37089588787307
1.03531684324779
0.762901226498194
0.903474033817993
0.847304189735571
1.05552856400307
0.377709489750344
0.918387599710424
0.557031010842487
0.393987995252659
0.73553561186823
0.561253335809281
0.924277293778016
0.501935050190072
0.817640311497912
1.25561813567951
0.263985444943085
0.218553466614844
0.921161151444773
0.457904827269496
0.470574032472916
1.08258402103406
0.511712156269154
0.576804071123638
0.644631862713668
0.463513550415745
0.430873653520654
1.0919660467875
0.619135186552457
0.257216419589276
1.24769743645762
1.17587959026261
0.785351572521873
1.08000735407681
0.97216903928415
0.447863728448934
2.0256599521954
0.679221914664299
0.973655157598247
1.1972006817855
1.01472369809135
0.6179636772212
0.604367279325607
0.822559957334726
0.59119961297793
0.931854533371063
1.21570478734166
0.404106739081196
1.1296522950549
1.0225693052184
0.532285961187652
0.369216265872581
0.416727898663147
0.961059060644142
1.054875044529
0.391326050641571
0.5995584336066
0.980289237679662
0.873024849729007
1.41901706967922
0.804046674972793
0.561239012753787
0.582895241138093
0.770817342343282
0.526639183871504
0.415712740871149
0.685542663237833
0.738822554799396
0.194858446152932
0.409345842879411
0.89338368521003
0.400272543128307
0.803735388291675
0.523476829857759
0.487279365712257
0.680390809280877
0.465536533569537
0.487742562386906
0.397608548779014
0.554958705911068
0.999789814955919
0.425908667937642
0.806352081811842
0.613204242937742
0.754152958488849
0.501046970252734
0.448449770758847
0.18010977985094
0.845387137009426
0.518607991937279
0.611483296899133
0.990900576276794
0.535065242881016
0.670952596079126
0.83056072874741
1.30955755897499
0.436815477806839
0.501917834442937
0.356787657057543
0.924625402517658
0.329656209270738
0.772970800637522
0.517830631295211
0.436378796168197
0.483334221718823
1.82262852210958
3.05520727139556
0.42611452879822
0.482372522766038
0.572173698651928
0.42373965307014
0.68614103677973
0.760057358243007
1.10637223974519
1.09114974788712
0.976065291069905
0.484351697852237
0.681665492888824
0.520116708989661
0.396971130938611
0.55804695670841
0.837187759550666
0.81116831742914
0.737751552608742
0.548291042183302
0.709410960748127
0.591130458364976
0.905601560654112
0.893831551769164
0.654826058528494
1.0174739653756
0.494594562559043
0.642024846365672
1.10899908845862
0.897688511628115
0.847409123146873
0.9180954129405
0.680646030253655
0.491949026629428
0.38388572416248
0.432934546355014
1.02067770256039
0.407553895940365
0.601124214181974
0.779054210009626
1.08941793450955
0.766129440779345
1.94300197221624
0.4024278195211
0.664405543316936
0.339029878797877
1.16654263195606
0.576019132378403
0.550623225220313
0.616049264417885
0.231125130566273
1.17299009712865
0.82131636037058
0.774956515808011
0.980579690209527
0.667838033081626
0.698157959194147
0.652683012572193
1.53202871883864
0.846123686510816
1.28222853737503
0.692063213300336
1.14478106255547
0.252677986328563
0.871590367350395
0.598453456771869
0.604644092595359
1.03592639393986
0.52522634093388
0.598761824529645
0.505292615317513
0.61071212546533
0.779984455402924
0.856570693621487
0.724195828294184
0.599952385088119
0.944949374740433
0.89405081074901
0.95776762782456
1.57211403906372
0.62804057234496
0.494191918422746
