0.522348563461097
1.64348336053284
0.861348708069909
0.911865486019391
0.85843210482196
0.964029207610198
0.599024009449176
0.415474362959399
0.563631736706777
0.619728600882042
1.1158956735445
0.545477354776399
0.352637095160569
0.551671829230709
0.518762102148854
0.838632298173269
0.389232781474804
0.640499822091445
0.398467283618801
0.664537556693365
0.596625836273398
0.821696338428891
0.871970389068121
0.35702528652824
0.544491884168094
0.822964621225293
0.434892449707873
0.721926853088715
0.661615536348114
0.349854461054706
1.39681810653101
0.565027870902731
0.826933658740201
1.11308740280833
0.613251688143695
0.827661296717941
0.824375789362928
0.910030083485775
0.478792074866338
0.59566719779501
1.06101173401685
0.605110629186131
0.565322668655637
0.585285370312415
0.698651559099573
0.502561337543865
0.673778188536318
0.702914738471079
0.713565058750672
0.814825865497858
0.498197830217198
0.364596461968763
0.371580262001419
0.418409983885182
1.85044553987419
0.303749399325598
0.485382143035213
0.462910387254521
0.532061672354382
0.357552101969431
1.04796374627311
0.810664773908337
0.498315097141147
1.48907838898198
0.87016462106423
3.33856345275971
0.734565861864947
0.175632343128751
0.623130863681493
0.800528008972149
0.89746205070989
0.757460246723894
1.29730832482322
0.436666154562828
0.617853130938141
0.963341981066015
0.546945961690417
1.01691492103694
0.276297947968393
0.650232954026644
0.993144804106062
0.930731697498511
0.840621830634974
0.603676635318691
0.545950656345454
0.558742836922592
0.389368767393318
0.400401595367955
0.519956087569201
0.404525275316984
0.486282553705752
0.633759915325602
1.33837437435126
1.05643140781336
0.525757168013751
0.671912471594674
0.511964224359262
0.641453717837347
1.27740701637867
1.29779590704044
0.769755089973522
0.841959977857176
0.424458047969385
1.31114474179575
0.374168302188681
0.37448114261804
1.42389450911226
2.21496283071744
0.534324152908866
1.06218742981398
0.862910569842426
1.74299929215178
1.14473918617459
0.499127741889319
0.38592473327912
1.51789207018432
0.683109064907444
0.399662326228173
0.79339906118565
0.621214598512729
0.954547329952148
1.27802952055634
0.382901117804006
0.573999496218313
0.386239559325077
0.732240449567926
0.519439042291001
0.697764346643147
0.406996473324833
0.295076962358405
1.49606105654011
0.625466501300634
0.586399690270941
0.15520774476195
0.419021848424092
1.07506861814464
0.53642102258516
0.63264634880383
0.807343094112318
0.647127540950206
0.60200317011688
1.30184946040747
0.405090307997832
0.867156086721786
0.492920890046782
0.708094813684061
0.740087042220276
0.754570546816583
0.295621949484038
0.947146432388168
0.990639342076421
1.5509336415379
0.645903404016222
0.513879794941844
2.00858694716395
0.808651485575105
0.834037334278292
1.38391297287786
0.777973091729509
0.971768656840774
0.825783752226538
0.91464523557798
0.677116692242305
1.63495854886019
0.487812708447382
1.01952656481526
0.514867554423691
0.678282375961724
0.805736149433276
0.637745348193708
0.637616884698663
0.811874299377539
0.496323502000871
0.88657665049634
0.756077175752174
0.564622451872628
0.683529937492251
0.899611185941456
0.452367955944839
1.09121170988553
0.837418373615848
0.769263490065507
0.766845853369517
0.739236946336131
0.772632268879317
0.126761392162437
0.460654717839811
0.82443000141243
0.655333417090225
1.21862053274853
0.69178313202075
0.534029182843806
0.4737178570239
0.929405864825184
0.814184012562173
0.404721800116519
0.956376080637363
0.302945187421759
0.746028517467024
0.747393301567398
0.736197227196714
0.913203444010469
0.687728804955498
1.63312074102211
0.348254279822295
0.542242958671131
0.501292044902449
0.849258667499319
1.29268540903119
0.404144148806822
0.525632840586955
0.415581287014482
0.956825093022582
0.395978305611491
1.50736194854311
1.64713274410315
0.651410153512846
1.02575775064066
0.57831075570708
0.585549369135246
0.67521862691153
0.825179937479147
0.393087284728484
0.643346263587633
0.68362822928395
0.967889013688716
1.11326864612591
0.421269793495904
0.547161612428255
0.502784523991117
0.879452588999866
0.40721139932027
0.494880246469318
0.766272554521873
0.716949462012966
0.754989586004354
0.861605817288287
1.265845728745
0.737000411880417
0.452273558732764
0.802587531502279
0.506701387254842
0.677672355802246
0.434176520924823
0.643410309586464
1.05194926917073
0.612527823206715
0.568897579002826
0.764959132000689
0.328499769003037
0.552347682731627
0.751175455996384
0.39270447120982
0.460919501236474
0.443934561051807
1.30256899548228
0.34965199530179
1.36616274646949
0.537114468152545
0.815919488998231
0.740676874334331
1.24457949776755
1.9205656300908
2.46994166898181
1.50864097026042
0.478596402632228
0.761976412969791
0.663996247215438
0.656819854578321
0.369577180871373
0.494014195472478
0.535946948365333
0.950364430366989
0.389354223961336
0.380592491954078
0.732646911697007
1.31246338637517
0.95243853250518
1.34520783434147
0.731140861077719
0.541184827280943
0.382054247261075
1.00820311150418
0.633948096047976
1.14711854420852
0.849571120011522
0.511517163599297
0.770350864222837
0.400029719896149
0.735117087824487
1.11370818569644
0.472773222546643
0.949465269943524
0.457876547703177
0.554763986734454
0.804712627763215
0.365250539837056
0.82706495306749
0.732792074899609
0.601420637524144
0.648936494961464
1.6255413130199
0.434518612575923
0.751186254524329
1.14802426197463
0.656639910271485
0.457841336703396
0.502776991822147
0.303968400823104
1.43868689824611
0.759774645053823
0.97345648746218
0.78979131095833
0.496877608143979
0.804835959166061
0.972781730475116
0.52811735637287
1.09245961040245
0.467487145463876
0.74660089931626
0.394768845074528
0.894309135990533
0.499542772090948
0.609082028630932
1.34512432398639
0.566135791894785
1.47908399605874
0.759331358311733
0.583512818265473
0.51639146804246
1.02182630765159
0.248176828100731
0.609083926164351
0.729956848158106
1.11386310384078
0.710140850663872
0.584889397049876
0.628738569504914
0.308307961476652
0.905900408679713
1.85338634467239
1.11367710053423
0.601422969848088
0.481678354208895
0.84296176023554
1.0009623356814
1.0372082873931
0.891989815284478
1.06421622740249
0.814630431967522
0.895959157622591
0.6420990890938
0.491313427434566
0.625779949574052
0.571572531943557
0.903765138347031
1.58997934236329
0.690154745213905
0.413085849499608
0.731412161415684
0.317339641707262
0.740265454984687
0.794078408771837
1.33275101936691
0.780477894090426
0.702312190570739
0.689284415350997
0.486234919248778
1.57790143620041
0.596143186408755
0.524057480919717
0.967589834578205
0.741705440981276
0.392547665569949
0.918596734441267
0.38561752903083
0.833838537901646
0.409170891356065
1.15927246066228
1.02291536369316
1.8572166401949
1.51729621846446
1.64276730956472
0.869886845610286
0.838858256234617
0.762298227192111
1.47189662275515
2.25076268762595
2.07008821724752
2.06810311108136
0.664795267457598
1.15007558507927
0.496683641485677
0.349344753407581
0.843280345209154
0.561358168526082
0.798508861295498
0.84095270849221
1.24753591983891
1.08345779090111
1.133112525982
0.540623100183675
0.506582262460456
0.982583382473752
0.627252144850642
1.2580311691471
0.989717002147848
0.838476119191365
0.755834475373724
0.676911513920087
0.595860436551022
0.897202652597897
0.615969585840779
0.535228275773877
0.698170736962893
0.819815390793439
0.859941463187202
1.35566415969026
0.387889004442528
0.922634672389325
0.927820246256083
0.412494446267083
0.520476314634609
1.05622531215406
0.527957019946007
0.50082201287314
0.624149356200951
0.887772236619225
2.09319419927057
0.781462402261213
1.19494645102203
1.46993116505446
0.489428692246788
0.463923800664792
0.540548634466666
0.531954929771463
0.489109105834428
0.592134184541788
0.837914560661912
1.00288842357969
0.49330231962292
1.08547123737194
1.52537504263473
0.740773021349087
0.721053970884203
0.749581910298202
0.329713139456158
0.666712936536681
0.547468203837906
0.410903781309319
0.462213486347198
0.891780036257587
0.415094627211545
0.919626837573103
0.748830424356366
0.580205837030831
0.900534697772267
0.45430091105772
0.460728387222918
0.960932699627544
1.13851716992734
0.921519355906895
0.857324360940036
0.454710277601275
0.770854558542436
0.49349013942275
0.944979925048787
0.859255223083603
0.464190572339963
0.551830043812454
0.541361117017644
0.478752626181197
1.06156202157768
0.868981510134967
0.552291041262274
0.713860737250201
1.92263392112459
1.38452369932883
1.17846066289067
0.704664191749522
0.535410719481126
0.681703843152112
0.624069876578293
0.331130442360546
0.754689128844614
0.561181938595079
1.09191784393778
0.770014074358022
1.24280912264946
1.08177675951623
1.27560739697044
0.441347179772722
1.1826978958087
0.52107108526323
0.53561442272367
0.858058584270084
0.47214942852488
1.06042084921785
0.853275446490068
1.01427560646341
0.407927076860969
0.617489984874741
0.805807178882803
0.421631291528089
0.916134432366558
1.61556198380411
1.08442854652613
0.453969968919622
0.887969468421158
0.452620311570247
1.07979042723614
0.847686055564065
0.815914354061336
1.32074666006202
0.274423454961654
0.257959294932161
0.325327045270354
0.367124686049092
0.438143173132616
0.447910020520434
0.858427571233997
0.855687840451277
2.97754302846332
0.614764488719086
0.621311903038438
0.552240621706454
0.605350583433253
0.444007600889418
0.427053309891492
0.939519633231187
0.608503328904492
0.613465837432273
1.30139045846535
0.271047095349482
0.532607044172585
0.968587401549698
1.81524746417203
0.651720736429726
0.629085741104207
0.991121699610437
0.872070921947816
0.86085725721354
0.885474424327431
0.587278044159946
0.629337740838621
0.611493516415088
0.559032561638399
0.689761736741692
0.468941112033516
0.376387765049123
0.578843520321171
0.487287607558779
1.04767771095378
0.584959668102452
0.667476652079354
0.469494562204249
0.53368744690913
0.492498925774434
0.57692874739364
0.519933095990612
0.670742348863332
1.41412239915401
0.637211546755092
1.24394928363509
1.16394511626243
1.2146337698206
0.705701365499669
1.32767806049584
0.504082769508685
0.621030729221637
1.20377280674818
0.581740608517821
0.474936039440068
0.499294145350464
1.03114732227057
0.789790143057051
0.337480202193529
0.535694006729883
0.941124958344981
0.892880079029439
0.441101647262439
0.772594081461214
1.08254863119984
0.560867911512322
0.417063845749182
0.665887194200269
0.73872242229165
0.733203364004553
0.510853210629478
0.425645540294767
0.497113594085483
0.604630812705706
0.636898841147013
0.396585415812349
0.759655445924512
0.468745056230602
0.952035205017525
0.208861350002592
0.858600904262257
0.507673784777031
0.637109687743797
0.390796218752422
0.755556804847687
1.0997599674916
0.873655500225396
0.550774710093338
1.27035141417398
0.815710094274566
0.989712385135616
1.15163588087234
0.576410060417453
0.691990466604809
1.03553395356908
1.98097441633922
0.621005495867592
0.958777023445542
0.35600589159374
0.456127058391575
0.978709914156079
0.952260470599951
0.861668660929138
1.00643526692143
1.11251447390391
0.838992474439422
0.721557064118611
0.809087587925059
0.909639642148917
0.857427383792843
1.29509324712573
0.695867029612366
0.774627069188187
0.430639062993581
0.590334408423396
0.410601298310713
0.628197623639299
0.452410811484331
0.286996400416673
0.415834310404475
0.560596929899442
0.87682547022599
0.839161884678397
0.70715108098932
3.32418646182821
2.21360962108162
0.922002404433806
0.361152861958154
0.814156939496449
0.985416892884803
0.55883995851137
0.878840683927941
1.2166937972514
0.2468134840048
0.690820159653471
1.73871247004571
0.910206377343546
0.736022108125697
0.382312334634763
0.800166971745048
0.608555097754628
0.399924235686514
0.571290887484999
0.886070942830522
0.442960416318206
0.754405465343543
1.15359617737696
1.66015140066242
0.828872385548856
0.479110797756762
0.918508530617596
7.14573335829427
1.27146945921749
0.551838687856641
0.840969969292528
0.8716569380306
0.47871208679062
0.817571869350224
0.753834042983604
0.523105819944642
0.950649239891876
0.658173342229676
1.37462040210476
0.589053592897788
0.281380910037058
0.741243227676325
0.602344779552882
1.24449862356067
0.734849212246457
0.902170306302686
0.633982395661342
1.43446898492007
0.850054820403917
0.865484054014919
0.526701719250885
0.402042048829056
0.753630795342254
0.872876018661253
0.74943746500961
0.490546810216642
0.828344775068063
0.618178454239984
0.841865814599384
1.01408776087282
0.82284394974579
0.476139709821842
0.503482827707334
0.469256800326148
0.58253857629333
0.849599720253932
0.433248321551111
1.30192563852932
0.891619170896757
1.29593404912137
0.948631901391201
0.860289890227356
0.508087868218334
0.490390386409419
0.684089880713064
0.744159124033427
1.3140623354108
0.761578031256437
0.794628626806714
0.789055544967828
0.660350650451314
1.19593532237961
1.28202669176014
0.654047036976845
0.772029998913905
0.571015449222903
0.563587185691495
0.901369793122377
0.390902917474413
0.747864316268083
0.453691562378146
0.874244347523463
0.750030644798467
0.466335416897925
1.31461419522894
1.01134525860637
0.895520627597857
0.613675825891316
0.64819648351005
0.458497683934147
0.810734387023393
0.478337938037217
0.655034862116532
0.395330273910236
1.65735085226694
1.8415504728523
0.857735808087858
0.368739012840885
0.485020561316369
0.83380315020019
0.80185744520701
0.830009205063443
0.510153964899232
0.731155943875143
0.843679486162292
0.935753329750535
0.799344237061168
1.56367477190589
0.625596143260162
0.370023258160652
0.444811739673953
0.604548927259864
0.854301610680059
0.770455774739013
1.07126349321415
0.658797981067095
0.558785445821106
1.10980831043529
1.18524436434591
1.00387812733178
0.725710501919966
0.632248762800625
0.48510927406943
0.587140332771784
0.634836951689095
1.01358345525847
0.396832454581864
0.696554460330413
0.381230705153417
0.62434233203707
0.694610032227658
0.64885924232985
0.286140853258445
0.596683610575691
0.72861394448785
0.697205350054749
0.518123557592203
1.16029951780717
0.718521492544431
0.583153967734598
0.790005359042354
1.70682038612426
0.466957577479966
0.901957487299676
0.647643429481884
1.34923447965112
0.583063737704506
0.54713989391462
1.12705118144338
0.849222625747062
0.884950355242542
0.679494957801828
0.683642408366016
0.341514836266924
0.723570601303108
0.563336791783878
0.690215758302806
0.604140840901193
0.803791352597686
0.606725533742466
0.636335101182106
1.16150353259947
1.08733667432632
0.600542416646125
0.710432359212197
0.63181147386852
2.0612696591164
0.786394674261579
0.416777438105504
0.284870691201544
1.21821126515101
0.396832726940013
0.949082585104975
0.71340525474054
0.779722458960248
0.660382285426459
0.635825667946764
0.478366067180882
0.698728329039802
0.931530548121977
0.276301523994756
0.735640029077008
0.533147602913001
0.417878787525938
0.915756129603462
0.945958329495502
0.472568525519083
0.816700002015672
0.349709087671344
1.86948648214148
0.535917545439469
0.379850483863056
1.69071522645362
0.391618627942616
2.38539950661184
1.1273907250314
0.845209774177177
0.649408153148318
0.646316482734577
0.326049367277587
0.43811980444785
1.07036800980772
0.794186766104478
1.10548815521604
0.607126146263168
1.47881226971529
0.657068264565541
0.281855722955394
0.619702076449951
0.629611968695013
0.363841799761456
0.664037233555172
0.908152187264453
0.990486905672736
0.652117770080396
0.971098650234731
1.18862138352454
0.611105887576565
0.75926894428643
0.610129505469004
0.507625975956673
1.11518082317756
1.22272760354603
0.648753484495669
1.02944955230247
1.14179419556122
0.943142166131286
0.294495107901353
0.8419897743031
0.515105167576507
0.521239758109891
0.684792108901281
0.762962019202831
0.903168164473378
0.801495660158622
0.460493510971566
0.688134323920936
0.358829253076004
0.798920456117369
0.74175726079308
0.443503474697657
0.790265661995821
0.980581467901902
0.459216307222292
0.862968922511752
0.41357324784411
0.498770540254761
0.863891873857208
0.446234485344602
1.02749471010101
0.780183632361656
0.454839993339741
0.687844418487743
0.985786832774601
0.704584248097173
0.567066863840224
0.664835715916471
0.817536257705354
0.96994916807772
0.184823197749598
1.01814555406205
1.02019878781564
0.78774078489538
0.516093334417421
0.435492568092742
1.21357778599822
0.619145800147663
0.684329381593642
1.49095757874143
1.72568593439835
0.618537706446829
0.731611400001474
0.503182322419684
1.97287653647655
0.405747163130018
0.879729066114408
0.789216305105048
1.03421128276901
0.978428621509559
1.62643250909945
0.557682155881371
1.24946887893225
1.00022484099638
1.4014525529465
1.23058979061947
0.729323413978139
0.836655856008787
0.50695745362889
0.76972076272612
0.753174798762051
1.34522868296445
0.437815794447128
0.766467408262235
0.846027061004558
0.408903973077212
0.518635594649833
0.63184850749992
0.549389171146925
1.59351300940474
1.03680044942336
0.683951064002504
0.720208555060397
0.462867073310123
0.665046190459646
0.465755577251773
0.340231029516362
0.801252951515428
0.507172023857248
0.618037543217214
0.915540992867826
1.26998458476046
0.80295520409593
0.629539289829533
1.72664397577291
0.790785489309124
2.06563281849507
0.570945015908845
1.52783348814083
0.537360981029753
0.490073490102957
0.789284209480891
0.636871447490568
0.72431814492251
0.772823996188939
0.801829929178272
0.775422750534813
0.396750992520486
1.09325966420348
1.04004126640865
1.26422270597393
0.17947651026614
1.08026708718019
0.50588833748781
1.69449765147583
0.48256524975415
0.662028868556101
0.545432397479407
0.806838865069189
0.817787904383666
0.873358839055706
0.650238634141424
0.765099345604914
1.39543867971892
1.06283833783599
0.376359480341847
0.594851690103466
2.10141241152713
0.721372436782714
0.524451634642513
0.690652120026294
0.487799218593702
0.643078863211975
0.775227579318022
0.945393052514164
0.849900201881442
0.623185479311328
0.960909499081791
0.610654948613627
0.858371919379368
0.640444095043635
0.742735791718879
0.717895889266866
1.02717330625473
0.594343438591458
0.899602096856506
0.372689337175297
1.30409993422669
0.619135431566605
1.47213048275266
0.978508339447795
0.761986525850668
1.52414835540573
0.480798185452399
1.50825953316185
0.329197172796554
0.685803519963794
0.355383631604142
0.583959046048198
0.41993652671365
0.748452498597957
1.76068979501145
0.892449170597151
0.678476436983086
1.33912021065237
0.47881883520292
1.09675205439868
0.339431124342025
0.598990728656424
0.38891986940212
0.904316403670455
0.623817239917466
1.32314811818912
0.843185796442158
0.665409291453859
0.995202401420653
0.924061046343312
0.719584408381837
1.39939209452268
0.49947091085396
0.700169982367856
0.778023437023206
0.507263126561591
0.426520686507217
0.558768634971272
0.967990316031082
0.476186634436645
0.609588593714756
0.475096955063705
0.556148151343591
1.47688653901551
0.378826791249369
0.662221959458335
1.0554567459382
0.924795779516458
0.515121745039559
0.598878113764077
0.838923779079062
1.05556783279159
0.525175747208691
0.507841818212959
0.463105857365097
0.830345283839424
1.26590681938702
0.489046110554199
0.632235881979123
0.359333109023823
0.38415654073952
0.798080234833501
0.66331490164778
0.784049216530031
0.780854991798464
0.766975360760846
1.23172134013692
0.431232924311181
0.590390638045634
0.851295602769223
0.711496930732154
0.434205729534593
2.69953492829053
0.759175961334328
2.21614385603272
0.456785113297714
0.570726019832497
0.677025648526977
0.203615156632576
0.289575933038029
1.44215792359265
0.649413816568791
0.672020613173704
0.373354126077915
0.613448113937762
1.28254721907606
0.889436621597405
0.627011581081876
0.771343092137964
0.336341651658732
0.861963568501449
1.01809514578202
1.22979922394367
0.946263058961863
1.35310177660217
0.350046349547792
0.464881219105339
0.576651100806443
0.496018252424239
0.857079506044206
0.663965809884657
0.619425715359796
0.456485096454797
1.21987533187814
0.662017331906951
0.43495361085605
0.891587487311507
1.02229613380852
1.14987953073002
0.616066586483735
0.648952991493374
0.69515120318412
0.705263681782408
0.505464374073076
0.298889439697899
0.62032030812732
0.404000809103832
0.900101100434023
0.714156242129556
0.498206092580994
2.27077304543045
0.529575731755337
0.494743506472834
0.555096818303645
0.921990221555587
0.508920561327474
0.535877419158337
0.922775012109807
0.493079924772326
0.442708013407759
1.13829060148516
0.675995558005587
0.57686979909411
0.479327619255234
0.779274740944351
1.05705310087277
0.46124655386672
0.500270393807152
0.813788568236181
0.290299798896043
1.15011859522914
0.624304860229976
0.693116333655523
0.23427050031387
0.566941689430748
1.05130180934402
0.801232769637103
0.682072729766358
1.05652634732213
0.609874300622502
0.778247665888369
1.14572991677801
0.675274720886275
0.565629216155723
0.62706558484979
0.350140093768544
0.55581181161394
0.586007711404867
0.750985694325108
0.563548434372594
0.655266830275334
0.511164347476872
0.98930584110102
0.369486209708291
0.760239328245093
0.669397468187129
0.68525258337448
1.16475879803678
1.41375039445049
0.651951618497749
0.654409769329732
0.549723309140698
1.94401386160946
0.55942142764102
1.02335904940123
0.512379967350183
0.805695726226105
0.441436608829111
0.469218324480782
0.578185019237932
0.871295795900668
0.538900824031548
0.137073255441928
0.594216987034926
0.705206291128529
0.577879360086162
0.623639625676971
0.965822646685526
1.17124370229739
1.05545039638094
0.905836685987079
0.436443873411664
1.35185825501499
1.12826588522319
1.0566178464409
0.920868531226819
1.98706403808251
0.491868725026599
1.54604745174964
0.813515664192654
1.09010811232403
0.69053063952941
0.626248444709817
0.837906326013942
0.640815726971762
1.35642812653605
0.63714894059324
0.498308218883297
1.06156533362729
0.473914406254382
1.99754108776163
0.867482084069441
0.426906510321508
1.51369721610781
0.748193367941019
0.936993440753821
0.752210793578894
0.682588502395623
0.681173406971172
0.714912917189647
0.623243046145203
0.60753830557727
0.569169139604364
0.578068290815758
0.934319765444639
0.587384584845098
0.877250813705407
1.13017168584509
0.825976794242253
0.416254788156214
0.834994356029224
0.498266801221306
0.700710138271318
1.04238946391349
0.621398125289105
1.15158240539301
0.970754375183281
0.984892434612436
0.397640331553353
0.707708908726892
0.342159561991575
0.81531589773558
0.936690788312619
0.811269196399614
0.558680925399999
0.990870869234222
1.11632497602916
1.07109644065786
0.511443993728454
0.881914899880908
0.469017211859487
0.642380580404385
0.903779094597903
0.676571882836287
0.901531878504319
0.50360599355077
0.867039489518606
1.27350947021033
0.277714074313215
1.10980125918195
0.508443707700329
0.642373769266469
0.77105376247506
0.686078381431342
0.637912470436115
0.500248778933594
1.00304557306418
0.384337364952346
0.912706390492799
0.413521855283016
1.88218871503656
0.594145780675802
0.507989331900524
0.573894729202017
0.984304962537421
0.618062951531439
0.878471059845854
0.712364814815233
1.01683433687671
0.467364190356329
0.954482768307421
0.537976545544207
0.633422946426399
0.598423164563287
0.556594354053916
0.431022189305601
0.375138220168556
0.674749515990392
0.591800364327198
0.576117823368017
0.915040503056338
1.29894927549955
0.539502405908884
0.67233752484946
0.493564065393766
0.47859109173892
0.845752997798669
0.485067691403839
0.363810626207844
1.01998120270117
1.29676813274148
0.471908522578238
1.19417551236451
0.812297070660412
0.72079186782364
1.0382184978324
0.981068528206446
0.856183877105295
0.65793586168659
0.708771048746707
0.784020575914021
0.559088155168878
0.672284404655558
0.761435456525608
0.562030693196936
0.539780669381702
0.472881778185405
1.46940034528267
0.906478922419588
0.811864741440724
0.453588446030313
0.554169808739773
0.42111231247315
0.963617297598159
0.387126423346191
0.644700472341816
0.964587258106693
0.340440485632912
0.792153557033242
0.794902419749128
0.876218959625456
0.408843262778708
0.53577945028509
0.428875938236651
0.642290993328293
0.82824662634325
1.36245978820498
0.840191086738583
0.583876892596321
0.77148925077075
0.579146267796151
0.907988195586776
0.631219822438783
1.13506256585656
0.304202766026002
0.674596313544281
0.845177998418505
0.567250915279973
0.511086843865237
0.386515736747612
0.659890546746025
0.659314369663386
1.54196112387585
0.722840882953858
0.358479842733294
0.7561115817912
0.882436568046562
0.533653272562849
0.255417765359645
0.534104149000955
0.361715206751546
1.06381558294098
0.5149182460608
0.563615441877077
0.834726354828594
0.618573696677597
0.78382901575251
1.16925197295755
1.07860676722223
0.390955092044972
0.404121181025467
0.558179639703424
1.21651639226569
0.777113045366926
1.45538479078266
1.08053662000669
0.561485306104936
0.607474357004978
0.419451691294988
0.894535904261404
0.787881581996106
0.669582027152472
0.505448167413281
0.873114608213206
1.70379652773356
1.38852956077474
0.894721034743423
0.641482682345429
0.683142309979526
0.418723809264965
0.339359107118199
0.891447749260703
0.622491018918107
0.567993197453462
0.517270104365666
0.866537690589216
0.365097177572539
0.872658120823902
0.925095497509394
0.716339365253051
0.464976760522451
0.374486955012072
0.597489858198355
0.764593279262033
0.733344984084597
0.490118755767542
1.28546847896016
1.16322600379827
0.638346745733748
0.460393202724
1.7941276884316
0.679224225743055
1.86336683797216
0.681752943265791
1.84776512186405
1.7819660603911
0.81982873555091
0.169615400185091
0.480785641418288
0.28580763203807
1.05954228704162
0.621765488480422
0.681569819878994
1.12900593976991
0.358069494333282
0.645269196844993
0.796243291607187
0.684142916209423
0.308781913500521
0.710849522519054
0.604778234507822
0.443645159871115
0.551898408038966
1.32036101830873
0.536665871753752
0.640704688034
0.551880686357603
0.548653663390163
1.20271560165128
0.990443229600866
0.393678438399451
0.546382228218993
0.605407926165764
0.504301017254299
0.725048979886507
1.26056249373793
0.59256731244569
1.67064552997075
1.25705865452827
0.735365385635645
0.803949058675663
0.90968025851235
1.52753340435084
0.737802975645986
0.734889201595471
0.742776294939805
0.374388383891729
0.204337036034998
0.995480834646993
0.37139435348734
0.451951909292714
0.648210606202441
1.51804062385794
0.756534087933526
0.619935783015938
0.752031313699457
0.677398579643253
0.36877591944686
1.34765449038229
1.43748687521066
0.500259353021892
0.891612297620406
0.902024697861909
0.528982253385126
0.835921668857121
0.445556225364767
0.553724050870792
0.802882806275269
0.4596172046992
0.579088420615979
0.475394204169345
1.4248770225742
0.674421680149693
0.740980422905432
0.699913464133123
1.68657601628152
0.762272118915647
0.407722987169481
1.30525201219627
1.00760249429715
0.536125583206245
1.11096119492334
0.42041331842278
0.45045910471426
0.621559272914292
0.996583917098398
1.03419909127459
1.46360318532997
0.827037236686274
0.776403972048361
0.76121760152616
0.626237299859546
0.750479117932414
0.761228184391596
0.384491316693514
0.95603334623556
0.721884216468078
0.805574833022427
0.412503559991301
0.690008772504765
0.749683903972252
0.655978551406019
1.52688088973978
0.27938309567082
1.14094235623416
0.607253513577419
1.26961408370301
0.704985032796096
0.514430236670029
0.651667368996773
0.892994201514125
0.820255668776563
0.683162794221173
0.910912087301799
0.386493583746263
1.34597339374777
0.796239305702741
1.32330171384329
0.38942954875295
0.630692257307558
1.04734572078492
0.471621665913424
0.372864895919976
0.67337895528027
0.481385303818817
0.887093585315696
0.320754252210853
0.511425235161379
1.21413245803788
0.590728625085492
0.621322832278674
0.789815981953128
0.92780525266239
0.56436309266239
1.28002160125859
1.41745999012778
0.641300434549502
0.612502283684978
0.813839049532674
0.489298759599081
0.926908856338301
0.418736485335614
1.60889806124264
0.667469870294656
1.60240316412605
0.931697171309181
0.692999021075294
0.580006648712268
0.53432528420524
0.324040655067619
0.615679649370374
0.417122664607396
0.841858636454352
0.676764178094869
0.725930972566701
0.753438827566369
0.824600988073158
0.460111237090286
1.04328488125122
0.728559563402109
0.483986352447053
1.55692410837081
1.46697974215734
0.672246740700177
0.78343478384585
0.934558488762339
0.616247197371731
1.60720935572272
0.388133801064186
0.887938774065774
0.918015138028
0.869268837657128
0.466834814385597
1.26449563658186
1.17126394919154
0.543509021442485
0.354909623044962
2.16315312318725
0.294428206046082
0.537255469792037
0.463761485346793
0.741118605170988
0.37917549082156
0.66278797433659
0.559934022776877
0.787230453625601
0.976155987640752
0.370565849810234
0.472184431053368
0.783556598764715
1.20355949487044
1.60190461512088
1.32944447260365
1.32710461514333
1.57655552568226
0.559146915697552
0.385641318661263
0.856838342475065
0.822497817496492
1.06953959578501
2.50442759204136
1.5174320515596
0.642663293348744
0.901426618241044
0.309700706494126
0.357275522561401
0.807351542518659
0.385100040249066
0.499621898865415
1.44172877560858
0.397278616451385
0.970062484390787
0.610374595541696
0.52432891159364
1.26557374606675
0.817863625739338
0.913518249761416
0.948806560935272
0.733580910237706
0.867583281803993
0.621285821050201
0.598732558281301
0.937243964151753
1.19375676912954
0.383269822152033
1.03208279566415
0.534595210822608
0.818400155258236
0.555224935846228
1.02583387794814
1.05320430043842
0.662919548424258
1.20141109875276
0.727498641981425
0.732324321601622
1.09136833836578
0.650999042300698
0.774949306385643
0.487828812345269
0.715366716598355
0.560177988038279
1.01612742527505
1.07846969252434
0.487776751769778
0.544705283432846
0.700394463622467
1.08159599836247
0.604653579774684
0.511328833468844
0.495839625997968
0.465482910704673
0.724007115514296
0.512311229898732
0.617007958527765
0.960362887411264
0.328865899427442
0.920100472533113
0.741272376774921
0.977980801056175
0.678563786002531
0.593874942224385
0.750919120233519
0.428499955156138
1.01086161463066
1.3167074693218
1.69508851554279
0.945575728470912
0.552030900246181
0.678313306981797
2.67756342082014
3.51029442861644
1.00641881007102
0.506869087128344
0.81648687508058
0.819970125516747
0.479670435321753
0.42848118295743
0.335742520592373
0.831175916006202
0.63338898855952
0.715161462952162
0.80089308229044
0.710311571159593
1.11383894503192
1.75920901154113
0.704143990014606
0.320884765437125
0.987087324933174
0.64954992610208
1.31007832449039
0.540045281604085
0.402546509224895
0.75175868091787
0.402711825200319
0.834818770076309
0.745496684576439
1.0544823441052
0.972676154516086
0.862833188189027
0.542932363363447
0.917137724906294
0.523200965105094
0.265505223253734
1.21367004146035
1.45876231052009
1.02270123435298
0.499130957463077
0.278800773130397
0.334432217891152
0.428521716173119
1.77543820144843
0.505521386631421
0.23741469596654
0.553796203636851
0.616199053308851
1.37421093646305
0.582635661302908
0.460420616180833
0.459209696025426
0.577465739030015
0.981287000815591
0.509766981991629
0.989280486843399
0.824529910392744
0.779822031050386
0.895932546966799
0.590238338727407
0.766583429847111
0.373416839326681
0.83161641723412
0.746283495732492
0.682238533405462
1.0828811187914
0.655132198814421
0.786054133344466
0.836602913506856
0.945603960298015
0.404279509087396
0.86119070501927
0.730030552892266
0.818281615595835
0.758354448728107
0.833141912978257
0.988242366458509
0.812457946104983
0.860808688291338
0.841227281098366
0.807451776115581
0.726030505968724
0.710543571284461
1.28239806086453
0.354372906327755
0.791933728686597
0.726705893774149
0.506974050541524
0.62264953704524
0.600007007976628
0.453635620996676
0.588018168938201
0.804952427595216
1.09849892868452
0.54653442778411
0.880892134537371
0.781653413121691
1.13814495615833
0.566677354510248
1.22462989223567
0.890048571534786
1.07885238492276
0.637010062073249
0.4883170134229
0.730741747158338
1.12431318795133
0.490277568291643
1.03026708132937
0.555196105215069
0.589302559732483
0.235442795512679
1.06299668524715
0.431547857627924
1.61897868419431
1.09564116593537
0.7197128320109
0.440952464066278
0.638186574425958
0.569308469802206
0.630292209345801
0.712326068388991
0.850307060899265
0.664774291516655
0.421337412136723
0.425983912617472
0.541654355446689
1.38983286525057
1.05621443207388
0.431055528860879
0.730133770649891
0.635575365068655
0.852266845853869
1.15619073996936
1.61015509020083
1.43187496666874
0.814457030697561
1.10161876336079
0.684172477058427
1.95236461685642
2.50595191692007
1.65844855711782
0.990900847223725
1.08353552339258
0.291047100661176
0.897302894184768
1.48738448188181
1.10609930902516
0.968871223169621
0.524629464671571
0.956314591620828
0.401264399529224
0.600639045483659
0.575523009405906
0.393935376470213
0.707399414881685
0.949987206728692
0.61736855293704
0.360697948745613
0.655610139751388
1.77660268221844
2.58142750398831
1.34165980636733
0.869536115546406
0.439526517569336
0.403319716574067
0.818202235702711
0.594417224613601
0.658595707938189
0.394215497889627
0.631719819550483
0.626698921073652
0.451051835721595
0.539371398876893
0.359327735141639
0.696730811621253
0.528161996838596
1.68741506555636
0.685305971801153
0.854876281578952
0.423719644582962
0.757455237190631
0.796046153026452
0.493394198223535
1.29305437781197
0.608677365824194
0.822812366371542
0.83750602809987
1.10861975756084
0.350760057181153
0.597978356678436
0.522285740142389
0.832234819160732
0.259723081538708
0.524568680972965
2.38122011725411
1.21454070073987
0.602129736163967
0.854343436007482
0.748992414205356
0.972368911625526
0.788651971486021
0.612338300648672
0.262787125978627
1.11089407822843
0.323160634826689
0.748418971678497
0.440433383149423
0.710514893596827
0.752113789396253
1.06493143523477
1.12163165569036
2.13689719468964
0.717579082015997
0.477522461801107
0.450655957756415
0.62842038550706
0.914289339354074
0.585230675868268
0.317238747979909
0.478576535832121
0.465677956188881
0.772726264261506
0.761030357372271
0.818644305020739
0.739518264915756
0.569380706285195
0.620293440943297
0.364758658605407
0.381632320781797
0.590491132643276
0.680030106359845
1.00486282137516
0.580001988643165
0.311847457053914
0.72635048433847
0.732219579435365
0.577387723876155
0.725540093367078
0.54082195624007
1.811157786513
0.299773783775348
0.585846544910751
0.653916904175719
0.573185479667367
0.580289077246291
0.591871744802817
0.683201319702306
0.151770233284185
0.75628200649487
0.292786723521841
0.701490088724018
0.581580893325073
1.31914764866536
1.19712171971888
0.562312051897764
0.848277985649307
0.439846597973613
0.873903073751045
0.476920377588395
0.458084755000576
0.972102602207924
0.641906882343717
0.89984860855185
0.570327459766953
1.06038245822663
0.363613404639812
0.729349703743776
0.308959760609738
0.711829743958974
0.780057759975497
0.462082179735873
0.848678414469092
0.462147190388945
1.36388204209979
0.693590009998191
0.836388654874624
0.936217514841397
0.531069782342789
0.662897479583217
1.07275937600147
0.890135348050573
0.557013089080598
0.6129097871496
0.636786775057449
0.628397591593428
1.04355600915849
1.33869222405963
0.977801992468524
0.391799269015675
0.709005338160062
0.411978818184559
1.34587306005917
0.844184276715505
0.783617096339343
0.811552715497891
0.359506463696494
0.635041569316994
0.37370219188624
0.526248292009226
0.892552433182854
0.333581378079534
0.919931142986388
0.658739785299691
0.749291236028351
0.721752650570478
0.437494488997288
0.499517873619905
0.324785515281331
0.583946305289904
0.934122262080692
0.417547691015024
0.477107334407291
0.772800050506846
0.670023886051332
2.50099021613147
0.460384038946503
0.483259061828638
1.09318852881355
0.789428270991295
0.695766675232413
0.778800723926243
0.58892342470097
1.17409498981991
0.828921217289927
1.05714837396658
1.21268291958365
0.533819159846321
0.681996280424272
0.903988547202099
0.458228915650059
0.411347256519411
0.376565696404354
0.554027472553391
0.538025516604851
0.839610759399914
0.331655442244954
2.60801101172381
0.537864099088526
0.532225713204017
0.277362823562183
0.468093405719114
0.804468406996821
0.681709904254106
1.3724667971676
0.430973938778531
0.540776018361683
0.971552118742924
1.29419615878712
1.10724947873281
0.885129443793633
1.12319959558662
0.571550590746771
0.665479998109672
1.74587481315674
0.93612732694997
0.966721990371392
0.580238363782368
0.545725418099365
0.604329639065054
0.595221595292845
1.28078387397877
0.474801066773101
1.26382689184901
0.547042269216632
0.746962343323793
0.734193418325377
1.10238338082597
0.65271842152173
0.344922941495134
0.926108280225522
0.420934399746581
0.95902582995639
1.00562850108517
0.31250049400876
0.678724972045921
0.679681333403237
0.536525371424675
1.04738837854655
0.823057012502777
0.624613405617407
1.40230729400432
0.613549235785221
0.456219171746328
0.690386845510917
0.410244586683549
0.500536176272721
0.30241499608505
0.918717805992694
0.485907392350632
0.754211360134747
0.888156671940275
1.26884765322216
0.564207088016332
0.619847850072413
0.426803816256411
0.579303201649749
0.851973529532885
0.407770860393008
0.784722887019901
0.666917538042209
0.313418002328154
0.512293995389633
0.762891801193571
0.437019561979914
1.46125853001428
0.471308170188638
1.1358844727177
0.497635572760562
0.995052533884035
0.941320201602031
0.505192874661583
0.62195089296712
0.409809382890855
0.521099811325035
0.764822928837253
0.631930318415253
0.808066708704532
0.917737600038118
0.421929671735831
0.675243655435069
0.696738468350637
0.575458910296703
0.77111335378605
0.444652065215013
0.555688264891974
1.02174462660874
0.706021966299759
0.519337787108516
1.22689770320435
1.9021190928177
2.31409664063388
2.13325263993654
1.60107250822456
0.528077138248146
1.0300979859343
1.24354411359758
0.512494116093265
0.883717681762634
0.741094923468692
0.916449145126226
1.10104869500878
0.898225036718508
0.88387840367133
0.744948779208632
0.807560647015888
0.768108207544594
0.642765857110229
0.459158378041391
0.908039440308313
1.39575960936855
0.601439581168966
1.42277346706935
1.72307101651051
1.2486660081579
0.554324012530771
0.994775472854326
0.614116185441577
0.283389705304183
0.883444552788465
0.907310645859382
1.58271629966495
2.0502482172551
0.319435212492911
1.25460533383998
0.459090715071904
0.300301783257837
0.54579678467186
1.04626348192903
0.667061336187844
0.991909352037923
0.922452975637639
0.896353634893822
1.59217441912701
1.64710391542396
1.10940788799041
1.6217418218888
0.871766830577245
1.01156525977452
1.21397430872312
1.47448367142083
0.731723116795834
0.963441097339835
0.428539911908148
0.973014011541096
0.710596922536887
0.269575233067386
0.497939663520462
0.293350536199813
0.397013892153082
0.204467914607039
0.646559371937249
0.485275432339162
0.491494992641609
1.22337638750438
1.24527846420865
1.18900031263625
0.391179398692624
0.348455024223267
0.966416166808493
0.476371105932489
0.317239241973299
1.2806665153446
0.723537979126938
0.465739577703153
0.965481825265895
1.00584461027199
1.62089483291352
0.32214875459364
0.327430210357931
0.524534535848493
0.364150167614905
0.33301619996779
0.472072174886584
0.883359439757241
0.750998093175101
1.04997627823882
0.429917283161425
0.702414720787661
0.695342932596587
1.32874294530306
0.729048620812938
1.01318379700635
1.05442693713683
0.962297531100821
0.597527943539461
0.366709179367204
0.42990025790903
0.789598495715373
1.13970597304442
0.476959032391107
0.445915834390344
0.704802134325162
0.169688267032091
0.445071220137469
0.67497965696117
0.794369957637949
0.660229140447831
0.480709915588142
0.401273934938425
0.550803027899374
1.17840985012288
0.670221082430434
0.992074063725034
0.367199616442331
0.358690341682099
0.826655783800699
0.498789516351028
0.731522030888505
1.12647777443434
1.14392672319136
0.744940845610438
0.479525117471962
0.874107230416255
0.751972989918745
0.526255978160555
1.17626400312394
0.325044769986008
0.41503435998846
0.822793312607718
0.372224875427037
0.661470109665899
0.832147346340236
0.434110476999684
0.62025266980843
0.574204112437393
0.423909234509018
0.662141508707559
0.543327346969999
1.51485080633416
0.629318791080226
0.948751950563928
0.708011713464755
0.379187649914088
0.676770803785487
0.586065343712608
0.986874818801401
0.816975579155836
0.839511538500886
0.353883330473017
0.804409651162649
0.784631483159555
1.25287835106295
1.39700476208696
0.994275911437855
1.28727721393265
1.03991228243302
0.57745150571551
0.523969098396998
1.23027693770891
0.497502533431701
0.347697488083716
0.800619686891579
0.747562395849064
1.71855547138545
0.797499062933624
2.98594534828078
1.14020056235761
0.805249566018277
0.516587608706555
1.09869290935081
0.422914461003218
0.501625072321172
0.36803354071246
0.844671051776589
1.91904760007784
0.61899970390001
0.687437998321985
0.643482959780313
0.665944595689478
0.603014417735343
0.97963338702035
1.06154589976534
1.01751190861858
1.2517484847273
0.778019592657959
0.835527608734153
0.503147350325956
0.3293334727866
0.586264358439884
1.06332931988366
1.12856663844949
0.816982798684407
0.608485243770564
0.780689495808706
1.06619243442562
0.403868131627847
1.4509578313878
0.758638367554375
1.41525801453074
0.697220138143771
0.736602030647735
0.485336888070211
0.548854173065934
0.604702231522136
0.313511095457462
1.06132476411522
0.525446818675971
1.32507445141266
1.36665450143251
0.304584576242168
1.52232211798154
0.514085393837252
1.40209853663391
0.436576617257828
0.796608066622384
0.510408121854304
0.8008454557467
0.601823524815729
0.753380725792765
1.02838858988068
0.734254975987317
0.454513370758113
1.36285383087556
0.773154294917473
0.372073162308508
0.449862251685613
0.673958704312962
0.73995682409087
0.840636960816979
0.546727107738347
0.501329507347954
0.969607247088025
0.610860202882695
0.606802544043847
0.888580074698517
1.44003047429819
0.639103594317295
0.745662807819273
1.40862017191168
0.438259605083914
0.776326567516982
0.777614206192931
0.885342956292531
1.12524291603477
0.39893352569551
0.909153769491294
1.75909207639743
0.523840254398593
0.779405327736295
0.699530875084277
0.912570319165126
0.356170225178352
0.538221247093564
0.956323332291672
0.435885565043019
1.17082684351431
1.21908639570493
1.082875490897
1.79865281871904
0.828435476317923
0.332778921961057
0.670540610346435
0.522259812811376
0.430523513031099
0.651392208167338
0.918215044058199
0.793738312066986
0.276950130339154
0.471794758960611
0.91628347410287
0.804668224594347
0.417041521722095
0.782711112492318
0.674806694761661
1.13941873465742
0.541304109676596
0.694923750129784
0.380902142991457
0.749584739319387
0.852677238552309
0.443854175659143
0.789626453101117
1.12792047336433
0.664527336775412
0.526884784645139
0.680567814296538
0.711104656173263
0.892126779128646
0.595126189608621
0.416977810840051
1.10144938011238
1.38354625877428
1.087264028223
0.729223486607297
0.970518324904219
1.05142130536125
0.86559099851654
1.11910480341206
0.824087374723395
0.703714079398907
0.496056442403727
1.01819510344663
0.644809664602814
0.305968801542578
0.478568639875305
0.717659410272008
1.38877262425358
0.371161715641233
1.11385247823098
0.700543306236916
1.2754747328631
0.67076450623139
0.74456749378878
1.44177830306781
1.12645074865631
0.603220623969646
1.05348617921079
1.33040827495001
0.481261895895642
1.19806907056846
0.388509454958346
0.696128960711036
0.515097304924002
0.497204506047224
1.34125534805273
1.08965640603161
0.562403364783149
0.725835473465307
0.572487382292246
0.737700405830104
0.440501293813321
1.59363765654332
3.14168338061074
0.611038414994764
0.519011095144921
0.681401482427479
0.651277421073134
0.304755369645997
1.03077368959616
0.430606867981497
0.701864745736296
1.12621179006221
0.369348723190018
1.43067225327529
0.958055004718986
0.497943075823788
0.418014267785214
3.07477704104667
1.4929415924722
0.620373347522883
0.677605002571262
0.553839438571177
0.591285021717077
0.876066881688631
0.304260766600955
0.301469333929658
0.339596370442012
0.876261643995467
0.709880230381739
0.875160674238471
0.813083939946242
0.58664405896236
0.817925848367144
0.907933476308693
1.00566762677693
0.704641097813946
0.511138310587557
0.220847542242764
1.01327335797728
0.385844947567345
0.778684900702816
1.13597107793118
0.468323049730565
0.872256379453329
0.662115455717672
0.328155117978859
0.603242806072956
0.839913798706108
0.597012512674286
2.19647507983483
1.03888200947496
0.885693765245223
0.806046306021322
1.17297582947641
0.478532539590105
0.403975886338684
0.458176226144859
1.13082883176933
1.27902065811344
0.466842333954681
0.875284879115485
0.548381707347752
0.435225826903267
0.781593181821415
0.829411687158661
0.202466667560064
0.118659262863563
0.62910681943111
0.845826891876329
0.768970208426691
1.33355445537841
0.94463632180297
1.07199175940385
0.980640538118678
0.564358954753993
1.20581656021348
0.57612272187685
0.783838674229018
0.702263208362504
0.570894014616722
1.48144810994226
1.10342831885897
1.11139919077749
1.15795161919304
0.987775659698822
0.789890564476071
1.22965519040945
0.568073849485793
0.598045892253959
0.931159002374136
1.20757438948472
0.735608230533295
0.500450094180709
0.668198676643984
1.59140491751556
0.517991267943021
0.552248347519819
0.445199005121837
0.499544005160264
0.813350149055712
1.02467909367888
1.57817561782584
0.988171615242942
0.947721247529854
0.55984444586893
0.623651363529905
0.968007457321342
0.532588361406805
0.908713868106561
0.547010009459145
0.747633361425038
0.879324264341847
0.644175801179701
0.96346572819069
0.55667264655889
0.812774453954515
0.579197716305689
1.00916152447277
0.770813000979
0.467443383679659
1.43656543870456
0.578590770513835
0.819683474225653
1.13437807156796
0.892774731724797
0.632460398875178
0.353486410347737
0.90909767985677
1.21484766607506
0.603312989310791
0.391302631147283
0.401746128641879
0.884806115492964
1.07108884630156
0.950390749742011
0.622781536314411
1.39682997990634
0.450792986141269
1.00099684548598
0.699000674980341
0.961749607598703
0.695528670271057
0.620554517733841
0.300279215272922
0.556532301503664
0.559488556347381
0.588905591932141
0.716872134694833
0.795560818320438
1.05215411151396
0.654345924058757
0.674143309062643
0.807859263951263
0.398659888842081
0.579719420578135
1.01833517160579
0.271242923543681
0.64509111797117
0.628596940321019
0.944323100982882
1.10692851099565
0.564119863917708
1.37629091380512
1.29596930664772
0.670482585869987
1.3397129334683
0.851788062795965
0.964815642102188
0.949852421731842
0.503551070053654
1.03635263834487
0.649722393091715
0.98572811424431
1.18789576194541
0.698175156339858
0.750365391701186
0.492241452707091
0.703638095380615
0.787911768011141
0.529435456208784
0.479162116189968
0.807295539185817
0.482986025154287
1.65873127313234
1.20755875163683
1.64611765561644
0.692254698475611
0.299955044025324
0.892857034860092
0.683636616433625
1.67940074014564
1.17556078287398
0.96541072695152
0.603305344427971
1.16550781420262
0.545180354701102
0.720864386519399
2.33755317895439
0.342767348917141
0.562678495059707
0.787100216058889
0.589422957924354
0.51456440996191
0.534825155411796
0.959154435062111
0.487745603520933
0.336620878273417
0.922494468141951
0.688332750247808
0.643819152733166
0.977145411457986
0.403793785559097
0.900632705153214
0.445252966918222
0.856810209907765
0.790515823079336
2.13803898265715
0.442329431104184
0.414646602269665
0.588556022781485
0.620774118787296
0.749917355541572
0.664444962981269
0.360168614050792
0.797754803284135
0.890517259121882
0.817618846183481
0.9848146091569
1.09603906180015
0.929820215519674
0.378332701178917
0.836066104574049
1.07382526713592
0.987860625732071
0.47757140185882
0.853837615291312
0.518465945769558
0.4737918131442
1.32913872822489
0.835253338424946
0.464753748771859
1.75115518466521
0.83909475573682
0.81190655671549
0.836157727394936
0.732624911381724
0.599921820707358
0.601263744537377
1.52786907695458
0.701080662194173
0.575858525306687
0.75701472045
0.435215418429803
0.55696962508613
0.746159400480571
0.866272134032648
0.739680395197964
0.473558187469117
0.763505583298303
0.824323918515793
0.96717613229355
0.385960934567013
0.997927710381066
0.56666565773372
0.567857254373252
0.679165698539899
0.921576346725665
0.495508832502884
0.452274454602449
0.727395416736156
0.380829227679387
0.653553102421937
0.756160662068318
0.977106045734241
0.553282917537034
0.576864474511922
0.446805124841066
1.28596790671067
0.294572314627683
0.447399879414463
0.411754478871256
0.421197770973142
1.18478663367324
1.15246302109788
0.452116503289641
0.481081796461435
0.684346441695001
1.36555557179737
1.8175057957421
1.0716372888191
1.02968289197981
0.733179937814919
0.761773294535551
0.475376484893176
0.698948576831196
0.801959375815083
0.83119883170894
0.990807080976566
0.517073737645781
1.12519164686452
0.50290401580262
0.726184411318046
0.959256598221363
1.45197958806716
0.538707299992312
0.936794047252637
0.504856472985412
0.310896567289029
0.700109661832157
0.712781475165312
0.462391455163108
0.59599305581044
0.35505213408571
0.663799339599218
0.676575911394189
0.262610251031315
0.880468465929389
0.48149004250924
0.997755740416333
0.899743305654065
0.4861449827455
0.508715505508304
0.479509580724419
0.711551975372392
0.535096319463431
0.514310217123531
0.960744200377782
0.737537571039063
0.475801116812927
0.807143709803785
1.19727779711265
0.555894783355772
1.26510037759124
1.38014544591656
1.09438200654989
0.458402725386095
0.816859782591187
0.508609434546751
0.899373241969027
2.21249755395582
1.11278929675116
0.257472892378169
0.649113661916191
1.11183882559491
1.89207396057731
0.34393020664784
1.06944471123483
1.17947326736316
0.908385934865249
0.830435077004394
0.495900527517185
0.498462947350325
1.03572598567791
1.6788080522916
0.36427092549132
0.822278556166821
0.421527445807221
0.440158299523364
0.79410052846226
1.14769599577034
0.911555380891623
1.38462513981667
2.17143407806305
1.69798359362363
0.75526920446584
0.416296241202185
0.571712917076229
0.510483483557429
0.39407598531924
0.576475270200927
1.28463997859934
1.10725598624583
0.738283831252641
0.628300182416455
0.376031329681177
0.651323123975446
0.95190120991874
0.418522730730866
0.489803969725439
0.78795827147829
0.335214431897916
0.765427614960509
0.753530892523274
0.614783552718439
0.792718541706605
0.623601767714737
0.711686972037733
0.516507003185601
0.903481082173022
1.44873674761253
0.769736930369005
1.1333138529832
1.70858440944207
0.429428845058194
0.399552353341245
0.74182055436754
0.558296142304701
0.714505628956089
1.26456303361795
1.13054442265857
0.522754328579182
0.624966077898329
0.518591296672841
0.48985998135662
1.05815076697783
0.679861442441364
0.762989131430379
0.923130338545658
1.34953886703226
0.340823500441115
1.40354088273598
1.60379646014888
3.61612831909257
2.44299957996118
1.51733133500405
0.833914449301365
0.99336436676567
1.14526102654225
1.30067391490561
1.09831491895914
0.487792560473117
0.558161700175172
0.441051208416298
1.00980316601182
0.381300304856673
0.926471865230691
1.21395645653775
0.81444671780438
0.601077608730971
0.460498140484285
0.790574006207045
0.757527122212947
0.795462258279989
0.655958576179976
1.38209421503224
0.851137650424576
0.893019274898492
0.937318447903883
0.672623707416914
0.395500946475182
0.819650210561067
2.76809405709919
0.771463511408791
0.613219543038324
0.64860174050906
0.885686223248464
0.620700340695789
0.673877571155915
0.831021965422116
1.01661368603198
0.442122675128921
0.317251250879111
0.698360495539013
0.887929912895715
0.648094393154362
0.673275919470254
0.621280117115813
0.757090077428728
0.385086030962056
0.876994805576815
0.548798752157168
1.69348244238459
0.629237079912611
0.475406511132889
0.7670626794108
0.366196160537054
0.657009203236707
0.414781128640677
0.568692705304441
0.84360735296175
0.370663777844157
0.619788844555073
0.351251066558686
0.486858139965279
0.924411876697326
1.02610115235218
0.534352080015958
0.598549223273242
0.345163807320889
0.73859585417479
0.733178007755461
0.555946404602413
0.640460046807768
0.711404226597733
0.774614939709031
1.0630730574355
0.542223013063706
0.362924289063613
0.59754888583233
0.607314539512807
0.367600818295231
1.00949268588935
0.54019025376146
0.73823946633452
0.661868124080137
0.621085747749898
0.552024655465817
0.564167716443404
1.66569520203739
1.62321599829619
0.853228670401051
0.88916859074436
0.532817110798734
0.279367631174829
0.764663324402358
0.372262799357098
1.17375856793112
1.51036913504169
0.69668217324322
0.665352786905375
1.47145220271903
0.909279630106223
0.774275745433146
0.541152052993051
0.765536876498642
0.752161353942234
0.680033025798911
0.777271864124348
0.550616055276052
0.872543324007458
0.632594497105732
0.587128741054285
0.636326742946005
0.38955064038978
0.840740908535896
0.491669975678809
0.928173176326279
1.18956213391087
0.818739742502108
1.41812580045954
1.97107825596563
0.867466604327228
0.843953826932658
0.455869825982052
0.46117774986844
0.374557108343988
0.724176763417452
0.874726573524595
0.489793711336255
0.522185006451249
0.600258675842091
1.10544584426835
0.393173121690738
0.547466350270914
0.486803712788201
