0.505739197175478
1.05368056576178
0.530389172063666
0.527144632803629
0.485272241137934
0.769407780072063
0.596253862890316
0.594439332371631
0.414843560759966
0.964255967277702
0.57675319611579
1.35707703392832
0.570089060427976
0.665070353024939
0.708977883259372
0.526462422774552
0.956321388324223
1.34471000943118
0.340108640887728
1.10484566723933
0.229536501911162
0.682911255859637
0.306923085714116
0.636008567045198
0.679825628527843
0.686178215241148
0.677349212343799
0.299805134054651
0.476477119089124
1.30629965845003
0.542800520245433
0.570888471714221
0.46632899199872
0.743887059282189
0.834649690631636
0.920232563691436
2.01622498015621
0.826556609709345
1.04240034554264
0.507913998437711
0.897446667634113
1.12816165315985
0.888826704793167
0.872575492237448
0.569256136835932
0.547141547469412
0.398887863871321
0.573126405679592
1.36674601611797
0.575141799662832
0.794653965715772
1.18798722455538
0.922021471877288
0.663482967797973
0.654341703388416
0.661235931413066
0.687441940521531
0.989450662065743
0.904381695408177
1.17322145753616
1.31772614784827
0.645117581013912
0.734799598302686
0.766650576627603
0.517325273954446
1.18358106197639
0.616445334523092
0.552098236580936
0.643193355537002
1.06964371970951
0.746964328727219
0.379578878395263
0.555922470972499
0.746080187299529
0.540539414633292
0.469747118409028
0.537458486029881
0.917996288288207
0.46811403900248
1.13876745796798
0.258659159339293
1.62208609088161
0.93096669635607
1.99399081133506
0.808785084961981
1.41351632704697
1.05998878916812
0.48138837667361
0.520851313104124
0.961868289809522
0.395999472573061
0.605002561633668
2.0251347963676
0.665083403440187
0.53052932875651
0.447368964997615
2.10299834948038
0.922787361307804
0.960616766802008
1.84626933696943
1.25425020662789
0.985296477231641
2.307653521528
0.675953567978778
0.722945661816839
1.04666426068314
0.566180700470484
0.993676021199136
0.948751583655003
0.711816102391985
1.32466415210993
0.77035586113908
0.549013441650558
0.414575863398902
0.89761914771799
0.519872440373789
0.352474090869379
1.06122922985665
0.607873221213492
1.35301962353994
0.638316977851667
1.21869009645874
2.46377145915442
1.90327794597921
0.869475196125191
0.51660449814543
0.899524795024045
0.804850438383191
0.772287756473327
0.489708598897993
0.44423126834562
1.96878133102173
0.99149039780476
0.707144049381981
1.54614401514873
0.719782932514753
0.630290074724443
0.216905763674
1.780023108068
0.3712290218892
0.526612240756545
0.496359231395841
0.777423529651496
0.976356386003037
0.666984722403548
0.634618529542883
0.616812634547782
0.740070666801179
1.3643208397926
0.399632095450427
0.425471961462103
0.479154638479555
0.546286189063566
1.08744022000389
2.06705758856233
0.439554451030635
0.639208608386426
0.610146461829077
0.884296233785507
0.892641259009866
1.45847537854219
0.930149263486037
0.824270008787425
0.762353895542436
0.490524618104104
0.512419514192526
0.873240229492857
1.42436384916384
1.60978467638252
0.877568630175938
0.534404534772701
0.984439707376711
0.418032807193047
1.26658946375667
1.23450041786635
1.13612878839721
0.370018841417984
0.653024813975491
0.524666995755747
0.474910527538658
1.25167207266434
1.43402501807495
0.601692906886637
0.477513972410196
0.275782171038993
0.764903841132773
0.732649341289253
0.269278974030274
1.56854464927494
0.780651569523921
0.56591262729824
0.203839548986226
1.48357014791977
0.478194838772493
0.952718645560059
0.514894526772336
0.492564620882681
0.626783204975755
0.507124438898161
0.319184878875928
0.468680434774799
0.787197762582088
1.36499652237316
0.652552048173976
0.931186423177746
2.03521318515949
3.04176735245968
2.53824017132878
1.62706861441112
0.978954301289079
0.49674829637875
0.589511511524396
0.566038971532309
0.708215864575517
1.41431456215694
1.42417366895087
0.441602956452352
0.942936069882739
0.608861385604533
0.407744747349426
0.856614859155844
0.233832063555095
0.661617183080391
0.367539442993857
1.09254292715159
0.448931261983522
0.926374049873952
0.788050259097804
0.45752102912634
0.72543771292536
0.571687380971067
0.761787396437513
0.541632616858752
0.394500411570877
0.763905202979175
0.62263045677838
0.50292560873917
0.594990203087521
0.678196841338703
0.856106859154943
0.646074971271779
0.573021219047171
0.600449375106169
0.331775854043966
0.531074119301049
0.958978332124445
0.958651682739375
0.885241055844301
0.644458644482686
0.618756558078414
0.521946260260314
0.896033927436697
0.553180035031282
0.738281218509215
0.904856971767437
1.35298026956466
1.24659356222822
0.750293944201241
0.6112270887371
0.520567283472302
0.597094327905002
0.713143369239029
0.841368756309245
0.920790065787764
0.827239416322047
0.60036581593064
1.22014429778864
0.487365618992079
0.620577135576652
0.373627271882229
0.56876931287547
0.30637418200282
0.400557008630049
0.52796196827216
0.637132629937588
0.617093836675344
0.573917593106697
0.736768367608989
0.842190244743774
0.805766719094246
1.25413735277852
0.556040453428559
0.441029255871989
0.704893994538834
1.10480421079323
0.85755720690877
0.810344242936465
0.431237700840269
1.10470296446779
0.675589577692987
1.31189257413419
0.726680193966195
1.55500978460096
1.61215380909807
0.596047878636271
0.997382366917444
0.453757705174153
0.562332727389224
1.16475177332797
1.01362045709459
0.275811868006309
0.866879666929283
0.804715230647272
0.471097660457852
0.370293433506976
0.602279292455304
0.901283267308633
0.824418320431082
0.633896218396411
1.17031080130079
0.787381468945886
0.675525057449151
0.455455997334987
0.630119733372771
0.716135984567133
0.612204207208428
1.22857007733042
0.994696837289669
0.428891384739534
0.609543296880549
1.15153188840603
0.585069471028319
0.557960737484892
0.407711427515464
1.19921017897409
0.342302501499924
0.539089491155976
0.986532802462175
1.6745145525507
1.01940581035308
0.640054437408872
0.414237942339196
0.732355807987017
0.650972160333312
0.70133814995132
1.56472036489508
0.42917169066646
0.845173838325264
0.890712435305858
1.39078010546331
0.572323741776821
0.762824102986945
0.406193461409269
0.843241367779772
1.45774484663571
1.25768815121274
0.591812584680441
0.919359378176889
1.565154732894
0.195386272075231
0.463032646936836
0.596679940607241
0.445115221746308
1.05912294075015
2.0594744326245
0.400524205774435
1.00991526869647
0.992611703312709
0.658741008502588
0.299197653723071
0.519902197909451
1.04669608359392
1.18965194319392
0.608487976175166
1.13047552637622
0.594484432138983
0.607106735813828
0.890533628989071
0.883975308232924
0.590532432638309
1.0966824917852
0.849980214817241
0.482444374793921
1.08057313323328
0.908308657291769
0.305466213739468
0.790364710981204
0.270773222751325
1.78543904132573
0.755594266020189
0.657232260537036
0.536718829710682
0.415475378715433
0.293690005402863
0.999362601662934
0.647310711524916
0.902670111545853
0.767538288202843
0.661061889348121
0.782017345077258
1.02095349875238
0.920156478442996
0.947206364470802
1.59523827852922
0.814489593147632
0.576764884647786
0.638622345972249
0.918972984107655
1.43278890137586
1.32185446082799
1.05792941134471
1.92768332803365
0.623596878587282
0.555915225977807
1.32651448782354
0.567210100160398
0.55584786135944
0.672632513863452
0.921741805972332
0.939847202384517
0.960657726289809
0.725101507497402
0.583234881100252
0.513757618842349
0.745099146664517
0.600186753330986
0.639475136640766
0.553451089153139
0.464883023586812
0.545004050440639
0.368008297898791
0.563682733781143
0.976429648249234
0.614234005398255
0.838424858531489
0.86168689526467
0.369241152979771
0.572721715785748
0.651199814086125
0.788397763366101
0.442274907275378
1.04180300263218
0.357785455236115
0.976796473556598
0.874771255702008
0.672669464762969
0.587025844848085
0.546914305838709
0.592185637493594
0.539745069281332
0.589536520667124
0.549211891813589
0.392197248147247
0.93369053146541
0.69378511513892
0.509400050935403
0.765478801855258
0.745991061073974
0.66716550673637
0.780293671702469
0.432388382508742
0.2876121135532
0.548903973007641
0.674887215304978
0.887107483767329
0.4169280502776
0.739812066269872
0.391715133034537
0.611753985735038
0.357697573731124
0.673113123958083
0.601885803186435
1.03504206796957
0.399714616881981
1.65381598036503
0.477291816559665
0.636211953200382
0.836028984639287
0.644858921996528
0.396909459335954
0.757357813021609
0.626642363276848
0.667368965029935
0.28657250602047
1.0756602896317
1.01840336441079
0.710412855259851
0.892234513292462
0.461956065295095
1.03263370832168
0.923421801854579
0.520567456897185
0.557016975741295
0.518792680425584
0.576155098966441
0.80955427531795
0.768030221921424
1.09350302986548
0.428590985912019
0.623773153365752
1.0407802613385
0.298182030959234
0.939581969555404
0.991189410601535
0.816696061995268
0.918467161585219
0.43196263671501
0.775485427562441
0.98877649018306
0.623076964235761
0.789770013189028
0.62963331936627
0.795987758322182
0.57879967286072
0.568653478467804
0.781460476527381
0.360252614638808
1.02895525368065
0.625835211329546
0.434794093580343
0.663319795781739
0.498107197679901
0.701947604137884
1.36914790960091
1.2845827517455
0.434972705382873
1.63352802163762
0.740572078498049
0.751920974858517
1.04365916546697
1.39343525325553
0.804005113196779
0.539038740294173
0.353250447597514
0.665865806773043
0.750087433560553
0.761411708392131
1.01584467973953
0.5529658358598
0.862963894382505
0.537410394449872
0.813596085554965
0.501808409359051
1.7439626866574
1.33010131892243
0.563594300650166
0.526711009302072
1.0295274784376
0.37751018598359
0.88898022770762
1.1074018132782
0.624865190943691
0.476464472581621
0.647115630154052
0.949973606199082
0.402111999495869
0.588643221103433
0.275435411340544
0.54354019883664
0.593608433184908
1.01586514081835
0.795167152549746
0.492032855514093
0.343904039644667
1.65887035353504
0.959216905663426
0.925727264555712
0.946957907323705
0.663167932141968
0.922626895571729
0.387188963582266
1.03259044995413
1.29558840533912
0.680858379604074
0.483507159407068
0.646923256048257
0.668927471136537
0.648216315648124
1.2779927192963
0.887922739259631
0.85209672469838
0.554456616355499
1.74597298656339
0.619051186558185
0.751979374324211
0.717534369495412
0.669729499539607
0.408752378453955
0.40052964306901
0.9431060418548
0.611471682743887
1.44708026276317
0.905418984253497
0.468342734538007
0.55412273620476
0.706878978007235
0.597205287582071
0.248754173507858
0.562223236149058
0.750017008758018
0.434029012118236
1.15582023230083
1.49675115301492
0.488153755914303
0.963530229843635
0.612191216435534
0.683887936458316
1.19486612826141
0.426517913840024
1.6421256220777
0.61266843353102
0.752558071118583
0.969039000148316
0.80387894356036
0.250347959802568
1.83476640556325
0.723439143531871
0.969893315242096
0.622855204553614
0.798620855226651
0.520791354891546
0.805614742848292
0.293413931367153
0.475747810204376
0.537197439631026
0.35620623132289
1.01791446010846
1.19910065424827
0.548111986799183
0.344871108438714
0.756953705077102
0.720615606743504
0.32517096927704
0.692243530651914
0.480301741254523
0.665977773430175
0.663557628128499
0.495343226515185
0.966656624132421
0.89376451649517
0.747764576583946
0.591562568695328
0.723773005251349
0.659444103997508
0.838154111187615
0.794277351629649
1.53732122248955
0.902324796465192
0.758963975141944
0.67357366089793
0.824323021641893
0.66769283785111
1.00905042281568
1.19783637581361
0.641974572951155
0.656171462276563
0.958745954422898
0.382952805771069
0.66013781568582
0.597096321520359
0.612764264556917
0.408607200110961
0.582952360968533
0.51090269409963
0.561025568311196
0.527370210007466
0.281964574153325
0.3185890979369
1.13966503477463
0.65046657445112
0.507977337804957
0.341160085755483
0.632548098814436
0.825450257358837
0.303542067803256
0.558028474507006
0.574671497522567
0.844073063478734
0.735719563927397
1.10438479277744
0.46342782821552
0.625290169343233
0.593281206215322
0.790279497408591
1.22555528499772
0.937051049669845
0.777300201807413
0.3874024996511
0.583961282794119
0.635327784047698
0.596259723280959
0.404321710468616
0.4225731868282
0.553767057551223
0.972412911302517
2.07163094320824
1.74608486431647
1.32192348999914
0.974686010441904
0.75605533663689
0.579357480512434
0.607793257183064
0.730053087115678
1.24922937473115
0.580526624167915
0.800518920513081
0.314827250380588
0.388716828273571
0.502629207710423
0.222876970560755
2.18666998611817
0.657432342037456
0.514462816205974
1.00120111672285
0.3656798485786
0.7708688457792
0.409416976151311
0.538226193107332
0.619692087469326
0.54233067131327
0.777602803733661
0.539427128023
0.890486589531905
0.913599517662261
0.552565335340325
0.830508595968275
1.40819824529711
0.81058762028544
0.799332358057604
0.772325140429967
0.400769827990211
0.539382162210439
0.441586961038138
0.676661662533281
1.26941919972543
0.56406201284648
0.800709002494605
1.21559297019088
0.457914376540389
0.685632754421752
0.967046879144312
0.681411807186004
0.37573540283794
0.799858587835023
0.598185588135298
1.06701937687014
1.52072906773807
1.18689473798132
0.356116324149927
0.84375428338819
0.561350299656459
0.593329788477261
0.543575751018575
1.10951774196057
0.528189974082097
0.745608579624767
0.747172856039835
0.863603274864939
0.527840522788483
0.564361835610463
0.478940442577811
0.547243063187139
0.646580547552185
0.68627128596033
0.516493082726996
0.762786251864371
2.4399330163171
0.363917033654409
0.752221801860391
0.654738662793106
0.661203439954104
0.594718734646911
0.522127999471085
0.379913890095703
0.961150708610154
0.890479893284718
0.560233773192719
0.345185893923952
0.646517943757542
0.449763994808122
1.45976646773103
0.734478530902461
0.868667317741492
0.316138732255285
0.38479850044283
0.436030095889424
0.621897319561078
0.335598428927226
0.5555715952483
1.05087892011081
1.47915837653775
0.650061750586554
0.52729055583233
0.374830915123481
0.751750881359746
0.612640529969297
1.19953596733467
0.553300572205965
0.677599968654814
0.870525034390048
0.567422056619049
0.762589142505863
0.888274343839052
1.12184625256597
1.08313174033884
0.839520658926465
0.538343830410153
0.70215842298516
0.333478415274599
0.496773814881696
0.858090135433813
0.524696156796511
0.660341964060756
0.539655117880483
0.561103704404019
0.567949325645179
0.552599290417571
0.762126149623225
0.660430868678018
1.3489833014098
0.757772412569643
0.642801624547765
1.38094825831402
0.510840568606522
0.86886348533011
0.312432281375523
0.79017610010137
0.488452951757336
1.07347705759294
0.404548605749508
1.0049433639033
1.36156313729933
0.712144845312889
0.853368146021324
1.2514455674797
0.46540109469785
0.857503699349574
2.2137839481684
0.533378212101142
0.612105206356742
0.419013631324486
0.330616535882882
0.564339336065211
1.29108803410925
0.548009223172499
0.592609334513098
1.96928796921417
0.957035572422596
1.0992298251011
0.651231083231964
1.81758581187273
0.531355441877592
0.420040378480909
1.22824656202933
0.601934865703712
0.237440496137287
0.859596575707569
0.616301344784108
0.825389277009153
0.786307375956975
0.786247304303534
0.991542929216921
1.51981840247382
0.899462382596176
0.890940101760451
0.595223405832206
0.582600021383318
0.770133045080402
0.650123055794904
0.819151146828788
0.605175584495669
0.489374537066625
0.741033157326507
0.382227966872607
0.556856350048391
0.501011276922951
0.736481767100299
0.32090231712837
0.495730840373681
0.341021758221503
0.368490978154917
0.514119556657088
0.784834092796032
0.450974482102135
0.507178863463581
1.11869046538334
0.572362764914404
0.73907847677028
0.273370543825386
0.988198750621624
1.5092966891412
1.32322500616632
0.562978984801946
1.78435491465619
0.951945114375474
0.788896077464954
1.19234397502175
0.697414768061502
0.337225859526307
0.605538195059152
1.33190009785568
0.549445449154438
0.591060725939021
1.52516564291032
1.11889698650253
1.65934415710711
1.47104839930804
2.35104872719055
0.93755070012683
1.48546748201199
0.786852745537901
0.924017156300538
0.848343351528692
0.471249020897199
0.770776932711624
0.774889914810804
0.659520459368327
0.574572077353878
0.506956089657399
0.858089615045437
1.27513435728711
0.649841764535127
0.803705074481848
1.31333972914859
0.814146624108623
0.46753968254916
0.491842441989331
0.571693644913702
0.395293402556802
0.552947786462805
0.755202593013957
0.69333188009577
1.4791535061845
0.683706450849042
0.692458119026902
0.963761216691842
0.588835876975328
0.557990123040139
0.609147023510514
0.517617292795199
0.728915221028881
0.655571154336487
0.716595631745043
0.826782212504994
0.622358862356832
0.994985551324674
0.37647799819909
0.624514763411065
1.23448020781913
1.15364164802002
0.546525601976974
0.460011026112884
0.904681549149549
0.66938084740392
0.782479085523875
0.634646735165906
0.432754263487759
0.582617934966769
0.702719372851891
0.84418228323427
1.46285868555235
0.935898693267073
0.62127670262236
0.777317038269242
1.06739619687124
0.394192767768207
0.330871676609766
0.488561969344364
0.411245054650854
0.452754643467681
1.14737973177885
0.892673308878214
0.680259370582852
0.592409228161973
0.510017238696233
0.541412442595967
0.681633232159541
0.428072474982728
1.07533022718286
1.10776026510981
1.63096999469436
0.645867313328592
0.388930701402696
2.07382730497256
1.07886609290958
0.449503885876078
0.635208384342948
0.718898983217969
0.564477188649195
0.530606422541198
0.38551505071931
0.640960341373503
0.779400035468143
0.602256665109977
0.955101945017253
1.07947526186029
0.575443798059989
0.99119814196939
0.286635909846578
0.313947743006259
1.83554743625159
0.585430614261519
1.03731139870698
0.697330230155128
0.354783270665441
0.443603439442853
1.172386733236
1.17199707566134
0.925330019934277
1.01808135184069
0.401686704065554
0.64920304632721
0.522808726324347
0.459632739207904
0.715766687000827
1.15625182637414
0.548010056535462
0.558462663068736
1.38566312102414
1.02711279590423
0.839787482654684
0.788465181846471
0.737976196729684
0.993958838664931
0.988262098228094
0.610845904789088
0.703642623478174
0.793903977827858
0.550734334706526
1.29537011150646
1.35217585572717
0.488495215076726
0.274908223363439
0.415997445371764
1.25459203736333
0.307460320613888
1.12521186824899
0.821538798728874
0.966426909213196
0.899270322627455
0.655777502705048
0.658289442988829
0.407379170415461
0.668758872133965
0.707604463890626
0.919055217180174
0.343973621947701
0.591960601050486
0.78140660917578
0.984061448406425
0.569664711875159
0.361138457912687
0.678959567356585
0.642445104629551
0.61109220898893
0.605626669328118
0.982366093282501
1.39197678593933
0.673447711834171
0.317936574000442
0.806861879879942
1.00820340241973
1.07162333952665
0.446499283033584
0.578569665546403
1.0510839447783
0.479974306502295
0.610599603876603
0.638822573711698
0.98817060377354
1.48208341040805
0.587428946952075
0.894319574025649
2.06502767689355
0.961825373818136
0.909415115561219
0.805247176598562
2.04717460241885
1.02898814152351
0.554509802241962
0.80155415895879
0.464996175733632
0.341016618874627
0.306989468036159
0.493482787074449
1.41471381756933
1.02246296561559
0.293313973783286
0.38018118528589
0.467055161374683
0.938647507020403
0.435719375634537
0.927183042621725
1.20943952253774
0.730812786103836
0.700690414291195
1.72072906063992
0.514585070897045
0.837443998088136
0.391584341637315
0.872517975796555
0.84963318936348
0.660590150429413
0.637493819990457
1.2150293566905
0.540138960800919
0.48197995921058
1.04691145412881
0.80106800020683
0.890065093256167
0.516502158293713
0.449293044976847
0.66937477457054
0.710296838983479
1.31312502733475
1.03524162171627
0.704609833594776
0.519523322121933
0.532574191038796
0.533648525626095
1.45179443827826
0.395326737164782
0.40589131101415
1.32477513545433
0.974511024033783
1.77846392224791
0.364608497358724
0.543531122782666
1.13100186405561
0.88565819014509
1.08501368031704
0.434194801107529
0.44363338480605
1.02737152196065
0.789882940384578
0.832005368971008
1.73043728741946
0.733983566194806
0.979922496645785
0.522099188881831
0.7951064990468
0.324349270857441
0.911272271875497
0.833685285819827
0.456849843672102
1.19522221822228
0.780006498515089
0.557356412005838
0.943240546092494
0.678389389942811
0.758638528258232
0.425962162331765
0.577650638823732
0.736212686621269
0.479174604423254
0.779558341938435
0.787845991197352
1.26436879588623
0.825081897698734
0.397507992046868
0.486650190223458
0.544278422119149
0.426741314475844
0.637983508322438
2.30247219890328
0.570715990395283
0.579809691194479
0.751834817738073
0.794666550988822
1.28183210460062
0.572762230658619
0.80188520777757
1.05459783137364
0.360036694151255
0.307664400409235
0.664978035007428
0.711901385453656
0.690122292310845
0.867469964947015
1.14048678671031
0.366597191735263
0.898265916528187
0.443445270423365
0.996481589972387
0.544229204757056
0.789908791695322
1.04063493021306
0.629433707911144
0.467558825966451
0.573067108817631
0.578527718104105
0.943546542632522
0.682953816535242
0.838615003677788
0.654085263204928
0.494508434058051
0.801720685422144
0.749339995222199
1.23130980586188
1.02241954944574
0.230419823690458
0.931374347498603
0.855014104200677
0.718330242596077
1.0786537358955
0.632350843831482
0.406341943024336
0.649053938320093
0.61729009656604
0.903547744599392
1.18238687010335
1.13410010482531
0.546584559491827
0.565523310886942
0.55877651506409
0.712552831657169
0.433315740155042
1.14508891348947
0.730213572536736
0.987091456291819
0.446784175594507
0.41747970985845
0.579585370861537
0.484478221651725
0.75890148377032
1.23071568876037
0.631223315949007
0.372547721408959
0.563862988204037
0.207419793546555
0.811224213186072
0.529123412626825
0.629481184950623
0.6429764875512
0.894325632201713
0.57056633889117
0.897463995532947
1.99879977300809
0.874960960801238
0.82377705287839
0.383915461810221
0.580229132219535
0.801687591099622
0.719237912875099
1.16266689693897
1.03503900922179
1.29560895399278
1.77074802940227
4.09892963825384
1.62110139514556
0.498594120640374
0.506192292819841
0.643717359765418
0.729908287791742
0.48990912493077
0.704969861630663
0.82849843416363
1.49262136250603
0.465233739806036
0.389043418590752
0.601241121640505
0.497414416438071
1.39620637821215
1.15691666275265
0.537774941857233
0.829817536369643
0.36780926149937
0.983904854253734
0.929859184979545
1.14216204105056
1.89911654257379
0.916892027771639
0.650572224637298
0.468434783833642
0.604400244836988
0.599353519272954
0.888656842588165
0.513306092622918
0.972257905068771
0.715379799664299
0.820860051520165
0.915314690347612
0.696181123214599
0.498201527816545
0.632019891868767
0.622357041109235
0.558664601468763
0.228299636193918
0.64136403354171
0.469535712671039
1.2233731472421
1.12002701493768
0.47674065413959
1.12674878080861
0.673226240332861
0.398586245648941
0.843748800474838
0.453661604660398
0.364759745171298
0.539258656984128
0.395116978663458
0.870206076135549
0.649332762822404
0.433105470037992
0.705329118316456
0.401332607197412
0.523583667101652
1.29811686167469
1.27635665987755
1.09622942425491
1.91025372219769
0.349909911102672
0.395703552875939
0.679230834971834
0.929837944539475
0.719560510712255
1.2096289472283
0.706906537177353
0.560683939715822
0.668535660698386
1.06328433244992
0.908919282914597
2.51912528905271
0.851270495434273
0.625245801019899
0.753971936612676
0.950809818918452
0.662694153562546
0.605121668338642
0.718625048681067
0.919075706733565
0.455503476961139
1.30664254167041
0.355739988654348
0.84298884410481
0.396640015404998
0.478083181622117
1.13077630471319
0.323196238124195
1.12083241295565
0.450778807050216
0.489261099975738
0.731138068857507
1.53610382066626
0.571703126359237
0.336735684326582
0.762097475329187
1.07860931335794
0.770861724938608
0.521044824018479
0.532571537224382
1.17271875207066
0.499111209376208
0.294792690573877
1.10044740133108
0.875284302170671
1.21363694293068
0.655283813030268
1.02767652748668
1.03947228444594
0.383222341882473
0.520523188247896
0.401496798740458
0.681416723740679
0.845218639743056
1.08188266617099
0.743812706947957
0.488033208969445
0.668849464172442
0.347103972473539
0.432269621210383
0.442662900442717
0.39974103933728
0.41434070968804
0.614841760477281
0.344347329779895
0.523626083363796
0.437900104210102
0.815123849358173
0.474552003899897
0.833819306083283
0.64002362401429
0.891075844285081
1.330566101778
0.864814210839559
0.518744253231327
0.834092890778828
0.490713681710353
0.31813065659132
0.71737734687009
0.60771316022248
0.620146814872499
1.53582361064964
0.574709840962495
0.659500027550376
0.724774399664722
0.415267755579684
0.622807724922181
0.914471714327389
0.443178902806579
0.880865043573797
0.428974704602556
0.36507124976191
0.572274552342974
0.628643567513106
0.857712283648816
1.9663959470707
0.917822745410998
0.871574885784646
0.834309990734152
0.713213577483542
0.685144715180966
0.595166802220117
0.972311237931749
0.862319823147106
0.485169593218879
0.510381378096633
0.456851863046452
0.393671132973603
0.459325117900065
0.459484287070372
0.789888754485128
1.10310835344907
0.845926016478615
0.567393610229655
1.44890254173844
0.543818369621913
0.807898401910516
0.808403547344255
0.805769152544896
0.577972829295198
0.548929810832197
0.704223510334899
1.55032705712926
0.666141940062343
0.692326329265302
0.699520658432656
0.585624033961211
0.383907078515636
0.653642859139411
1.33713240940993
0.745996194103746
1.10530281677747
0.36192206079832
0.435703284572556
0.619455530273545
1.02554896425516
0.969723941896103
0.631944741901109
0.575405590990692
0.350652055112562
0.817999945742535
0.657563555135909
1.16245894049591
0.939809269763631
0.925607528538924
0.451060678489191
0.707429552420065
0.874343360519714
0.369306519467502
0.622162872997293
1.71203041917248
0.46483345092083
1.37062547893548
0.858564903809641
0.753147069408339
0.440974814435428
0.976193433479096
0.653499015398547
2.33491097581765
1.62077805259137
0.421977368754815
1.137923080164
1.19082842969133
0.59255564121245
0.611302632088002
0.309917966663128
0.605527333118156
1.7741835146175
0.509294020429049
0.583626218436673
1.09468212890633
0.62028823542142
2.78559393546659
1.06561525973686
0.444798106903752
0.771521587235357
0.808908862550311
0.698123515697088
0.424210776253553
0.598213831252808
1.13750590458437
0.456391604926187
0.683904282623065
0.671618864159432
0.510970851001512
0.418350677047146
0.677046335046544
0.996022567552698
0.899472835211815
0.49519007999572
0.729844551995142
0.697407970158056
0.7906263813237
1.18615945334796
0.538108417895215
0.462225293256485
0.66506717083489
0.716191453391173
1.62149804119071
0.972589500707422
0.664701932293764
1.21547476417822
0.75948035435492
0.718492224724365
0.759574638062698
0.694945593979737
0.517907849320978
0.777062760016674
0.50940775235218
0.412053058141034
0.905987826219584
0.744435518372294
2.21325364416376
0.533719028889885
0.797124671096422
0.457912879192214
0.48665344128863
0.80891158547175
0.315628449360799
0.589435251356223
0.525246209654218
0.381163774892828
0.663450814663174
1.04676345308036
0.705206795447658
0.577828487603465
0.537066621321609
0.883946230002303
0.917731575017636
0.912149964706631
1.1095430996727
1.12553809730027
0.991861161143996
0.493477194311909
0.29890530659083
1.16872548294899
0.667250817439873
0.556363724219049
0.445037273541708
0.680202966018402
0.670374789620668
0.969881536111169
0.642735988199126
0.707317863720391
0.404045144642496
0.867588850291471
1.41638080023667
0.946249985443239
0.615012721942494
0.576569741785167
0.758002942596293
0.97552319938812
0.611189086443739
0.476351756115062
0.621457743231596
0.567568040067593
0.521225788306475
0.524268061416089
0.868758996841948
0.606629915369701
0.690423438204234
0.886806690951224
0.665507519694901
0.719465695250561
1.5702280955332
0.422728534011055
0.657379631972701
0.47872164475865
0.623150374037729
0.607357659097999
0.946774044864451
0.574801867637507
0.458730763155849
0.986737833189495
0.8438634516147
0.524147050372487
0.598687735670008
1.46022469613014
0.865364879845874
0.74243866110312
0.921863033693851
1.35584111804896
0.848773508967173
0.834932768024496
0.376015573119089
0.818404473300506
1.52983631401599
1.17812191996007
1.1128904567673
0.966357345842278
0.425265051247207
1.46226114525213
1.01633362643794
0.428576054865354
0.901474553075569
0.904065933595631
1.2553645404654
0.482254929500487
0.79018701706586
0.428472388029873
0.307322390310653
0.580116120070588
0.770455763039876
0.505151259103184
1.25894325875696
0.384131022904089
0.793485028310453
0.630095538547067
1.07347645980317
0.43794156271987
1.35810543014439
0.377192882859798
0.540413003693251
0.51358895335391
0.352499412953872
0.909307027734658
1.76833710634566
0.617468098066293
0.924491562791617
0.495006716801494
0.824871989796607
0.518262378669536
0.831038459354407
1.03674624475589
1.41819092031543
0.915224279590447
1.39583688981801
0.6491152754365
0.570115267382825
1.33926081981104
0.842078479013176
0.637479748674006
0.548983423128647
0.359323353125968
1.0088609316562
0.807085827455522
0.979817507051736
1.09774711231707
0.761813611618348
0.754952787676262
0.607395581843455
0.78461734836534
0.538378464470163
1.13231808065461
2.67056148901339
0.946439052511204
0.210088489321586
0.86642272002457
0.556975941374205
1.49357504370659
0.874055235841321
1.38295357724341
0.616565710180443
0.317350395301476
0.602180602253876
0.688739496448314
0.9796456739813
1.41542949715439
1.85765629082311
0.818528696765676
0.704063550299431
1.08025741788176
0.388004789903097
0.867983522326182
0.535783480731578
1.02996364297563
0.786886666172155
0.384567401580663
0.686933665756067
1.14062195119844
0.749361819893767
0.225550513172248
0.991945566033925
0.904053857037324
0.215057341982262
0.995969902229234
0.889643831136816
0.928747070413587
0.643163456695237
0.339651487026899
0.842739957162897
1.39781403916104
1.24317776050583
0.92446630511409
0.397975531430661
0.787483011706612
0.542591320039537
0.532117526207847
1.29955950566502
0.777899526967624
0.480410874602937
0.789296699078735
0.445762129950302
0.596235263236418
0.559740831212529
0.563124679396254
0.595135090326093
0.532423430289947
0.49014681252632
0.735668261332714
0.362930466889227
0.467623860623705
0.563002184605308
0.465902935544416
0.477124022760202
0.534977179870982
0.534809479540252
1.58434276218593
0.528688290807082
0.731253348880327
0.39171089904244
0.509276374301486
0.654691702505878
0.777393882123799
1.21814208400424
0.460639294848676
0.921301781380176
0.551529126752645
0.736744679999447
0.593397061533895
0.37649103307238
0.604365485764735
0.625844438233734
0.414422929674149
0.938081743876967
0.803622112083444
0.656471579817312
0.821716623861289
0.210066865422296
0.925389680326044
0.566322514386681
0.548516863628729
1.05868492489801
0.570556920963534
0.670644044393138
1.04236641609738
0.859353450154875
0.441338629218721
0.527710224966794
0.928026199950744
2.72145637728687
0.329407634894927
0.542697484792965
0.752774745244889
0.549931564975121
0.578431678367917
0.720943066154657
0.91386502548698
0.520183234474544
0.493528031755961
0.718075363817179
0.45691352984579
0.663339230052197
1.62159379537873
0.867829281279194
0.381363068435644
0.606927967352225
0.57216533339427
1.43000021389991
0.688898460272578
0.617904801356717
0.632239493168082
0.412136130689371
0.726703104293226
0.426989681913297
0.605938704560913
0.428913300838572
0.342526113842889
0.361092286774153
0.872283463783559
0.448599892933411
0.643873622661603
0.504886295489517
0.375923701067203
0.690661978275622
0.610316281034185
0.753877272701914
1.03865715514254
0.521127174928618
0.649618958070689
0.705493610932842
0.734847603248004
0.423932100242697
1.9246884327055
1.51608168432852
0.367870329877351
0.615454373127109
0.9153929507122
0.999299813922624
0.669733043219032
0.652925708054612
0.542488048827386
0.753287648371629
0.980202562764212
1.43937255395159
2.37952442361882
1.49509943599646
0.720095642573677
1.15446728005596
0.619084631804136
0.81324007079719
1.07747952868489
0.880008813193704
0.941577258757845
0.839098279324129
0.806392054079113
1.33669154588521
0.434446494412707
0.470971350916519
0.52668991496601
0.654062212832903
0.675755027858591
1.56835648309562
0.451055247821933
0.933675929643777
0.559534773278812
0.483872131369415
2.38201760247362
0.783747403403946
0.507038252688065
0.941140277883317
1.27015966500606
0.859886393720226
1.0393722239225
1.11032192273352
0.53447160607727
1.00038044217145
1.47332857716418
1.85111793346763
0.734799594206689
0.443163111773971
0.349335909403463
1.2790441232725
0.713546053562406
0.801998731366478
0.90763328638196
0.944589536658165
0.267268743421058
1.60342946226349
0.476177488147858
0.691641947024825
1.04118300312208
1.48620040217205
0.569199873550465
0.679689664618613
0.708955507570802
0.613932499766978
0.337057550071059
0.647189294310592
0.585694055820313
0.87747247640016
0.465993248658318
0.61393500464816
0.340214059134878
0.697154485743713
0.444714316968145
0.959434439620385
0.649043325189361
0.682307130579498
0.376824656945832
0.602152216894378
0.964810818159859
0.451141054299504
0.90216717135439
1.07247434246255
0.346757788445095
0.659982666288003
0.749411506912828
0.475947293223767
0.642550821622857
0.795028667608115
1.09448119708846
0.477638950616624
0.860036912894802
0.619764096400398
1.12482975620191
1.24395718796838
0.504792618020979
0.336576929709322
0.615535386057454
0.478923576308566
1.4781380369849
0.635765735384257
0.453427132486706
0.756877798642514
0.785139523674256
0.678990768113813
0.590844794009977
0.807167645948886
0.323844893642583
0.93692138158924
0.771856412891195
0.866498314655356
1.02285464991712
0.88414408239665
0.460736429063806
0.617883258984124
0.999161292047019
0.764517496509569
1.32397385743882
0.713860646208171
1.63747288406342
1.45286570315998
0.950985945810699
0.847610922408821
0.774577971709808
0.834370508230144
0.687904657155838
0.777767863883515
0.789724333244875
0.812434763596201
0.939696783159428
0.94910745778864
0.845023947308602
0.801634307907022
1.46347730966913
0.967021920779071
1.17602502024805
0.439208133140031
0.345879819684811
0.395847287315567
0.403615329132573
0.759416289545411
0.59330520696433
0.591603625094149
0.829675770724291
0.551665924096861
0.582460012918438
0.532269904215707
0.37631591955753
0.885319143553224
0.389462420175811
1.03187068301054
0.596842831003185
0.559526203706042
0.560304436724915
0.597201850566918
1.07627816436184
0.586140900488507
0.998450641401697
1.1287518322661
0.87408955266649
0.884571027147601
0.353391382396807
0.901877794740937
0.725156256891982
1.48593620981757
2.01270728242955
1.21339503964635
0.760281826079165
0.513769067386022
0.6294432471107
0.278752664693137
1.38969670164122
0.962685225997629
0.722862149608865
0.852578007451566
1.35760153406366
0.543496423788294
0.806143335516694
1.31025056281696
0.515959950182286
0.847831631454846
0.494262253897547
0.615677339555142
0.844685282863223
0.550939215236198
0.649796547225911
0.464383559043142
0.702663736527974
0.917889030535293
0.36055954200088
0.476384240216684
0.959192565855927
0.715211257131705
0.647822773431434
0.418019396915114
0.526734108287697
0.882438619175963
0.521861209871812
0.514885199895018
0.576350126180129
1.13746965684046
0.421762152645653
0.57370924064541
0.299609113138143
0.520103235033453
1.08483879869159
0.318170402812358
0.473085822521045
0.584984884862362
0.7240935934197
0.740668703655909
0.241968709045208
1.16180602769429
0.417088928756227
0.524037775847346
0.554523325396611
0.617162237478659
0.678147814893404
0.759799064828209
0.604887212506796
0.506531048534462
1.93240884492973
0.461589639179235
0.402612785859232
0.519151612002435
1.08594920826515
0.672682628798873
0.331728322569546
0.756174422208363
0.383207577849008
0.422091219222426
0.566282819926415
1.0588878944695
0.419686352286834
1.00765653878496
0.68750801275068
0.336223578572845
0.324996836113266
0.575657297993475
0.665302447574809
1.46351442667424
0.795935889325525
0.947126202019491
0.304392079125175
1.08302862709582
0.99281332895607
0.526975386892059
0.484798847844061
0.554310248267018
0.698939101367128
0.971707294642957
0.352155189815255
0.578807796964236
0.605419410080692
0.665135425249023
0.862634090561605
0.995700453254418
0.324410425941714
0.860738788451881
0.492438326132369
0.61449253052071
0.954760372037123
0.361621145691168
0.0831209402628927
0.777862510438031
0.441020399638209
1.07626820690745
0.985259990638543
1.32013081472733
0.490646632779111
0.586437399412569
0.97337655535128
0.551738768636174
0.518701340480991
0.625108977491452
0.720391977811603
1.16017135200449
0.589015050547278
0.433405468570917
0.41206159303512
0.417485980258953
0.533843007511159
0.565789774750623
0.71540888756966
1.06153035877777
0.612471303819366
0.694167478881724
1.01443895604016
0.376028412997047
0.647662015839083
0.396554468136328
0.364193830491552
0.933193567123529
0.626922488533709
0.516206606686667
3.04808134897591
0.622570119509777
1.48274564192626
0.428717666233923
1.17382950242511
1.94066226965528
0.653946341318202
0.946059395692965
0.963706901966959
1.40849146257748
0.533506034285846
1.14059110928445
0.771427758254618
0.695476745484676
0.773599396127364
0.686715144408281
0.3664407338821
0.504544910037509
0.924311694378031
0.583473078678403
0.770088495103159
0.559014944255315
0.928007187005949
0.50873250921891
0.872642804895979
0.317356416953798
0.216143778100328
0.412968137744296
0.477794997401727
0.664090637547521
0.96039447112665
0.904090429536758
0.664609693642685
1.10353182081712
0.315806252982637
1.47582265392418
0.858111026393257
0.591570972786345
0.550314467973395
0.685277468750513
0.734387624158988
0.888186958911641
0.931833380891308
0.91197194159103
1.01027474729766
0.747363839274588
0.915053078698305
1.10621065433807
0.623718534388263
0.874794351812261
1.1527752167207
0.816441343269071
1.30420075736582
0.48814824075957
0.639172759373874
0.554522673629404
0.628045268545782
0.619497395502952
0.513972099611417
0.485821433955683
0.660279536255227
0.709396511290992
1.185767697704
0.463674877649361
0.760289455005594
0.835938236180904
1.15130481085881
1.01979129421651
0.507533116190347
0.634207083248965
1.02977893424345
1.11875907863543
0.654317514930978
0.774144669352448
0.35576866731876
0.985211817397054
0.552469274248573
0.728962716127046
2.07474048951496
1.27392767658727
1.50133235618508
0.87148543998334
0.58632227940882
0.247803470345991
0.411708897813366
0.408964274249966
1.109155756936
0.470086057610975
0.443051885399683
0.758316454023696
0.532577204484803
1.03270173278072
0.523851066568983
0.388577695335135
0.773531768769331
1.41277319204812
0.768928087645274
0.70631673883442
0.394701839671142
0.762695940054921
0.847876725668664
0.556147450337735
0.514364712034676
0.97594506869151
0.789678516271519
1.58222871347687
0.294535194914419
1.03151566265458
0.496730807924181
1.11451572883372
0.6213779442231
0.668873142215574
0.962454323887912
0.402953738635931
0.734051729941417
0.374313469004809
0.619545894292918
0.661576047385109
0.701624197231962
0.507592912878875
0.558777976188741
0.656547008172063
0.623461147246048
0.910692977526171
0.663617467903083
0.539149634774827
0.844204607841682
0.811737078552571
1.03590113682175
0.457921357027943
0.742639421505759
0.588191198478579
0.673423303123249
1.2677654703674
0.959048305463399
1.87044372642295
0.355561484211838
0.391685286387654
0.411603337920505
0.738831338248444
1.4746941949928
0.844915049065595
0.942725888554042
0.680059063124994
0.896884522324384
0.693426307999867
0.426113009462802
0.701260189847305
0.684799590268805
0.810397354915442
0.62689043298332
0.780096049636798
1.08529847356859
0.479091815005151
0.3442186366622
1.8734520215981
0.573915394819626
1.97121130647108
0.443665665123838
0.408826527193906
0.532283359627999
0.344666611285929
0.656353880604369
1.04659553277528
0.614247086896696
1.10343154484671
0.441762027657805
1.98052224230106
0.571690554375395
0.686114428118027
0.487909410700801
0.65192637525809
0.65181147423838
1.41529144627442
0.573020973917482
0.874278042258482
1.05129599362204
0.288991500619731
0.622401313373964
0.463357261790374
0.370506130092493
0.461275996584223
0.608051754989149
0.710304904781013
0.247131249087131
0.555308416665322
0.60687908560063
0.543236794943768
1.00953972195369
0.96143875832348
0.654185210593128
0.544830481721825
0.478280082993848
0.61147700969862
0.73173733211339
0.382993523245143
0.43548405449664
0.959466665414555
1.64960258206124
0.839371252269745
0.741685616243965
0.768574521277642
0.631073022635426
0.213159159029794
0.734082468572754
0.771748565170002
0.394521675590304
0.277514517300984
1.3174102811888
0.302219913500992
1.13228579650499
0.562159975777392
0.610749289524791
0.771396374903808
0.510632878772152
1.38839059392283
0.640091831612703
0.275803268269234
0.623439979884396
0.683927628036548
0.581108360687219
0.855331347180733
0.548934736340502
1.82465071738352
0.892414142489832
0.558461596855788
0.252131818406923
0.868007424244257
0.682352851958205
0.525675569206364
1.05774750252417
1.82701221651463
0.610426951163332
0.706136867510707
0.353298295871027
0.568057688647521
0.872321406042876
0.407838600075385
0.868046712528186
0.962466038042231
0.829070925876314
1.07104390005349
0.869495383588168
1.00435581413113
0.384812665898842
0.723903085268387
0.627542223405071
0.486192143637313
0.882924110325951
0.707805845422366
1.37337675046778
0.714161080379322
0.625423030651132
0.460860915444196
0.488002925878911
0.434629185103489
1.54945672885389
0.820246169922212
0.521058150829494
0.639679048623806
0.582741647262556
0.250623930716285
0.80101647668129
1.43165915092073
0.528307806398559
0.467177261205129
0.637703134979923
1.09111449095936
0.552750607039488
0.527375330159919
1.01490517981961
0.674226362983889
0.699796276625195
0.384131171944836
0.536381038482902
0.991477305582631
0.302938398571653
0.565025963008753
0.396519699144042
0.833072995760461
0.951864309117061
0.937331775950451
0.449182329826156
0.689801168648554
0.504335450376794
0.794789604623868
0.858080380947386
0.483814177660413
0.442494402498129
0.55426823969989
0.557403077729681
0.701081026634223
0.71717372628879
1.22679176228254
0.972753989023414
0.524011499509167
1.96631966316256
1.08573620484829
0.716416224244272
0.705610169495444
0.400934437808366
0.846502264117767
0.910081365171711
0.572027367926095
0.301098249256593
1.51515544589456
0.896405829361475
0.424913442225814
0.605673544910447
0.495644379283212
0.249221724275302
1.19765126321916
0.380085651207371
0.517481517712604
0.670729114529539
1.67880150940497
1.40743924171761
0.606169786927914
1.03533250727432
0.598307504859735
1.0707359500783
0.6463590706601
0.736423992508993
0.575947025734923
1.82752692152328
0.545515592633915
0.494570130198037
0.295714502825085
1.40915018317602
0.231451388559693
0.373548801310619
1.24612113618315
0.855909232894854
0.888092783296165
0.917421345459146
0.718193162141989
0.809168608492943
0.682930032509578
0.97493677025691
0.920657105656018
1.95735634997912
0.697639953210122
0.576325153330808
0.391296194542451
1.076654057913
0.2993158865156
0.626360073129978
0.54417370725799
0.878411077852799
0.489577995318494
0.66700676369594
1.25935732630251
0.713424569992988
0.558705937578273
0.658220535275202
0.427088157392478
1.23532775637724
1.12807820248342
0.611378380568403
0.718329799210989
0.503684952431495
1.08688675294551
0.431364072417874
1.13977698739692
0.518884533981577
0.758548879315319
0.464255289515584
0.550266701963067
0.464165607952554
0.553393044843673
0.573344022694587
0.737912149864761
0.68278634209488
0.348114332720883
0.514374223297005
0.509886347183869
0.307062422731853
0.682141446105724
1.03055842952251
0.927179918641799
0.776444481818672
0.272601265289014
1.79484078486318
1.0081329971173
0.504515013852605
0.56579500032719
0.473333988914395
0.693074601269353
0.711279501375514
0.484796400872291
0.381658911866924
0.76739259267769
0.261616285931401
0.659358256012953
0.369440415533039
1.85409601202415
0.527496892535179
0.517258474502939
0.508311393339724
0.273369841684563
1.31923762583712
0.60292541563405
0.938236569725241
1.48515556951733
2.86759294626645
2.17189259730314
1.19533815002827
0.408151112552188
0.880531863398625
0.795447539184821
1.90802977735569
0.943321681593153
0.706685036485409
0.825707382892973
0.698972218704619
0.740519175290048
0.926562477865301
0.786345763894306
0.730589171707305
0.852060055242593
0.398392804886551
0.976184948024745
0.39184413533033
0.867791073715099
1.03161189181393
0.498216759892576
0.49625142879522
1.01409903950252
0.977245587270625
0.666937284328479
1.0340696489163
0.592406059376493
0.485672839122396
0.545888039877025
0.794463403889522
0.713590676049044
1.2964554046962
0.32716609616526
0.686304390785639
0.854419675823227
0.969738792208465
0.80161044546204
0.662943524757619
0.238714853439158
0.837253302866903
0.435708519155862
0.753326956043472
0.868774537139318
0.561309528113981
0.747362357033323
0.818642796144463
0.697439559202962
0.724399908004294
0.875683553355532
0.883535769674067
0.380653213868084
0.486597872601116
1.40961569172226
1.34646682709301
0.504773534326497
1.07642186970558
0.561337236203302
0.384682954047842
0.909784578271583
0.982877763993089
0.841878360557205
0.804409986014821
0.629477830091805
1.45539964527165
0.287026434915376
0.568378221368561
0.615191828600301
0.363353509645947
1.09647916506581
0.994466536664294
0.672473833995643
0.626112717722292
1.01689822175407
1.24494365765174
0.372045997871005
0.799782030132037
1.06204388284371
1.43637461779859
1.05288222959452
0.426482409986362
0.963974734217866
0.806485693288383
0.816950446880462
0.963952382588873
0.567887742011693
1.16922262472977
0.487791483042175
0.639110188645476
0.558304773032741
0.987016671680378
0.44471514758688
0.294724015931665
0.759400161679476
0.352828500174893
0.573563822284566
0.642661425342746
0.646355630936032
0.589706706459966
0.656847778595186
0.75936148331792
0.923209639236453
0.353089185698484
0.891245144975805
0.681728458944843
0.761599817575849
0.451283616487822
0.851016125323449
0.995207310088104
0.695204255666585
0.973127746069924
0.593880174882548
0.665196339339239
1.8230972984309
0.866722690609743
0.416965318181083
1.79736961861946
0.946312780963336
0.69845852614332
0.632357454958397
1.96225496237126
0.640060545824561
0.54064756287206
0.54225433610052
0.688000038023364
0.855161574726649
0.6121649771518
0.500960714814131
0.696508693561224
0.807668760851024
0.53415884873691
1.68277308508532
0.920978814738774
0.564629072508408
0.712102775415941
0.813343342475385
0.730537183309154
0.784791598264103
0.783447253877292
1.37902380425651
0.578278641080964
0.378378399721765
0.883166549047799
1.19340632743676
0.694364875877958
0.706774151809417
0.501412409461203
0.843116283211493
1.29848710603481
0.568454678288511
0.291633406063691
1.08807375245661
0.848493506879258
0.478545641700246
0.854975317912827
0.675044830314887
0.423719490456134
0.598119725053945
0.809232752620331
0.653813631066564
0.905839295846074
0.625140861356336
0.705338892957492
0.84718862471509
0.587344434229124
1.24129022439718
0.929257773177023
1.45442238313905
0.816016655123033
0.288424661060279
0.723362389680913
0.381103429779331
0.553521445934415
0.523621811304939
0.807301354776044
0.465015356134669
1.54249385030762
0.725982030128525
0.485479058951455
0.916592012986795
1.26947490540678
0.706618888288519
0.85792669969594
0.904843889648967
0.872770557813384
1.39555540320989
0.498536911302057
0.772434716202332
0.653969033592134
1.26266258961662
1.07030082498119
1.54715117645985
0.787688388008904
0.746186022315192
0.614773752541758
1.0073657736007
0.955309510860754
1.24793035683626
1.07218999743039
0.662579548180595
0.412589480856556
0.531580892221523
1.19476928270069
0.425923259930769
0.721240868442097
0.327351653536932
0.354577225536871
0.614904974610479
0.34546833512617
0.516522269274889
1.03916453579495
0.493035101787778
0.924748797376479
1.03212852738529
0.612002132947528
0.509214576071068
0.892060223677256
0.973595402502008
0.67569874218816
1.20957128513612
0.889038021038585
0.659493035830884
0.783118815439478
0.735147078505703
0.70207476841476
0.416747841173605
1.01301705526774
1.43561330322701
0.539077146152238
0.383597132972167
0.811280222378344
0.684494151153501
0.24454701565234
0.602729180272244
0.442736917084063
0.52875672484508
0.602624864361231
1.45870235031936
0.403059482082225
0.216823323206614
0.289811832634652
0.618188312043578
0.70214261474112
0.751026217208366
1.10932398570053
0.439289103238315
0.49113727179015
0.0246461878238746
0.753533147254086
0.411382333344139
1.15118692558089
0.47391521287055
0.7793056208714
0.558921751305129
1.26175646508832
0.57484863083196
0.614300566221905
0.500400522609874
0.932005911472379
1.14624495847424
0.203343737900022
0.629730055327041
0.422148643283858
0.723710261400583
1.31104625717259
0.609683151710921
0.485008905791566
0.499762592034728
0.638106379143443
0.709025282053781
1.81278974294059
1.11382810503209
0.567169405887478
1.19045019903928
0.806060521387644
0.590944180548606
0.492822871012771
0.831085938513464
1.25190084012033
0.530795802103783
0.281585110384241
0.589763484077811
0.667862953191522
1.06243561419835
0.92319695433843
0.717825219671324
1.30952180957002
0.700556816585716
0.485644463585848
0.490212123589809
1.16821253942252
0.761156986563604
0.639694131086982
0.338799878778135
0.536651848669951
0.471494660056018
0.49135878313961
0.852283499416175
0.91309502674536
0.67756332623765
0.467599925792726
0.508405891050712
0.681634309605884
0.566802740903835
0.876183752869408
0.752802278534274
0.738929860331045
0.369057636214141
0.738800960097317
0.78731350784499
1.51798307057275
0.30408858023049
0.596298299604175
0.733796328552983
0.695247017949304
0.477959038895799
1.2534006850069
0.416826989342638
0.457677976943641
0.556971485615149
0.505861222676774
0.77569882962677
2.02356648381744
0.515755629257168
1.15310885154864
0.544247550365875
0.717982873004994
0.742462838940503
0.827559882216144
1.04439225942867
1.01017980471726
0.943597133384633
0.51927379976756
0.371689030114546
0.646387049111653
0.710221148415096
0.631510454207454
0.624941628803485
0.262359181259579
0.745902146411366
0.562861195217824
0.602675740983773
0.702220153868124
0.43409588207805
0.806429926015653
0.827582603093375
1.0163055864198
0.604789391972154
0.553802036480049
0.980164139574368
1.37987667356918
0.671277963098132
0.673475101505456
0.274284944432254
1.10938980678706
0.671467348220246
0.489080234547875
0.584190442777403
0.872354727275358
0.267392062364899
1.72573345477061
0.510316458401923
0.580799731062689
0.509428783217547
0.625270573464187
0.319440900466428
0.880058028708693
1.08965821567321
0.721822227780415
0.432787958123401
0.580849309661039
0.967071978403915
0.752728765452602
0.377539924664821
0.346955383698858
0.870898004606955
0.809590624047037
0.521270290789501
0.790247341844748
0.824287336832502
0.433154620973953
0.827114549315168
0.671655855730063
0.612164477816069
1.22677660896935
0.707563280220332
0.819384318433082
0.386597552829358
0.475494531328671
0.451086835469967
0.925468334399181
1.1942340502487
0.289110230428742
0.425714929906554
0.699106689746881
1.16983019331267
0.635753244420092
0.394846091859281
0.442639407571733
0.362982637285348
0.526590165879728
0.57476378177387
0.35776178941865
0.479947398754863
0.67363239874599
0.337488205965056
0.547371883861368
1.06048384871554
0.815200661280295
1.16815656750688
0.686073012859559
0.565845285997542
0.794802616515426
0.395459372269026
0.538063139291957
1.03054177931857
0.710905354787373
0.800810932606124
0.695254193609368
0.530378076566383
0.903176703249469
0.638281298865165
0.292201989126171
0.333216477832934
0.67803645850502
0.351680440821557
0.642807378631858
0.981160585971089
0.983137481114929
0.999889706453926
0.686541645158754
1.12350780450297
0.493951202603298
0.594449353728448
1.71790513677167
1.42630405965025
0.665184586600669
0.610807517467892
0.302825955234823
0.694216802180578
1.33223147671121
1.89093910209154
0.610746244073469
0.338501570936299
1.67882683816582
0.619431873664163
0.818034357460951
0.426156967282913
2.27780872096643
0.617387079703743
0.621372793603582
1.01545859123055
0.431944579255696
0.553261203490842
0.583981655263714
0.870212693799521
0.728570881191286
0.229465352882658
0.546533264413095
0.756453195004135
0.440672441343896
0.433333035611425
0.819527625687689
0.712619946578936
0.825272620279127
0.702169436744828
0.244205818265338
0.582054281069288
0.970164659245555
0.541771619424059
0.516800055280458
1.07913583024799
0.717573829317299
1.15803870841046
0.405000951886496
1.41523479251535
0.494719933927859
0.953826456244568
1.01411676567086
0.642155562462993
0.419946173397086
0.507178896625417
0.806363956328429
0.445127996446807
3.16913853688653
0.980857732806014
0.696213280082466
1.18819651734381
0.641245686046799
0.624383819555732
1.0426618341117
0.749508298745101
0.607752440797776
0.810087537282866
0.378406744710806
0.629917601200429
0.74667344834589
0.631756474819589
0.706926016612848
0.643226112651936
0.61200071830815
1.81739670513907
0.606820284358242
0.656618406834793
0.637875021479518
0.591309889298177
2.14349520249584
0.416180220460002
0.484561006922208
0.8304591435934
0.801730255116929
0.714007880339521
1.05999088803702
1.05542295770464
0.63494843638674
1.27408177587391
0.664556462825841
0.987799861373015
