0.579701746848433
0.511573842633592
0.900330468167828
1.85311293953708
0.665954098180475
0.68577577656716
1.67424176597396
0.801609523377671
0.568938653158412
1.02426238529689
0.54893666934889
0.34056994166446
1.06261120970358
0.897901494879009
0.52978622474914
1.06040812288427
0.647573563461161
0.50606018744876
1.03609070152357
0.521633907385892
0.602637504176148
0.840130132834289
1.06964609319539
0.581532686724504
0.539996885383755
0.728529690196139
1.64830022712923
0.374688669199245
0.523510174898458
0.306369727776755
0.425856138193462
2.46531607031355
0.679977775669735
1.53500864322667
0.654214053646247
0.580105875722852
0.308423873800668
0.461611635123548
0.941546326735044
0.702132507253521
0.692983663899818
0.597812075670184
0.929508698473605
0.540114155431101
0.847855830518926
0.266224855194629
0.556799376281821
0.493188691249306
0.768522803079826
0.754438168038261
0.630756892300367
0.800870496052711
0.78050594930762
0.30357582020326
0.48969298296587
0.642300163647191
0.674810226580508
0.48516297525124
1.20504321138227
0.518024997092148
1.03995390535185
1.04412710863088
0.79585952428799
0.613751214507498
0.851100120559433
0.592131079859913
0.743912416268729
0.723169691802625
0.576547698459157
0.78040847505769
0.458509942987402
0.742379742775045
0.845197366909047
1.6183875023583
0.440861495174948
0.444938664448296
0.733159656540901
1.36152676805651
1.72487542712828
0.517258859452662
1.14682629868771
0.824152830934541
0.751856395695862
0.501963225064554
0.726674850954836
0.714655611467508
0.385319357744929
0.743992941291795
0.410128461236755
0.716454770898627
0.64841721029954
0.306212615721513
0.733751439083391
0.405127762215675
0.883765463055584
0.309098285044678
0.777073569125878
0.494055430345954
0.369709877601398
0.407465998097929
0.849134240896527
1.89274754829357
0.758467286404633
0.673357875982332
0.793989477872457
1.05541181260529
0.708625856716858
1.56155277111489
1.1034682390931
1.35659827667885
0.399436632496322
0.57406124526764
1.49764110467293
0.665617293068221
1.26671049223889
1.31036884927632
0.37786319439048
0.685345537133032
1.4450033887832
0.446892933553654
1.00367557882536
0.454461562557405
1.78996483733371
0.4827904247286
0.782960697785667
0.688389686782904
0.721512289727919
0.447908538253186
0.439863906520602
0.802450068880671
0.564613392068174
1.22532272003217
0.925796868867323
0.789260625599615
0.681104878607776
0.433684331410951
0.409150466186546
0.748142960984235
0.354334930240154
1.04505333703479
0.952199772855135
0.508168381292623
0.379929185373585
0.40283857520978
0.710981926435038
0.982907611875643
1.44527638206484
1.49762600321796
0.6414031544365
0.644652913802561
0.57741886450242
0.780652249399337
0.795882132628126
0.816606606136155
0.730218836643543
0.817531483808255
0.543008631037434
0.839313888309834
1.79506196273563
0.508307284726942
1.02944685098336
0.517706237223473
1.769262794628
0.350342738639416
0.343180360855363
0.533075653154069
0.94794370519589
1.22859425932681
0.670003424348678
0.567426174381495
0.852868775075591
0.499170942479997
0.670943822573422
0.552251196672891
0.850432085669332
0.640852755802643
0.286367854322106
1.41420729773829
0.50593279648515
1.17210950902694
0.803960166209259
0.794083479950667
0.978041120310484
0.723510510996136
0.803338421009152
0.616708362026899
1.60886044797903
0.375799609474764
0.920655757914785
1.08031741434386
0.637564985111376
0.339338317044629
0.600997165874637
1.16453042589239
0.56781369559215
0.634457996830598
0.918279856496005
0.786689863290625
0.775609252184982
0.91348132908217
0.329753908657593
0.488790975210268
0.930381662657608
0.363773779262897
1.45264118969937
0.785648548303264
0.704400502724708
0.448736986811139
0.537144160821659
0.58535811197889
0.791846425023822
0.809758560963607
0.402666906756822
1.20139479160523
1.49501894830373
0.874538978657015
0.735370616558389
0.73710551389571
0.409150762837604
0.723823487701969
0.777384098772652
0.393450345202854
1.08194865401489
0.90069624419397
0.635560953522701
0.702562682619209
1.3410405318405
0.426644743706446
0.389744649444793
0.450620659133272
0.886604184111841
0.415065853206746
1.18128576118372
0.36835638480492
0.408566757071766
0.571534555797294
0.446146338971326
0.638119855621993
1.21906562246278
0.945304099445892
0.38344650397327
0.683209857090667
0.875472912484509
0.528238131405388
0.676479896424777
0.510964703371348
0.475951230356717
0.534341528253915
0.923880518044681
1.08707245536803
1.54089943385235
0.765224963277438
1.18952463111401
0.834038323670466
0.619912339840753
0.71482137177605
0.525595237913131
0.467397709514135
0.563712236386964
0.480154226827799
0.868876621627171
0.472280957182634
0.64485298720876
0.501539333008126
0.962419228631441
0.460682603835936
0.587261350913242
0.530401505755567
0.469515624957357
0.710710509931414
0.406819050863237
1.13597336317554
0.709015032619105
0.52248591927358
0.710836890788915
0.999612281924609
0.533491269179763
0.786726800079884
0.578118295964267
0.868685648002155
0.961402551586902
1.37240974823891
1.76502271929618
0.797897887542961
0.482516990428131
0.730095275171327
1.1169616351876
0.480114800246318
0.795584843470854
0.776341395211812
0.764176067106619
0.738287407042816
0.691536302466998
0.549898341164316
0.360652737255521
0.720572042708873
0.764549928002871
0.540560296772452
0.453278789685558
0.834514121898743
1.7992387397795
0.778471232556206
0.781776342075737
0.861819644491771
0.876166210334258
0.81409325556111
0.858626124855343
0.731240830696787
0.588498070952083
0.431878850766924
0.499273377984847
0.513427507266531
0.618711025003344
0.406783787007533
0.421429732051579
0.381229295019797
1.16098352567482
0.51448033596475
1.86955018745618
0.514107655526571
0.370410076714869
0.94569379292595
0.496782613281572
1.1764758785625
1.13625664860209
0.461190237358393
0.784449726008915
1.05387689341879
1.02629527077741
0.905673129059342
0.368935666088942
0.470094262367966
0.922120041915198
0.471663893688129
1.08673108125033
0.73267482036105
0.734344623919687
1.13105204465408
0.855394133758195
0.416843392269666
0.387402598769516
2.114026852423
0.563137338073375
0.750807561359807
0.726738321724446
1.54155734426698
0.475659844076047
0.621301997803505
0.533215153432099
0.542572587612607
0.458434858719597
0.636207920763375
1.27661880350759
0.462691242645266
1.00298736474737
1.13152860125495
0.578401731388444
0.939369669138173
0.739243367062952
0.376131038553147
0.610406602113275
0.855220165273818
0.523148226689405
1.18857512442578
0.749571868086932
1.43530579932172
0.669285496862669
0.484887510816475
1.05307629091028
1.27710104768522
0.887822123843456
1.1236709805192
0.852962712005564
0.871873425186438
1.23266939710293
0.544269144744135
0.355198099793257
0.803304346253466
0.876093922820162
1.02885013579128
0.428779519107733
0.78947883196728
0.452206549298222
0.736255118039108
0.953494836809747
0.659613618182933
0.717234026730302
0.440295447843064
0.766829998582068
0.481759618652229
0.536718564436986
0.913308649428842
0.490371054953193
0.648529293654097
0.683926460134553
1.534793912756
1.47571291021722
1.2246709461148
1.58817724559776
1.03580633138578
0.740062432383516
0.649647287001906
0.636085210078006
0.439439281796822
0.356526309654176
0.875304199870273
0.307254567737244
0.345689090790714
0.769720884229902
0.771563534184003
0.721130957722591
0.506128360150581
0.333985435711261
1.19152798508029
1.21143460510737
0.51988982440155
0.602787223393031
0.480817475196141
0.553582871086269
0.982173406466926
0.766783198271224
0.426090694946021
0.547733085275408
0.752924493218082
0.743769747445163
0.730860008345673
0.91746532187699
0.847365401488281
0.396741187149633
0.666296676719612
1.12822703280949
1.28342409456072
0.750930724035531
0.504175082582858
0.942786057990769
0.434301763352002
0.505757360886248
0.47829965416763
0.267940828264354
4.04625676702272
0.734785783733534
0.521541304819696
1.72840896846368
0.477524691709013
1.02843083780216
1.14726527929135
0.864652349607653
0.659632939655244
0.826781681767436
1.03002149782838
0.913408336794306
0.607732918761956
0.566754457406084
1.12051519718783
0.512884800228435
0.418038101871966
0.33867986022631
0.667590765331246
2.18900049596004
0.971309850335414
0.815798167578444
0.58174914166066
0.365927137402309
0.723658606109928
0.629996453156719
0.523445229160636
0.250914339930208
0.467836377920974
0.746110563496111
0.37449494440837
0.365461221690107
0.87224251237086
0.762554253467721
0.34413688497462
0.459290557912681
0.480525259401447
0.539936227656011
0.784669545809983
0.702140772604647
0.813752921592773
0.751798081810057
0.688654176010107
0.471633306725973
0.736065243503495
0.756911803732469
0.591538009753125
0.514292035523724
0.602773638315745
1.21583454126235
0.497216408169106
0.476938539097825
0.494215577282374
0.4003993691819
0.764323260411448
0.651385714843124
0.660643151443532
0.536640245539582
0.898888364751716
1.39451980024658
0.922866693375533
0.855915601684099
0.751551648072522
1.07781212919502
0.831590702315637
0.937126673985682
0.486865681696437
0.818673198729549
1.08692006016327
0.566405129469237
0.517846536028957
0.710064650913712
0.741620954630163
0.467949170051643
0.785891269373226
0.80602465360222
1.15572514595343
0.764545829881253
0.859435861935874
0.765583221577838
0.370903707248524
0.940629856531586
0.603274686653383
0.450465411999784
0.528971930245473
0.327932565927345
1.19050164687208
0.425049644752427
0.525586582508863
1.0495591717962
0.62181867761819
0.78062014651947
0.454026734635575
0.724204404940262
0.495944377778448
0.540647449830105
0.64376972212172
0.381037030764762
0.958950511969994
1.10421182006966
0.661931364317209
0.688551661303027
0.728723370391818
0.507021736570397
0.509738600838797
0.383819535591599
0.774216088630529
0.707018122843714
0.801360276497133
0.919530710535102
0.506427540029766
1.12962692054043
0.810152301207293
0.920040369849936
0.851428613288437
1.01222395747839
0.737537959200043
0.716298399839969
0.477531530797202
0.705939690090202
0.83504213157779
0.740493131114964
1.02975538144645
0.568179201271549
0.566625557573399
0.724230016075903
0.704587723213485
1.16457571905726
0.734449223839909
1.43183750807408
0.862951059714251
0.404072706831405
0.369191279520505
0.914436862462561
0.927730710103567
0.371064864045971
0.515189216041197
0.595307356321831
0.516778215786545
0.621208560668912
0.391068299426758
0.564891347763865
0.219955900318142
0.794162604036985
0.952543707638399
1.60877745364022
0.909210542669562
0.790713236959002
0.813774518097184
1.2397529710655
0.804758870895107
0.810840076895623
0.321904262969737
0.626268729206832
1.26079466864867
0.8082791421544
0.474308858493934
0.681047583399787
0.319326474960992
0.657506263725905
0.488005814092773
1.14844274937973
0.400637374377988
0.773126773135659
0.463543955864347
0.447840609884372
0.858392230290197
1.24983989869404
0.964480361363654
0.963221199446463
0.88128423531546
0.498868680139716
0.747899311063679
1.39576912683876
0.760782359436196
0.222062818062886
0.517997731521224
0.440634968681095
0.40655781742233
0.619954384840754
0.800129558523988
0.567188589621218
0.675478678569484
0.80828209042264
1.09978611430811
0.469500723383411
0.323581803503249
0.728697211931249
0.561126965663928
0.62326292271368
1.06651561561269
1.44365943841329
0.836410112909782
0.750198708442575
0.667290265754828
0.827348635279854
0.584563135885261
0.436661128855
0.473060881439537
1.06552765020946
0.254952103756874
0.41470979953157
0.634338949494944
0.411850074731657
0.756872540122857
1.20003059191218
1.28161545747929
0.355226425329119
0.481039783424972
0.927976187707459
0.717162468253566
0.2834621948382
0.383520038820034
0.511289639015861
1.48977604815719
0.979120038742611
1.28503811043044
1.00440546201619
0.594390149282553
0.451542261889775
1.00127347640705
0.565848478508631
0.61294523872061
0.421480708653148
1.7031401080664
0.910673092737291
0.430765260989348
0.488166380684038
0.772704793211588
0.929056458121268
0.985159116877758
0.571528279573004
0.885239182454509
1.82041952324062
1.19590412464968
0.535003036826749
0.625496210084328
0.637345847424884
0.633648541153154
0.853121758810541
1.07636751526135
0.910048053837584
0.840102845027644
0.431017547232407
0.79109814480448
1.04362863808215
0.465396275903739
0.578661067388566
0.72585706956647
0.607201418540209
0.443674455961277
0.563934282898845
0.675276620008466
0.731753467246952
0.897333127552139
0.613312060044413
1.36532604247507
0.629990767920602
0.967920686337877
0.67085050693513
0.865399049362621
0.648215411406017
0.764736141265553
0.978143955241266
0.645329041499494
0.750872233655118
0.879023974874268
0.621676836450937
0.882915516851704
0.4971979870055
0.406530598930905
0.39066736830138
0.794715264467106
0.84285210357249
0.329813451760866
0.682319105296454
0.510025849817648
0.893589086641554
0.609793724985044
0.973635249267022
0.657913721755002
0.58280431842047
0.751749592343025
0.803649289790664
0.628453031567522
1.00285465008879
0.781274701160046
0.664959176061009
0.921297736207645
0.553810723147363
0.618915151485904
1.58969761382824
0.539953092088827
0.721720740804537
0.460634056494919
0.817113184345518
0.693909860387048
0.73633144865651
0.598515065876359
0.756099184345402
0.444672700936545
1.17870017613114
0.929194198267775
0.670776207869738
0.743724823470637
0.482953774450957
0.385927731832667
0.688317711253383
1.24210243125164
0.4707800897927
0.698857763772858
0.770359090654296
0.442374159060271
1.2635296777871
0.88994158415626
0.465439948236374
0.545071260057628
0.435224674966375
0.725528277203094
1.09640373892195
1.1447612769031
1.19886596184538
1.12284324003425
1.06085349099838
0.539669969490203
0.642579035587405
0.688893070413347
0.237519123417697
0.885289905642327
1.1015163091204
0.634119175925917
0.962799990144696
1.37165593265034
1.17962404396652
0.62142020724449
0.487729161192306
0.933860918378361
0.362149462931761
0.686282722133049
0.485597283017101
0.987945696967419
1.55052232158892
0.55257110765735
0.614502067411471
0.304874232022558
0.389276013851014
1.08577439793724
0.724094149183078
0.463893113657084
0.199855098383335
0.664610663578569
1.14267049553223
0.838968080664833
0.646839626270903
0.597688437410469
1.01671473284381
0.418453756927991
0.973262373851073
0.698422861017506
1.01146209597355
0.921414061331345
0.428872356335705
0.357335337405322
0.385655259307089
0.744811083735602
0.57811700938263
0.352073600414988
0.334192681294907
0.679951558308537
1.14375059028091
0.803357761948425
1.190868193679
0.764072360963377
0.628331545809236
0.589236534895117
0.736490498213693
0.688612856760381
0.371868513399027
0.630998344090967
1.18302055040545
0.656889441797204
0.546504689013384
0.867657357744975
0.762403633689418
1.1307474233487
0.675196758220848
0.376534676627197
0.60337077069914
0.978298631700978
0.805243291845323
0.872860557245993
0.452569066369362
0.437446861301465
0.559035358773054
0.540986578040178
0.709537191379978
1.03136955023061
0.248417092902822
0.989221040523834
0.564320467552313
1.37461397983575
0.978797073774225
0.791234623324963
0.567373831236355
0.694377101999855
1.39797559956692
0.996924003069286
0.869264762405876
0.731543752670757
0.503376942590765
0.696983145540185
0.683394507008602
0.251581773963926
0.58948431648348
0.769478737570438
0.690636616586466
1.30833953276664
0.492605769713053
0.456790844110571
0.369359415761556
0.935212594651806
0.528238156995746
0.577013580610757
0.454368525270122
0.578817384170554
0.531750418864952
0.401908955719446
0.929665940353033
1.09034008412574
1.02299627469404
0.442416722494869
0.583211925289588
0.886259785216233
0.411043541759713
0.65929791977259
0.718231026163737
0.663881571248322
0.513591435733408
0.440372883089955
0.701376896916219
0.855601496997464
0.244534350585027
0.410281485920522
0.507096766854746
0.955252469128072
1.02831426619256
1.24160787001054
0.528269298850862
0.693634019654026
0.553154909296212
0.882497798049497
0.586136509531925
0.952541063824623
0.31588145351095
0.44913258579718
0.372196920403748
0.854250975165153
0.873333298023118
0.667357107666779
0.571058872574412
0.656551741626361
0.640746876002189
1.09133115778781
0.453363857847791
0.708360380628392
0.648041545112149
1.03780943884349
0.707813654730573
0.656436529881344
1.4304163516817
0.635713685151902
0.962201380431224
1.22600736599494
0.386456978230605
0.739557798403721
0.74766470114286
0.168898584904854
0.991532253480609
0.555504734937054
0.581124110104994
0.307886986071249
0.7395696446571
0.50031968463714
0.906169553168105
0.847679414308386
0.791584124151482
0.824040710651563
1.60935487169368
0.603072087478246
0.661796282212488
1.75979899672724
2.13901657881044
0.575994046619292
0.330063678768223
1.4494565770372
0.418473706956385
0.656904236229564
0.995982015652566
0.473704526381841
0.858323784654138
0.802260064138602
0.608198278872915
0.668674580000554
0.445057654294021
1.0785100753858
1.19520496603096
0.814322611847479
0.291301061424478
0.933219101140272
0.801938449610542
0.55318064061107
0.578805338355234
0.486923243064819
0.667093447240191
0.388973876285229
0.871075642059948
0.450399267198975
0.556138589445538
0.665831338290335
0.999888224215426
0.606934946963678
0.803719953669329
0.684816949216656
0.572830568747396
0.318412835588983
0.693149213899694
0.558925479364184
0.809388635858615
0.394569369629454
0.426582897297044
0.280559937328738
0.334542352433671
0.882635651269512
0.776866239941146
0.925158477387394
0.961156372335854
0.426919756666502
0.431110455621843
1.18678356297517
0.419521090067058
1.21849725394055
0.346476333028979
0.690342386994248
0.98547621934803
0.340789196209259
0.614851227336729
0.728944118825278
0.698710220146111
0.449990950982442
3.03258119302882
0.334312956844649
0.619395276607579
0.579990006072867
0.611070333163358
0.636424644771535
0.864744432623377
0.491273074748965
0.42163650643087
1.86042047389254
0.602076360673137
0.40218109830323
0.627034651378672
0.560889725174536
0.626459383827252
0.817811194298437
1.20005534610503
0.346631020028606
0.4876553166151
0.790856899006659
0.536396527897144
1.40848217694655
0.729021607562149
1.07117172229303
0.630286183886628
0.618822166337699
0.440490896366446
0.835993586833205
0.905095649362539
0.842348108572274
0.691569858449195
1.12906686858786
0.396894958080448
0.521656701407481
0.534235531014797
0.646424626327801
0.79758126323763
0.583897028781773
0.620236366651335
1.21295440966967
1.58981760492101
0.736818942237611
0.619422802968569
0.595920934163524
0.543453007777216
0.409160083068624
0.864019458954307
1.46563174968408
0.864954914536605
0.748315528089509
0.546842268638116
1.00113962685855
0.721549029797096
0.427726665847308
0.859207988563273
0.505102647585653
0.523713757368902
0.853463816878227
0.578078183871979
0.351105790748944
0.424838500233756
0.302641952810105
0.702677767536485
0.663253175701188
0.412394000061516
0.466083367982236
0.401986609028312
1.09188305285846
1.19939305958366
0.514298450853202
1.23696847380258
0.745641836408705
0.579332516900007
0.445311750811286
1.1527768439965
1.00070209982065
2.13672135109312
0.557013894426048
0.27939922429676
0.846023796357288
0.941531592273404
0.468713175234794
0.629436847186735
0.887887936219691
0.507194269119258
0.619322132633489
0.69943403322351
1.08448924537873
2.16510295211829
0.545279557300721
1.15605788364153
0.385947463080913
0.522914382488358
0.843284672293449
0.308915413277664
0.448155546708967
0.806204862742756
1.00147415892911
0.591660290988296
0.454728370957079
1.07158932298415
0.385398213562107
0.702431043034056
0.645242393356602
0.349707439286592
1.08538824125303
0.824245209564947
0.679943007405026
1.16854264819582
0.782736643645217
0.281670445099332
0.474412555790768
0.410405568283249
0.569132064273129
0.842208091407648
0.631101611006919
0.630955466218186
0.750212672896191
0.419504120712023
0.538228312145851
0.560564659484253
0.790242230423048
0.505935152571521
0.414068670101926
0.530706387279687
0.621491079943686
0.648565628505057
0.683015738622999
0.965541157462516
0.808359222169259
0.60685346863429
1.15349724467164
1.95696496741358
0.479195818634947
1.00898014549605
0.600804529486339
0.503382001682513
0.940344433609698
0.266236858760667
0.390918187699641
0.445486774773568
0.652062610378907
0.879648309013382
0.724704361230583
0.52972903586594
0.725742637346593
0.475876699852485
0.886477261108279
0.365872594869165
0.537102399809457
0.47406132654222
0.667612134419794
0.878388979156204
0.533258277878813
1.21801396044517
1.16468932504535
0.410243143716646
1.55300972546189
0.836479261128427
0.684318972080587
0.816269141754225
0.698766052613777
0.595624501287665
0.733889164070827
0.60691777319818
0.513159050075666
0.761823253751353
0.43152075165668
0.460432060248669
0.270787918207677
0.52193253296626
0.816623900020219
0.521690941667617
0.622672895636115
0.415152125518808
0.939135551278523
0.76592592973842
1.27980284000009
0.515373258526411
0.753029532769308
0.664408072426997
0.715136782579563
0.646658117569387
0.757960207541849
0.596545784911165
0.749262777135524
0.645909751298903
0.966187165083592
0.91899563821725
1.43841774614958
0.669954282841696
0.633208260865114
0.989771846694588
0.722647415233401
0.788022104608194
0.62563195638607
0.436381218777442
0.491370228821518
0.648734324314278
0.707281312286052
0.668508636559408
0.674844293593835
0.397742190428603
0.832008162365944
0.922263974992862
0.360842718681714
0.67124524262155
0.322485594449074
0.636916879849571
0.67543596224087
1.36565936355013
0.635831886036506
0.754502587004103
0.471705132760862
1.30344675646557
1.63002289941987
0.720287645126227
0.497017942822926
1.15022792344486
0.661868962297771
0.796896273259267
1.06873941196546
0.751202969659734
0.80562892677029
0.509155988244007
0.808912761103117
0.315516645913322
0.617037120138507
0.937714274358064
0.311856361944695
0.535096447048045
0.473468901261767
0.755663309457298
0.962173174702275
0.404765911206731
0.830427856353054
0.900510672071879
1.09955648722025
0.57191391078445
1.78665860988318
0.826743668211075
0.861942855631271
1.30330087937953
0.714513318170057
1.03446549090084
1.01110292623278
0.68819870217611
0.526468262084666
0.705909286781413
0.567659196673645
0.698762196877234
0.799756841391182
1.4158813898619
0.952221482934923
0.696017871252629
0.266387039035037
0.682781202715348
0.583888193154882
0.334656274894769
0.586075294948341
1.64230191122676
0.981454441857622
1.35776916267548
0.626887036514983
0.406827534726394
0.573797616081004
0.81089880397094
0.883030831732114
0.51568749565657
1.4114082953941
1.47291915402916
0.511290154175785
0.553098425238422
0.747017675539176
1.3735229197347
1.25748488738806
0.516438097191634
0.793565461133233
0.355324685868679
0.614405213400152
0.437863904622873
0.951408789312567
0.791451694764009
0.486855606477593
1.21510277168163
0.574760584449614
0.501198230239004
1.61458305305396
0.550913502311408
0.813662307930423
0.536227503742139
0.333071439878502
1.37280842086871
0.821170476460655
0.759829105972808
0.487798125292413
0.455866894227732
0.710124845087044
1.23164328534166
0.639038058718
0.548838961599117
0.587186891304247
0.43943974961586
0.495788002876184
0.42393944572558
0.311387443238172
0.514913101191482
0.288029173026946
0.804601444607089
0.776632193156826
0.581632081850777
0.447294111040056
1.1532199895317
1.00655237720119
0.648225839964563
1.04115077146197
2.00847169397895
0.692281716532631
0.676242067502973
0.656001726739347
0.654685567803762
0.672553098715204
1.87591546297786
0.689271254415155
0.76166861207467
0.592115928770605
0.917265951184107
0.667693809035724
0.854576622409468
1.55050683375001
0.422280864196019
0.67719125946138
0.713770495609127
0.601976197725254
0.886986336541876
0.727876622093219
0.839564491119904
0.492981263714766
0.92855925057769
1.37563283936291
1.60684630060402
0.581494734997894
0.52504056316495
0.32274200483239
1.42635330823248
0.341130075228114
0.59574283048236
1.72882560813806
0.611258307679157
0.560670577466015
0.404195535381595
0.963862144931007
0.771907795649234
1.00151997833631
1.09947715584294
0.91148863377669
0.455961818369353
0.439236701858596
0.980134547702539
0.61163318441671
0.383624168083051
0.542853816714069
1.14409052400049
0.976846249441817
0.490222367766955
1.04078156103631
1.12647966552967
0.521634705015022
0.448781792906616
0.223315063899379
0.825042062846881
0.545864924806341
0.723758061435257
0.414631366290479
1.96327508757104
0.295393525967363
1.43580501608009
1.61062042623866
1.0013318298964
0.401332825296876
0.39829567002411
1.06599999329493
0.80113021260299
0.592667036447436
1.40108953231296
0.520929915041178
0.991647224798491
1.25694492519673
1.94310695959525
0.546118469843059
1.13384666946654
0.491288626319969
0.805703299257297
1.09661285237401
0.623792839775793
0.996297085211437
0.508618426299999
0.352450138523567
0.64409248068194
1.097843387124
1.76823088886285
0.403055153911297
1.21350917714473
0.981511528481557
0.8879477056912
0.795875653087384
0.668872360555188
0.582566020272037
0.848791083489954
0.52761381743243
0.324654407032824
0.436182927773618
0.478354154515558
0.766913294696776
0.409024759110477
0.421738314589231
1.74237197158279
0.663184587082635
0.500912240823049
1.20933842502169
0.445623163936804
0.803638612557969
1.39862745287547
0.485854128984842
1.29558053019547
0.698031442262103
0.660588893028372
0.527739660593585
0.59481927477113
0.65728633548016
0.599518487974213
0.682822721101398
1.44537049506781
0.981083791937042
0.475516646335125
0.619097594264015
0.452760975823453
0.245041875767168
0.513140131773156
1.39866115845817
0.638530590955146
1.3908150637445
1.19024368955266
1.36371058214432
0.426776828552223
1.59524150272977
2.59013370614668
0.303001631318011
0.635140604938244
0.544428326189517
0.512231164815244
0.320654029886927
0.909374318583872
0.600291989845842
0.580397274355326
0.455496631077292
1.47188505481538
0.967248665422255
1.12243045239174
0.669837331012761
0.367452099338556
0.314536780884549
0.213388917912574
0.825660141635523
0.539061048043135
0.87411004053145
1.30441838570073
0.787837251398083
0.47417964129364
0.7417104804401
0.576988258089921
0.486149818303073
0.528649843953215
1.31489424563757
0.491118476007968
1.07198462809303
0.648104741354257
0.430174205640511
0.81238233175846
1.15578313962633
0.591933850853451
0.687391107087777
1.16965816555509
0.910694730944233
0.679365253694634
0.56626844913096
0.526625711523423
0.388647890623596
0.855917938920061
0.92415334630937
0.925412152260761
0.757756171213658
0.922202135148181
0.795455225894118
0.443486611847661
1.25087794989956
0.667723392201941
0.618358158958973
0.714613445474456
0.559055831550252
0.617266068258501
0.602478727220494
0.715040101110384
1.17787079059103
1.54176430223391
1.03443389781993
0.508483868827655
0.689357048673639
0.516741173569309
1.15614977794932
0.369664683212427
0.37948515005443
0.44596919890167
0.680469315870229
0.64450189080147
0.210049905599866
1.0695328196243
0.938316587163585
0.400936817895442
1.23790782848989
1.84227157278787
0.307205996422875
0.918428011139447
0.519356367385289
0.492571327450592
0.958610779818298
0.428672750403318
0.4159657395401
0.588747535431904
0.470470405935863
0.498559159489492
1.08351246903451
0.918667673337119
0.448220975398012
1.12185649327884
0.391749348668546
0.723379659718581
0.919996335878195
0.795654818898767
0.66783111996735
0.751737873563156
0.878184805197922
0.800893282693429
0.944388854056172
0.547731488635921
0.552906975238719
0.478286571227204
1.03358722482929
0.664790434495584
0.949014796631681
0.335881922687504
0.957661161372207
0.519325649680444
0.561052025293579
0.691093629835863
0.528309404815344
0.681477560925877
1.15553757960215
0.617687806790175
0.43233892461739
0.818477475708946
0.49404636708086
0.411810348929447
0.93678626628947
1.16811868992275
0.514807530678097
0.420594659466854
0.442016223416852
0.477816183482644
0.725907633024903
0.417032310084842
0.525998896013503
0.573900209468452
0.509606461927874
0.481210287492804
0.656030988915901
0.546319812473022
0.604780732713165
0.515312887823655
0.685352398685682
0.759892635015617
0.727043477848543
0.617336023494583
0.766738412310676
0.379409245028657
1.06206281515261
1.61822592764797
0.708374469946177
0.761968720603104
1.61686775901366
0.420926979973563
0.400836652621478
0.937998817728785
0.47995327617776
0.701763676862391
0.469970450048863
1.12889650397678
0.293375707189854
0.434447960509168
0.732842975090829
0.438702860957463
0.631418728603798
0.733710500791771
0.818293239199961
0.814862204405313
0.328007111800791
0.352799129402404
0.428652001132546
0.617590037711469
0.468723290187672
0.645195650180573
0.501627121827191
0.481801466751696
1.49978726426875
0.304789887003814
0.84291959785033
0.606221855159891
0.803961576258395
1.3705296904757
0.603247459592375
0.616441162832778
0.987017284673094
0.613779857097642
0.359066754299467
0.598372445796729
0.872747650413656
0.538027902588694
0.712455930719644
0.861870891691321
0.591879728377879
2.1798054516617
3.25328494015531
0.791436826953616
0.463000875983408
1.71280296628457
0.666943137078207
0.604919378002395
0.295502005483742
0.40927931814202
1.13588315602563
0.629838862023021
1.25246012152238
0.70567537869046
0.754890761742805
1.01012656969549
0.838820840521744
0.192671705903683
0.973123541194372
0.365821230025539
0.458804618931039
0.317349180136957
0.403323584624824
0.628346096180116
0.702445706303206
0.795033826133572
0.527155935246901
1.1894853025575
0.518435426403234
0.990927123834079
0.65976978268503
0.598265804964111
0.647018060979065
0.870265980838213
0.552206624911483
0.938310584361855
0.517173014937098
0.382135915855619
0.670178383911158
0.611151888482307
0.698423542017061
0.484664791425557
1.0775875452632
0.522993533379542
0.858029730634429
0.698236881788516
0.484321420751224
0.40294190915049
0.749054161879787
0.590528027038678
0.915305773301357
0.577735369004091
0.360083938130663
0.527051807493074
0.570356150578787
0.298449245495494
0.748418142185174
0.916766853340799
0.70626662584009
1.34773178581282
0.36512398565392
0.392571204054081
0.60935176524025
0.865121529318172
0.869112953115591
1.21684295472933
0.553853302875982
0.553707168512536
0.441452719085053
0.554951730070249
0.47184470407625
0.818405877840398
1.51093248547547
0.738607842131478
0.486448483298437
1.3632473948141
0.688278671800772
0.457488038865841
1.01479926695142
1.05871441937888
1.51253101296601
0.937521282300713
0.555062224118897
1.09956968672094
0.650617373973782
0.558824246188888
0.410931726474313
0.777238914700213
0.324255332268969
1.06536063275357
0.758499130894006
0.954723359104694
0.535768996165167
0.473542378921836
0.594909243751983
0.849610571278634
0.566499104438366
1.40451644110091
0.570242773443168
0.547452956923557
0.827642256610807
0.483518695695609
1.02659827152572
1.14817150793576
1.53645284137564
0.446300358092044
0.789355538016643
0.868059206035092
1.14164511120085
0.894678345738448
1.26369621987609
0.942481430708931
1.13771249018009
0.689573333313816
0.302113365902231
0.834626815905801
0.787255011468901
0.607928296630632
0.79510434590481
0.841746934480069
0.560921013299119
0.55918048683921
0.962220487029289
0.43422055109357
1.63385523169189
0.487793662256227
0.827855693616861
0.993965116396062
0.918426900579013
0.359900603065122
1.03135959854993
0.73352640630514
0.652944474168435
0.828500445064743
0.393487347487393
1.31382028907073
0.422489605326251
1.16062684548673
0.371698615492766
0.633784176164485
2.0706732783243
0.710842014700813
1.07048085155605
1.40131011896584
1.04274400680204
0.492532264023805
0.537645194156668
0.817779283808949
0.616777359107927
0.383056578529687
0.798681485809844
1.31637603523139
0.872199003590518
0.679979166939435
0.612650804248863
0.912597478579217
0.702732214485034
0.873671122511959
1.04422390825468
0.759053315164112
0.878589207059573
0.519258950719319
1.19910462106659
0.448736959459993
0.522573836003214
0.845034217859064
0.378063009682963
0.812270092332645
0.376918641943531
0.375076859891777
1.44287720861066
0.69135283626969
0.472848781561692
0.820851026631523
1.01530578650037
1.71556076773089
0.767607085832464
0.788441347029959
0.431631473628958
0.573689309215285
0.444173251109601
0.750976829361479
1.34134852495598
0.893561103534217
1.15893915390145
0.684904481712174
0.723109959318865
0.531004855900297
0.843427445075791
0.283260853362071
0.646313178613282
0.330919630459658
0.500673205900576
0.839442812990255
0.672432827514243
0.735754445541384
1.318926648579
0.406358673090756
0.428253263288125
0.50852746762122
0.476404719901461
0.668369652232734
0.7589208579798
0.908608903580208
0.647019805793466
0.74283917414693
0.680032180272266
0.325968580425407
0.624717362872693
0.498458047121349
0.580603556007151
0.413094380082388
0.512017147335456
0.627319830655118
1.08429591057656
0.349347251526618
0.500786487459933
0.765609095657878
0.293735877482572
0.538676983297757
0.458458763757945
0.553765321488922
0.575514064648879
0.34898373399177
1.14587148772417
0.660096831766198
1.72509524137551
0.596947503073901
0.354562541751986
0.789298850341255
1.24137116846971
0.296262785751613
1.16786905839759
0.893308768889295
0.656189400539689
0.990475222056172
0.56281420103305
0.519721941483795
1.57635632861824
0.926058399995749
0.564696842102143
0.669246469874343
0.503288270404579
1.14476659304545
0.7599933191604
0.787330580466955
0.348661561444896
0.526050998988817
0.651643457562257
1.03425871403177
0.936680648138854
0.851556578143557
0.747263499095243
1.23189241840603
0.715248876648492
0.671234248105015
0.518192114917392
0.55420261606703
0.721659176758827
0.80056488699559
1.0038902662497
1.34680102943632
0.961495327656813
1.42308582183953
0.298809350846073
0.347952646864174
0.957749837341818
0.499067959431539
0.390109911617422
1.00222499272579
0.466466421627837
1.02203939272052
0.911696388479094
0.448356453441333
0.9042509818472
1.03737075315233
1.07743798998423
1.38559935716461
0.65361609723246
0.500640907187622
0.891686558283048
0.634504607610553
0.844029107027219
0.378305515534699
1.27327199484214
0.487190217843789
0.805676203139188
0.293898478696599
1.05587994352284
0.539064761037206
1.69320357211706
0.793804279256928
0.576117645790391
0.653320230022153
1.05466727739917
1.00785604913783
0.317522408355021
0.857226938538129
1.00258261720842
0.935527400980971
0.875481203877676
0.954428394255946
0.418225071084673
2.65958913867478
1.02358358952994
0.732218515727203
0.862585433720428
1.00694686945438
0.751991420108019
0.497197851672946
0.342313932070336
0.915849878477267
1.4083531786437
0.491645373394343
0.541162850233871
0.774375651549444
0.720991253017304
0.582145362247733
0.700820374079175
0.486081841180935
0.699276604396877
0.720921119197603
1.26778685311523
0.717354596922037
0.742499261926617
0.665198180794132
0.890894636858002
0.390528048646284
0.788174215236454
0.586727144707471
1.22718118743123
1.08919118084394
1.18504906191301
0.932608619674219
0.8298720846532
0.602297307621813
0.496271721562786
0.730157590941092
0.997052107568701
0.611985291000311
0.876591268568897
0.939382575637236
0.695454591657197
0.992651753965904
1.33313163639415
0.360124639167605
0.557173725931399
0.553221107530786
0.602226161216585
0.709501329102144
0.456982569756383
0.646102221757849
0.564053985269677
0.394874681297895
0.747687078096149
0.355614656258117
1.1066012322863
0.556795072296035
0.824758926314456
0.57876331415769
1.23951762605136
0.721279324180653
0.670056001815895
0.859750703791469
1.19316276724957
1.70832117497024
0.780975521991703
1.4015944529102
1.08079345626397
1.11610618648816
0.619612438070587
0.708030047360053
0.83764333714932
0.493173737115563
0.603739023524517
0.492111859045127
0.383969565743287
0.533544612372171
0.844461680505741
1.69553291947047
0.989005606933893
0.308738956876934
0.88109757173211
0.846235384742331
0.461487181102485
0.673372589107563
0.350145908625399
1.34813862022104
1.64699890481708
0.473992792404489
0.399899138530024
0.627762703378142
0.826358568554714
1.15604129678919
0.405374621823815
0.455484753348929
0.6365373301224
0.479800966231699
0.401665266059257
1.04583282201931
1.64716527516616
0.736409727170545
0.34315431406344
0.699392431102927
0.571943200786544
1.25239488449652
0.634399043537256
0.780901234120384
0.384523931884094
0.732507818342007
2.05719526838863
1.42268254187336
0.619807076055319
0.473584129992376
0.603562471017107
1.04616841039404
0.36360157853619
0.379759591833545
0.616210314007014
0.467615390037226
0.401287306303937
0.482169841430337
1.32711053729343
0.965406317157576
0.19978451216055
1.24086141127075
0.556452320753456
0.576494577448549
0.480283727469462
0.644068340477565
0.76786769890005
0.60709733870751
0.584712534274667
0.395073678338566
0.333200773693456
0.613017785092233
0.666536432542812
0.467504578090271
0.375855761672418
0.548394735944638
0.440699413791617
0.65960840567984
1.04818185455285
0.555480481869528
0.738245360972405
0.468550645644356
0.852688254779124
0.75932219102407
0.787862503759371
0.506518475570231
1.922771561262
0.571204753021261
0.88679113983185
0.575749287176619
0.911104931818391
2.02498337125945
0.962033465122312
1.44135278756275
0.874957368918458
1.40663225466077
0.733237912847748
0.864527979959014
0.87928242353506
0.729253358259335
0.701902963409838
0.569407961131737
0.573982692643398
0.594505158073215
0.969664145043161
0.527940012156143
0.706927258154556
0.353874514406229
1.66196980517308
0.859011195121749
0.992586475987966
1.25438952988198
0.614353365231073
0.761891028942147
0.564468769777844
0.642023118276763
0.782549151294056
1.58725688814199
0.771214619463971
0.477957059761056
0.421126022921942
0.858037988314809
0.475628374528528
0.71547427744679
0.823855950384169
0.829114590323583
0.504535156227644
1.07945155283082
0.680770882133003
0.572132282277345
0.697170899975337
0.720673901127182
0.848837894307249
0.951692149647673
0.762432920400133
0.864008260344878
0.351691678487673
0.923123812856974
0.727182979841466
0.612234534261503
0.361494163656028
1.25091756073933
0.929333122736038
1.64202742401672
1.81574165327568
0.563728928638767
0.817118377671898
0.757526730469267
0.686884918600994
0.40932131322186
0.455081595481874
0.443984983534676
0.360377555278397
1.06948943972239
1.34635690179475
1.07966827727605
0.493049095743057
0.842871115215931
0.614787100069526
0.974973635061735
0.304325564012504
0.45217898862409
1.78759704818415
1.44448188818105
0.718602933647699
0.702962860907748
0.858531122710104
0.771599526679585
0.510316140857219
1.01917531858946
0.693306752108087
0.984538985241976
0.426301583470755
0.892756533313975
1.02966885629987
0.450151982783495
0.403582254217698
0.560898811377957
0.487699976436353
0.356377406821642
1.18616876853276
1.29898732585223
0.402654032144327
0.786840913722954
0.895945383665774
1.06248916563752
0.419116792055654
1.30618471639232
0.772718018140301
0.349429109380208
0.342590419029521
0.676673374149231
0.451173548032212
1.02373657179423
0.450422212784152
0.649465581593752
0.4734100650638
0.729669889588099
0.638902939502085
0.630749475616228
1.25210968298124
0.855901782868555
0.632620062609349
0.634416867194914
1.045786796754
0.397334194713238
0.834516719172321
0.700313015045569
1.36388202024632
0.370236731595771
0.583062312589329
0.431554926910519
0.559656062647302
1.07546040206076
0.882906284234303
0.504827210407001
0.341204292480493
1.37022847719035
1.6963486584988
0.636106769675547
0.547236321650986
0.882566345113616
0.711772561062746
0.392114778342789
1.45864387923116
0.671931156250827
1.05737083671724
0.521475336245106
0.529627689853297
0.920254351091084
0.620716206752752
0.814094948931299
0.710745622782767
0.453467098754701
0.435682613595432
1.27178790300887
1.78636380405429
0.574210549875622
0.890070494821021
0.626057862354424
0.544524865300229
0.389332336053683
0.47283011372886
0.892538297835702
1.24718874552676
0.463081750170988
0.666763539593399
0.958629252971632
0.454602094696086
1.10737775598956
0.318578417392437
0.555579234318751
0.607030735737146
0.377603762944829
0.794639572047662
0.596915309182573
0.619256518323679
0.348626158831526
0.641290054676203
0.401693915272568
1.24489230959853
0.506679471815494
0.729954643907431
0.736937080352962
0.40347826176069
0.512800032543663
0.43440719990224
0.642491978996527
0.69176765404328
0.435738734682146
0.791713449255876
0.905829318687134
0.372020243235618
0.405283348164681
0.611989274562603
0.855683734830203
0.623599986668774
0.633941012897556
0.379557683702703
0.24495164958683
0.710680733989886
0.554124463175065
0.851608344472333
0.806135971482221
0.615852156763717
0.661442811487453
0.379447216283299
0.358654258352814
1.51169524694262
0.922685040909552
0.577966245915383
0.32474108067238
0.568659896958029
0.634396750698089
0.599693249097609
0.620053016523843
1.13545882679213
0.743736115823587
0.79962691185772
0.958750928936837
0.466971330233305
1.22658885761604
1.00045846598111
0.543414205071578
0.49795643174
1.08162831035205
0.269196652432724
0.411249858591072
0.537504798388843
0.553031541500588
0.902212354248747
0.825040219771721
1.14149172035613
0.268899205487194
0.507862128662123
1.23873528409138
0.62613478931078
0.820374003514562
0.732411700016541
0.540553666022764
0.536105178492331
0.879208227238968
0.48051102458614
0.623872459197072
0.674778748481022
0.491052252701594
0.65687946796733
0.911975199599061
0.744257344314802
0.59001395979883
0.590121816394677
1.17507971789278
1.56631213291923
0.777360085162241
0.857934671050335
0.951454802284497
0.722896035367658
0.57285306459057
0.357251345555726
1.24925810898035
1.21824717369419
0.769565865985461
0.409585294965494
0.946347096431308
0.822279710521092
0.556502520162379
0.473990784244022
0.714923951492203
1.45113012188153
0.710023636210755
0.54008859947487
0.762328590305951
0.581829313142056
1.93979778066092
1.66011238029191
0.747023486782818
0.471680585687016
0.758986165437917
0.699032451883617
0.474668845594696
0.958862861555492
0.505564941195639
0.59361942741427
0.741472193371902
0.950422977263095
0.942969653840672
0.370340155979252
0.76475691491112
0.63846471192762
0.974025499368966
0.460035834735645
0.570420837982081
0.526553148625003
0.249113283750486
0.79246141908129
0.554175900889053
0.825239595275169
0.56849412043572
0.74273650446118
1.48451329653439
0.511694539675367
0.13027670289077
0.600383815514965
0.437325996899117
0.58079128005455
0.479611702214815
0.478052472103016
1.07694684733806
0.565263823465614
0.667438030382474
0.329034683023387
1.26509179683317
0.75397952862036
0.712231145660204
2.30656958249273
0.865123649927076
2.80291768065954
2.48447650235372
1.64587505979561
0.505791643966585
0.692608315063695
1.26518449309533
0.71272556728988
1.07874005586408
1.49282978393072
0.875346019081819
0.490106901224561
2.23594206647179
1.66440692901356
2.43184114159904
1.04984532764478
0.336031176508226
0.89929438496251
0.839479353532784
1.22986662323207
0.507096590039735
0.778767499754777
1.53316644351558
0.485337709479806
0.620085197677678
0.904822542385881
1.06873560685488
0.59044336268507
0.763805026951206
1.22085653555112
0.330239715310613
0.47139810514489
0.931762825246965
0.452989247190759
0.612837660598736
0.521447152009856
1.56390567341823
0.458757847828488
0.575505339767771
0.604671537801264
0.522548696807358
0.773094758297209
0.712321696726341
0.968409553504392
0.583957093749888
0.46925333276413
0.59262356206329
1.04417613833554
1.20122468902881
0.580326318386537
0.754295158317131
0.861368800828202
1.712975683432
1.07550328461488
1.65701776363071
0.661139628917553
0.947596515152491
0.729586432347807
1.66284875540181
0.4675294599169
0.522763841984316
0.596318070706942
0.480367610519354
0.691637556936791
0.384739119383542
0.568999267722526
0.558360434610337
0.873577472342089
0.820220305857872
0.99322173648703
0.600852834548088
0.632822174813089
0.75236995731353
0.620520632258448
1.52251470008293
2.03648543430102
1.46402124211925
0.4220750252476
0.566221920716014
0.466519298175546
1.59156945198593
0.867901330962453
0.887026581048567
0.444207300161528
0.815372671069531
0.663261371478253
0.341064604389383
0.756696256878948
0.358865622084068
0.532338979595989
0.692403558995431
0.342400110303667
0.443699973205416
0.515984144582456
1.49535698289907
1.95621041535431
0.733735939247
0.529469153969564
0.451192760370494
0.956563419366043
0.341913002828705
0.613147039322383
0.810552074450946
0.305132511982398
0.817786838620148
0.685932920938358
1.01156455942788
0.676399550574075
0.765604965685003
1.36080011945055
0.773147497541976
0.756864748671045
0.870697360183607
0.926974929901021
0.838275657391648
0.60556956111663
0.980123568638806
0.804206106962358
0.950969756831568
0.41329373610521
0.452502534489413
1.06035753405053
0.580916678224537
0.43361567283254
0.729018276294549
0.807013667445033
0.457327862432977
1.00210561137621
0.399306812944274
0.355173698762755
0.64808200626516
0.686741082793044
0.341365545877033
0.569037591683769
0.494692263923288
0.570833437024199
1.74587221723194
0.960228645012255
0.701097566504184
0.859692041205908
0.526373240427915
1.53571605501407
0.718359593539981
0.820432634285594
0.92404684647807
0.478443357964786
0.571966425965266
0.558107912313001
1.0771125158514
0.696977909592594
0.910370151691343
0.490467382050112
0.684539638245914
0.917957579108031
1.27306148037267
0.923402868678615
0.824998821068645
0.626443053116293
0.447832797011349
0.854256165916961
0.72907524430266
0.882777467057031
0.572633838292244
0.718977812210167
0.580839974182164
0.686447630618028
0.675774142172402
0.953902408792159
0.744914049357586
0.71902997480952
0.735612312830257
0.675658783493725
1.08308564350043
0.79923129645244
0.678407618740659
0.970322738449051
0.942097160295911
0.762051107605599
0.669770734097931
0.343415014358538
0.296274900946078
0.544290535251305
1.02347045353316
1.14334734088236
0.703526307541313
0.448930504954658
0.967856224143806
0.633270711082272
0.467860477719128
0.417485118412118
0.508919649868654
0.675412016327149
0.714270751659625
1.09391991078777
0.307150495265038
1.04705266311701
0.537200993938905
1.12227690808088
0.655926715429918
0.661214430744145
0.397329074957692
0.450681489280361
0.629000230995294
0.945103612868323
0.335077255873207
0.731135966703611
0.509005941885506
1.12109328769204
0.931536197721924
0.784839887585851
0.508021807289175
0.422814064111966
0.933581791915333
0.922727373113011
0.904649092338642
0.260816464702005
0.559709027368819
0.440614503635343
0.69399265059834
0.939021569317631
0.846163406183064
0.787324576847623
0.616992397088011
0.4570706897346
0.394653662073968
0.709157591360839
0.451608109295548
0.947109572291907
0.50733043180238
0.739491321115653
0.68752504864751
0.286279609503234
0.47008560607858
0.395656045921874
0.848882169916441
0.769594281555686
0.336245096670167
0.722837712993733
1.00876510612744
0.360287802957774
0.320811914553774
1.83592623871358
0.929817834863764
1.12462292289675
0.334732747391841
0.70511471907303
2.32849365077685
0.427129904533628
0.447773791679081
0.802960694631959
0.48223363557936
0.627923345689039
0.591746521086693
0.390073108710081
0.843386887582426
0.561542900186873
0.736859601969139
1.07214312223774
0.712368952878671
1.22367815700163
0.458375192213215
1.04409039434534
0.832407734538977
0.18334096148526
1.03060143825787
0.44093724644798
0.733125952058433
0.992362689722625
1.01796385351696
0.539443364731166
0.501172274630821
0.414613550474555
0.649643219541737
0.332010140386322
0.532619952692145
0.755453200226976
1.85001049067075
0.538957418054796
0.946386229294805
0.753431236872457
0.411280184293453
0.548172137531865
0.396906335933695
0.748075771756158
0.686778771298249
0.668815446261241
0.735766965601361
0.909757676895846
1.24870815863924
0.756849989212832
3.39706618549416
0.813981506140836
0.519742698318311
1.18707439493258
0.552237879574577
0.532538626845307
1.34593744122035
1.0476325325055
0.544465442949973
0.373535959515109
0.473938061198366
0.710157244974978
1.01803095166153
1.00323943340659
0.587057558234329
0.855763873371891
0.543030877171929
0.560111251985844
0.678895020387191
1.72080095443832
0.63542197151166
1.4673327662101
1.28857889347957
0.861061833343247
0.748990618255581
1.13229720058743
1.35074706663886
0.591293673554392
2.59565922923638
0.846614667425316
0.626070030516151
0.639687067491471
0.811239869394432
0.553293803045206
0.678669311352628
0.56578324916755
0.630540529176782
0.84239136228032
0.970321648998464
1.06909578553526
0.420593548026716
0.805703694610505
0.740408698837878
1.39743365996766
0.614483610632185
0.508839393577626
0.668347914569011
0.408595585666068
0.780279377480754
1.52608691849945
0.624206096873529
1.82606274741399
0.741520530207551
0.869008578125504
0.71983774223595
0.819206959645973
0.688751602787039
0.773292583428591
0.706543037193012
0.454002116031426
0.573253218879771
0.639395763412077
0.547776195912156
0.765918116481626
0.337610900778406
0.707271249382151
0.858436815652725
0.793127939283272
1.10365857536069
0.466854859519202
0.515684313368405
0.455203596464748
0.475631748868361
0.918599735413974
2.24678333721545
0.357385417904692
0.666845250565181
0.669994797919594
0.523870513746282
0.583039291134633
1.22838483859931
0.827945996065885
1.36197935804698
0.685901499608205
1.01894248990817
0.86576670997559
0.64094550602786
0.676606550213153
0.609552979027271
0.448941472957437
0.965408675715175
1.21747158330676
0.657804040040652
0.81356163019604
0.764121172310087
0.615177994361956
0.689573791011707
0.812029700693329
0.9799667693284
0.763814032371127
0.443352428997371
0.914436024134475
1.02955289152626
0.733188785844154
0.541204966088069
0.92548699497666
0.333751794330747
0.915736439641156
1.29796843179867
0.801323296686102
1.24593233460892
0.714343654800165
0.782484295233337
0.745872557424783
1.08618026414662
0.474857241102839
0.523956741301399
0.809496725656529
0.703567643365376
0.761354863275503
0.482726654821247
0.624500236548639
0.651038505704145
1.49973430315458
0.802182347237577
0.888261123927307
0.623027169619264
0.846195075358591
0.587597251974959
0.56472483486665
0.474962121437531
0.882019201203861
0.419239466074297
0.550111365835498
0.502117153429411
0.793434687930656
0.890014047363098
0.687491952285712
0.701660730334218
0.971372410025453
1.19284984653963
0.462820405397643
0.423801285796254
1.14294119642233
1.53484518883424
0.402791532929016
0.360362070915366
0.572823965547284
0.723856059139409
0.210722026731466
0.783062479784654
0.61603471037446
0.950583947003029
0.551290291753128
1.22670036938328
0.525187561743389
0.946530746072234
0.375736803995392
0.571206801226726
0.950593956455797
1.19573165465596
0.589572544182383
0.562110048317596
0.450474898279258
0.588337166505652
0.585916858034097
0.634775196623605
0.863678993735314
0.478881084104414
0.695970494763419
0.371960166188461
0.490675528437844
1.28904593734536
0.353941712588938
0.527922718451533
0.958178095863324
1.36400587889206
0.97082740942592
0.860365717919351
1.39526406413854
0.652795533861237
0.626652611623574
0.765616396049501
1.40557379298907
0.470869064139792
0.526486428959193
0.628044655341875
0.717693050281453
0.498073716484706
0.439591662211892
0.400265213491564
0.512505758604986
0.452659973330786
0.56026259012267
0.623757297641944
0.632730043324744
0.581022416865026
0.295565081127223
0.423871514485703
0.688568457206355
0.329869456095982
0.445683919675118
0.795583614118282
0.713175374655667
0.555493911926041
0.389482238891599
1.40204245023563
0.642981146741432
0.561375616222559
0.778103504245215
0.742419999058504
0.998165077995335
0.414704250447415
0.477497605731434
1.47282042880719
0.353923769353338
0.648864841665027
0.731900113822751
0.969397172337079
0.845257260261233
0.829841086024134
0.464536815429045
0.944378878374215
0.8683197859137
0.534003314517307
1.04289734727873
0.850102115879495
0.61493708132428
0.80864023706733
0.903003204971096
0.490975034589841
0.66378972772475
1.18372110195729
0.682096533892323
0.795006946079899
0.770848892500246
1.12119075514634
1.05826051417181
0.816235371746984
0.532765238427333
0.652135641955157
0.523664900986469
0.61348981323636
0.989491044063809
0.463460711730992
0.682489767475477
0.616187707694892
0.734263475519354
0.519188495331229
0.585034027168718
0.69471814063937
0.441683247482611
1.0048106522615
1.0625201277051
0.386295967401357
0.430272617376146
0.623137422493205
1.4407522514725
0.668577369674686
0.724631575967861
0.834206027850257
0.427924935578278
0.413384830388964
0.708988100349476
0.369406508567205
0.830827530923002
0.880676659017143
0.968140424831228
0.500264118858424
0.614970370912214
0.602861682779612
0.727172995764013
1.3390622126259
1.11273351654326
0.606953671148157
0.980131761557288
0.593648037472775
0.858065753381318
0.501297376062042
0.528094450229543
0.561425735283707
0.34547194059733
0.368759569699203
0.432398398973609
0.407907483905559
0.623543283799085
0.711143465876408
1.38073068183273
0.308759349775103
0.819042189362083
0.510371290006704
1.60080665679477
0.773537681892679
0.381684774413351
0.468054828024421
0.960557542165713
0.769774250801003
1.09784315541271
2.08497125447382
0.874931853045234
0.786251528509348
0.628117576864872
0.497305066519326
0.535521987269784
0.36893759902335
0.533702667208934
0.542969399084054
0.880512566811941
0.35489577112365
0.573477325046896
0.856644799383785
0.594924863859147
0.62609711480523
0.616491156285687
0.361000702537507
1.2838911472105
0.497756056214129
0.407178567162531
0.725967710465178
0.960924581425225
0.737882943274908
0.778236301364247
0.735287333836184
1.30997435738065
0.58104300701528
0.513384428719863
0.725017705934729
0.959292152517912
1.01501144600416
0.379237594981233
0.429525827048979
0.920400938072455
0.800652756773089
0.580135648532776
