54.8696509275566
45.9642828740417
61.8560542858135
50.172139799675
52.8681232085955
48.7477060692937
53.4770251842412
45.0705640807174
52.1594764271744
57.6081692143711
44.6305025099615
48.6857261530165
50.2794096588875
55.5690669144043
46.6375067707784
45.9955953985067
50.8950159464177
54.6894972969186
54.0710457102635
45.7651350523216
48.9214940624692
64.7249219270757
52.1175307484584
45.6736628049616
45.9300806103329
49.5248935999294
54.0194599526649
45.922432355362
68.4282938936332
52.8197699750729
51.0816740668217
53.2712399275301
52.2917222671698
49.8641719536597
52.3084269525217
51.7176011272621
55.7495831524368
53.161518749618
63.0532351642637
50.5330664662413
52.1126079283762
46.6350363422858
49.1424567750376
52.9329063559516
44.7849158427387
50.7543262426841
50.4219941473473
49.1562921154287
50.7828295133735
45.921167269681
50.2668370690484
48.3556348952547
56.1581523397086
51.5287139912871
56.9085758483921
46.7766715986788
55.7053774657797
50.5833431614885
47.548277701727
47.2848598705361
50.9124912333646
50.4079725732247
52.2196094025411
52.8094433384894
48.6368003595132
47.7794224317231
44.0348176735347
55.8813096699753
56.4452731332601
54.3620544915336
59.3741845259818
64.3256711700038
49.7635567130749
59.2141724081249
44.9960863593396
57.2684183710609
53.7801808608167
51.4858800765356
48.3074416660487
56.4340742529191
47.0497018483093
56.1673359698205
51.7123153279242
49.5669409276521
54.4054414836854
52.0183486421028
52.3788465149087
56.4914395993943
43.9775658714467
50.4704861148168
52.8146027843001
46.2889648833907
45.285537230368
51.49678731632
56.6726725221843
54.7884065741193
51.4222204325773
54.5267327918446
50.7463109412239
46.6682274374267
46.1604640003589
52.2794219548745
54.114643129016
48.0053987948288
48.7056999607493
56.6584693839956
51.3915264394672
47.2597215918611
46.1521298080464
49.4268300635386
46.988422757107
55.9911823352529
49.0197347095887
49.1929983190692
46.9320595012396
53.2354945770213
52.7022926352713
47.682247896484
47.8520073483929
45.085271124163
53.3429622725473
50.4077560512124
48.0844809255772
58.7289022306403
46.7839563592003
50.2900258588563
55.8140338437133
46.5599575304716
52.3558779991705
46.7489832527734
47.6199947000535
45.7114562514588
48.1164116288629
50.8206020481882
46.0771584911527
52.4549804644614
47.7622754349528
45.8368007001361
51.8409215558526
52.9891206529071
47.6086520940592
56.6255529113077
51.6614710766215
47.8317776786357
52.4260856551426
46.460358145812
49.1541502663116
52.5226299137644
51.4914783128416
45.6093360468772
45.017033307491
53.7159592071117
46.4503546082028
56.2597378682298
54.1939572784822
57.2882492304767
53.190440960357
49.758607670947
52.3771800959851
50.9415242072101
49.633454571502
54.9416680351124
59.9482461105294
47.4896082506247
50.2639042838973
53.3760984325886
47.4511359032418
51.0964895769756
48.613949378702
49.4796937233177
53.8488901454186
45.7203227886661
52.8150619482389
45.1280494450462
50.2591144203429
47.7803647849456
48.3106042801367
47.8135502131848
47.4846086030031
51.9349090559439
46.8346909174542
51.0597086889625
52.5735846793834
51.4091641238251
45.9684981540714
51.3505457267627
49.3392670003289
51.7511984233923
46.7576635801236
44.6724225199722
48.4531151510621
49.9728880756705
50.403949906885
47.2241737519567
51.2693704234386
47.5509628552643
55.2803953026566
54.7288739234894
49.2447979100924
47.3369022365411
44.3754688546156
52.4157974106668
48.0184411098745
45.6742464649729
48.7915144874487
52.3709216582643
48.4917996461454
49.2742768942805
46.5866740752145
46.2850384204176
50.7930264767838
47.4271431202058
49.821271268144
53.0556177320296
47.1958208574081
47.4568749331085
47.5290498222935
49.1142336530066
49.7063166722779
47.3998144822029
50.6118623309652
49.3085786985668
57.7572231978997
47.3428773174264
50.2716352732477
48.6319543685332
48.6179850368722
44.9377960375038
47.7069408985718
61.8161057761714
54.6456158290729
47.5903550108988
53.5630669329077
49.0683760380024
46.8366281167543
46.8327391535091
48.8652685701754
57.7316097977377
48.4214460456624
52.7151007107373
54.2194387884721
52.2129677626027
48.7932573548039
47.6134521156855
50.3754184490623
48.9581882785845
50.0668039300508
60.5075604547505
52.1540752929398
53.5074318634644
54.2396305384143
51.9366206838306
61.7003113443271
57.8859660665066
48.4431508945767
51.7715733838603
56.2756492355931
51.5300075116957
51.3754665324913
53.4678878727285
48.8480621482825
51.4915346497339
57.8346226542243
51.1314092603295
58.1585988988336
45.4817076277164
46.1659910696871
53.86678521453
50.9537270914335
52.854656827415
47.8148353285502
53.04869111219
44.406725521604
48.6789433902199
48.7513455772134
47.9290079627835
53.8263248199922
46.6825000993274
50.642606665571
57.8051905724207
44.7082658786594
51.4688425224517
50.3644825520961
53.9951725238225
55.0866239524228
44.6364359876724
53.3911368285324
64.7185497516313
59.3215881607037
48.5855347470968
52.1873060421998
45.977987346246
55.9719300334647
57.872751829996
56.6552821677805
44.5809499282703
51.5400748462369
48.513399125435
47.3919641049863
51.1176160082588
48.7106625565168
51.4670496111738
47.386703706319
50.502052395936
50.6455620164633
49.2050182226405
53.7309132216149
52.3792403563926
61.8972304725623
49.1912109121137
48.8102517663398
47.1692944505343
48.7758283422158
51.8901104924727
49.2380775838628
50.9610159592145
51.6904812342857
45.2377451488241
45.7243223141155
48.4483911926929
63.1838190700352
50.7544926980077
49.3141538545002
53.3740709829167
53.6466550000801
55.2628166336825
47.6471562405434
55.4122720390131
50.1790854087481
56.6743682594958
46.9061237879922
44.8550950095765
51.4492496012103
47.31447454656
52.5660320101464
44.2915301305659
45.6217599474906
52.8611097433257
48.9797403597549
50.5046786962145
48.6330370723878
53.9302571374689
49.5629497067563
55.8916205075074
56.0136211506727
54.1435104790243
52.5649362412804
60.6747073000922
49.5913977678418
46.0434442629295
46.7347364861006
59.0186444097105
48.8084285741695
49.9137210952599
54.7040165081086
50.2319497768203
46.1983367405516
50.0815763603496
47.6748067335066
63.9868636190275
48.5294089251594
69.4871162776567
53.8824688844033
48.2755068994863
44.9939574667105
47.7762663656064
49.0026137536097
43.6543701642897
48.6473105035379
53.7678177149496
45.2769437960197
47.060336084434
47.5212336177597
57.7078977666503
47.8275772224373
45.2189236060933
44.0090179745943
50.4492759598857
46.4600753035852
45.4436284975446
50.6502635218656
50.1066497233656
63.0014806301855
49.3563738001528
56.6420621453486
47.8659742239017
57.3637507988069
48.5869548554086
48.2807205194906
52.8327801089705
50.5451576498127
46.6856456486969
53.0357848449444
55.2941343376785
55.7618931282074
49.8567664387872
46.6098450023232
46.3355338179068
45.3517225136122
51.7032774112642
49.2376281132661
48.4563645605857
47.6858346854551
48.1922093602965
52.6471312028351
50.9200491891172
56.3854812154479
48.0972229359254
49.570088564099
52.2727162664903
46.3159478320388
58.8362009799717
54.5462837735893
58.6595551171149
53.7479070745186
49.5185186232093
49.5578988222726
49.5814554444391
47.3558522759287
46.8883710745364
54.200745725294
50.4085172331049
49.126971276463
52.3334496550172
52.1320596674955
53.8668939023632
45.0051310477618
50.028766138795
48.8663591793244
51.1126219264947
47.2744112743829
60.4684134559307
54.780202485405
48.9918154811723
51.3680155576521
46.2726801964821
48.4461706098792
46.9415402921596
55.180738228715
48.6972182937285
48.8887301536746
49.2347172747186
47.7945943956519
50.1816001840774
51.7286331038199
51.0612121852937
48.0414074707618
47.5659673124829
50.0392479037711
48.4787298767817
50.4679732553492
48.0236433246914
45.6036066860693
50.5447744222836
52.0596659579985
50.4305451740227
48.622735842991
49.1666950066626
56.8344796895851
54.5263104471135
56.9532542580499
52.6214076394625
49.5664382852252
51.8461560019077
52.5716597873807
52.2231950871282
67.8290371275455
46.9224245910387
56.1118197431315
51.8020508762681
46.1642051529586
49.0040403224629
43.9119768772196
61.8415008059225
52.1759314093832
45.453178220234
48.1319238305535
49.0958364047441
55.0654714817843
45.8098898169623
51.2295985888137
46.8057928292875
51.8828673216977
61.7726117416896
50.6804418308494
48.2888387150302
57.9958155243196
54.6558112393264
50.3991224602386
49.8708125314705
62.4896823102082
50.2642044177946
53.666670462477
53.4348691615474
48.1809429223092
56.0079207980876
54.15634731252
53.5124668833064
52.7121424777289
48.9145664512939
50.1610017110807
47.6496643073387
51.3004039493364
49.2383316281924
47.1264981878427
56.6253481283068
44.971869484543
46.9055821808684
47.3945033913918
43.4200293114435
46.1414304253514
52.5907530678156
48.3841713601985
52.1408183693571
48.3802360996878
51.9575450685638
50.9164354556854
56.5332580888827
48.1257738485162
48.0040634061003
49.6740361661482
52.4148032332538
47.0977529154638
47.2561915755831
46.3166982933652
45.4781001839773
52.8072350582863
47.7659870399271
47.9071484575603
53.4219924250923
61.2415876118987
47.6118963312319
45.62429535373
57.0386348088005
50.5314920969469
58.9729783091369
60.7509831348049
52.6357647782649
48.2745411089507
51.116194189253
46.9883314713583
53.9195588344436
52.6836533228426
57.2716262118655
53.8800068925733
44.7366438132021
48.2301276676814
48.4756091670312
46.5277861173772
53.3228735222086
46.6993736914615
46.6183259706298
47.9225156272399
46.4506102694916
48.6556464050372
47.2782267137389
48.9287078481503
45.8591869384111
53.4330905706825
50.4978135774617
45.4916135096953
53.9310550779765
47.5922859012294
48.8827005022443
48.5194150943385
59.8712644668059
58.563794534166
46.3632158557953
52.8907429861285
52.2682444277349
58.2608636263146
62.7874969262619
51.738286979864
61.0016699500354
51.7888122789243
45.9573549164106
60.1793321195317
54.3728165662319
51.0720757278107
47.6474716038052
49.2627791213889
60.0121117253347
50.1535826288948
49.9465355105838
53.4717717702676
52.6922038060784
55.6199402957185
53.3257185613349
54.5978366806747
43.18519446288
54.7968181857067
45.8782437939213
48.3746686672614
47.1210955871129
46.9012701410743
48.7737159286855
48.818673309497
49.4747558785142
54.946925556658
51.699930829843
49.8381755563293
45.3083697621161
57.843708120111
60.5772500086255
47.4212865373205
44.6184083196255
51.6735391167607
52.1167864878012
54.3517541478089
48.6262938782744
57.2412210562604
52.1199257902467
46.6723370149251
46.1322210216887
54.4097236127921
52.2737982447654
47.0609691921102
53.4996670562237
56.6926890166309
42.9847692447644
51.1927678424321
53.0983898972487
49.4935982465612
47.2329401923832
57.5957097099037
51.5183429398532
50.3284800912934
50.8414257371793
46.4309240117259
44.9558292317114
60.4765491120755
51.2934723622147
48.3015737202127
50.1767778573271
60.8445244250335
48.2157585949951
52.8838757385817
56.6757813178472
53.8061395171059
49.823427200079
47.2656637040482
48.0042406435459
51.644306676684
45.6861581687385
50.1993649723469
47.3633004502532
53.3786322509987
51.9095351145159
55.0497194641691
50.5146421291963
51.8026145636109
53.1130272779707
49.9519858780677
58.4875703022914
50.7249252779932
55.5232650168975
49.7488012958517
44.2547404839404
45.7887398346069
48.4915797373352
48.4756430573686
45.5357408778104
52.8703734021375
57.7151323174105
51.7610436203748
54.8308419916629
50.6160135847562
48.1183772589551
54.1515824147052
49.262954431507
62.3976794274403
51.8061849411265
52.7226806899881
49.6490875692523
54.0131879147596
49.9647766024751
46.2869328942512
54.9330130154236
53.570599191378
49.8883181393376
48.0060013746952
54.8207210065625
49.1733031258724
47.7076303225964
55.641598578112
54.279322090384
53.6991723065675
50.7469857542986
44.0833671245141
52.9712104190751
50.5967132693097
57.0292294719088
53.7914197429724
54.1917500100572
59.7473760687435
47.9907363605631
50.602121393384
52.5320233066447
48.3081802043203
50.5781936012209
54.0749271960084
45.3712981509862
51.8966699069735
48.5810635954002
64.2021618730587
53.528486771095
46.1445148991669
50.5235254134251
50.023967403546
50.7100143811425
52.119094883333
59.3392564599763
47.2668025340088
53.441098419811
52.2056158031701
48.5087735861064
49.1071222379923
49.7864992491179
46.509076490087
48.8520282733694
56.6697868067359
46.9558380224125
49.1430694519698
54.5018188939335
59.55291347403
44.1870779700484
52.5353071392694
48.662516440865
62.0664168683536
48.9846612391625
46.4847113407602
49.9098087022739
46.5329143492056
55.2618555256263
53.9648224813039
53.1668069046549
55.9681150245953
48.9016097891654
52.9620668680464
48.2154864466175
57.3331959483958
52.6886283321791
51.2369166335563
55.6364873802107
46.2375539404089
48.2307222990272
48.6384616110079
43.6092942552945
46.8080007957757
51.8050316418691
50.1382114321749
49.7207103028479
52.1919350259937
49.4138564916638
45.6662631250715
42.8644374235338
53.8903477179593
42.8837009454834
55.164370896742
50.9390556268782
49.0035451869348
49.7737457551969
49.1080831600453
45.7915247767233
51.4582714329485
51.0542084900774
62.7132182239321
52.4183987797557
62.0264365153802
53.6771847100033
49.8982762024238
45.9443402482167
50.3096270530919
51.6660550600122
57.7445062998757
54.6201031112692
49.2715017683697
49.5942177602461
50.080698235758
50.8321941710429
53.0591667463986
49.2566708351717
47.045138315079
52.092493959395
49.4218566899417
48.7959484154029
45.5706758864582
55.8181724811572
50.4524152505285
48.1439111361692
54.5901410400369
47.1601031820057
46.1143683054996
56.7759061816312
47.4238923602484
67.6450670426457
51.3152890008232
51.9992389218919
64.5883272150321
52.8256296008625
58.5846863482034
50.4717865329142
59.1160269396653
56.6033306970607
44.8826868297194
53.047226546569
47.3549902265712
47.8985841805648
46.3345781966821
57.3200036857894
47.3485209100834
50.5262389630454
48.7258821577601
61.4146846022127
51.4659073826597
56.12619695216
49.5523356488742
45.4803824097915
50.9210776250714
45.8941745899618
51.6005587910977
49.098984766224
50.9788392906316
62.3027491265285
53.0472219272672
49.0913771149166
47.9845124700798
50.3506272159234
54.2012964658906
47.0692055525921
47.4150978402048
55.4166386999408
50.116442381226
52.8327888069195
49.8149080989624
46.8983703638055
47.4610861083705
48.5872748259926
52.3229185602711
64.5578705112347
46.0123722476861
54.20758739276
53.9219599907303
52.471951779297
50.7884870229917
48.4002932124706
51.135668820719
46.2667652810336
52.8171799365947
54.7992778645298
50.3734186052411
53.8285056169121
54.1000823737968
50.3950667050481
48.2874079982136
51.6445496407672
48.3464806980789
46.5396581680182
55.1209577353982
48.8234149534695
44.8986606111932
53.2474093838574
50.9420092621027
53.047596102913
51.5536402953684
45.3639331649617
47.1994312052747
59.261827647449
52.1932456658813
49.7535521229609
51.9525997434882
54.8586133604938
46.2979705562784
49.9863446497006
53.2451341169084
46.546503959374
42.6861596996542
58.7016294065242
47.5831216233419
49.4288189672541
56.4891459091323
54.3843231137931
49.3404149015444
58.874711948524
47.3497277375356
45.5729659342247
55.4595508755631
44.3015659687918
43.7629711872036
49.9416047228953
49.1472605896527
47.1383002033214
50.5660028836268
53.6593316400896
53.1217854088973
46.7981117952108
47.9842570102435
46.2878065099112
45.2085314711232
54.6665186613484
54.6115545023678
48.9578687038731
53.5488378886085
52.1428627490845
45.2010770831046
49.4424163619742
51.4280813111962
48.1574615004456
51.4052159897974
46.2244894021048
53.1009970817965
48.43360295834
51.910137619707
51.986210461864
43.7624936101472
66.1938016928936
49.2615143518617
50.8104504963198
55.0863599511474
53.4921470386491
52.839704411802
48.0205289685847
45.0474321324879
50.0371029537993
52.0230481042749
48.4210091309141
49.200974146059
48.8541169764385
45.3090502556348
57.28019163325
45.1650021892367
63.1853184735668
44.6846799700216
50.0187161107078
48.8244913292859
52.0586076298675
51.775470371802
49.5841236462385
48.3667079479137
52.1462479080331
49.84717174434
52.3495618725928
60.3479696869499
48.4835713073211
46.6034032401113
50.7060187677418
44.0953918096544
53.3697168760161
48.1069721888828
48.4159710034361
54.4424517285862
48.0070591944389
52.2209768964987
50.2869986893335
46.307875939772
48.8181692460798
51.8108480960955
50.4286625782582
46.2365450722566
47.6803430981279
46.5876080855981
49.0477566992342
55.1818028612206
48.3440582075348
63.4949341915041
53.2968442031018
46.4285064080381
50.189065597258
50.0744518763557
46.8359428015027
45.2977033437075
49.1538645814561
59.425400665213
48.5447889187796
57.5695823332136
49.8207868417092
58.9864875117286
50.6140705228016
51.0352160460438
49.4658736173678
50.030324118754
54.8504721792007
42.8452993610857
47.1197624815947
55.6858935130882
55.3517936571769
49.0126402340602
54.1116023974946
46.6688408595164
52.0481975413022
53.7374301745172
47.7030819911803
53.4529598977387
47.6201863361689
49.9916147311627
48.0647193201373
51.9692370175985
49.1874403317966
56.2589960873116
49.4147632188039
49.3413057284986
51.1999712066185
58.9481413463619
51.903633777221
47.9054161153565
50.8083381199918
54.3500432079404
46.3509369632904
47.6538420750259
46.9363115836355
53.6146841121105
48.9450319912221
50.7083512611272
52.8797896198744
50.279405867102
47.5973978283207
53.0036310668363
50.6897214617144
53.5220134239754
56.9573276944497
48.1693846747799
44.4373174938376
48.1976738748018
52.8688886872869
58.5731770548889
51.8750727389888
52.219903160174
50.3729350557741
51.2285004398865
47.328586837795
47.0803251360746
49.5017115510223
49.2885857701886
48.4549160281425
48.0079597179388
44.7863578971869
48.3269894231931
52.0629592988714
54.9632443019029
56.0929777673085
52.6715191001168
52.1178889379141
47.6882891687211
54.6431272648258
55.7198726681127
49.2955082269149
51.6518438755855
47.5320329560123
50.5760611627064
47.6908173353092
51.5477717335631
52.6962598450038
48.852102422818
55.3260050859699
51.7216518695912
53.9417466407153
53.4511520080028
48.6043000925774
43.6978218284261
49.1708396861926
50.580421996558
51.5609941434297
61.7111269954783
46.0439579422814
53.1594667673638
47.9942597018647
47.3286994576585
47.8760701740001
52.6858768718194
51.2276186092643
52.3882960034804
46.3833018539055
54.8496731068304
53.8028757088663
45.9823913691637
50.673447349575
49.4162175531407
48.9590630470284
48.5371530373524
54.5826627734938
49.8499595740816
43.8868626085621
49.2448568720453
49.7220788958327
47.8145826093622
48.5326532066725
52.7141342909507
44.4290612372028
49.5946051679502
46.1295048688458
50.0464593966929
47.9832808327918
48.412252957284
51.4085141715035
52.7589253239972
54.9290314500444
50.6965483551121
49.9791715704902
47.0562927796839
59.9310757937605
54.008284323409
45.6185719598207
48.2588373820472
52.3045184898061
48.3262309930061
49.848076332241
55.8127589907721
47.6554433580968
49.3235825980844
47.2906884360328
52.8557392172852
59.7567649017647
49.9126651629536
49.5985376323743
54.5411665718462
48.3103724463993
50.7589197509543
62.5302685612748
49.1439878565074
44.011882165011
48.1148158986337
59.2344526381384
51.1502202844356
50.7158403587819
57.8744555093364
53.9821070028037
48.1618622537337
46.2984935300246
55.0350995763965
46.67803855824
50.3146136355874
43.5132030945725
44.7684281543987
45.9356116560224
53.299554477164
52.7764555696338
47.2710194971801
46.2045308698549
46.3142650293642
56.5600284782657
43.2505623654542
48.6528364317568
52.7074492971128
49.1849357455355
46.5972413931303
55.2407404208658
60.0355487717529
49.9092349512213
49.7097951943181
56.1357684093604
42.8837309298841
45.2414360085693
48.3786853923744
50.9360115596663
52.0653418419177
55.3461007250637
52.4671953559131
53.6295504542779
48.4573768213413
51.9854106121055
49.6156615007465
47.3818936126713
46.8555655214814
49.3527941411537
45.5195886771486
46.3659017174483
65.6899584230194
45.5256557635281
56.3291014159965
48.0061813023518
55.8867178505131
56.3155926467835
55.7182770075119
53.956081785529
49.940204932056
54.2825927416588
55.510282858005
49.3742673638947
55.3391378016616
54.4398969761652
56.4690842011828
53.3144299433876
49.4715509089294
51.2734171879237
50.703191850475
43.5671437339564
47.4492782814396
67.4561451374263
49.8400220068906
61.2686759511571
65.1417281028986
46.6577445684295
61.8421654835459
56.4014951104253
43.6396033469037
48.7502166888725
56.994977326524
55.531389797082
54.1825731294911
45.9286774246746
46.4108710028312
53.9674376497994
56.349097109256
55.6192749810772
46.0505338116391
56.7660441901802
50.2161092682125
50.4892200594962
45.7458559851081
48.7890247048116
45.3388962673636
53.7980901491201
49.4143752636895
52.0003830672472
59.6983586914244
51.7683954956897
50.506099837839
52.1257694240799
55.8397295096641
50.7847781903945
49.4003685228485
49.6648443602524
46.9956991009365
48.1169834978807
51.0384128679652
45.7051664962914
45.2318877565983
48.8140204739667
50.2752253266819
50.9244146258211
55.7170057089353
42.6778583758214
58.4104365436912
47.7129053009137
54.2805332224194
54.7026453828658
55.0208198715613
61.2825478136335
51.1190404218488
55.9021068299739
49.5981002232663
45.7701719786903
50.0813275633506
50.5789813431395
57.3301750015824
44.7052305548514
45.3674489139271
49.4289536437719
44.0384184820256
53.0044717432671
44.9952598505849
53.8304142837389
51.9167584934558
49.2816342386639
48.9837068233959
50.1202220391589
51.0809697815076
45.0498184342767
51.15428894862
51.463155461417
49.5627037555189
52.2105310267683
49.374463443269
48.0229176520903
50.9072093682093
48.3492675029661
48.2662540677565
59.8055784281333
59.9650570456264
56.6503841290251
47.6009547280291
47.1167916245767
46.1684512631222
45.480226828205
49.8252958972306
63.8756028528239
61.6825333945931
42.3782102366212
46.8815013709677
56.8860437332382
49.6930169545574
56.8114058452245
49.0531119614158
49.2443326850932
49.3048244880493
47.8991850144892
54.339838342671
46.0450257938998
48.3681486309507
50.1816866096402
52.856500661613
61.0089169445543
48.4387658248921
50.7189131992248
46.4066942242791
45.0748209570874
54.9437517821186
47.8617232269042
56.0826357780053
51.1274167766373
59.2826486479479
50.3634472650782
47.6284601543226
48.9786551653322
51.7170187744654
50.4418654437612
46.5355789767488
51.9359623031146
53.0343464445204
55.1132952405349
48.6740590515208
49.3782561070964
45.5272848866647
46.1465188226317
51.3834119895656
49.7217410500246
55.8844686810749
50.8978114274586
51.3345915111976
48.4178640519339
49.2237429503393
52.3033829439917
53.4451430467567
54.4101695229508
51.7773919799956
51.4490773620049
45.0443211789087
47.1808149150212
45.6463802938324
53.0577458285205
51.0761087030266
53.1928822472246
55.3419547598931
45.442167102445
58.5158492607507
47.4352593090843
52.3907836234263
44.0009413754419
53.5349857534183
47.3124879701118
51.1926017382678
50.1754863633852
58.9602935237105
49.1118239004338
46.7361207157344
46.7378254457804
51.2115752500595
50.2033604492317
48.1943897862369
47.469143922188
47.0959855075253
47.7305630510522
46.119270828954
47.6247587785208
54.9021409379332
58.5377246206122
51.5120056925815
52.9890234326817
58.1345649497927
54.0138419055176
50.9101382677205
46.7730044055001
49.8452993034818
47.4111867245985
55.7916314943452
51.0100095314224
46.8536082126476
47.8947096104202
60.4434206370788
43.0361465234811
56.2066773586886
59.148941872339
49.1983699935651
50.2874706329647
50.4562347455119
42.6300370791577
49.5414022391928
50.1760327074423
52.2538683737919
44.5092299278981
49.4580574522151
50.9016885063731
48.8716216040573
52.8268088589812
46.6438523180718
46.7550583061636
61.4772157095425
50.6708863680426
50.7271358157912
53.5803850894422
52.0232794035176
59.1079725343783
44.5548670185945
57.7517444628845
50.6510637536368
51.0293996695052
56.2808176757349
53.8804331949048
47.7260327385965
46.3848575643545
48.0222982112845
50.7515325875116
47.6854135059982
50.2801663437926
48.0944092854483
47.1984754816909
50.1344250257906
60.7781712946627
49.9440276347381
54.8007785236052
49.9937242281465
51.6513428290988
50.5070951458368
51.7955215389551
50.7322265177783
53.2989442480523
45.5911258527248
55.3892124195794
49.2629453690786
56.6571399897228
52.4804898659688
59.4323601842938
49.6750946500633
51.2940567195486
54.8861173367505
46.2118616948408
49.6411474865676
49.7654626012893
47.3385147893655
56.6817968227203
52.1679100476056
58.3147120312216
46.9218808887479
49.1572801973317
51.5557283898089
53.065168117456
51.7967481995862
47.6766352751325
48.7765768745031
56.0649059431169
47.9366415491751
45.9587295114011
62.4316603475871
56.9033347733311
48.8898517558833
51.6086615084825
48.3366921705567
48.7995282587575
53.7521404408013
48.0114268773195
59.6210280051374
53.1124419971811
46.0369758880735
47.804604470684
49.580679158851
51.4713499664709
58.3925600323743
45.5480942693408
52.9761175527882
47.7273766939311
47.3234240444237
50.9998632174838
50.1000836521518
45.794008141452
48.5641663162863
45.1767129977035
51.3326188297234
53.3320525057187
52.4781443363553
50.9236150347678
54.1740980881319
54.3347701200879
53.1050902047866
49.5778223923144
47.5336066766013
54.9922642733232
54.2421201133491
48.2030965699917
53.3808490232106
49.6797378648437
48.7507541634071
46.6194560355274
43.260108267261
55.4529383729123
47.6677600404134
51.6299209719966
50.7724197066831
48.7499022203619
48.2368875817592
50.4211289913629
58.5185001477498
46.8426304200032
45.6975442752777
51.5514166084633
48.2564875857781
47.7494116959236
57.7537439184975
42.3926935681172
52.6563199370121
50.455134174314
51.2608426093099
54.7469058732951
54.2592077676894
48.6792889929397
48.6634674960086
58.4140401930521
49.4806599301478
45.7017203098832
47.1633283742764
57.6401034981636
48.1064966142689
59.8235821511365
51.6980109832983
45.4153038398267
52.7977141238088
47.5025639721736
45.6626438411474
54.4989487776857
48.4419013232562
59.692715391045
49.8786291999003
53.1586052915762
49.5533320985995
47.4443190044605
53.8181320180847
49.9856425547564
49.7675695751421
55.5959869894079
48.6856080837928
50.3062962952802
48.5204771419015
55.4630272124326
47.8327743438388
48.3348232661634
53.390179096633
48.0169625764307
46.3659341244943
47.7288005156674
48.4735273153042
54.5823725545418
48.8630331783356
48.7874444020181
51.0846215920354
53.3868802646809
47.4069000538548
49.7173908651454
49.0128120657367
47.4312865527197
51.712756533085
48.6261866776686
50.3738066000582
46.3330818140797
51.2744870061003
47.9701933400185
48.1487750655334
48.9937853915498
58.0924751749217
48.5982597108768
48.5805087163869
43.1889048862425
46.4430422385826
44.7133947709078
43.5198357793586
46.0776168997579
50.8320547564342
50.640955960048
48.8888909200009
48.1756694009041
51.4423830398372
49.2446200636683
54.6259894373677
53.0447401867119
51.6524154454704
48.8286234451845
50.8710445555222
46.1717302295859
59.1846881496599
52.9336719030751
55.5558462545574
48.1314331972329
48.2643350388845
45.1629427276348
44.8601945137235
47.5867863772864
47.345316267499
47.4608755918198
43.8338675155414
59.3768464097706
53.6357019879418
57.7288177448793
52.0123633890979
48.7593803780489
49.0215433573453
47.200113102985
49.3162371611395
46.5357410209834
51.1188566930084
48.4719547009316
50.4385087105243
54.6256605042355
52.5251742260063
53.5316554000332
50.3763216319723
52.2802896030164
54.3254029122651
44.7334122743311
55.9462255301802
55.4071884185721
51.8675293981292
52.0435317920653
55.8428406931251
50.198425126894
48.0579540794243
53.198316778362
49.8944030538719
49.0291431023612
50.6097930453949
50.3829010244945
51.6387591595472
46.8457123172504
49.1861514038898
50.6030045719893
50.2707873863567
44.7433701601782
53.377736922245
46.4224113712682
49.7957957109497
52.2639067869285
56.5887573099579
46.947348431372
48.4865911510392
51.1293213222922
48.3911679426697
45.865938030713
50.2943110156825
53.4962211877459
52.5672006127677
52.1093473118791
51.5896697038069
46.3698276253516
60.7070051500829
48.4935520935316
56.8159981137991
52.5823630876387
51.2091064454122
47.512942898961
47.2720723551602
60.9213059738243
48.7546009042264
49.5369552783827
68.0094478560396
46.4768766566372
53.4554511795931
54.8960618358618
47.0167211674693
50.8058323384759
48.3267993586094
53.0845384623844
50.6658726537224
54.1670410006997
49.73768711169
46.3228772876047
56.9490180115945
55.6053720618364
49.4198377577416
54.1423232146051
46.998361313319
45.7789131798401
51.381353057827
50.4102566319179
51.3456452294673
55.5146099014528
50.3002967173072
45.2646463607895
47.3394593517832
49.1567028344935
50.1600373056025
52.5716553002649
53.9748543729531
47.269740845985
46.9781687460125
58.2784199503331
51.736616451853
58.2944312066892
52.5065261291051
50.7167490823683
53.980419785079
44.1530135370764
54.5485696430158
54.6916718570182
49.8541086653753
52.0707167834293
59.3384531385537
52.6497575487443
51.2808965239178
46.1229158886161
51.8792155178428
42.4885695628772
48.4315402264453
50.9805013071171
54.9179541780411
46.8366920857388
48.638133123917
48.6722564565475
50.3253274641642
50.2258455213674
47.9185211723069
55.0261701702708
47.7838660238832
52.1487074311296
58.8722512003114
45.5773160842642
50.7478926053843
49.9414906606794
49.2058437073878
52.4430819550796
56.5587785861104
50.5556844193029
50.3907631429882
44.7136291710712
50.4133240689765
48.0913650563032
54.0813981519079
54.1249627378024
48.0582695494487
46.3138775574521
53.1470844562479
52.6680230876202
50.0246429054789
51.166227061132
55.9067624459408
54.8329548460426
53.5043270959964
47.5311131124216
56.6286567468411
53.1101488542654
52.066274346945
47.9977005758399
47.3959325078006
66.8531026026577
53.9259795920826
47.8009051245086
48.2091298707135
46.1066358790488
64.1548558693304
50.0256096590633
57.2685564882125
50.0675619272898
51.3368117240915
49.6677806519758
46.1126350447521
50.4141855200484
46.8596983246046
49.3903347566133
50.2054690440241
50.0784630428115
50.5973247274093
56.808242048433
53.0460205017945
49.2556640907893
46.4772876453583
56.1972180489346
48.0289123749349
49.9198145146766
52.5997165491775
56.9718796007035
51.232453668465
48.9225494658659
48.0478764155635
52.1406527535702
48.5446341537931
51.408999899789
60.616643139968
53.8184926046743
45.559307283523
46.7153627314037
50.1434889976122
50.7269580908066
50.473987271454
56.3725323218991
51.2944018220124
46.201219878669
53.1363490378452
50.3719576922514
53.7590267542162
49.8217875182732
46.9356890687508
51.7863617880085
50.3690629290617
48.7487239017913
47.9015011886668
50.1163584710253
48.3277835159678
45.0744995721746
47.1215844754892
52.7267265941224
48.6099822003368
50.861995383137
55.2165317919713
50.2176480735426
56.0993912173211
52.5378906871338
58.3063625436244
53.5248164975553
49.3246141976516
48.8503554913982
55.6013342726453
49.8066113007688
51.8099710138864
53.2676020795254
49.0670335090965
47.8764532066076
51.0711488570649
54.0237735694004
42.7387522600703
54.6341673438999
54.7824847889217
66.6203649123549
50.5385220014572
53.8754506313688
47.8986072539473
48.9591038415973
56.3657200636196
52.2134011456467
45.4295173888615
64.2646167994211
52.0725605412576
63.944864825595
55.5973978418505
50.1417607351551
62.2838916528435
47.7887895990262
55.726282316372
45.1231593349026
50.9123490188262
51.4591015094031
47.1295255940652
47.5553812016119
59.6356979989165
55.5353694554803
50.7232797963735
46.6088109704607
51.1004700780678
45.5184433631112
53.8407679269574
50.2008030613696
52.140147401373
51.2856595382286
53.9030682767865
46.099973908643
46.2733367241489
56.5875456904861
48.045338292021
50.4466978378018
51.9865549629945
46.2034347208538
60.2683172505352
43.5117662632247
49.2615102491062
50.5543099617088
48.5720622292841
57.0023872460669
56.3063975921953
49.877700867891
53.3726471397502
50.4061234839331
56.5170021286735
46.6972174224448
52.0356676758678
50.983577378676
58.7777113938234
51.2824428714972
49.0140691703026
54.3135901920199
51.0181736009721
57.7230936952093
48.2384388807351
47.6500076539664
56.9926950051404
48.1146310008087
48.5624151203229
53.6474347077454
48.8148165221313
55.5461405576158
44.3759522625672
53.9697887500357
49.2561249957349
51.1404622152093
51.6162775572491
48.4756486415167
45.6327628998654
47.7630541470196
48.1149130064817
45.4863755947131
57.7549873087947
44.5195608901741
49.3198711257426
47.0395858175558
50.2545182292812
45.5598382242031
50.3840894979857
46.0489699466823
47.7329486828105
50.6998931881401
51.8189522777992
50.4491125793789
59.0416958239108
49.1244713486964
49.0579552933385
48.6458174578468
47.901518231753
59.7362104614496
52.1170641026249
46.9504722021704
52.620949562691
57.9976213773647
44.1567144243576
53.6467307542588
51.3007491763659
47.1513126634584
53.7305012322927
49.5187495544931
55.3110934940869
51.2390242976913
50.8558682418431
48.7890208240589
52.3711658410079
52.3539576603877
44.1128176753552
56.8550559857899
55.3697831772191
55.9927494450835
54.5570524616363
49.1607169896871
49.9304570563454
53.5942380572418
48.0323196324944
51.2874799786555
48.9668127712312
50.9125280480662
57.1467540139373
50.657745090661
55.9221233098847
52.8601543483057
53.8296092610372
44.8013725174149
57.3370045560392
50.6392109158802
51.5445265251373
45.9417779766674
48.4481532134479
51.0112872672295
53.8042198655642
50.2254826961237
51.2843930550768
50.4219285772271
55.8525545481936
44.1983476089409
49.8455895262644
48.2491988588887
54.5434552535446
49.3880530337004
56.0231758280941
49.8658061532855
61.4860283505831
50.0494734038894
51.8407157105295
49.1556430316264
48.4323979935078
50.5725358722823
47.1491085255946
45.0819216819937
57.9482055081901
48.7011285892591
50.6264361183476
56.0241484038737
55.5649730942561
44.9265880108714
48.1799083146801
47.6377857725417
51.149249340604
46.6964915548077
57.1153791642335
54.5200816865901
50.9607529578914
55.4849437252474
52.2966774608529
45.0011534041001
47.8016865606937
48.0603073839109
50.2805187247806
52.7424027713342
56.4033120493495
57.1762488525015
47.3871658066651
49.1285235973214
53.4581117350662
50.3354033764648
51.3267325332312
56.97045835763
44.4207848959466
49.7305269108094
50.7267895341585
47.4099819302749
54.9525198953874
55.0664295246773
54.0020656784391
44.4443537490612
50.8726670801187
54.9701857118263
43.6445438026867
57.251192537945
64.4382603135202
61.7915374318678
49.4386322909879
67.1143722649063
48.7621738407483
48.4432952669028
50.9369307228495
44.4421189020658
48.0950476810819
64.173480399932
44.5016187079911
52.956878190336
56.7996152355951
52.747127090527
51.4286056693042
52.6642679800126
49.2607884147558
44.3307941834474
45.9486767000843
49.7523577310388
46.8150496133019
46.3432693709432
46.3162442665744
50.3258408913694
47.2350058006747
51.7373376125802
45.8254116841827
48.7860510902163
49.7146687742355
48.8782452213863
44.37685321783
44.9749956279462
48.3241727156174
47.4707185029525
45.0465243405761
50.3738023145344
53.9455407008476
47.4007177564485
49.2025937690125
45.6114539160531
53.665853329729
49.0578541530297
48.2270166018028
47.4558733088512
49.6673649110794
50.1710912578275
54.4551906744034
48.1478655499996
48.3023737049042
54.7349182284868
54.6270126730025
53.9006432513329
46.5447124682065
48.8007675653944
45.5316885115374
53.4366653160664
47.0726075455009
49.6879417234031
48.9049011559574
48.967034171603
49.8416328931092
49.171793382845
50.7472335423442
59.2560728091437
51.6618435489073
52.5660439813912
46.2057312814723
49.3990468362986
47.1112803711504
59.244412654514
48.1185845466822
45.6679142350307
48.1209767606409
47.5884550900831
50.7912238754991
49.4176171599378
45.6778922835229
46.4551086710076
52.8355447288584
52.2222348344241
45.5264448153351
46.8762142663437
45.5896584961008
52.267690382156
49.3606658515655
56.8617382746495
52.2155495470343
59.9768597268222
53.0216709663835
51.2814253102146
54.5207851279618
45.9656094120251
48.1533245547974
45.927450217076
48.7836213542348
44.8442652840293
47.129533658951
45.4506592813328
49.8518664684353
49.8810484036272
57.9218156816238
46.9234327030454
48.6458185397547
48.4227839257717
46.5345596554529
44.9400330201705
47.9658692208511
51.3461811769077
48.1833225404377
42.9353599029709
57.3103032015697
47.4250151271594
44.3206013959844
57.7667868706869
52.9316527187053
47.2752557963744
51.925934259333
57.7045429707243
45.8960562836107
51.0660456037358
47.2555532016619
50.8778745754186
48.3411626917189
48.880500182536
54.1429531870646
49.8839525390331
56.2783912251445
52.5442844463207
56.9189075280914
52.2150386413427
54.8451249846917
51.8451475153058
48.6322291198627
47.5207320444469
45.3777229527937
45.6566782633378
52.8558049394387
52.7546347069297
53.7550610974703
44.6458567159122
50.9840572072224
50.1196648137913
53.2482447384501
47.1642889575917
44.648799326777
46.1275642696925
57.851014833853
58.6401197057269
56.2597813231113
63.9489052435171
52.2808999206262
48.031542687917
49.9350900446143
53.5979885479778
50.1567648658767
48.5501862021184
46.0419276006314
51.7200558680816
55.9532819582381
54.4147698307085
55.4731703254923
47.2334231321889
56.4814698255314
59.2868598301544
55.3895768551676
50.0345556235569
51.6695510902955
70.0298701644766
47.7398211031523
54.7138420053595
53.5588803462146
45.7066910259636
50.0430323079446
58.8003028691431
54.0482120046995
51.0868173132012
60.585440828896
49.788436098395
49.9469481799278
54.3395076956499
50.5296640716517
42.3683690103598
45.3637844188558
48.365998237072
52.9356725435193
45.6116164634246
50.5317227336926
53.1538877722921
64.4981650221621
47.7608158005561
51.2152342343003
46.9108216564294
48.8503467915406
62.6464928499744
47.9417084367043
49.1788880078814
49.4867702064516
47.5774687374688
49.0850748265157
50.2039829258815
47.7021131709536
56.5074146335717
47.0043950838412
48.2216651876262
46.7415465748068
59.9532091619755
53.4807650291409
48.9660920030398
47.9933710255432
56.2552251855131
47.0238060441925
48.9726056714443
51.4829977665543
49.9259537820317
49.1811459211373
47.0310866910147
57.4044057084296
46.2618014477854
51.7887342919678
47.3977681627991
55.6155373596251
54.1892143142494
52.4971690609375
49.9086895324963
48.9465388366368
50.9287176054499
56.4772670972685
52.5063525413513
48.8819447997122
45.2822357950073
49.8507311556918
46.8230034325144
55.3369689209886
48.2205395881491
48.4538560545034
53.5705287581405
46.9039054378993
46.574641060633
54.6000115849194
47.9271903580572
51.6212674738522
48.7629148815595
54.2436581930537
48.5926845398245
50.1488178781172
50.1690910177149
45.9553322177383
45.3673085464501
54.3119026139922
58.4935794150319
46.0381771153356
50.4027977309357
45.3515361316611
49.5208725830535
57.2047401421153
53.6447974691754
59.9119362206546
49.8147686979233
51.0476327502324
46.9952326605472
56.3722691312298
52.2439388621183
44.2865925042066
53.321945651455
47.6028936667872
59.2809065637599
48.2051168377502
52.6659060858832
58.3146736717321
54.1832832572094
51.2655956399425
47.3612086230373
50.8863202136948
47.3022302721219
51.9722535448222
54.8652268612853
52.3688477007335
42.8293155096023
46.6630344679809
45.5215647647544
50.8283237708538
47.0731818553634
44.9454574061403
58.9346388394876
47.454206052325
51.0882154455921
47.1628650789138
53.5208152230089
51.315382720333
48.3791384704942
47.3820439987376
54.667097080899
55.3790499836836
52.2610661563614
51.906264411303
47.8229163391481
46.0693521204597
53.2106036447102
62.810507834528
44.6801994723785
50.1266312648568
47.8531762814269
53.353498973372
49.6657637882251
54.5085629066077
51.9818906246378
49.8876182094839
48.7975346401231
45.1447888982478
55.505742229076
44.2763761561536
46.8411549896336
49.2171077835461
54.1567033724608
55.6556836666435
52.1052257225854
48.4991946525215
49.1914082213474
52.5298209962314
53.6288740045952
50.9074148961031
58.6502541438825
56.1534599779547
46.9775435194624
47.3581537186546
53.9096834064506
53.2539642718995
50.4170084710922
52.8395443287863
48.1123127228229
53.3891999935091
44.7850811020265
51.3566650118939
48.0044416219376
51.4100388038741
49.4132614019374
48.8491401476092
59.0924685827684
53.6623518231286
59.8175609945284
63.2640643284871
57.6014222422876
47.7884581182796
47.7066805294834
43.8245212589035
48.7316712520012
49.0022238100311
51.479780339238
52.2013211678976
51.9173835382959
50.3560120424236
50.2785301190074
46.1753338302273
57.1666909148675
50.1156876677417
51.3939458703359
52.1509326091271
44.745369604468
54.4489174151896
58.3541404024917
51.8028154741132
48.2895939302057
51.0432522590616
53.2314287391839
47.7582955447097
66.8052757093285
47.0349345097631
51.8284524965716
56.2365486817033
46.2217505983058
50.3329906340078
45.341707600658
53.3540334408937
56.2319695804288
50.9426239016309
50.2148049099748
49.9240951387326
56.8648518933206
49.677733191877
47.9561255780382
49.7001708610032
50.8977258831155
51.3333952885304
54.4968555443373
66.4973536540333
46.8283748778222
55.125347172783
48.4749904031407
45.6839111003624
56.4096680468807
52.1648799797686
52.0955063985485
53.4023668140196
50.0921821029669
56.1799748990519
52.6605088282346
48.1185012140901
56.5127428211602
51.3064484856963
52.2946381161474
50.4921588663959
50.0419526534827
56.8725953705197
48.7100095132219
47.3101156171874
52.9339375538662
56.5495023707699
51.6997349083125
53.1226627893345
60.3536607319372
53.6281808146159
46.5776927240377
46.5064254892417
51.8959499970129
46.0875447500942
54.3135705015785
48.4480582416763
56.6741983363633
71.0950181365989
47.7731418457695
50.879431380649
47.204806311506
60.3085259075373
51.6175193098543
53.567650237262
44.6251106695735
51.2095101559175
55.7005787390338
58.2598861385558
45.8522555471518
50.6020483539009
51.7272679368321
48.2621843711429
52.5257360057493
45.6269726258409
43.6550530277385
48.9930244888532
50.7205114175798
45.3257404931623
56.0421221589494
48.7950189187145
51.5368694663171
51.091523802035
51.2049249192648
48.2454767448413
66.3867915472362
46.7534384776373
49.8901778821147
49.104773635377
51.4405024398664
54.4927316952791
52.2464566851282
47.0397459931821
51.5345991273043
50.4690695662862
54.2871509681144
49.5419093803965
50.3598306828544
49.0638880503831
52.3395355664229
50.811575228559
56.1426401425173
48.4175237989186
45.325823978702
50.4183459009422
63.482522300494
48.2566866962403
49.178621361578
46.5636596555974
50.9333167297801
60.0034432554811
52.6373475318116
48.0946850502119
47.8126970779802
51.550952714906
49.6478373133928
54.9865850138255
47.7288090556369
50.4355440033412
48.103724851708
46.1062004647137
44.1887621846791
49.989155810497
53.3673813557405
58.680353562074
52.6573679695694
47.5713352442387
55.5839153616642
50.2884501522494
44.188259988022
44.9051548284573
48.9081013279495
49.7329241911687
48.2474330090236
50.4689115332043
58.3576669013111
46.9421744701911
53.4766859564822
48.5700889336599
47.4705765936298
48.490768416276
51.6688474963753
60.4262162907936
62.3848937158772
49.2495973376816
49.4922273825628
44.8024541960024
51.5545427708931
53.0439788709395
56.8782606677819
56.5976805081865
49.5405171638596
48.5660997052877
52.3152808042213
51.004373239003
44.4281350183348
51.1782554226759
58.120653320924
53.5745884765397
47.1798053287968
46.4571849850602
53.1326795903471
46.0113483331451
47.6048202973993
53.0100369375661
48.8628681204552
49.8192528261482
53.3652438806308
49.0497646967604
48.7546112030999
51.0678305534219
48.5667811298778
44.5955082793907
48.1942231092522
48.4249773462697
59.4280249504423
53.4224214401684
54.4150296256353
51.7637401252515
51.2875616432791
52.8869408822165
46.5163078212632
49.002531788348
56.2927298336186
52.5391824572952
50.5402313473406
51.468406000801
46.8216611253083
47.0413188128372
52.8170426141297
53.3704339126671
47.6316996623119
51.9724218835981
57.0460067788155
50.3932961996037
51.5754968650365
64.5829325306835
47.4610463192753
55.9489972669868
50.2675403433034
52.2301348074038
50.7548160479639
51.7156204108899
52.5073335562932
52.197963464653
62.7748441818893
51.5310201149656
50.992332827905
47.1330309129761
51.6977692433313
54.9025594910645
44.3043388462538
53.6954607521156
44.087636673041
46.3649095752437
56.9215716493163
49.4267034057904
49.6653134349137
55.6968061675781
47.8814466224374
51.6044327433813
54.8251288983392
59.1141423391619
47.75077985563
46.2040775268502
50.5610513614047
59.5700647119583
49.944144710153
53.446547390515
46.8862534453051
45.8066861990802
56.5247790000505
50.4037934533227
50.337565565262
48.4011859252952
48.0312704011643
47.6882449103502
48.2393736771606
49.395345849004
52.8048196061104
43.2667443553052
55.0078955708558
50.3225062745989
59.3030668593335
48.8758078926235
53.3357401901515
52.6778058395765
49.8716521545603
53.3652456595264
49.8149533045141
48.2746891214925
46.4776440370239
53.613615788212
48.025525854416
50.5540074535188
48.0008992494366
48.1813323392993
49.8248145030904
49.3762504622791
47.015552998257
53.7245946638357
50.1287024265529
53.7587933304029
45.8633063968508
49.373363136186
47.6195861037105
49.189197655518
52.7517983732978
46.4496596360051
50.380595225864
51.64588937431
49.0991475454074
46.9477896499389
55.5231893688438
53.331319769358
50.8536254343051
51.7979010942973
48.2561157934105
54.476204814878
44.8894421269516
48.8098177355794
54.3560986729743
46.8964747685722
55.4724847090644
48.405969120618
51.7532926586384
48.1864167431763
53.6636393143278
46.3985050895069
45.9342077066298
51.5244826042824
47.7080792020054
51.0047302627174
50.5983703897089
45.2152987661619
47.2490483700369
52.0105775310966
54.2013266635315
44.6707699240993
54.4140001717624
46.599504954459
49.6218993739517
49.4588406585055
53.3286821717088
52.2530975910766
51.4422071203926
56.0705837273181
47.1571362927811
53.3571289404064
47.2433170261874
50.8461982391901
68.9911724578746
54.88909400554
48.3855367460808
53.7147013498311
45.929880559226
45.3776555446072
51.6827719392915
47.8787418623605
53.645846896248
47.5319633753838
49.6183157002697
65.0615084190921
53.7566584734827
64.66637990625
60.7381153966867
47.2815374230416
47.9437892895249
48.4189520146734
51.3551407677204
46.8079029611431
54.5168147870055
50.0017274579463
48.8689057925391
60.6088346138661
60.908057467581
47.2100276559627
49.2866064297125
51.5452313670907
54.114292322369
52.6121111791192
59.2114165763248
58.9105413554308
49.7860491551437
69.3448093319839
54.3058251442206
45.7549895478826
51.70678814225
49.4847292826794
46.2374802970442
51.1812363995933
52.0057038838695
50.8034859436161
45.6038821406078
48.9131283409862
43.5479686645024
56.5356398745557
46.7218892923421
58.3691262031149
44.5740585025224
49.1106462566962
60.5101796452252
47.2496739179429
49.4850860215636
43.4224904516584
57.2715263793528
50.5913560373383
46.2780554438966
49.2379226927914
51.7031405994529
51.7614390433309
47.8807844304122
49.0082905090223
43.0068575329805
46.3161584257682
49.5450802664721
48.618372447686
52.3093028666112
64.1784019245609
56.0764097955139
48.6918735348476
55.9375385067344
52.7611087641094
46.8917108974965
49.4897782840356
56.4808278859469
47.6144871890447
55.3758060983377
50.2585685476024
45.3152991615838
64.0529612869142
49.3516578312535
48.5597206357924
50.20091292823
47.5230552881285
48.2140619488796
51.1141807276958
48.2745649820188
52.2239225383212
55.5652741653922
49.2891540606318
45.5419367415548
59.037343530299
51.063001665508
44.9629761002106
61.0264595885189
53.9919198741643
56.1961487176234
53.9165872460761
46.5603082748755
44.6781669157564
51.2263462436984
59.471079019003
49.3992591821248
52.316387664433
42.7186415902553
55.7278052954406
55.8087260787792
48.6216424677733
54.2093833833776
50.1964225023636
46.0089775609517
47.8787778089449
60.6355115001587
55.5470016572989
52.1005222298488
60.3450179727924
46.8177789705014
63.2241570243867
45.4032342036743
52.708367741781
52.0085112837339
48.0813137255992
51.582272206732
47.4138538378717
53.0305787279388
47.2251858810246
48.3767299570025
45.4077769230631
48.9258943234531
46.6078617055422
50.4255313817725
47.4851939151823
44.541704707592
54.0399718268779
51.9117178738067
48.993597627404
50.0789530952974
62.4138562359321
53.4835060035525
46.2113105236928
59.5522792132684
47.2173320274804
49.9800851758952
52.5537041284495
51.0874025044975
51.6372152245326
46.4763465667192
45.2014130197259
54.0293779983897
49.4288200875493
46.2977533636963
49.0214313341978
53.1957526196473
46.3392552776964
52.3726063952805
55.5717826906863
43.2208940715632
48.7837952327943
51.118216877173
54.5208984196638
58.3456594371677
50.8893097002131
50.4244765515034
47.5308389917101
53.4571297374412
55.8897612375125
47.4221489765109
61.2904824813572
43.6565798687903
56.8194647093148
65.5699510883752
45.9384577649335
46.4709661630584
51.9549016761679
43.4061975583586
50.6331932685493
47.9394220221022
49.3645697440861
46.0423009741036
50.138681945456
52.1037096656153
47.9055232242584
48.0083902011078
52.7598353107485
51.8362189241194
48.6206474316119
51.7132261091255
51.0774814097738
50.9948304327609
52.4726950738015
46.2422644393595
48.9425338465171
44.7950724188334
54.5125784213364
51.6723296683456
52.8088122570727
50.9485391395462
46.3134670209603
56.0306716538779
56.7600136563057
47.9474141912381
57.4076214845816
67.9329076582517
50.4704330025071
56.3550572234695
53.7318355313041
51.8782467895927
47.5920192916307
45.654733497807
56.063130217204
54.3677752806821
56.8122072305008
59.527370247612
53.8907249097072
46.3886331514136
61.794565017784
51.7778210544465
48.8550870743228
49.8159421327274
54.2372284930063
51.3739420544141
50.9626222206005
56.5546420595036
57.0183589133229
52.6275731202766
45.1931251815073
51.1836272221494
51.2827668335521
48.9653842139782
50.3890007923684
47.92488241606
54.2961849479298
52.3807235517979
52.4750193647117
48.1468673378496
51.2878104588844
56.4003420412615
58.9470781312007
46.3804443773571
50.4947613129356
55.5683468555096
48.9570185039394
52.6021746958506
48.4127406486765
44.8342188725617
46.9616661677607
48.6427660706237
47.4352139179279
50.008247545206
49.986609386751
58.129405332891
55.8990004145901
45.1622778493118
44.9982304286522
58.7234362315226
46.8920558878027
47.0196830537651
47.2322896644066
46.6995208521125
50.5318276356809
45.7110546735018
49.6850856895918
57.2843941887142
43.8065746685937
45.1587010856648
49.5792817980083
48.993537272455
53.7023527874865
51.2272024922332
50.6984866415914
55.4438784240951
44.8713277386576
46.9534862944932
50.8314687104173
52.0997488123246
47.7252530596773
53.6201524802587
47.2090667691755
52.2977996648204
49.3682052269494
51.2774560787777
49.5515230480923
50.7855807788432
53.7376551535553
45.9099950262325
48.82656132041
52.6662219821937
49.8877714945003
53.4878442203382
46.764231224019
61.1590295732563
56.3749085633415
50.1971221710874
45.7622024447526
52.5168427261499
53.213742709322
51.6227959320448
49.1237069056904
46.2318352956322
52.3223512908713
49.2022563823409
48.3381198976334
50.4268138728515
52.4355573725302
50.6660165921879
55.7343771419428
50.9184118440052
47.8980099354009
45.8408162556649
62.5876895664633
45.7810923207286
55.1993025115308
57.2579684945056
53.4919612778826
56.2575240717852
49.6494859632488
52.4270726690152
