0.52567854187561
0.450329128579817
0.570479658159162
0.405689588590297
0.442887271779588
0.757670641306181
0.478003045097311
0.892488945943451
0.755516475598737
0.894962693409071
0.512320375090438
0.973295600334663
0.963629173628348
0.47691528151467
0.442844640776664
0.620559858558287
0.905082425577513
0.520636292032737
0.87483471866053
1.06019399150488
0.840688833359655
0.52126472673736
0.928467162502719
1.05937575100717
0.720678657670614
0.725969941331822
1.08826743171677
0.833394325036107
0.354881104274163
0.719885147100893
0.792661988879583
0.310316535848573
0.363058520642158
1.20322871842452
0.551814850771862
0.704120127165132
0.501720932477912
0.792491362007804
0.903606249215691
0.809326049535879
0.70742789526281
0.938902981863777
0.55631745350608
0.702129822689682
0.736532119973485
0.866248087451941
0.45504945606508
0.659274599736776
0.183235952085179
0.86022603659641
0.949818401965814
0.414800874334629
0.79724462164922
0.515528087326304
0.599482942574089
0.664303202658773
0.599370359499881
0.847210613890242
0.716182983050045
0.755073543246576
0.444433282819708
1.31254366562119
0.51168982931186
1.33121743552026
0.307077645464387
0.686407598628796
0.996550418825699
0.439560150439712
1.16330702114906
1.55004970735819
1.37381135475207
0.358872973847955
0.497309973729874
2.28064666024237
1.15497238962734
0.596981408582261
0.622692155224207
1.33414164376604
0.298400942188627
0.942910289783998
1.27718968208105
0.689420145127715
0.831131048352692
0.594698377214103
0.428471865659741
1.4285460957354
0.985833453545348
0.809909333031558
0.606900254230067
0.371427342798619
0.655992682216907
0.633932866395797
0.72534276486616
0.851814835929993
1.23183093116241
0.387075564334986
1.06701485035403
0.692536854575032
0.349014659070477
0.695910708067051
0.365718551443436
0.787321619020616
0.657704314117094
0.982410095271283
0.757358593917081
1.03569851207612
1.00313149519244
1.58559675817716
0.701236455545762
1.24019097292672
0.560480923729509
0.514313493011104
0.970518493676636
0.809836001705041
0.764761394425015
0.562631433984058
0.758243673852922
0.326192144867828
0.50339790171965
1.25205084898283
0.626041109617347
0.719998738296667
0.635994888231795
0.86156568755686
0.310731396960785
0.645760227194205
0.711463508779548
0.619109094297552
0.687998590070278
0.434126022009189
1.00636385644126
0.507206631301418
0.50759273853129
0.406999958337893
0.381740288890983
1.10716846331218
0.864657093803391
0.806961800721327
0.504111984259692
1.49912450458188
0.446263011429782
0.579896216104567
0.642943070838031
1.21617561036157
0.802912756937199
0.735062647298997
0.715376314785343
0.381827571803107
1.0343838975273
0.46676594109546
0.575275751467498
1.21607863150529
0.473006105953726
0.312161383252135
0.564702912610354
1.24257282921777
0.445196077779215
0.407830681174342
1.02041312784825
1.38672598542529
0.548865485657518
0.369950831512877
0.794570429949529
0.922455643344731
1.26422928295333
0.681609010665893
1.21394818993165
1.06562257671175
0.549361603276776
0.607515781729453
0.320045385794756
0.378792262682182
1.00520654807312
2.26503775037024
0.396721448979202
0.785537256199238
0.611962621858296
1.17284528301353
0.867225052399417
0.856169527985014
0.730041616718625
0.675061644805546
1.0984227370777
0.143918509504079
0.557731608448911
0.462983253206168
1.16852399537003
2.68085929275858
1.83183664951826
0.432905396839851
0.307218567019091
0.532552152056653
0.486348198767041
1.1079770676549
0.446538463919333
0.841014591035868
0.717670504682893
0.864640905860359
0.584102930580201
0.509368983815858
0.831578047743571
0.476527332321395
1.27845525608291
0.728332558322708
0.62288755004131
0.90218997492036
0.483270702483991
1.44269934711243
0.783119539404167
1.29068288576589
0.759923914216775
1.47228854455202
0.823641529238263
0.491935018123041
0.41271810286108
0.447176475850276
0.814338910964692
1.88704322256731
0.775162384031073
0.537401940354657
0.696460971241289
1.17686928288995
0.857503129408682
0.579015924574115
0.539598976558012
0.869159913359413
0.470954605181337
0.603774740336054
0.857534534996767
0.683415107973608
0.484706769069241
0.305408780953374
1.08707767789111
0.459356965344131
0.963926086925967
0.471992214143226
0.322140282126009
0.831996385454001
0.530634056698568
0.489750112832243
0.297932734011675
0.628490575756633
0.34485455667641
1.89284922300811
0.685037271273109
0.60213769090726
0.91300413854538
1.09736478010617
0.939462433211793
0.597682735695324
0.506043056518141
1.38018837224477
2.46127902713403
0.853858190650746
1.03479411554086
0.727091603933522
0.646098872310227
0.621319614759944
0.584805141774943
0.337915527338263
0.785663031387666
0.314486483200896
0.470472457955947
0.410709272099679
0.70484496806577
0.359981890953192
0.776233036817724
0.581344465371573
0.326881154678615
0.450769714444264
0.579101385566784
0.587135399192796
0.758467177738082
0.514973700998448
0.781982866304424
1.03503969966211
0.72601581078229
0.623652410374979
1.12595547175271
0.754872452296115
0.45855472897293
0.623478850203035
0.496824275422941
1.66831451703295
1.70020921902577
1.34070702661162
0.942607318192699
0.719850461028696
0.226206369364933
0.318319624130554
0.555709061315486
0.671138646596032
0.571769366176055
1.24678125004161
1.05507901842106
0.618798382899051
0.620062583403627
0.380294089214802
0.381367466716624
0.757424667989427
1.26327486170776
0.637273063382459
0.742434410484301
1.67799726455745
0.928607935702948
0.53515263812828
1.23421667157202
0.365718034633324
0.628966175477315
0.888525191013007
1.44764292411271
0.707711524479364
1.01268258379179
0.6847101214007
0.600644673767265
0.701274363092225
0.616848239671408
0.782183925588409
0.700547877667058
0.525794199706161
0.603556713859447
0.560564475720206
0.788970730475219
0.721671535645478
1.52197789861371
0.763213883447052
0.833015431703093
0.828273112101579
0.393805166863621
0.793958715444251
0.640858974339865
0.657632181903825
1.02276602364642
0.317723004064102
0.572839260789306
0.773941232937565
0.791786359026802
0.743720880111725
0.85233492395276
0.659951184253551
0.221828005271734
1.26047725419012
1.07778187745882
0.680891320354006
0.631291256499479
0.279423818938461
0.855204634558565
0.592214138290395
0.360009604740543
0.317759782229291
0.710170151155141
0.653993714786503
0.453810884916754
0.528529863429434
0.715202045446797
0.799550260165361
0.612380383546021
0.374472819706825
0.519774167996052
0.98081696880377
1.09377261828722
1.25697805306891
0.838037682222621
0.485194202416304
1.39970363131793
0.761161459065145
0.762114769240146
0.308620472517118
1.06663728266254
0.887299629947361
0.837471081203086
0.56290193542577
0.355242674489491
0.629812282978543
0.579233926866012
0.93497569951377
0.550363391014938
0.896790102279963
0.692791951771318
0.528539551707814
1.63191494763026
1.05357632224918
0.67796143887037
0.345110939334386
0.604448731981897
0.269445327870097
0.523313802140075
1.00566027843271
0.996786200450098
0.804151607769554
0.672014325782197
0.27049785424999
1.01300912142589
0.778511827524147
0.640098475168772
0.809854697208961
0.759346502265966
1.11719692221755
1.37392364958491
0.212022601153841
0.610459755990175
0.697872817292696
1.5752955780725
1.18616821726569
0.678399293322606
1.02407388388163
0.535861407414583
0.545714207453923
0.636502908250086
0.881794246562246
1.70031616940346
1.2181112453532
0.459349297550326
1.04868824681361
0.92344551264821
0.775344986077751
0.801936095313185
0.573775474737706
0.892680739158785
0.390470908486626
0.41734875074903
0.491614939821209
0.547981011064104
0.32518840569459
2.10227639908558
1.06454783184286
0.346205663629382
0.75324316936644
0.489094979465234
0.290393720808882
0.592117322121611
0.653412450985219
0.783134890131565
0.680535426243137
0.657833756305692
1.13779267285626
0.936041762226961
1.32129481078318
0.598264098107801
0.637976460101334
0.677628531313041
0.606378092345853
0.45949985683669
0.778900087024604
0.843995225507476
0.84970405219064
0.78614722295325
0.570591314928632
0.309129770628273
0.931390532337635
1.07705764249819
0.765715680431603
0.714924779833151
0.613643597620539
0.542266636615619
0.786017181821582
0.776192905616118
0.513720583652568
0.848338712374248
0.314089345360746
0.727604561738455
0.783783998699848
0.134113606266438
0.694286636360857
0.419991897457427
1.16818397127363
0.675297785711665
0.675753105854356
0.751052669508236
0.487050610101623
0.473349293467905
0.603101314828557
0.272869400958097
0.838184314285184
0.93071023941436
0.64581860362866
0.780649052083266
0.590999476412243
1.01140644540527
0.883039309873403
0.534413194967446
0.533039649611208
0.883308397309518
0.763353478712432
1.40792700655702
0.369481363258946
0.560600464814525
0.606730134700738
1.07615558467479
1.05404819280433
0.437728860091002
0.640357835595938
0.433043816623415
0.554842044676634
0.770203830197084
0.498492345669713
0.858648243842574
0.772153619425347
0.734585895639099
0.465291318038998
1.17734922273268
0.78533937407916
0.6602277014907
0.776678398715507
0.46346883513117
0.445461551667432
0.436541883815569
0.958399130768843
0.834413912531452
0.620507391226386
0.644667947785984
0.376285625967543
1.04929810691706
0.921675112610276
0.579274538977951
0.506663647681388
0.472897392859633
0.260130463542444
0.602427924526445
3.15333788899222
0.869608602794252
0.817308009568585
0.411553779284236
0.677543204209889
0.484499133959128
0.223251737417665
0.363872228648562
1.82737334733268
0.493283581933082
0.801413588572585
0.462863643322006
0.839895187499367
0.666838220426125
0.643621511625615
1.04095449059554
0.566828990035131
0.328538345100983
0.912696568122441
0.977057164245444
1.05926714992696
0.798184215445378
0.697320952028502
0.5705947847207
0.652246214358114
0.817236981859474
0.928155645526719
0.758633476785622
0.473654969487079
0.969780228698513
1.15404190006426
0.550719539446029
1.76496032340071
0.685074533861862
0.407094403460127
0.88640551573629
0.467596081803021
0.49329725943229
0.646831330292514
0.774723542812395
0.837144892031512
0.518841595096255
0.805220900058552
0.751298402455105
1.48756436791538
0.290527316505479
0.652667682503076
0.634459841016759
0.62936020917962
0.730917766004839
0.836988109404103
0.749527734358976
1.18391745148564
0.461561403617226
0.866521747017525
2.47511355853441
0.667312932198295
0.776164399949392
0.764180531842972
0.907180617848421
0.547484520543874
0.759007736508066
0.319709627005904
0.850020892733449
0.622457316704576
0.755486639593774
1.1466517928266
0.780349323096109
0.4510967936901
0.582263457269131
1.32015228354911
0.859517098432076
0.60506568641481
1.1713567730887
1.41570468516831
0.849896275842708
0.581974914283306
0.986731697868607
0.732326640819607
0.657091081424293
0.554110862498482
0.588391161005849
1.52505940835598
0.593716070201786
0.447396397855462
0.775286429563648
0.860588859535545
0.456157430780878
0.994249015910494
0.466352692653154
0.795753170489056
0.450239560703572
0.578257885893868
0.43758155776762
0.512532238274388
0.508581697098409
0.744408822445193
0.603091359012318
0.573642938450172
0.485672268503447
0.278127689352336
0.692984189561155
0.401340767017589
0.692036602507986
1.83874512118538
0.354125247266014
0.901069902799958
0.650149658190498
0.814025055233968
0.548777241246604
0.662269456228211
0.741351347985219
0.396001813887282
0.40391399695316
0.278597855372711
0.595860863425336
0.530554945428822
0.903736192098185
0.628238387257362
0.60295678292712
0.978641170861535
0.975914349241628
0.825594089350431
0.555234204902517
0.755261306467776
1.77163877037717
0.651545416681581
1.02121204016617
0.730554103983523
0.84342788471412
0.731389577120763
0.749568566348918
0.35215727792316
0.554608811737795
0.445930664820707
0.458589143781192
1.0128732406006
0.847262874771206
1.61703657446567
0.352450621787365
0.21257987234358
1.15230416509559
2.00479723047289
0.725479884037541
0.543700833896683
0.819859857036616
1.0214375719329
0.724940821730103
0.273787038241896
1.87181740976028
0.513657742954423
1.2740394247224
0.579939684713121
0.504800776225199
2.52805260799745
0.363218828836417
0.962981158416675
1.03541901523696
2.099769179662
0.345498425194307
0.740614978731862
0.60303064225049
0.62434857591396
0.764899956530114
0.361327697981526
0.661885766046419
0.697202473520642
0.428916267906269
0.617727066440521
1.26189401509725
0.229947281214418
0.548413767640593
0.92037436103469
0.300526895215399
2.45034921181846
0.818515158338213
0.634280872044029
0.711456234954437
0.440215369242293
0.842550782624899
0.28444492067979
1.08783064551659
0.40228792733149
0.954330517009261
0.668358894776133
0.848247791856892
0.46580966111286
0.966938605331414
0.511577001709705
0.656259963980368
0.41324745023373
1.24455669672882
0.409465147331775
0.579868610858848
0.242712652019378
0.707061751165489
0.526200000841687
1.14823135979655
0.583442849942262
0.473093598456089
0.943384659460246
1.57162761444781
0.373566751190687
0.821535688116074
0.54770633999335
0.708963272147373
0.785767319542315
0.476110778040732
1.62835925058661
1.59289071978769
0.792933993411948
0.525000455691008
0.490160566065434
0.209699984846262
0.456467777763373
0.745810742640859
0.520821567535924
0.973809221040748
0.462533189379521
0.543624534050888
1.02931318621235
0.685772970899419
0.648172232251957
0.447057797343376
0.463456317657885
1.50083869989543
0.302697260186107
0.585687220336674
0.776510308896434
1.03800951479408
0.523869725543424
0.902898795063674
0.457336941408209
0.616243598246112
0.534601459470537
0.770215822668313
0.688315496651295
0.776106078057467
1.32851966999569
0.580408123303501
1.19644362910394
1.01801219846023
1.32362523619517
0.87452078928523
0.633104802975425
0.722646661599968
0.347744631586924
1.52455108016409
1.01046401205719
1.02171901260037
1.9081238007138
0.53345290728789
0.704653934753004
1.46012205693594
1.04913797040883
0.506515666865741
1.22420718702612
1.33550990644978
1.07172673772116
0.336484111128214
0.584690744777699
0.586890073046019
0.665652448442653
1.30730212230513
0.569842493951716
1.08616919387425
0.679725630729995
1.09108083901156
0.798623581252483
2.13459930459841
1.95824735371129
0.62997403450648
0.477635026085133
1.08749684745608
1.10546547630312
0.980872806177595
1.06793358793977
0.472023997141937
1.00899331646101
0.895353869348196
0.489987901467138
0.627884097334969
0.988822716975309
0.53059944590562
0.420617434552542
0.628466488444537
0.910948600254123
1.64321777942676
0.637721362913082
0.649735899226806
1.15243713466565
0.692677782918624
0.833568853549186
0.580976771797602
0.837837060094839
1.01536170680727
0.794849535017156
0.388548291049416
0.975003692584682
0.490973832729533
0.915389208138093
0.269115889372633
0.676192484546214
0.494728655778331
0.594321739383531
0.670332715527429
0.436764277431598
0.956230999229561
1.20035353472619
0.645363495920646
0.300315445670125
0.709982173314975
0.639132993436117
0.751411387422086
0.452301889868243
0.652341861798014
0.90229744022421
1.12496206653207
1.08415760867659
1.13853708922576
0.403801733247289
0.798953964500793
1.29176588516811
0.771673264447486
0.377605433385197
0.923417897366019
0.906352551827889
0.700939623620766
1.41806149698755
0.622411487104245
0.550852245623197
0.560913435167815
0.505256670433305
0.261311781374002
0.717566402694566
0.588503462899116
0.594185177432695
0.57596029663847
0.740486366964649
1.20643761131771
1.16786136826698
0.891397430131132
1.67446056847854
0.492294054583944
1.10196474173955
1.17311306168597
0.522333852421764
1.05562692090012
1.04589599673954
1.05623527314883
0.579158088188594
0.359167895595026
0.459154075114735
0.412613893864539
1.01319941582818
0.414502357429953
0.547203769887634
0.999380078185249
1.53263438948747
0.977278388411178
0.526994038781645
1.31696447019055
0.933729961041801
0.979867503277754
0.418731870349225
0.814561897267905
0.674413518108271
0.682112625671987
0.584045539581915
1.34690662068956
0.522748023599999
0.815103730571531
1.03995859555197
0.765882882957319
0.584523970759916
0.769397973032107
0.72795028621356
1.44926777584702
0.585615619008866
0.397843820551426
0.78635988886499
0.467162582828945
1.70489025607572
0.605390692262092
0.59278496210115
0.680945947280354
1.4018544564051
0.823478335177272
0.588690980905424
0.470086636836809
0.535393796157209
0.439759087013208
0.611393621278945
0.790247754160275
0.672605114793557
1.02961995573509
0.539958525883477
0.766408372082527
0.548957312701069
0.703728558429894
0.921870839171272
0.502473563518214
1.47459950881123
0.568073907460872
0.469709899770653
0.639123413569339
0.611043627027332
0.530790060504297
0.648276672064534
0.735266099191027
1.1080697699475
1.17118646218653
0.677745284008826
0.713376334948862
0.595200010098988
0.50709977478437
0.701034409326844
0.971151560550378
0.802286186999461
0.973032803620799
0.530593808839057
0.960691145244752
0.997186520296019
0.367794620875729
1.15942300048764
0.80691007776085
0.327546323522015
0.821522927402106
1.38237551566286
0.672290328003162
0.541446775477975
0.410819800446383
0.920120263571334
0.559244500380852
0.649676100353641
0.497387845348569
0.538662737176967
0.41179216326829
0.882495049296321
0.480793700615426
0.553482837428744
0.836545772820604
0.397941091274882
0.881079985806703
0.580362330529667
0.685300326620434
0.843945526478697
1.45008268160476
0.613333467288838
0.902497686368417
0.749560011966321
0.719361668830146
0.730024577138988
0.616200087408652
0.964876148239904
0.535709668981576
0.392614884785894
0.982372858231559
0.796441569805544
0.540116235877967
0.886404383127894
1.35962193492036
1.23466513809544
0.74875960622532
0.951298674153889
0.505499045850797
0.900644876796198
0.845439134061658
0.628273970700237
0.459998509736223
1.08911588732524
0.788542540302175
0.585606690371432
1.35913338742192
0.98458191509269
1.05182046295603
0.292692082641942
0.492318642253136
0.875312884961073
0.638308334993423
0.919940569223685
1.06128293835339
0.811021774902237
1.25657801117519
0.963770453257223
0.454636312380292
0.858780854660602
0.593030238425817
0.351622894433397
0.384376822655258
0.722388952730284
0.441856097847894
0.585798421457887
0.563139798710564
0.738614743080711
0.611263809822197
0.82911754386733
0.401076445539005
0.332999388651317
1.65265641837922
0.700055961616467
1.00464146239789
0.903123039517373
1.00703721279953
1.01998493263765
0.614190983626275
1.54508490453208
0.526839176364944
0.642186748925102
0.907749654630284
0.477668342361895
1.20660806581844
0.669641213861423
0.631830527471478
0.619964736486778
0.403830169131325
1.13924383285316
0.375205819710487
0.684747264042153
0.594626577655507
1.00278509603029
0.601848352181567
0.459660406873121
0.679811538623282
1.1620453853659
0.912342265607743
0.978158968853087
0.673163105939615
0.287326566812387
1.55028697987704
0.262312855323398
0.464506812632261
0.486322948227681
1.57009984903933
0.439175429470211
0.595030849802836
0.441292330183223
0.393825812469273
0.455871787248212
1.13712631297404
2.05776868781196
0.406830457877277
0.825564116498447
0.853591640553824
0.786105731833358
0.829446348277611
0.916380266075485
0.618192471101299
0.674719862500346
1.45482511230733
0.860071444054386
0.936313484433869
1.40223173337106
0.730561505599195
0.80704273863979
0.250385556082432
1.36829708928548
0.879138748630113
1.21711868646533
0.93248463994622
0.460466196526268
0.456794686978489
0.83233608580321
0.945032272494467
1.19007830375612
0.710992032075075
0.681889309786932
0.561781574657929
1.29514128047794
1.29767256334914
1.07361237194634
1.28593752476521
0.42402418621595
0.862551505804057
0.581096268372023
0.725197787944806
0.701429100303999
0.730904910867954
0.571167766924921
0.858483152890357
0.584617824361414
0.406278326907152
1.338538432261
0.529718050789764
0.649400209033362
0.460999663829616
0.808752678236517
0.746446018915782
1.0857519046646
0.961212916030117
1.9849716813384
0.612419807259244
1.39850115138237
1.84836026405768
0.784734242406073
0.577788250614102
0.604853525702447
0.776217327058939
0.827492679569949
0.577809572494486
0.850264834068834
0.914634055158488
0.5306670774981
0.496830026197491
0.975452691327493
0.60410955089069
0.399519514866412
1.0810783693351
1.10849775312561
0.790384229757714
0.626408230384304
0.330065430814174
0.591950318923526
1.09034154109824
0.219548025519818
0.627442929011043
0.442166129340874
0.599496755548083
1.26451416387132
1.15276694476493
0.710549953373449
0.807210248528099
0.402915856421817
0.641571534244287
0.807269099140397
1.07766271715534
0.944667267306788
0.610500223351128
0.993145224060701
0.948757179024231
0.574336045489049
0.804106657970613
0.505340598642051
0.691792855789805
0.67384994086318
0.464561279241386
0.454616598817524
0.393325527547516
0.72860280920725
0.714365415910792
0.308652779642488
0.536595527813887
0.450426839386986
0.446925464443193
0.734256598087867
0.433408130899369
0.6234444165583
0.843116075657778
0.853939167049832
0.759452657431213
0.309197575177492
0.858646032688445
1.28451627602539
1.00543905922985
1.26373770661513
0.707185074396656
0.515571788204087
0.654893111518188
1.13163165642037
1.18203986239232
0.524141626590793
0.488078499671535
0.646963104669564
0.666154060086577
0.503999086122842
1.18117233058363
0.864131546701759
0.600002021591181
1.34162540352787
0.363039827387879
0.483575086908278
0.716183268254071
0.740772422217491
0.453501074646325
0.533087164791897
0.374927391475186
0.643781535381967
0.549236101305263
0.445488725670178
0.960709724869485
0.55902661727088
1.01390454521812
1.45687554918335
0.722284814356708
0.772639846412751
0.479474612002388
0.89448073129698
0.988874865004994
0.773859321211132
0.78339183253458
1.18383647360341
0.484243227234454
1.032991668781
1.00211433797072
0.186888661553312
0.286485913227722
1.03165431685322
0.497907632667158
0.752511672134164
0.478488113472266
0.615036258285588
0.219551715668439
0.450422958109057
0.806825550237084
0.936299586167612
0.543093893065651
1.22582111550671
0.912202330422605
0.892114967652182
1.56185441866101
0.424482251413007
1.04556556180938
0.326637779231594
2.08620002813566
0.837561985061381
0.665541893752585
0.545480216166592
0.337294704446554
0.918865005854821
1.18064925590699
0.722500965218487
1.02671701307579
0.468231911902572
0.72831716154675
1.91108326602808
0.735500700140312
0.817646757112078
0.54539746534655
0.887876403803342
0.604598105975056
0.647626432351922
0.71195831507452
1.54067969805981
0.85219245028996
0.9039654536744
0.706652995729505
0.472394099791911
0.557034827285636
0.76882415240319
0.974480996279761
0.680908835758787
0.629601883161417
0.782015583113531
0.49004536983258
0.335653251736476
0.375492113300686
0.660610339772618
0.402635213713183
0.497289189102922
1.00241079516335
0.572181502829234
1.40567222194128
1.78882599174159
0.591314959778466
0.867208409979925
0.740723192781495
0.622295646585972
0.823362977688625
0.631652191201428
0.925665636536156
0.433560502270758
0.770287601361848
0.758533534038119
0.748938612082363
0.416834797116972
0.758223606224936
0.473939852235942
1.36987784565515
0.859222488773242
0.576922508722885
1.71457067927374
1.13825616563526
1.10377786402928
0.434040760399928
0.440959808135384
0.669277446066255
0.355674594937869
0.453371604178267
0.670544172245674
0.648295196713287
0.365069984244811
0.435558642193223
2.00331960098006
1.17587322471287
1.5953959980376
0.341810241638132
0.347404231418458
0.321025872047217
0.534640032644019
0.919806989823149
0.351755124225444
0.454632732980066
0.899909781379364
0.601693946774927
1.08944379618958
0.573587901528482
0.896248783380708
0.756908458086785
0.554322011053308
0.494598552642277
0.802847538776785
0.253135280035731
0.473240394186746
1.63226163353702
1.07590659451401
0.393239768581109
0.571595083900736
0.651827240772698
1.62246241272083
0.883982250009718
0.679345343717424
0.894064283335664
0.657616106697958
0.658193667763179
0.89750991791047
0.468399162926658
0.529718580747045
0.103796720134027
0.384583864267009
0.343740868894394
0.786507715538988
0.727371945339842
0.91051275899142
0.967744536181617
0.738629199699569
0.887323039156894
1.06255192432057
1.1818368270903
1.00751799623951
0.635209859831861
1.42747721461585
0.758579634204224
1.54028686091426
1.15543376491071
0.767477621791587
1.20812338385605
1.26973248754119
0.753289772538617
2.50798392555554
1.14232043622838
0.720144118145404
0.527699337097936
0.792306021233848
0.708820478193829
0.782626364937065
0.87147482652046
0.545298239102966
0.964830832055761
0.585914261833365
0.656602890167277
0.673463616355596
0.566739820449202
0.508232327474879
0.437413103112564
0.530774775845065
2.6437920698035
0.434027217220255
0.585113841187683
2.18217939365968
0.916180388589795
0.835956212701951
1.05035712300287
0.493182492205781
1.33135408492999
1.40370848417107
0.93405933586783
0.316034657331919
1.43284942595008
0.320642802607981
0.919640628476563
0.292508457760827
0.602696655371639
0.467353909893589
0.941680487633491
0.80378720361514
0.819274472892015
0.928819112725757
0.327955552132283
0.704150520336618
0.534382973473228
1.00764515119628
0.401838706441607
0.45374438632705
0.42604360349148
0.395667204794165
0.572986998645759
1.38588126588142
1.17012021295518
0.849416932317012
0.643357352723955
0.710696359481291
0.298523743441773
0.369282081195326
0.350006554621859
0.59269145841219
1.10113201029954
0.6086154772064
0.486589138446332
0.612429291233222
0.632893218588551
0.598846380132814
1.55399132894587
0.538068365727721
2.33494322076813
3.0344226545712
1.401096777428
1.23431286097923
0.768803130257503
0.91139238100769
0.575687430552928
0.471038353510641
0.508755652056823
0.500875540762685
0.483009287215743
1.82187398735008
0.72573245594504
0.736972049452446
1.1959967477701
1.01153390441242
1.34158474253428
0.863104545442938
0.571827345404042
0.512084090417346
1.24741619149393
1.23113332681452
0.405057394303915
0.244485291070549
0.639507803911901
0.59167183723784
0.788678272015064
0.453208716513584
0.377837505125851
0.253993278024313
0.443824762602193
0.512010357695634
0.675597102764682
1.45797595237102
0.514990446944411
0.457003777665749
0.920155797781036
0.54044452553474
1.06955180358378
0.448575508453786
0.898091197925193
0.720929318390257
0.570464185074293
1.04429356483516
0.678330468156796
0.505926140731113
1.05158641921586
0.767418607507943
0.433587217745071
0.775627779585513
0.582960513559531
1.24718139810763
0.545453689790594
0.514777641927953
0.735207346671348
0.528580332926499
0.76103777495264
0.64264794268522
0.616897651264946
0.600381449120922
0.79733142921374
0.502267495168516
0.756661864595366
0.587643105862961
0.684330470612869
0.45666088443329
0.784378904833783
1.4946647035988
0.360839554176222
0.803099940966265
0.477299651322277
0.385528617238238
0.823721631211183
0.307299298283127
2.88420222372753
0.890051590483466
1.02892175148612
0.378484245330189
0.386006830643456
0.602416900346558
0.379762374016603
0.512956159694575
0.625212443165427
0.869091946411608
1.76572641468429
0.625627463629528
0.885211084193772
0.589339496416951
0.967177806533878
0.447966373865339
0.576411787977489
0.637094360822583
0.716478201070004
0.722413111916896
0.449405297209638
0.720570128487008
0.459675014698215
0.604839694853038
0.562707714271616
1.40749060479646
0.406548253476531
1.34726969476022
0.438044152320224
0.591966818002729
0.661255352268437
0.9957728632497
0.437277003108077
0.884701410951325
1.98074248981029
1.97659688155349
1.5557455959773
1.74467028438052
0.779428338595871
0.974477395648118
1.21055463633285
0.431533511229164
0.496279512440193
0.294952350028567
0.942575574673389
1.5196288404324
1.15378624773686
0.723560299919211
0.793374243716291
0.842168510694802
0.662385102091735
0.217016696228444
0.817313976488814
0.908276729091725
0.609594614834308
0.767874223860022
0.745508836338865
0.595979046748867
0.403639846011996
0.444138051717545
0.534490903550388
0.358267465072381
0.826622175940212
0.441168482582896
0.828372043053594
0.796554853259864
0.571726806105711
0.644290001499824
0.53537628516147
0.467249892957383
1.15556433742781
0.680457252506591
0.703092801543687
0.909768966951305
1.29563021710774
1.1098043340963
1.02109237307259
0.87689185481892
0.503351216768209
0.394706242829825
1.24305147425524
1.50083939291057
1.01991986611623
0.673298942678963
0.591692171011887
0.635825855049728
0.975119960044755
0.692927683678033
0.628464283879667
0.737572722237457
0.943395606753957
0.627541675266905
0.685962549002589
0.384024504982032
0.515366906120988
0.653001760351942
0.680352959946342
0.654405493218569
0.718370500520182
0.885583995762334
0.868406819958913
0.547284430679284
0.711475077792566
0.646223025251149
1.21115761806412
0.784551831951782
0.716125449114659
0.958527155751108
0.498984114937263
0.787180069434662
0.535376214841002
0.523780096800581
0.72619494630046
0.698226549655938
0.553497101127163
0.637549395840377
1.55669987140764
1.61154055529097
0.945815345698429
0.456285240209613
0.541423729223244
0.351849012225027
1.09794669232238
0.933616059588948
0.965013468154749
0.685762519970179
0.849440575629225
0.85710895510597
1.25930231127912
1.19961488560739
0.645257930194758
0.659207562367355
0.818788232945198
1.00035842139524
0.500346374252331
0.527718317404241
0.851077981087205
0.218941488190399
0.370375452004894
0.949003470419164
0.516838948904379
0.854673228510059
1.04608919587184
1.2174077525631
1.28819247106833
0.837206278752954
0.789160996076511
0.857624132858518
1.89065213306811
0.440968242138142
0.985546650002878
0.405425181640995
0.632713424752815
0.543635923428686
0.375067368291268
1.18380257226137
0.779558714940834
1.20955653216472
1.85996336073298
0.87519488079887
0.514988139326913
0.709392511129702
0.822703749111496
0.457254463099707
2.15403606336585
0.493413706810013
1.01491792789306
0.464134384521571
1.61865806692832
1.47833819590886
0.813554008263636
0.414858206518625
0.575967550351181
0.370410445259201
0.197215506660814
0.852574550240652
0.523510250732241
0.202028031909799
0.385108158973077
0.552702402410198
1.0043316762532
0.555852556729561
0.535020015086003
0.272524504568298
0.848268020356649
1.52445476548703
0.748754990253156
1.05000504626127
1.21443023244766
0.925901787071244
0.541129648939961
0.530397466606162
1.64752490526375
0.590102237301474
1.27678839677463
1.56639754684401
1.14316732440435
0.490030928299281
0.625580134860958
0.839478392704731
0.655670597194773
0.687074886154288
0.58267961504518
0.932354279174013
0.717804227415113
1.46807517619742
0.847697035247611
0.433757217742126
0.773680926101329
0.699394257101431
0.37497706774649
0.596387217721736
0.562100174138208
0.385392457477598
0.919478641989789
1.14962978329175
0.461265923511491
0.819096877638561
0.896421863507831
1.33581733846057
0.719928707987699
1.52053062553848
0.317597973135415
0.779626867950746
0.399519205691051
0.884210338288666
1.27513117696817
1.02134611889416
0.805248337131254
0.710633164081139
0.87740562806955
0.431888299254883
1.19239427868514
0.626120809860012
1.19321901123436
0.742082871484895
0.501001376097083
0.631202825081723
0.489689540511554
0.409317391869734
0.6444186428164
0.649100884688503
0.816928461215856
1.30493445766216
0.821068244100822
0.520107749557757
1.46728179222864
0.512855223688904
0.660293487945263
0.731210463251384
1.46318765953685
0.70901354944036
0.534749197352076
0.780738822594916
0.851241430234556
0.844257257705738
0.587833707220889
1.04045649081628
0.670513139839413
1.07743122338597
0.551105760160645
0.80820467564461
0.828716930254395
0.793505203229153
0.536336870152682
0.69113131789597
0.874904403918684
0.843842284443865
0.440145605991372
1.50304870382342
0.726893766657607
0.707300815247269
0.779672561069117
0.625514106332298
0.664569083096426
0.364052134820715
0.896647887863023
0.952232613080763
1.07470989135888
0.724366626411504
0.709448138763264
0.578045831564963
0.769990554933858
0.721782705512295
0.597913866756218
1.30974115742835
0.433881891554042
1.00981254355004
1.54192355879186
0.486317936767022
1.16015496671256
0.354015078640571
0.76731483132111
1.09643993025979
1.34625415910773
0.590751360833701
0.514587469352301
0.631373147144212
0.732430279833606
0.581435051089521
0.594335448125574
0.291262369036724
0.500695012703176
0.915352580877892
0.503585704360783
0.568532819051256
0.743028704263016
0.705886404796068
0.445440242635744
0.283013832558732
0.621877230924584
0.586947995626417
0.623065881551101
2.12677441175115
0.414789926886458
0.524600091432162
1.02992505476203
0.939970853429889
0.376124523043136
0.465817713646084
0.63750738628092
0.407685720056485
0.762059510082418
0.549640811419864
0.564162869915787
0.38074678413947
0.871153814721242
0.480556435968098
1.68860855700139
0.911032679446918
0.598076845982438
0.880433318037374
0.270783924588706
0.496199584875009
0.65046038692824
0.524628487629901
0.813550111502588
1.01232872543663
1.26560989573293
0.290657883854404
1.22882837421087
1.59575946131827
1.80995489772547
0.558044384260045
0.822809529901385
0.514360816729724
0.467295790921748
0.32275278522902
1.58000906740081
0.53386004295155
0.905804543123939
0.401894699903076
0.663687999237483
0.62102359253713
0.73545448576997
1.29185052075008
1.5360214989308
0.505369885586743
1.60700021285611
0.92336952382498
1.24575406591386
0.8571122361632
0.796557909078839
0.35716020197137
0.613193807240549
0.572470644265877
0.724743820751027
1.18929541685519
0.519326327159987
0.469301952507693
0.544390738451788
0.969294441884419
0.80045466053582
0.70431673146755
1.24592449971774
0.566849437583543
0.926949509056096
0.906901739483365
0.91110968507441
1.14330905939185
1.3024437629817
0.950981644956569
1.28777636062309
0.554422208865472
0.446624371244332
0.629613103233087
1.86200822001001
1.2053001791395
0.561678967632049
0.215271467165788
0.716815565578976
0.74707551904158
0.49961921096144
1.15577468806796
1.28484794282426
0.615670883699733
1.00490605376385
0.825150691512217
0.624914244485688
0.638155694011919
0.456677300893771
0.75326538439166
0.56920774635497
1.05097679474537
0.60170806721934
0.416379241594373
0.330815641738965
1.39878598056934
1.13706344903713
0.415821700660239
0.659742538624733
0.468900882471374
0.64200447040604
0.730378967543903
0.548575757753004
0.305108451467207
0.756727615555826
0.625956378579339
0.376978638671589
0.679709708958901
1.57925655946812
0.643951632538863
0.545232976317091
1.63621852123775
0.35783691396454
1.02207240104359
0.605520795866738
0.54753634392384
0.482104194534665
0.838153189207906
0.886646313245991
0.757144953227507
0.495852885419242
0.681785321714371
0.388315386126603
0.479165372282534
0.422187960935918
1.43332804391261
0.781677556755857
0.552515555788888
0.496399905105111
0.655919087540829
0.925083795055459
0.474973566073103
0.46420300265939
0.382981952626011
1.11297136306251
0.797058675933598
0.709393585744265
0.853341100106528
0.531437166763701
0.607695788643036
1.53172975890642
0.720698807993718
0.777630693451675
0.944944697823888
0.654701504366424
1.26133344378422
1.16014852294868
0.60295923447351
0.343809051592774
0.627959032513157
0.686335724756367
0.530813425778174
0.605561351240244
0.568809275834789
0.591836390850225
0.81345461314868
0.938445511801967
1.43018870359266
1.21276574885197
0.662502515658278
0.79924038851131
0.67665014439765
0.386817861338341
1.62454885017334
0.854990384240322
0.472717452764547
1.15906552635514
1.04929396612883
0.414312688951425
1.29113883760461
0.956797907800368
0.421036149776376
0.576585401890065
0.872697041103197
0.973429942572899
0.526955883185033
0.514965309717725
0.53900240469035
0.462724355995409
0.650271036236513
0.700437431498391
0.57277621283437
0.470358888213416
0.683816419218803
0.932652247572098
0.602014395811186
0.684770610586352
0.668757877012097
0.244330941983832
0.687084693938045
0.61948163632903
0.450254525264553
0.41636865762155
0.757411079640253
0.654191538769925
1.07735425785687
1.05609268663068
0.61713569890988
1.05705132830166
1.38368388238617
0.654888984686185
0.26994407852691
0.776378743909514
1.30104933564279
0.559696835427892
0.874397168229443
1.37166204073832
0.719890866638713
1.20504380550819
0.527292792644791
1.25673812649736
0.795431967204333
0.536102997437128
1.42885146618408
0.986994415350386
0.374992848126154
0.966064662510342
0.562612762916453
0.353834972124401
0.226175225686181
0.812641405714483
0.406265616788291
0.658283588094605
0.697832764783428
0.825017175081716
0.855465403878431
0.799554577049989
0.431070951154055
0.372495527496279
0.938827716265445
0.753457469673405
0.708601659124741
0.904352121627589
0.90589902783466
0.606145740651414
0.412588783169706
0.582753405179467
1.18352936865184
0.247008665427494
0.488503330519024
0.622087056324687
0.482014669430235
1.55195087986654
1.17708316237942
0.880409430340231
0.609926930788249
0.645584171441766
0.675613147893273
0.54796766693912
1.44660744396372
1.40862116731394
0.472494323311249
0.933911903412595
0.697194309079727
0.888597125207708
0.855818680912256
0.838100316045308
0.998585092126663
0.441906034152214
1.71623135931691
0.506332489815121
1.00820989888339
0.685966472510762
0.981937591025433
0.312370468262779
1.3293257602034
0.725072558727818
0.674932387357882
0.598110975837154
0.461390437628988
2.2493754729006
1.76397526250315
0.246621116428617
0.971209018592524
0.953629150098769
0.880143181844275
0.643589528059481
1.01851474332351
0.513184589859757
0.632004127290987
1.06992600174839
0.409820834128922
0.705208573259929
0.821471786247584
0.571080666796426
0.388121932805588
0.981959573408433
0.632867575757653
0.273563056151409
0.722441090774068
0.79908108437561
0.851902463594671
0.859176067323498
0.969988864855876
1.22882934454659
0.900340057348178
1.37394486836519
0.618537882716402
2.17111612208564
0.716925972934455
0.51622766788736
0.925917237639822
0.934390403657093
0.713524362949129
0.726383446150034
0.402417681288405
0.413822248836911
0.867209887477021
0.683904090165285
0.918313397695173
0.57337771060618
0.904670609535678
0.734900540108175
0.975998189083553
0.662127474456144
0.782156302668919
0.770754364412154
1.12189369147386
0.567194036892835
0.6817470843062
1.05025149383637
1.22875936347416
0.394982139159132
0.932537916991565
0.682005917198272
3.09422114927541
0.828473985932812
0.587761598034338
0.615345347221215
0.630954416500925
0.86681227573533
0.740014972445133
0.419040622842805
0.73448250875066
1.10797089369677
1.52850831535119
4.17568474121726
0.936315529307264
1.40311929916947
1.65232846782361
1.15660795349564
2.71366726942053
2.76651980591711
1.24961692638226
1.29691420298415
0.484404862853508
0.849057151105221
0.751053908062695
0.632884980418881
0.422411351171635
0.626304466122382
0.486642548471864
0.364728148548183
0.709790558964497
0.619353150093922
0.95964312929388
0.430408209843903
0.698069171728671
0.494873892473327
0.713507419836723
0.719521928782876
0.671465726439516
0.483047615840947
0.358569724273973
1.35471526104982
0.88064502004734
0.511481504819126
0.361426308749637
1.21956372448024
0.492208006687365
1.17957922063373
1.03296590200025
0.333880094108776
0.714812808986612
0.556833574507744
1.38065008749344
0.476399960083456
1.05870091929242
1.31195654924803
0.553724011375805
0.476742030825988
0.589324815597476
0.833214866391849
0.894000194129575
1.29717357281134
1.19907906388611
0.552955731465537
1.4338283759791
0.549259902569626
0.791973487882599
0.526263377505158
0.709183592092229
0.62059577998431
1.15896449132902
1.16909540001035
0.799330172825339
0.344949687080823
0.858897890165296
0.97020079064194
0.40710541813007
0.683699064791239
0.523885286643551
0.280336108397914
1.10863712558649
0.839260867848042
0.662001580189644
1.16205419132478
1.26988230029588
0.632399812628246
0.528143772965509
0.517422383204637
0.950717549638541
0.481728833409144
1.08185076899045
1.33301335427523
0.370151362876623
0.703858968836569
0.3948472391692
0.301309813158096
0.827769288790165
0.538231288573681
1.03180668126491
0.845931286972156
1.13733836183153
0.555514533975282
0.583480019444361
1.17264302297624
0.336908562824999
0.801186327319431
0.710020247705353
0.733093921567112
0.638698902803623
0.323944582700549
0.875173242199811
0.448005093015417
1.18599365648069
0.453114755086674
0.445880501228868
0.221187582955321
0.569845701225225
0.770198552922383
0.663322449924825
0.517591720374724
0.855597556375051
0.627824136260451
0.416670899189576
1.65564229723427
1.09699115451274
0.798173460653364
0.99807853825533
0.782324904886444
1.03005001057518
0.397504402917269
0.906544154763379
0.285828477114327
0.815922321602464
0.734068546965215
0.440880847090814
0.564185821679889
0.294492215847344
0.7461331793034
0.784036503685398
0.467247785283286
0.578827468634535
0.812951586370307
0.697006046752238
0.771324823911363
0.403554257893812
1.06288492908838
1.0601605484115
1.18146530978982
0.877574198283108
2.30219432396616
0.780575952241303
1.02871634379024
1.58915032928588
0.761521723466466
0.864483033148453
0.468662550353615
0.924748826905376
0.411156689430304
0.79599680481304
0.755804494186385
0.860886886986792
0.495287089479536
0.715844849916327
0.431039313538551
0.793654043542809
0.295574113063585
1.02618919573604
0.741350406055738
0.877042225501228
0.811652062949363
0.693236915780491
0.334146750030178
0.396558435754555
0.632896762103007
1.03169328807351
0.872481033375306
0.740246785256281
0.607717968094694
0.702574012496992
0.486608292740735
0.782418304730192
0.802287488078129
0.66728374597251
0.900890127123422
0.854246974435615
0.593844058797148
1.09114532609805
0.549971403565874
0.712406403381646
1.80438191380972
0.753536588343664
1.10479493032099
0.441977845881891
0.984081209534299
1.13039829799455
1.11276513550083
0.862248030516557
0.831727766748136
0.614918875236682
0.331759960016657
0.472009428254158
0.668937158194205
0.978815055098723
0.661810684177922
0.840494968709098
0.589282818193787
1.40190874609609
0.465167750531107
0.601282382355593
1.54872034202424
0.318398251293098
0.278299370949495
0.5571348390082
0.783336352690031
0.436838449997522
0.544007203776794
1.49257372310314
0.493749205806997
0.874974519428384
1.18061168902632
0.477712710639234
0.872238332570479
0.576559734382841
0.683094138851143
1.10594904608855
1.13522351546623
1.43096992839148
0.555712800292386
0.985225126243563
0.917730719065386
0.711855599620972
0.437734751312772
0.290244942304378
0.665211922746929
0.559777259033603
0.655405475072307
0.658019025219702
0.404894529683498
1.24272247291867
0.51887030804887
0.708585946800436
0.730098122388662
0.601643012481528
0.638420381568295
0.87538702069007
0.63959191946748
0.924411765086477
0.377826720450552
0.812691848871057
0.380852858634378
1.86935555154503
1.30932470170506
0.507744929578866
1.51875097728678
0.830189337642148
0.802590495335467
0.698901016236047
0.81962655592025
0.819440314605081
0.613449228086361
1.37030433530762
1.29520701026407
2.15680133731991
1.28036045521283
0.662864154716677
0.155524758575385
0.653264619127659
0.96215631975153
0.674538268075967
0.440774608996956
1.08946198762596
0.402294437656281
1.04416753604
0.845435442749874
0.358294615339012
0.548486932364343
0.658625874888088
0.997795514212832
0.608572910612244
0.876495791354002
0.795111632817839
0.662000430964132
0.349621562644772
0.470979587075377
1.52388929435539
1.01360513770777
0.611330384078581
0.884435065534892
0.679809218201511
0.586495502084801
0.448684470281227
0.811628090230373
0.563652430283026
0.826933921104592
0.663210847290953
1.6156528349009
0.606218287513094
0.757207983887797
0.854804982527359
1.36432087654955
0.777736259180586
0.461790544412445
0.433184480967608
0.96901881110871
0.687558441523272
0.738568986225706
0.952211651453399
0.705695876031305
0.656754134857118
0.797046165276784
0.774729014544966
0.340948119560132
0.709137293669136
1.70224105991594
1.38155027772925
1.25869940055092
0.553414000220636
1.52565380250271
0.551064509675553
1.00570109939668
0.241351114003225
0.286621911322297
0.713494697226294
0.306840096600755
1.03454724901742
0.522684717207768
1.42842099779603
0.681918204978275
0.867454515548629
0.714322783701752
0.517674120324363
0.806083016940737
0.744552869335048
0.956605345898155
0.475190621863074
0.614266088625392
0.327278145539159
0.436215493572273
0.531754583041648
0.806286826312273
0.528231118539223
1.70485059673096
0.736016278964696
0.432996058965488
1.24578748095173
1.34850445317808
0.812381298447889
0.591703265223047
0.758375996167138
0.582040863394552
0.911395690267393
0.412164255300001
0.303736721706532
1.24184811698389
0.91201203367048
1.88562611258556
0.477276957315329
0.690889020254992
0.359800014604278
1.2024274651218
1.20273049272692
1.07061391580546
0.806683125823795
0.944819475712975
0.698627053059521
0.356897897598201
0.643381295591649
0.729981562037063
0.650600303384497
0.434592003617261
1.95057569633478
0.885274819962043
1.54331981472445
1.42940015596699
0.68326579567846
0.708278319735819
0.661659066340501
0.383804765015197
0.554143591651253
0.547602694145674
0.729955234167404
0.636685973162915
0.873289994407097
0.97525038750697
1.14371138619043
0.529874173383921
0.352729931985684
0.437976060613055
0.725631646580649
1.30582794220037
0.72422168335118
1.30403336108341
2.03921833511086
0.348452049889374
1.04617268204918
1.16973400644694
0.612622345105961
1.3137298617658
0.33987485069044
0.813889274170142
0.731646263424779
1.05643363985991
0.511893892506282
0.888941987749269
0.740389852375006
0.468194596570297
1.3377970389018
0.748480217316285
1.20630734580733
0.756964072621101
0.433967161438405
0.814528972420969
0.677859082294724
0.976186931297429
0.56967482793291
0.807417631135683
0.988287110358392
0.514723887533784
0.833208085296991
1.63652194643842
0.449862105354532
0.862517856196007
0.664490687897295
0.49955959192051
1.17919712217924
0.593647139336721
0.622551663198256
1.27832875994593
0.943334733726304
0.467112332466162
0.826969993872576
0.594884442397795
0.952685247359748
1.30063591406831
0.491186819644392
0.386677530611284
1.1135700639697
1.2006117179667
0.744527924361168
0.692549975159184
0.600118226938186
0.463555734648212
0.387263020472172
0.722538487210733
1.0133435102355
0.731923097525256
0.693482969259583
0.729531828537636
1.04792805905944
0.601562131168981
0.835549990788489
0.863425693361422
0.698901620573041
0.930682058687701
0.70149346175853
0.566552563699869
0.781193907375554
0.456620883795867
0.833512827788584
0.308148430649584
0.991574389991386
0.692670204479855
0.930398097238591
0.887409118845235
0.685529687901874
0.764814836920999
0.687960072902391
1.17875987041937
0.726715051612631
1.52349476470053
1.285792921738
0.884172021193244
0.65743221226278
0.881132771695097
0.864167888525911
0.484284653962306
0.635931414390683
0.975947243483811
0.826369819118392
0.495663690085223
0.53826752747799
0.500444827592025
0.916325369184399
0.938749424738614
0.598848508823205
0.388906275248059
0.643788476915891
0.421187424842948
0.587939222892684
0.859878550248706
0.780053879999357
0.753115076261687
0.607019036877128
0.477988233519099
0.672092283930745
0.671942741373971
0.534342118991456
0.634720404380902
1.08092714053496
0.452272750882525
0.509302000575801
0.597354567652927
0.730026978289271
0.849868246914279
0.915084840950965
1.97932392845613
0.402975692704983
0.519183464608435
0.564641620275094
0.779545871820403
0.852419689826788
0.630114892171511
0.832237646401065
0.627685314717245
0.818204985354615
0.818614424601958
0.400741271649359
0.762323554432786
0.66326281716232
0.670129573321874
0.603584702574828
1.08478046014018
0.754251857289426
0.621009601279214
0.381265537290743
0.711655416814586
0.926321695127304
0.68129227147935
0.607262249765466
0.43562641856276
0.453073655634068
0.424073882044624
1.31690807311449
0.891273493461876
0.794748894787218
0.325629500050727
1.00673801185378
1.41587606423621
0.819858996634137
0.279234098524557
0.690042491687693
0.952924568149673
0.469747624823077
0.669305323309752
0.756324105293465
0.560968110706328
0.484422171031182
0.760386158344239
1.8607300173738
1.60417432633501
0.452275599454582
0.401788998065377
1.34624434731766
0.804286217709509
0.619517190967956
0.343567767218898
0.549471793168401
1.42494367036207
0.64364754755335
1.94106726476592
0.944143489067696
0.483559321168879
1.04790099796946
0.383689957499916
0.472485688969101
0.602994014540931
0.607665297146877
1.00309444202
1.16272470891225
0.733021292235184
1.41847936526363
0.904650495800279
0.613576907822461
0.606340378915398
0.487787858774883
0.715393504340912
0.208321012215669
1.30367967385783
0.66541457533805
0.470711707731324
0.551684035505177
0.604338415661503
0.541982035537444
0.514945412225774
0.54211197244804
0.623951247814669
0.568965718002991
0.528711527596949
0.378013362803308
1.22241011617308
0.849563925215654
1.37697187561905
0.917045224265596
0.441099891996398
0.88422477064944
0.703728804255286
0.226482766792821
0.464054169797635
0.444052915550314
0.614613322454965
1.42862477827445
0.409133245299164
0.743091818827972
1.7234709243555
1.04246564017745
0.506240912017928
0.678897541802449
1.09063522101925
0.83255694858338
0.44470501629834
0.3920158442135
1.23388074726304
0.542715747392123
0.836309070926459
0.822743330804033
0.849205287063709
1.74564441097207
0.795122483691779
1.49988753449625
0.824304935651574
0.383813583269008
0.489648826949933
1.37192518294309
0.305522123635646
0.424915468961496
0.591213242238138
0.88324949517793
0.819906216335098
0.989267794550082
0.732776284961631
0.903683238156417
1.0690709699203
1.59219232127934
1.27870736069777
0.540057830367633
0.905734796926286
0.531040744543787
0.900874536095255
0.765862444218184
0.476913130488974
0.615170243419858
0.70253150765627
0.77121133631953
0.653126410918319
1.60876833236994
0.732061868772125
0.349278687068312
0.224790803275185
0.7454434391621
1.28279560207324
0.837219278506943
0.756629092243706
0.820570832746352
0.568164476592752
0.803581163526861
0.692188810966235
1.016276803453
2.62508611846815
0.647785757982922
0.369536575993406
0.435355840152858
0.578294685114324
0.615462716598155
1.52367965384339
0.534910657361529
0.628065384688734
1.3626099959388
0.844891608653666
0.425676970050142
0.67070330281238
0.705478412532003
1.15523420883367
0.779090287321702
0.587926528425481
0.917008682068255
1.110788828861
0.808694132401147
0.613804334791057
0.367736572730811
0.492929409969772
0.465903335586086
0.346477990923982
0.938955864093866
0.949421591032104
0.928306008971475
0.522072889063311
0.596302098915814
0.332787143320099
0.533261322971405
0.504064034475628
0.952701390077569
0.448072130601948
1.00877745816287
1.21633742393992
0.790682989879966
0.605678554143479
1.18242616382284
0.649944898886726
0.447960595030779
0.859871263294419
0.7242928561003
0.446199975180098
1.12118860383971
0.459927626961495
0.324570479128353
0.312003418378808
1.39554545887144
0.674554764163375
1.06189945271516
0.42769328391509
1.13414077959239
1.02719271483536
1.64766597373614
0.92725063455473
0.699455894674001
1.10747554716797
0.448993064974997
0.920263978223974
1.04982278752274
0.399917111743309
0.766665991421976
1.03121718894985
1.03114480485394
0.559124211386906
0.483283024838695
0.72003044736499
0.385212854748257
0.407583474442136
0.81510793816886
0.680875474924943
0.492148127414843
0.330350085724787
0.642541573398959
0.502665820961621
0.621199532941859
0.945019425415374
0.326384700156271
0.962197653457939
0.512132559651545
0.727280791373405
0.605731244542704
0.331470943530638
0.687458970917281
0.309318344971215
1.29161792771104
0.416484089585156
1.21070593869687
0.856049999004712
0.489426885843434
0.322907990001845
0.780704914487446
0.602674431019786
1.12140756974476
0.856760742921987
0.917595244983184
1.61040150516624
0.38936795253761
1.08650288955835
0.964694074953386
0.673992193465653
0.832435284113977
0.702738049914971
0.880114338077543
1.06104627790156
0.338298648242679
0.791949808963456
1.04088354024415
0.323199153405155
1.27261791021575
0.403077141362609
0.506125649186387
0.759019216081688
1.35221607201132
0.581724597962954
0.405999106611158
0.837772796590242
0.484617857836344
0.570768230358532
0.570448943951348
0.557357272227647
1.11621781847458
0.683016783658763
0.518847634460433
1.66329355564624
0.62255717335079
0.826873070197439
0.526155263439049
1.46692584420238
1.23355009150471
1.49121051087474
1.12086341597217
0.443410125091253
1.39719649177683
1.33629387191038
0.555197600032668
0.585849090832418
0.803039802789675
0.747082399354415
0.801245389606746
0.801372575681974
0.796064137705541
0.531684527742395
0.479771231716001
0.662735644709086
0.638302514887145
1.08079769205667
0.530306700820604
0.655941497003267
0.919368213506451
0.447569570549892
0.967674988561279
0.664846985256861
1.07038148167011
0.504142164631946
1.39810148863794
0.871318469261293
1.03905416768002
0.553640710515881
0.70886984101855
1.39099346979652
0.871481682679848
1.01028835727826
0.739171462118712
0.621963469979293
0.971522979771346
0.896175503365033
0.488679639847736
0.443767848775867
0.570681609374423
0.58415181773248
1.2257198944645
1.41600132263242
1.01147305915156
0.617761735530758
0.491036797684641
0.458976232125902
0.570159912001385
0.819960707525929
1.22468947842876
0.522872609132056
1.08590598441977
0.936546702158137
0.616055509033645
1.18076260659119
0.472665505500118
0.465819744454135
0.516224529093728
0.646781235232613
0.812247041562402
0.663283220704681
0.38799191306939
2.26886865703619
2.3263137625513
0.829343453408547
0.483174074674132
0.422990922640974
0.567652285153345
0.661067803822642
0.648642169889994
0.263219105406908
0.893409467827884
0.583127112119963
0.457382729675288
0.397043654078359
0.961309071238414
0.730870982877181
0.868356806057847
1.06989970671554
0.769495973093112
