50.1499888220497
54.8332021113131
45.411712787095
57.4093969430385
62.1488846641564
57.7330714552412
50.3461560460167
48.254648734658
55.3495111591702
45.5561370146175
45.6438937196427
53.8699241668544
51.9019408380044
55.7185098684854
56.8770740246888
46.9612609107118
51.9939495321224
48.549773933025
52.3528660199444
49.9893740619615
56.5640916165449
48.3659189723834
46.181112845935
46.8752432836688
47.7535751596703
49.9907011275332
47.1810239271597
52.5922827950367
47.360579647928
45.6360317506208
48.2189995526005
50.1226027429046
52.3506851011417
43.646315796341
54.3904494377466
48.3610418851377
48.7994926289438
52.9904220675789
43.4765622790766
53.6837108165695
50.9781414517324
51.2663059766962
47.9779738003331
50.1879454075085
50.446443048323
49.2596037230697
49.8594962704874
54.2082340048896
55.5825424791857
56.1220577521007
57.0394117690108
51.8646883507007
49.3983114331482
56.3668281842984
48.8580924697304
49.3119328431279
48.8923723206726
45.9466479449142
66.0113647513386
43.3296278959001
48.65388724023
57.1613755163725
52.8440304650425
52.9298146603579
51.2914502525941
48.6597967096091
45.8714496511555
51.9937248040753
56.2663974621643
54.4428624559218
49.5356764767457
49.6064615411195
51.839883345736
50.9512401389388
44.7976070266648
47.8606547341396
51.6381625461672
53.0711782735468
48.3973316697176
52.3948406065681
47.6283880228147
43.5351999689293
47.7192806168642
49.6479861675099
52.2551257421237
49.3394017110289
47.9631575159227
49.1670292991149
51.982148362653
51.9569969072985
45.6324562844497
58.4953890769555
48.6802763351863
44.0709340174151
45.6636976960209
53.8424156971226
48.4628813925697
55.5025144941148
54.0313534321546
57.9509874433008
54.5649983578307
50.2489179373096
58.6683930024547
50.7166219239008
48.7746641804048
47.4351868200569
48.3665770275396
47.7630494576933
44.8188522695681
46.1103116481753
48.0182947350528
57.628260840912
51.9563947227139
51.7564146971759
50.9746731643968
46.0546460132837
57.1242350798005
46.5269035216746
48.3783966743984
46.4268175670712
50.679639927288
48.8821962771628
46.252324115482
49.506685118583
49.1016139284686
45.4872783923754
50.3581543058395
45.5089978271145
55.2943769403042
50.2757827749828
50.870038915609
59.0664156342389
52.2569238430378
58.979966046735
47.7996080785423
49.7945899914967
47.2453848584451
51.8017350737137
48.4798752646142
51.3655001241955
63.8159747802575
45.0791253296188
48.555482708957
49.2238679165951
53.2866408823627
52.1492298967368
52.1019915962502
52.7947718122379
56.8956976996453
49.4060715377191
54.6411241938075
44.2838153194966
48.4836973894679
50.9368325021647
50.946708937864
47.2358278618545
51.2114925510126
52.4374796600166
48.7429854252886
57.3516481665889
50.7837304582887
46.5028120688773
53.4880491802395
53.4703400655343
50.241985730918
49.6550570799551
52.0265902154135
50.1140052604271
53.3546023853655
48.1745962286162
45.3235016743785
48.6769838450623
57.6710143232134
48.8407403986959
50.7595755990678
52.844799525076
48.471767813299
56.3523718674717
52.3870224450989
49.4236869976951
57.5338874766666
49.9471526242226
46.1609020116012
62.4132828401498
53.9314493568516
50.9601465964104
47.8899599668294
47.6983899355967
47.381835651438
54.37083676554
47.3281305746857
56.6401672052526
45.538041752029
47.2888234267694
48.8407429427341
56.3652218297856
48.352391840732
54.9596536997674
47.6469045211414
43.1693060193073
46.7830805664691
50.2399641419258
45.1886578721622
49.1010045017504
50.8803852052942
49.9737746642346
52.586759777389
52.3582817932795
49.9259695133532
61.7139669972608
51.2140202555316
44.8026402631214
47.3261448531488
46.996479193899
46.9005761637588
48.2679259956875
49.9776172886826
57.4437228938611
46.2619824130817
50.3391901178244
47.6258181285909
52.3412618392572
52.1048615102053
47.8306368076658
47.5369173644144
45.7847408042342
47.3271029483387
50.862268339555
48.2711679685107
48.7682762382961
60.0879650283961
58.2815027633213
46.1468905723377
47.9941612676695
48.039453410231
46.0502063743749
50.7545353872748
48.3402708154374
58.4016262129849
43.6935833017352
48.951726532166
43.6421408662778
47.0992351246373
50.438390286055
51.386271727582
48.6511555818477
52.5883620263609
50.7084328374715
45.0977158703502
55.8884513022974
52.5267805258564
56.0268486118061
47.2544088379126
44.2093797951507
53.6393429771036
50.823184747038
50.9136860428174
56.1816273607978
50.0970412455603
45.0665488166079
53.0261963198276
53.590915785219
50.1709901208996
43.3570248812562
45.4165422352763
48.1420229809932
54.6861714071117
49.7380507463891
50.3091157503815
47.8038897271366
43.2423537330572
50.1192139698256
54.5941262271416
49.2579952558543
55.8310209769818
52.8743588901769
50.0713773461246
48.6193902852354
48.3666350778697
57.7180588585158
44.5589082109167
49.3353118694091
46.2449097337044
43.5930153660073
50.717018340811
50.3112237507597
62.5538735234724
55.4829222790401
49.9273813157069
53.803744195302
46.1328849938143
48.1525521748418
56.1836057100521
47.3429782709084
45.4294705407343
53.1373746829716
49.2596522143335
47.0650448067895
47.1307379904609
45.313684162214
53.9183969079594
54.8278408697975
46.0588845691362
54.9164608647965
53.0859212888541
53.1318793941802
59.2661155573563
45.8235928934922
47.7210005000623
46.5607356654865
50.3647471828371
55.6385332673441
47.7598008043315
48.5757632423598
46.3185568097343
53.2488533904617
48.6803516443228
52.0608060962912
46.0030906515366
45.3586004498658
46.5100709282416
49.0462587510043
45.4271369909894
44.8056316858199
57.5558440404801
53.7417837762646
46.6643193966025
51.5469513492848
52.5999524031448
60.5455095892501
45.2542463275638
53.7190164333731
61.2911406037383
44.7445900648388
49.5892171754897
44.4437701076546
47.1592361730103
54.7387089615682
45.2967564326942
52.1454976740303
49.3232510146009
45.7662308409639
50.9521676645365
50.4442525358528
50.5410909911607
54.6591749668775
54.1856262222582
54.8453331295305
51.659958577916
63.409895311538
51.6415821637942
66.7540018714314
52.6562058132886
46.5330173116611
46.8444313100456
53.7521648532476
50.2903798573829
58.6899751613477
45.388229662842
60.0299591179772
48.4807559296171
48.9184899529419
51.9688163189286
45.8830710056045
62.3778034816922
47.0330585482378
47.8732017835741
45.0728734187736
46.3191202394437
46.8743666431421
52.3392035004123
50.2275298529742
46.039318726657
52.8257175278119
50.8652014470776
56.7079515182376
50.8820023821719
57.7672916042279
57.0073102886096
45.100253112419
47.8772871626312
49.7141376807831
48.6697419393828
46.4022676195101
47.2290268401991
47.5288174866937
51.7910796066827
56.408518610452
52.7799117252577
52.8697788499599
48.7640503137102
57.9088549641284
54.0769318266846
52.8351080222574
51.7853177438657
57.9897204907178
59.5059022167214
52.5919306644719
56.6950802608499
65.9386543986115
51.8295089963356
45.9556064408792
47.0492720948574
48.6110661906728
59.3862462862536
47.569607815307
52.9887478467527
51.9978026123037
46.0140051333117
50.8565577850267
57.1284890909074
57.2078054605561
47.5936439972768
50.9737842631643
48.6220753441752
55.0247312605983
54.7137051335954
46.8473863958158
49.6603558022492
57.3090957478541
47.5678945215699
51.4797387810834
50.0347869385438
47.8845726080398
57.5495708979401
44.9907330209343
47.8337098237009
51.6493663498459
45.2309519478415
52.8946473328789
50.9030647537093
52.1509034404431
48.3785759416427
52.6038114391848
56.7620407902427
52.4477927430211
53.5073526026757
49.5877613267567
52.2996783471042
54.1377957921387
45.2946558928951
46.2400818920156
46.659826091519
56.2081545080125
48.8030508706494
49.9291694893735
42.4352846229155
47.2818540849285
50.9649493008673
50.9585746125484
44.6214122942686
46.7219547293384
50.6863720603914
46.7227195503777
60.3201141676925
48.4081974406963
51.3349429737486
48.7405826600045
50.0338028885945
48.5494223871273
51.6381123364083
60.2755249195268
48.087618920583
56.1433511516784
48.5143517994719
49.1703058274122
46.6254114225697
52.6838946164241
44.5706017397609
48.2338373160269
52.2165184896395
51.4966238551738
48.1133808549011
50.7395398754837
48.900979743691
46.5045924123816
53.2026037480826
46.9130742282584
49.056355372993
47.3565988895063
47.2392237650228
52.5270875946934
51.1317467128505
45.3670917454293
53.8370739137661
43.6875959912558
52.2999728716804
52.2237214143929
48.1440975406427
43.098405616065
46.2551474425265
46.7694990668379
48.4987644676555
61.5897397191401
53.6223542260871
49.5049057828839
48.6675564259042
49.8157200643499
48.9048481625534
45.7077597368199
47.5606744380953
56.5405605955221
48.9056563587399
51.4291377175177
51.4099058350031
54.3583186254278
46.2331066521531
51.9297431508396
59.6502739397118
49.6237514242147
54.7016393792205
44.8730920364432
49.5531452749265
45.6411786454532
49.4915581695609
52.9921247885226
59.4218657283129
46.2408128287462
44.4283689733164
55.6317007764277
55.1964777491462
57.1708741321612
47.8369210596157
52.0287393751174
48.266848441049
57.7487313905027
53.3301970560198
44.883545062199
48.8136834168318
51.2965439527554
59.0421266894517
52.3830270239485
47.9825311657598
46.1755191541588
48.6237743645223
49.1721840392672
48.5020196408637
49.672898361473
50.4639044584106
47.5669995900792
49.4020368753367
52.8221450319483
55.8939071122939
51.0290564443827
49.6368647188685
44.2113882224613
52.4303152971928
47.1721049210287
52.5115459303949
49.3445929049747
53.083323267697
52.942978503932
53.3547904128605
46.3781558884819
51.4838711058855
46.4480103595866
52.1906920860386
47.9343349431888
48.0532386888673
50.4560311991167
55.5210229102003
52.1927411909318
48.4158727919513
48.3317156321586
52.065657626528
55.7735833786667
53.5160368905964
58.8560346583934
47.2206662734916
50.6119228989856
50.0365608565626
61.6914296652983
46.8203937991583
58.9582512859653
46.9340576027593
50.1714731532819
49.4277746629798
49.6129284276165
49.8362520191451
50.2173484488704
53.6613679002442
44.5588399653807
53.7367722844003
47.2231748042162
62.9337571850762
53.2211723092435
52.3638376454955
59.0683653284241
45.987662245215
53.7023093076347
46.2538912014999
46.3099052256765
47.4831613925015
51.4499851058839
54.5244986227886
46.2857449840202
42.9569313246061
54.0388243551325
53.0097839330744
44.0034721714464
47.0847758866358
45.0793893704583
46.9551899021372
50.4787590930878
51.3475384245706
46.8135053562762
47.9297091455889
50.19598980559
47.3463791668105
60.212901739073
49.4334796294292
55.4169604408711
48.9284445630465
47.5149818083532
52.3678990828441
51.7494860262666
45.0418679089424
52.9443439260814
56.0366232196306
55.5631896562584
50.2159348664488
48.4975280815105
48.4533167132327
53.0007778460349
58.9209931641998
62.7535382159147
50.6623559273603
52.1772903891964
47.5525590716388
48.068231376343
52.1304654088366
49.9502583798158
48.7759439789232
50.0996483037264
47.7651945407189
51.8698507015497
45.5381040524204
44.1353733142604
47.556956407657
49.1445357704064
44.5682042445944
49.5752869131504
52.4785057516759
45.8232627184602
55.2718111544822
50.7428189738279
53.4735180631917
55.3383178651129
51.0783041665239
49.8279839526169
49.2182046706344
58.5416834987351
52.4904481926186
46.9206266552316
55.3038166068497
55.7923706907432
44.3220979582822
60.1174537509795
56.7675321435256
48.5985116825312
49.3175210724595
56.4481697536021
49.5102222527998
53.5761995361708
53.8834546201134
45.7781139720468
53.4790143687774
45.9624813583846
55.4868123565854
48.4808557887081
46.3642796701873
49.0699866329426
59.6095844034232
48.3872809405299
55.8504188746507
48.6604862683243
54.9798785750178
54.0582714638949
45.0255916228061
59.5370325293248
50.2138514226368
49.3350042259629
45.8897243295333
48.8451189762763
55.8960634923753
51.8725035282869
47.5818039576514
50.7411446014703
48.3656479159099
55.7998564099812
50.0178010122112
56.349634256229
48.204298207204
43.5987038951892
49.5741051101522
51.0553142476244
47.9304255337074
53.9096581857071
53.2898635809208
53.8101333540331
45.3498561373634
54.205691975704
48.7460714802884
48.4987195988036
49.2212843048864
54.8788123656416
50.5126645918719
48.9617391772567
50.2311615923135
51.8724337419539
44.1007333585355
48.1488957928023
43.857585615622
65.0456585682054
54.43964935669
52.0808307722418
47.1089490836566
52.1401307158145
48.6334846533865
49.435806349015
50.1203244307231
50.8789043464491
46.5791987161865
51.6633533405094
45.0330577850078
48.5224055741333
53.8341694067335
47.8223765774444
48.2647782053855
50.9835506147277
53.0833144395507
45.3519509467088
50.4264343077622
48.0889339860515
50.7601865981441
48.5056645938399
50.5972003756641
54.1738557800627
47.0255510421775
57.7578016840677
56.5369806045625
57.2756692982174
50.4426551888842
50.1261498660091
52.5722859048547
50.5383056883839
49.2656808926731
55.8187046338571
50.565365112563
61.8551082081553
51.3986929428645
47.87317496346
50.8924752780234
49.0782312803129
51.450791334206
50.260427086199
46.1299324523917
50.2952906587607
47.3552520789649
46.9463208298005
47.8042047594843
46.4447215177094
58.0056463954758
46.8721773481734
58.0218980919241
44.9822612257096
50.9662359532521
51.0533561239142
47.1736253961667
47.2743183918802
51.5224404802094
47.8602899445096
50.5078062210986
53.3896774738405
45.3477685060012
56.1862835772148
55.7398493895065
47.7998477460659
50.207177281644
48.4238486710524
51.4897363173453
43.8340076256038
50.9943666773152
53.0279106166161
47.40033902021
66.3273671489206
50.5118838980827
56.3357863717257
55.4863874966234
46.9494848905449
48.3448984865032
49.495882814084
54.5016801480875
52.3300022951582
55.7340321295537
48.9591404102462
50.6554411835648
49.9127766403067
51.1320799690592
48.8338046922666
56.462652731516
46.3178806118366
53.2242235225894
50.7407700321939
45.940409542257
51.5388793003237
60.903327934285
55.1402590961607
45.8639138443198
46.5351513705705
50.0427310278134
57.9894750247677
47.9971941817011
45.0449960247283
45.4044127061686
54.0006899807576
51.6593048666159
55.4829558949018
50.0457122114612
46.2245292120082
47.0036712380081
47.6245637919422
52.4719184848989
42.2541073955213
47.2230563426169
53.3423460694071
46.5768705048603
45.2285028054008
58.7758283624327
59.9033504183707
53.5143634431202
46.2776824939379
47.9518086849019
51.4319710719268
47.8616391976531
48.8160770121384
50.3950133233898
48.3086582259404
48.6139903414695
54.2045293505467
49.1886647256368
51.1224122999529
47.3272009725161
47.3674873286882
48.3013360425652
48.8531810339282
52.9152083212409
49.312452668843
45.2554874979339
46.5751675995324
47.0568475885988
50.9431074817622
53.6416861232082
50.135853613071
45.9111478597459
50.6386084692623
51.9552639121689
48.7975208235686
50.9245908832858
47.2583702724971
50.8242859690992
49.1821163743861
57.5078603237475
59.5692444981332
52.4601812730518
48.758336097958
61.9304075695612
50.359535802301
52.662744264104
44.4645647949287
46.9466306841673
50.5533684280184
50.3938075094061
60.0876303501155
45.5247704709521
43.8380790363369
55.6428476356446
49.32493264628
45.1815841302444
57.9012994551932
47.1329849503079
57.9395520863664
55.3813914303567
50.4554767504027
54.5890277548233
50.8590570637666
51.5537396174378
46.2614888107007
42.936780444639
47.2451293146049
49.5377436783388
51.4473942503649
59.6564531369502
46.7168809046494
48.8294229456117
49.684278865683
50.2842185986889
45.0263388680806
53.0936316893632
52.9719945788152
49.8341809032244
49.4110104604646
49.5547220469617
45.8525964726041
44.3037273011656
48.4760072903067
48.0212683878505
46.920965239114
46.8988143651226
46.9451988567608
44.8591675494791
53.213345051272
44.7057225649047
53.9930392986126
51.8326243802302
45.1653326936988
46.7346452361722
52.6673324819451
56.1265419366559
51.3226160278728
56.5787394857436
50.9712863293154
54.9554212381515
49.4511862341051
51.11967540382
49.2673335533867
48.548657164741
50.2002954073462
44.4198632228508
49.3383073948754
46.9179023577846
56.8592901757318
48.2070027782973
46.4654579218857
52.9591272330756
50.7706430145285
46.3705762335326
49.687775322508
46.7232191948669
52.8448827717041
50.8360952788005
50.6558973831869
49.4413976617309
53.5780773561645
50.4309412298361
52.6534408282967
52.3434832377293
51.0606806498596
51.8990360158277
46.9961953320016
44.0275504441035
46.2392906986285
45.0232065930193
48.2829772519195
53.8475231723679
50.7443169539176
48.4228019389553
48.7125455892639
50.2343970342972
50.3680277791655
43.6366796341489
52.1866807964324
54.0512831035212
57.9830344279193
58.6184150935086
56.414657204373
56.6598320908679
51.1228103943276
58.6867798506086
57.3359832453729
58.3755567700868
62.0494963968277
59.2884025113933
44.8717614515832
52.6585084980115
54.0697664819037
45.352542893408
47.0819427119152
45.1520100361403
54.1868727808514
48.4435180849858
48.903504027123
51.0734169722405
51.1311320395845
51.6095342171161
47.8832903647715
52.2383308603925
50.6215554717534
43.8580392282947
48.7655376947974
52.7914432801918
50.7963226265026
47.815370271922
46.2944182714874
53.0436016870398
46.8021027462141
48.5904106102145
47.0328219556903
54.0442132191765
42.9145380986706
46.685472704402
55.4674710719765
51.3447199804787
51.2937662476989
50.198671248604
46.9898432792227
48.4847230342986
45.2900048405232
50.8243887341955
57.4188805281228
46.3959092516322
44.8854191214951
47.0638974053307
49.6018161228372
43.896841394589
49.4021133173892
43.4445497820527
48.7458212793504
44.9817164193629
49.55068551579
48.6552696688805
50.1398892844201
44.2897457828776
55.4411641564328
49.0633155245091
52.096655614696
47.3581171410384
44.6446703564144
50.6478298366473
44.5139745845356
50.2049885653056
47.0674483964759
48.7115960759466
57.378931406221
52.1590920047095
55.8553388024099
51.6940127611502
49.7963958621298
49.0936056910257
51.3617071955114
47.4688381265974
51.8990399483089
49.4569739393425
45.1857799111546
54.2978474800971
51.741514836948
55.4511030785868
53.4335866143265
51.8351727886074
51.9103550053163
47.668189929527
53.2804037847397
50.7142119682116
45.8840342249935
52.7588928768416
48.6697162406742
47.9330746862672
54.8910980275703
47.2714504571777
53.3128036275158
48.3970894326581
48.3509881179382
52.7322999038362
59.1605766563633
47.2313691271885
54.183556369978
47.7338542416094
45.5309318825672
46.6743746030447
61.3218668212736
50.121529690013
47.7765474405931
52.3391580924181
46.2788395208437
49.0422799595301
43.2595062789461
52.1227411767538
50.4845938314442
50.6613439997792
49.7547939731808
44.4834587867804
51.0007512692289
52.0888735275019
49.2747520240053
57.4330685779773
57.7105791539741
54.1042394251351
45.3369110397945
48.9198912734545
50.4454562157357
46.3270266054261
51.6051011815737
48.5904726226181
55.5516069434837
46.3998100953465
44.0753475470683
60.2639032567761
46.6776053489205
45.3880831580692
53.0024618206918
49.7626301113404
51.355462415879
51.2481230647741
49.165179683636
56.6563259325385
51.1984959735745
50.0928891752214
44.3733665650354
45.120131073207
53.5508887499321
45.5089136155802
50.5142639286496
46.6860835226517
54.4614580292417
49.737776161926
58.2875230312797
52.6524827786419
57.0760786210429
55.8969196346505
54.9190032093164
42.1909244772768
50.0500812963815
54.4004193456827
54.5915728440784
58.3099647243983
53.9280329789445
53.4164460734936
52.2118743637028
50.2503283260617
51.7226162995093
51.9529725490013
52.8997834613973
57.2784315795672
44.632841675271
46.1474632851586
47.41206103359
55.8931255578066
45.6807903843915
58.3052868414244
66.5863768366768
48.7548616185947
48.9827938371007
49.2613097186449
45.6881394697332
44.0900737484304
55.5335851136871
51.5828232737534
50.0427985585955
49.9741178373512
49.8230069682793
49.768783629896
47.2826520470747
45.6578841334035
47.3473507318034
47.5024001153266
59.0051433150092
46.5490872680934
45.2965153712307
54.778469214553
50.786983486035
48.5895651167171
47.9635130174824
49.7901850937262
45.2504718426874
61.4395025579771
49.3278893679571
48.9679292822135
50.6558550778425
51.2428484268609
51.3052652054215
47.7852808075549
51.9500770485823
55.480813089075
51.4152941943544
43.7486593965071
51.2588741883566
49.530032051147
43.0249011329261
50.6118471275087
52.5869082574666
48.5986176996924
49.0769241755884
50.1693477977926
47.4847443719929
48.0205101486297
49.4480426493208
51.1130915633191
52.6809998574109
49.0722414465332
48.4785587130749
56.2257595367736
48.1726173471487
56.683601557625
47.5388503732745
46.6987067415183
45.2341895774608
51.5029867931004
53.3267812146796
50.6521190571101
55.6226736989939
46.6584499266482
54.3115707146527
48.4098149800037
47.6925239631468
49.895880316536
51.7708085897629
48.0067250244398
44.9524238946685
46.6309436176886
46.4848624220209
51.2304156360709
62.3453455423072
60.3549597266826
47.8069164123344
44.9835440719553
46.7794626893824
47.1578832480458
47.2144441760619
45.9001361263753
47.2931782005048
53.6547292011424
58.5946821452168
49.5503357327346
51.8957281126993
47.3463378217683
48.1904605801805
48.130595913142
56.7175555711849
48.6959341426889
48.6220923232218
46.8444826167235
47.6827334290293
51.4630412951039
45.3269201816241
49.1948876751302
58.3014457796882
54.2499679044363
49.13769950723
55.7049753420411
49.4293341587216
52.4863849719997
47.1678798192705
44.4893206337227
50.0246315767993
56.6011859602902
49.6676548381789
49.8572332154613
53.3141517738301
52.9389418384633
49.3807302025684
53.6377891351021
53.343757166365
53.142066520872
51.2820941097842
47.7596371117788
49.7400950626227
51.1375329647628
47.8162079181104
56.3507439867277
57.7820292450269
50.9595587818066
51.1132122413622
52.0330084854305
54.0337009539392
59.7064356782874
52.5356379532875
49.2790806049564
45.7234829617064
46.3563130273341
50.9398520992658
52.0756982413158
52.2098774594194
48.256964492089
53.5513562861939
45.0014464291715
52.1459549114096
49.4259501243717
45.8018888752164
54.5103436657014
46.378751444972
51.5043253962716
44.4343567121806
48.6211631425633
46.7687756939281
49.4565985319054
47.2575093514012
55.6014733959732
52.2232670006925
52.9340340852756
44.1491886389064
48.210534321237
49.2143152532907
60.6512762904786
54.7921753130199
53.1735114995395
51.5463338661554
44.4625730894024
48.8652653037327
50.0554754755842
50.2485106513031
51.1065799484404
48.4579662505484
56.9669411953088
53.6777088534282
59.9192297814278
49.3990958405058
48.772101027117
47.5563779549151
50.1866310889793
52.034826960483
46.5148770485413
53.445026574081
55.8059952915218
53.2586173670222
51.1980342207594
52.1335019318931
50.4732942277309
51.1172037530904
50.0704899001283
62.9412602808252
47.2372369685867
51.0097914073534
46.3145350434115
54.3358586294083
52.4369837231906
56.89884259283
49.311788652074
48.5985923626816
45.4804111604422
48.8287653346999
50.3281623400709
56.2239811847985
53.0975908271046
50.4498207947054
46.830877201887
51.3099615127192
47.28992017296
48.0054756601006
47.5271479676991
57.6673976606002
52.1965925486034
47.9744877184304
47.8800431850595
50.1091228829804
43.794422514671
59.2004742031052
48.4665207190407
44.8223487693534
48.3929831004646
48.8075835957066
50.1920621659074
51.822320928274
55.801315802709
50.7693055396547
48.0112637579972
51.1635724455545
46.2693744244
51.0033406925462
52.5092605921377
55.8396523757208
55.5993131562547
51.7758674621216
50.4578002220961
54.9852794367715
62.2620468194298
55.5185637276368
48.9275890832215
52.4448090943149
54.0764279100135
47.8805054712482
47.8719352369176
52.494210093053
45.1011051369059
50.153147830261
49.5800743342962
58.6699949470162
51.6050399116077
51.7342842211332
46.0200373957854
48.1418885426637
48.9762983785042
42.8165909395493
48.7965066775445
42.6833017085247
53.5758861023159
50.2699224547805
54.6976148998868
51.033013722716
45.9598235704184
51.5582123024052
46.6346332160098
46.9948020063696
50.1077544267211
47.1875283202361
48.228488736523
46.2531261963793
47.9536613302753
48.7106314971446
44.3715624408499
48.3371285533238
54.6038858503065
53.0398843658209
50.9582078494135
60.3058158318463
48.5591129645917
52.3558828552561
49.0538824945343
47.6269035047093
44.8328119467782
49.9550811796162
49.8000907709968
62.7058125619146
58.717209185992
50.8843926879551
49.0106802678895
51.6643649264367
62.7847411594923
50.0055304052972
54.7963313599429
53.3793031796775
49.1173057985216
52.1079413772403
54.2213090103836
48.4902446374729
57.3441199585219
49.3828445913795
46.3756287136202
48.8742876560468
49.6362879985297
50.7102159368705
51.3030778557425
49.4089920580646
48.1926844549669
50.7417397500497
45.63322047145
51.5570600936079
53.307387420438
49.2350612723215
48.1304961910568
55.5428721156701
46.966860292484
50.749667114572
53.5844889350689
54.2191243144633
47.7956430079824
52.0365335383514
58.0078747545806
46.7755594947317
47.2070338030021
53.5174639723636
47.7224774891933
48.4657896966552
49.1943562972857
53.5581403066495
52.8716445494339
46.9282398474476
51.7942837467716
46.5023882898203
61.8639621297212
52.2710751008549
46.6883371392674
42.3551457907246
48.3356796387519
51.2142966849761
57.5490424680296
46.1317218556604
46.6541906770318
48.8331631919599
45.8261465728093
45.7574119039742
51.7799847967081
47.042231836188
45.7526199467983
54.4798761433933
51.3166703688132
44.9418183764936
51.1049976400174
50.2768417928485
46.2671088357435
46.353560725275
46.9905814658691
46.3866425986646
53.8187145421154
49.261138271019
51.8168961788659
46.9712724896016
52.7213872120175
44.0600718337825
51.3293484346777
47.2559853913181
49.0617268812108
46.5459430458081
47.1913305277727
47.3463908247203
47.254111511332
45.8913028947956
49.741007135676
48.8861461438528
52.7698914165401
52.7269324452748
58.6395888800331
48.4657451113873
48.1526817236885
45.4334503763029
47.9991710056015
47.2673756424178
47.8987596064275
51.9059574063886
53.1320371979386
58.1001419889048
49.0418179976607
52.562338742671
52.4424710988751
44.3334194846742
50.965441847823
55.3608559051392
53.5224587276759
51.317928686571
47.5351697069633
50.5137351330383
49.8771665001082
54.0691062354399
57.358485813107
44.2387953475621
47.4234713672623
52.787072705952
49.1374819013026
44.7957695080707
49.0513452516957
47.0290440777668
49.3316108123471
47.1285290407921
48.0235984071974
49.0462860843649
46.9628036480749
56.3599839913679
48.3693967686295
51.8720654318302
56.0381065597592
51.8917653121208
50.7801780369366
43.231330464559
51.9286602476907
62.4886435879041
54.3906275166205
52.2663185383408
51.555452896335
45.778680779819
46.767952204681
51.0889916354516
45.2517517684244
51.4578893627663
53.4514596744066
46.953880583916
51.7433040789997
48.0165952138422
53.6665859696947
47.7557318943854
52.0329063045423
47.5330733711535
63.0801858073959
46.6136241165729
57.7794457457609
51.5806433341486
52.6226885781101
54.0262103677802
50.3475950281202
50.4882471914337
49.2816688561804
46.9894122965526
53.2922071442659
50.7287704023116
45.5496167079933
48.9330411529529
51.0609499405668
45.3624611271597
48.1090250226977
50.5828085324413
50.3112394377677
55.890046740585
50.1516202252846
54.7797426867828
44.5720221423172
52.487653305974
46.9230845981752
54.7884001120439
51.6688800725855
50.1367827784874
54.2512629409715
50.810551368116
48.8765537297032
47.6628597155517
58.2098588169004
51.0783300342952
48.6657860606048
49.9620143425225
46.135858787672
57.1617474311734
52.093109929169
52.380777793728
46.1948466285179
47.2981694081413
51.9067917578773
47.0370079848842
51.6048941827676
46.0144731043285
46.6855612381426
58.2908461321125
50.092188337751
55.642718329791
48.1864090616376
46.4391015841766
45.6766367180503
48.3100778496669
51.4575804709937
53.4543043572536
48.4064684669359
50.9310609826641
45.7970145440736
45.3886906090988
53.2970115311052
50.2200869276855
55.017924435931
48.9505515831486
47.0320403170656
48.6277247511002
47.0907287075162
47.257246311987
53.9817593232622
56.9237892447811
46.7616111075127
55.3529274335878
42.9942319510014
43.5902295183444
51.9429869921579
47.7508699441611
50.5042656781404
59.2165001003198
51.5433570147455
48.7986332560257
50.0729615134041
47.488056810834
42.6754813390382
49.494235708645
45.2274915226605
46.4312548152272
57.7692160931648
52.3069317133463
49.3024477382007
53.378100076822
49.4482828114942
48.1684263955099
50.7211346477567
56.5557731621526
49.8849314289107
46.9252627361197
46.5314735896292
51.710710245985
51.9425956737872
60.296157433584
54.739265060528
51.4024361224995
44.6943720501986
53.4417931883181
51.5221194698808
51.5837101497062
51.5490273857665
46.0631445379122
47.8183846132222
52.837871842162
51.6546759094835
51.4248863667764
52.6688775188292
51.2186341436969
56.3378325174572
49.9802977285692
49.2851793023436
47.234482022736
48.3299962922288
47.1227415149805
49.8954435853861
51.5649484512977
43.403387135313
48.9286960311517
53.2074194955507
55.7627798559689
55.6276613275241
54.5388309595543
47.8427877934971
45.0687969574739
52.2347509289084
51.6101501188458
60.0907467093292
52.6606954266224
46.6911820304751
52.7379463756229
47.6701228558408
47.3277694455123
53.4042456795463
57.102951862148
48.3852349944956
49.6206994979745
56.3128629697399
54.0166436292582
54.187612986006
48.9253824641373
48.7282325861022
47.729008090297
52.8290289623178
47.8498557073673
55.1575077720853
50.5198448799553
48.9853195598729
49.0458112877299
49.6162555690428
52.7446279573643
51.0866229021262
49.6592623890266
49.4991442530973
51.2851156452105
46.6608999308401
47.43895512539
43.5289042423092
50.8443866734268
51.9053018341177
47.8629933700119
54.9748847435777
50.6440768741905
58.2310870877595
47.0554096168308
50.8594784303251
56.5750246161297
43.048334347161
45.6588045362536
47.3479782935568
43.456807027991
51.455735125271
51.9782360444181
51.6147351375595
49.9011234260846
48.6862421235775
46.7056835819239
53.3776449384916
50.2455141904035
54.212303896121
47.6247136973208
47.949979864278
47.4629703088825
47.7380904158429
42.9270940724626
43.6834310009288
46.6213224339554
49.4529383073049
52.1143250220327
52.0085356392062
53.2274908761533
53.7316346108787
53.1473259244002
49.347775819028
45.6135465306668
45.0303544399349
48.4561834143835
54.6926479622517
56.8758750170226
50.696875343127
58.8535780978646
46.8235407255062
57.8945141220473
46.0193337777701
52.6388905743215
48.2518996649528
45.1892422594333
52.6911796860807
48.4918834011335
69.605530609168
54.7918909056149
50.8414430874905
43.8090905456018
48.7814272950182
54.8246654762586
48.5941840901976
50.9611498856534
53.5807253567447
45.7214577457151
47.9783203034145
46.22944705774
46.9398306963893
54.609262785824
41.9853725716834
45.9110679301102
51.2444602455682
51.3419386360751
48.6698984688423
47.3400755953646
47.7830388482438
49.8886819399737
50.246712076343
45.9317408265837
53.9558384686492
50.5661189687049
49.0970342521435
51.9905618859486
44.5022584312706
48.086660064646
52.4093594594977
49.8468819795849
49.1816676997118
46.9454413271486
46.77874995681
51.9074141282666
50.3746785909253
56.1919755758534
50.2807933195963
48.3034604289621
55.4286079235267
45.9268140504978
49.620815341654
47.1079376824187
51.5686132587849
53.9985477018726
48.2141191924987
45.5286597238134
54.9356321609485
53.7810676231271
48.0036834614504
51.3809424815891
50.352582015953
50.4612348549861
51.3554313033963
53.0712526169977
48.5285890740394
51.5278535334092
58.3835105803351
53.9371970417028
46.2654643165831
51.8957026845444
58.3704875633713
50.4743412395509
50.1704315270892
44.9164107845808
50.4311630470046
48.0774626497766
53.2723373843628
46.8522176312979
45.4759465069231
54.2983699218884
46.9229303696901
44.6810714346057
53.546892760469
49.5908264260645
46.8082234147517
55.4373386114715
51.7100155892794
48.5021266280041
45.1094141948173
48.6025919435744
61.5935831949137
48.5524592197692
50.3362613330368
59.4645061081325
48.6508866946336
45.5882048263457
53.4264334834524
55.3653976089531
51.5694278468016
51.8715313065603
51.3743822225545
57.4967735610971
48.6435290192361
54.3367793522532
48.551374779023
50.2921279981493
48.3142676742817
58.5872298727671
58.4222601546184
57.0137713191966
51.9958621269254
50.5837358722615
50.1279674958588
55.1676638564625
53.2831697178328
44.5572378737477
48.7464817807171
48.6797094194738
48.1063871894225
52.0524268111635
50.1032509089812
51.4700023193285
45.7156457558853
52.7391049139188
48.9171143443151
47.1058013402959
47.4882254304987
50.5738641112974
52.1785828143309
53.3239247945393
53.472582106435
49.2352573316953
50.5126839615721
50.1799735554092
47.4093070212461
52.0457927918225
47.2604152537227
45.2561474127809
47.9934260211068
55.0937480994003
50.3666244209301
57.7962011607657
43.6885674155476
52.1771686039731
49.3415522565434
50.2321799377003
50.8688636273135
49.0829669206919
44.8418895470503
52.7503664607314
45.3824893305883
62.1263937609498
52.2284310057271
44.0868427399409
45.8327670765022
53.6573878895067
46.0989258477717
57.9037677478344
54.5009468890068
44.8786941735069
49.3703312861486
56.9378371012232
49.4046069467776
47.2893245228005
45.8795313286862
46.5798255895884
54.0865461529362
50.1844354371838
44.831206844558
49.2647094175452
50.5319660715223
51.3598236102685
48.6575025850037
47.001173151793
53.8772733763172
51.29802981908
52.6324154958751
45.5541889303204
54.0265309805618
52.1268876132812
53.7631290768378
49.5259965196242
51.9282718950315
47.9566850813407
51.0857329016249
52.7661329896706
46.3494121684661
42.8526191227712
48.7934342438103
45.5579292774242
51.5135120904601
62.5572671677207
48.2689139534757
45.3374010064437
45.6891980201403
53.281942144395
52.9800519659635
51.2536005510562
52.1827589019473
47.7404827728923
49.7666853219245
52.7527991323633
54.3683055353611
47.9879074894704
49.9992894103385
49.790771912671
49.9839631161754
51.6844913313394
45.0537818202702
48.7997742156288
46.2389948954916
52.1436250222079
46.4708699063138
48.2991231302191
51.6415803406166
47.4687566485869
53.3934255265594
58.5246293470191
47.3420161749829
56.3030724274099
46.9825499606276
47.1235436220111
59.4906770749522
49.2584159699294
47.683258091041
48.2199776545587
50.7114755112041
49.5502906206588
50.2946647110576
45.3366473260098
61.8059416010522
56.9007022950736
48.94686977908
48.5033856560573
49.8127308922369
50.5635514367988
47.6662947253605
47.632665452455
53.1069177416949
45.9479949757128
47.4376127070124
53.5686969045689
55.5584957113354
50.181967379128
50.6214297787194
51.4341705498699
57.1089937763253
55.8738709938887
48.0537131512163
60.3969877638135
52.5389291980334
47.7992001100598
44.6864149147551
48.6868866687212
55.4076194704145
47.1686561124253
48.3410456909552
49.3394295661372
56.8583075701861
52.4533434096528
47.3431511435956
55.6617073782441
42.8139168238068
50.8511039371942
49.4980960796575
45.6226026551711
52.9921718113032
45.5429555178963
49.9309813576821
50.0427203601611
44.3468679122799
45.3291361150388
49.7325599674274
48.5496467656722
56.9336768648355
47.40170931849
51.7550104387169
47.4432586787918
57.2133351307541
46.3769535211747
48.0049630144307
52.9792683528226
58.155617598852
46.4274811994133
52.036416641253
47.6435318207376
53.5277150054054
47.2703885848464
47.3577846351266
48.5528214392869
52.5352368249619
50.3693244050462
51.1152502228907
51.2692526638298
49.2497648538151
43.4047031678449
49.4930908709758
53.7267312335991
48.5917531938176
51.5423964033722
51.3633430848774
46.6137970922562
51.860772253731
54.292893317007
51.5841362021728
49.2167712118742
48.1037021235602
50.1814407685461
55.2639709247731
62.638327775015
51.3388487552294
49.1171552773827
47.4195411923124
51.4767325599633
61.2816775915976
47.6275646007331
46.4682793650183
52.4996599429133
49.4816607062229
44.0756929995019
47.9858564463252
52.9602951188914
48.3911444642974
52.2891243697794
50.7284948217025
44.0017337667207
45.4564260943169
49.1335741433834
56.0438865565795
42.6778108882744
47.6749499948443
46.5197842569913
54.2737694864111
50.030978344646
46.374582781807
61.9400914476493
46.5476606658099
53.7025540819801
54.6068710912947
51.161651877246
47.553920041171
46.9465947662211
49.3178469371089
56.6931760304487
48.9317956807862
51.9525959854601
45.3807980601885
47.9188844447396
48.0318832567083
48.9049625747443
59.2064630169008
44.104962663641
47.9893817015271
48.1120336216137
56.0914505499704
52.1987469519849
53.9324328699858
47.250122661898
47.0889184666361
52.4122594986995
54.3251382661066
45.4154604236793
57.2838517842561
46.0423153004969
51.7818927411742
50.4330251766728
50.0382043339236
55.3627874482048
53.4556700374186
51.6586307519673
46.6346042317193
44.6642327109565
46.6880462981151
58.8553049397717
57.7582005737152
44.658445578183
56.6071775182212
58.093947804845
44.5402487876453
58.5282776142806
48.6575175556282
46.6893337554301
50.6959250836174
49.4513938743677
45.2905244085084
54.3338836370756
49.5300393448882
51.9595095557415
62.7984576895332
46.2892364320114
47.9571044339324
56.2424268471579
50.8569868540888
49.6768190300477
43.7344085547196
53.1135011475695
45.1502443142285
52.6723215884028
46.1534553235173
58.3786364282901
43.5848263781648
51.1133681614313
45.6399588478499
45.7952949677336
59.1064143456037
56.1454446849512
51.654155152549
48.3611192663644
51.4758835715465
55.9752551902736
54.7886166322309
54.5088217705789
50.7363893942557
48.1138679843961
48.1905166784047
43.2740861762798
51.7523031868147
50.3809605539346
55.3525369992962
46.1548536887271
48.3468420222097
48.5968518072366
44.0963685717249
48.8076848889821
51.7226195785124
46.1724790120864
49.4096390964638
50.9321495789077
53.0239168844719
50.7998885624421
47.4147476860937
50.9649766132267
51.8140803043692
52.4579420346052
56.5279780951139
44.3941297437406
42.5616083591784
53.3727516830607
49.8653888423821
50.0196030820419
48.2862323019665
50.2391486126759
44.61799891081
52.165295535137
51.3368026723294
48.5839705376289
54.5317689053333
44.2561994878822
50.3506394285126
48.0576439719324
53.3743485738075
49.3908465481599
49.7543156223529
51.9059015452621
55.3657054484562
47.0477469508012
49.3000096396441
56.123834122282
47.9587251956727
52.7532098090056
52.9945388983558
46.607190427714
50.0050687143069
50.7928088733381
45.8685702010944
51.3991791397996
52.5136429409923
43.4159016918505
56.3180342544278
48.3154048310712
48.0938477790308
50.0311747154438
52.0326338388241
47.6639544508358
47.4582834768618
48.8131350611022
50.6963516364933
46.7570591299254
58.0873356204564
47.1273211888074
48.4416504699721
45.5860220301208
46.4393648447066
47.518307306898
46.2200189539947
45.4859558748405
58.6036872388193
49.6499823597046
61.1634864289005
52.2627101615771
47.9645231547355
50.0551593008318
49.3473340060489
56.0938059809035
53.1161793679876
58.1780366847029
49.1343815777391
44.4877764706833
46.5307813631539
53.49163354163
50.107403093169
44.7866332413071
47.0987889965288
52.3344398409396
45.8818598284582
47.39631637334
47.6768729303218
46.9926454922571
47.5002574813099
45.0255731240483
51.0496674515843
44.9896828070943
56.3294442042802
46.834999761237
58.4991678224944
58.865329300025
50.0922857649235
50.4634920566344
49.3303339134769
49.28721595964
48.6027773314299
52.6802191561165
52.8560269988716
49.4181973786747
52.6311751230198
44.3827161907813
56.1565119639335
47.7965993178938
46.9145389574788
48.2762676360551
48.834224179444
54.7140321448722
51.0326788362303
51.6185367244677
48.4953080224323
53.9324587335601
49.3981580578693
51.4538565986031
46.5058613414596
45.9362748434934
50.3208658965195
60.7299849408681
52.457782438762
47.6872014328428
46.1981608474654
44.3627028053504
53.6717020979208
53.1209667206243
53.9343381158621
51.7960342384115
46.4765507547772
48.1656943957622
48.5513152192648
51.4088305345622
45.4064924601235
52.7013846300573
48.3539431161058
49.6175323036677
55.0891853028789
48.7757931379534
52.7820742102035
45.0580124920759
49.1703520682991
58.644273598284
49.5891248395021
57.2443846592321
45.8904454762496
49.3837029017466
50.3347378101
51.8455798389004
51.1689888291078
45.2647066673311
45.116041713358
48.512085202694
46.2993684776629
51.6735267856769
53.2662044482545
54.321565686765
49.3673775759142
46.6896053031245
47.116556454514
48.311450461504
52.1486059006516
48.2847104305969
49.191805945468
47.7212233435941
52.4440199486958
50.3153531164773
47.2881013171942
48.4150833443292
45.9273563637482
44.612783248327
51.0597952471753
64.2099774475146
49.1898693729729
45.2860204308046
50.0983706210931
45.6813125398197
58.4306796712188
47.2244461543861
51.3868549873661
55.3075647236082
50.4410761622873
50.5448845248608
54.1180618375843
53.6470843127352
50.1561849862043
63.4142336089111
46.7632436977919
55.4947975189804
49.1690784612916
46.5561721430438
49.8913484492171
50.0376622904105
45.0914569659763
47.9645918975987
46.8101549019382
45.4121508031473
55.4068274675453
51.4912510257856
58.5508630222201
46.6342265359428
53.3266935174871
53.0832288887968
53.2134554231881
50.7152462634306
58.287297010874
61.5295880832782
51.7958662722529
48.017163338943
44.9530658858284
51.8465217945453
50.2001195533282
48.7869354803298
48.8083926114074
52.0376719118205
51.0713504933689
46.3099298118687
49.1865371594152
50.6777294701423
57.5960278743636
50.6261526156692
60.0587182442092
49.8792519965014
44.1018971017316
45.9972944902496
44.6405155799407
49.0762025829154
54.0205514644896
56.5925400955208
51.4104646732199
50.0726186529075
52.9798177680669
56.9696714957898
45.5378497273133
49.0570021633178
47.921165273685
53.2327416123669
46.4091206688194
48.4956019018295
44.6949262333404
46.3087735191329
44.8567067313486
46.4412950106733
50.7076951943097
49.4521521358459
50.112071640316
53.1176874930528
47.0319550886741
50.2272774151586
45.6427818768847
50.1654201193432
51.1929944268076
44.1185401088598
48.1455305799252
47.0480169217235
48.5586614213992
48.4274642678849
59.4225638227482
51.5862892747853
48.8481613026147
52.756499143192
56.1712057641179
51.8658921609758
45.260384390193
54.5073699957169
51.9614124853375
55.3873722363297
57.6626555503194
53.253953420317
49.9923545262985
49.6704958555347
46.2306274921249
46.6285325404307
46.3344716078153
57.1801527736725
65.7361290326516
45.4052636760371
53.7819672689555
48.9316764053996
57.0878097425423
52.8084985029865
53.1687062230548
47.4216401324096
52.1571573692984
49.0085892556904
49.9034060313169
47.2753665293782
50.0055208164238
50.1072789960713
48.5701887539767
46.0887979746982
50.0346478569379
48.4423115871016
52.431361049005
50.8597328644115
48.3816437404708
45.410084388519
48.5165024941853
50.763829685954
43.8211970434508
49.7679007086907
53.5614433897512
48.4518038083
52.4347314932979
50.913507529974
50.0406220395872
48.201818359269
57.20673364599
52.955687985438
50.6816550915733
51.7136217086907
50.4001231735161
55.1366565827684
54.5218483436887
46.441409757759
48.166361703699
50.2766247697354
60.0323578369882
51.5159858808991
50.3762505562404
50.4878702719653
47.4494429131525
50.1132401434865
48.7386389258264
48.3891716724678
49.9169040166512
44.0745885235272
47.3906795138704
55.5957253136619
54.7686536805008
52.4261081945587
49.7037756774846
47.3842428948251
52.5441266125063
48.9146287324288
48.1706101043379
47.3585104141376
44.9827410139367
54.124003519004
54.6899200113538
50.0247329436101
52.8655554815757
49.5508228540927
54.3640906637539
49.2616177108178
48.281981788177
53.140068939113
60.3257724648917
47.1610990702787
52.814784379173
46.7491909124466
47.3936708458181
48.1536458330074
53.8336765865
45.6279071420204
49.6591695963599
49.6217246054233
47.1860585875702
50.5350039971241
51.1384460857135
48.0466183270106
52.9207392732299
55.0626329250587
49.9962261073839
52.5488564744861
51.8546555947035
54.0620324328168
53.1298494384194
49.6044062409007
48.7779522877698
59.4022630167431
51.4281201655616
54.3047861115984
47.8593343573569
47.4119508458073
53.036046987729
59.4988097761859
45.6009967263442
48.060001590486
50.8992367488811
53.842504803733
57.6956549773979
51.7052008013419
53.4217056084663
47.2356042791225
43.2385103507291
49.9813610937189
53.1319685727576
44.24683811923
46.6566651901662
56.7486282077043
54.5987568653437
50.8098115586929
56.5661377650307
48.5736319521654
57.6625238608078
48.2770703672207
47.9238933397268
45.5432948682808
45.9161357215143
50.7058764080122
49.1343746053828
49.8701321679411
51.0054591544245
45.0419506987144
52.9167607157555
53.4625440390869
47.415608215117
49.086345617555
49.8707159430158
54.8111568880886
47.704977609123
48.0388691373525
57.2015974755867
52.6232114197191
57.9504350223334
47.9335326245961
47.6538897350809
49.3629546683169
52.0188970176459
48.8327474722289
48.6215102374903
52.4956604598452
61.5779319044908
55.7922954793914
54.3695819437093
62.8058089274864
47.0856096308882
48.4208867189612
62.3791841287103
45.9584191073009
52.3359406667723
49.3763880567862
52.2665651684075
51.1969083172681
45.9493038448231
50.059766900815
48.1047181782569
45.2520767993778
48.9054150240636
45.9144947493217
44.9976942849643
50.0313265167604
43.939861292587
49.7393140442301
54.0179536466015
51.5200200065955
48.8953339345498
47.5798946361845
49.1834702993694
52.213418828499
52.7229546897706
49.9542856096413
60.1983957029648
50.4381732436132
50.9265525229354
48.2149509145133
49.233640837792
62.4819711973773
49.4134995404287
48.9819237320653
49.7074223509188
52.1740314052076
65.4567568462018
54.8474606512734
46.6197822003457
55.4219466514909
48.1491116468877
54.5884094548197
46.3666080803687
53.595094617117
48.0130373223826
58.1904577688796
50.1769844306181
47.4651312269016
43.3209206868368
51.6324575977887
50.6591080622765
50.7274255829224
44.8720592777681
49.6331313792232
46.2183938152372
50.6848275976962
57.0747991972145
49.9696982752935
62.8480670681213
46.0028696706958
46.5942834371413
65.5765147231101
51.9142780379305
51.1910030481139
46.2345129546967
45.8038679857043
48.2549102283935
60.7937353327678
61.9727151731033
48.5270658904636
48.6888043354604
59.8412607375575
48.1091285123438
50.6354555644601
50.9132549378567
50.0456583281427
50.8724465657738
51.1925002112111
49.4530749528676
46.1116046589426
43.2087030199929
44.7158932141746
59.8082938888159
46.7332529807403
49.3267915184422
62.7454353816638
60.7972134826046
57.6147485234454
51.4774453094744
51.5159560595085
52.1658018416197
49.627773268768
49.0041200129402
51.0127902645938
51.4497206943675
55.7276819396068
53.6329384930319
58.425375968913
46.4762444783495
46.3729114077238
47.8136822310935
53.6519922444468
57.7557353475128
43.2699076028951
49.2827736426812
55.825481074487
52.6831748199898
49.3982631488613
49.4489950364558
45.1376902143774
49.6112746384175
46.0713414105289
53.8841561326899
50.5534077640018
46.1203674899415
49.7782828353621
43.8942270289886
49.3828884981479
51.2599550275116
51.4218537754044
55.7143832041924
51.3523106721356
48.8638410016544
48.2908370443921
59.0955092160627
49.8977928453453
49.8294471031414
49.5237285483287
49.0385385191456
44.7249074108628
44.4760771764795
47.9840120866915
51.284947382441
47.0697833624669
51.2989908044539
48.6660145172192
51.8208130047054
56.8280043859988
46.8334349427101
51.6702298626455
57.9042574022168
50.8577534023289
48.7372595130176
49.6115680800164
47.9383862691219
51.6417942328723
48.89129221516
49.8542361478876
44.0139044466309
56.0050775610471
51.9231608367375
46.2959669654659
53.9355702643455
48.1789194848113
48.4631918343657
48.9266206450212
50.9018631265291
51.8742781046045
43.4822090204167
48.5132034962488
51.9772198110955
48.3035322706195
47.908833113457
45.0584143074812
44.5521227328715
48.6259462439251
54.5117131476853
50.4927610510273
48.6315804554307
47.6186239203575
48.8256528306793
45.1025188227868
46.126075306086
47.1257302673596
53.4086657024595
55.4006736594903
62.2516422990838
52.130305221336
44.7388625198988
48.464324761976
48.6143060935151
54.3276790153539
48.4715787479474
48.4866519655339
50.0204465513643
56.940005895572
44.7547111116476
47.8644949212986
48.2793874470053
45.9812407828776
55.3624384893319
53.4558548874536
48.7171671383533
50.7412034716728
47.8667808876834
46.6978022334226
51.4693597982636
63.0184405347358
49.0334869185035
49.6398599160725
49.0465875635492
54.2305608910316
50.7491253228913
55.9706021927974
47.9720202207589
47.2933281978254
51.0466428172418
47.7070196031497
54.6472561743107
53.2133299992076
52.964905101035
49.1586330823138
53.9737701993107
45.1554024719432
45.7290993806974
61.6146767967172
45.3405036885032
47.4626784153125
48.8216925061349
47.7509946838131
56.4723148571105
52.6846635284085
47.2970938395417
47.6041929606503
54.0582321750196
52.5776519927713
46.8350945271676
56.3301284174498
52.1142312377237
55.0241182777
50.9807507114291
49.7038267837429
53.6641540397642
43.0550029657337
48.5135975864152
44.6349207485251
57.7762059280286
53.6269666054641
48.6581527035935
47.2028018999844
49.7217045054562
51.5738557229479
45.411028444417
44.3720653064076
48.7035233468562
48.5022743882876
49.1621243173339
45.6427234146851
45.8804970117001
49.3499392779163
56.1916820927297
54.9123421263028
53.9469236874857
48.8907091377421
50.8734092377438
47.6972437434192
57.0199145754716
43.0289461373763
50.7412108870787
53.9560705741924
48.0984533926954
48.22546773077
47.0483181253266
45.6678892833063
60.6088318558402
46.3200356546188
45.9621883096423
53.8898565268552
50.2025740385455
52.7306958918904
58.7024519963018
52.1953229473815
48.7028294394328
48.3003415708528
45.0076384167874
46.7874748374953
47.2771795652897
55.4638562123421
47.2400832042085
46.8005178107676
50.0579741303846
47.0751259778717
50.2131459025578
56.5865836045145
49.4022491312968
46.7325737621331
45.4879408543513
59.6783354121189
45.8273758249244
44.2173329322933
49.4356088183836
48.7573630048604
51.4148046841953
58.5469199594002
52.4410908412391
52.2433039813003
47.1922446639958
59.6367631413856
48.4971567926346
52.0615927951239
59.1461105280573
48.9632045884283
44.1981635887002
59.3601676439413
59.8586042079682
53.6296774793995
49.3776778669102
51.1574166980863
53.1199897380902
47.6892684108144
48.9415401719308
46.7253638307331
47.9059416569396
53.9648103928761
50.8540416214516
52.6015860950634
50.4543446160719
49.7541025344155
48.967195161321
48.5988136782609
44.3455785632765
46.6163970631738
50.5882075870309
52.9661923794802
50.2071118747366
51.9618262992781
49.7285192018862
49.0517151842989
47.847238837955
48.8919647415348
49.4343715867834
54.4347805657943
47.7749598490596
52.5479783173986
56.1067299076455
45.1722771104526
48.9061117872558
63.3744188076818
56.2035128556838
53.7491775721838
47.158551528038
43.7180891706529
46.7930135945429
44.8020174252716
54.7849650630316
48.8004845432593
56.1430227160873
54.3223528487296
48.0732003533568
54.8309039182012
49.3589692499327
46.5072085062964
48.0353740965559
47.0606737506992
52.864172362509
50.7552058555172
49.7906920954066
55.8185406040089
44.7008480210887
53.3224391992254
53.5805906332144
48.5258901933053
44.9892827229952
48.5959182808105
53.647829388791
51.618473282255
51.5289599296197
46.9683148841841
49.3367827797155
47.122765326864
44.795231960164
48.7049688281424
52.6305136929002
46.190029087192
49.4390602215848
52.1434695159126
52.9993204991872
45.450301175722
49.4891492831363
49.4974442601165
48.1563688029179
50.4274039866047
49.6795256607236
53.1600927319997
46.8115873331816
47.834878261672
