52.1297577450678
47.0204350776133
51.5061839195421
46.7947262011426
55.9305270738168
48.7587851091205
45.2627097176317
48.3661341455966
55.4070011181597
56.2739339111488
53.6996549870192
49.3513146946888
47.8961045680464
53.3832631383845
51.1017468174034
55.4577030678575
48.9918822177136
43.6244950155642
52.3088056196873
58.2752525806176
54.4178466751366
47.4988306267975
54.2867199296339
45.4006165680695
50.9152543475981
56.470593880115
54.8802476546256
54.2202228055227
58.4649888942116
48.7276715411277
49.8760783880284
51.8839931497326
58.3385748391863
49.7180606562581
53.0099351615867
50.2223242790457
46.9882473594218
44.1832806340639
54.8124943640029
48.7791374675153
49.2856650309312
53.4092613347734
47.0091566695261
54.7396098074334
48.9720270190921
46.4454291701034
59.3632693417498
46.3934438876034
45.5903542349018
46.9897215587513
50.1327911989389
51.8122643564616
47.2600581017542
57.6569853814271
54.7704496647312
49.602713129174
49.3368687093716
46.9389324871518
44.3699568875648
51.2898460635103
52.8889390835182
51.9988251041021
47.729164704732
50.1247801818053
54.3920140580498
47.7574905221596
50.3926256582324
52.2905976533024
53.6100219624996
47.0141946911057
44.8410524781609
48.6356835212198
48.5155617323342
46.6038373732211
49.5416182398842
46.1350005557691
48.6101918472643
53.4679509213492
54.3806905455823
53.1530452010721
48.3238414800157
63.6076891703495
49.6469638694548
48.827947274066
46.6750921410649
49.4807286284514
51.2117389646596
45.4478245198367
48.3271316129043
47.2769947809632
47.6928340255414
46.1017357995661
59.0936769478548
55.6565076115698
47.1180114175118
52.7156352592748
55.9383163928571
51.6407812187399
50.2116733329752
52.3272378466363
50.070514407745
51.3844895672447
46.5923948452724
53.0319307829982
47.6709843823309
47.1337605005428
56.443242505702
58.2641882788018
45.6088997016393
45.5656832503059
64.0912300190247
59.7388711659849
49.4688954032297
44.1083791014553
77.9731951584161
54.9956959469225
51.9653799880716
45.3239835551778
51.1344981837158
45.1346490734639
53.9509961955022
48.4910432257672
50.674986881258
49.8930360156329
50.8863277318524
52.8471315182985
43.5444968253014
55.7085344546255
52.5322933320383
47.1408942518803
48.1408948087945
53.631879373669
50.4555343376474
51.3128852208321
51.4983504092817
49.3489275879917
51.0678055192173
48.425024469092
51.4229234723225
49.1246020711972
45.4128772658202
46.9864357785795
48.0757395380886
51.5329460608971
51.041839968308
55.2031208861224
48.4485975954783
45.6023747126717
46.6134633207521
44.7512759491381
47.0569390837836
48.1857192045654
55.3508028474267
47.800207039611
50.9469281796424
42.3681367280835
47.1409700891286
51.7172102147403
51.4401797667198
53.3213729698917
48.5206584415789
47.4822339970197
48.1302515575266
54.4400982310282
45.8382017008269
51.6247090934156
47.9640433064976
43.5565572743546
48.0825161891121
49.5684206346826
48.658835054733
46.5572615204906
46.4590071534514
49.0931108191453
48.0268973024867
47.3897461741242
51.1311626985415
54.6216482852115
50.5685749597263
47.4730493552305
57.6064087831353
47.0507053475468
54.6076157607737
44.6401932828446
52.8731538902418
45.7687707949405
50.3847653348732
47.9841638623366
49.4789043687656
48.4695827060726
45.8238076929365
49.9158748135961
47.0169301031085
56.1141546497416
50.1781935885309
61.8474904342947
48.7028447127215
49.9612886517005
46.186103106983
50.7114212704359
50.8535240472215
52.4107998441335
43.3526083020105
46.345609999761
49.0927223851965
50.490426322863
45.5342422899884
49.4748385925286
45.3708432709234
53.9644186018966
48.7404242000496
47.0649114391417
47.5417460505463
45.174918648923
56.5173132228699
42.5488904325273
50.9697636413216
55.0806330666675
53.7654055855772
52.781834952585
54.5504932664726
50.5091109566193
53.8483013284396
47.9596415887363
46.0132871542634
49.5405962583096
57.8507850919624
57.7446646300081
45.2302650242914
54.9121799330026
49.338661985068
50.570717016612
44.5049674907715
48.4611329170123
49.9487292873534
44.9753896170837
48.8886212094101
51.3859551199772
49.4231355034626
53.5997909333941
52.4565880868527
50.6445160435733
58.2291653695719
52.0759344156758
49.5312375157068
54.8210880341925
53.958562404151
54.3190604871528
46.6266301547297
50.3744137242969
50.7289985201154
45.0306988318326
49.830238654283
47.5926974548048
52.1085267892431
46.0917594156233
50.268832322015
50.2247642378782
51.0337770541352
52.9883646288535
51.9604010814867
52.6902771680506
53.9577361421444
46.7097129454356
59.0446732772981
49.8972448128938
45.897292195406
45.4328065052884
48.3594583344181
46.7893899592175
47.7466074614715
48.8878049152723
45.6370544903317
46.3472054258286
52.8289356984455
53.2361620987286
49.0624905537966
50.3351842909233
52.9328032953486
44.2607134231408
48.1287265594732
57.9685333752495
51.8886397271594
45.4573831707103
47.1212459998457
51.2640825464417
49.8732181004033
49.6223232725563
49.3720834643747
57.1433717825189
50.1267172077985
48.8410375633105
54.4681493324763
49.0782028541578
44.5477058174142
47.2901979781806
45.401302421327
48.8118453540381
50.1671458991442
44.7498033386091
45.0587484808471
48.8918883223308
45.595177107628
58.5758956637456
61.9890052738569
53.4912289401123
47.463651246769
46.7156780181247
45.7823732535566
53.1874862642205
57.8653909323265
51.0898853853596
44.5790982736615
48.5779079357636
63.2680734119677
53.3742717157639
53.4614289563596
51.5320999072609
49.4928529716525
48.6027217292994
53.8578730798182
51.1543829035516
52.751225603382
56.1990215177482
47.808822847532
46.8077275494914
46.3308690818561
50.4137688906865
50.2095380707112
54.3063373806739
47.5099039816908
46.2879699153712
51.7604736141125
48.802009999051
49.2242719910854
44.8548826283229
52.2411998315396
44.4001037919656
44.9619282042449
53.0812546382126
45.6963716947328
48.0020146913832
55.9962173233209
57.4263830928045
44.4609374789659
45.2484539405427
50.6552987302143
53.6992395820758
49.9133185424621
47.5359431332943
50.9218784820064
52.2889193182031
48.4743794919495
49.5268774528089
57.3618352274248
53.494092378168
52.5140694307454
51.7630152989012
46.7479853467411
46.960221109655
52.7687986339096
52.7103690539727
56.2164831841632
45.2766707724843
51.4113048277653
51.8358990853543
48.8609704590024
46.0468372880501
55.3445429534642
57.533600308049
48.4959650538814
45.587347566088
47.694008751142
49.7234152737958
48.1073904722383
45.8933802473902
49.2780246365727
45.0505292898145
50.5666507858296
46.5066703641647
48.7958585302084
48.6485708666656
46.0671491832585
51.5019242866942
48.2977155360349
49.8773634997531
48.6244508186209
49.6835922624034
53.8502110264579
52.9418990110598
48.3013744425482
53.0914892659257
47.6379552344323
47.2695102270899
48.0430686776611
48.1111791955418
47.6769468853249
49.1575085747677
44.3963898521733
50.006211381817
56.8635972876473
55.3236121941771
45.4106508707724
50.2426772385221
58.6881949935266
55.1870526271693
47.4501481727518
53.5015536390249
49.0145576676489
49.9082729395372
47.3713622496392
50.1372364706524
53.0837757164086
50.1838997682509
47.1659849777584
54.342570688511
51.3459618222172
50.753485343433
47.0482245007802
50.9916739675892
51.9137361360161
47.0568214569713
46.5586752404546
52.9700599136226
49.4391432214747
46.2237574535594
50.0943818301695
51.1860290345743
52.786907526109
48.3969506581362
44.6351313580557
48.0085223888173
50.4076429864503
50.503996157688
60.5651588662861
44.8392417427388
52.0181035188669
47.3760010912275
45.0611930261346
50.6180596439623
58.9128464447277
48.906528830934
50.3052271630402
47.8572901231464
46.1828008041147
51.9566882853302
54.1087154368283
51.7162211738184
45.623291734657
47.3438928425858
48.7126740981969
47.0059657575864
47.000587087314
53.8293798644492
48.1905239644176
51.7633260725819
51.782195730296
60.4626074863335
57.7860903520197
48.7663927042934
47.9210748911171
44.698468469262
47.8417980666789
47.9927202615751
45.9526870050544
50.1562645433242
53.907544048689
52.1587434716129
53.4792962689105
50.0127067103333
48.2154072571795
52.6123260306913
50.6392439677127
47.8635232679773
47.2181163276332
47.7755344219389
47.8511041746336
49.1230097375534
51.1523439519484
44.7903891867974
54.013749268265
51.7506996701248
48.4414537025487
49.5128919971819
54.4876250941433
56.1795651912994
53.3681028688722
45.8084102795282
48.4521265403101
51.8701769803541
50.6175507389897
48.1129646866016
51.7934019426565
48.5519237065827
47.7763680448906
51.7641636240823
53.4816157741883
47.6898510843013
47.1381029391749
46.6499325537353
49.9223064235941
46.9277493084353
52.4224394630183
45.4415684529583
53.0386359459045
50.9400631234896
47.1990388281087
53.6458781307213
53.7147879742624
47.9245072259237
51.7326161778505
61.562050108588
49.426697455783
52.8518114406438
48.1062141059552
49.554897363687
60.1449074954093
47.2757680333193
55.0243414089222
50.5303713496789
49.8611360209412
51.4877128938428
53.3675721118991
52.3157863131408
54.2323667059583
58.0128626001259
46.1259977756007
47.135310766353
50.5863911118425
56.8827115323872
54.6136937955297
55.804455640576
53.5588406084012
44.0211354133036
49.9470077614234
46.2930202215356
52.1723305083781
46.3234725032734
52.6896965381673
51.4403414812081
52.8063844268859
50.6038336563717
50.2107258510545
47.4633058770424
52.2643343887985
45.8814909759186
45.1651528363523
52.4558896642832
48.1372947160729
44.3573214963466
50.9114288230386
54.1636276057233
46.1691050597252
49.2456242620374
55.294106074316
49.503890193841
47.6534076899095
47.8408630035415
47.455789459919
47.1386251562439
53.0722995805667
52.0628410629776
47.8346382492127
51.9646027721497
50.6307519793465
48.52142943898
59.0633269860604
55.8677440542207
47.2116184455611
50.2255123952801
47.682941175019
53.1179575216733
63.9196249708446
45.2447857180027
54.5821754081476
54.0685706629637
47.1725226000384
47.3086621845441
44.6104254106744
46.7762140555323
53.8075715048752
48.5789219445138
48.8769967532062
48.0083659578297
51.1226614173769
60.1405738994183
54.6060821589302
51.2075169914681
43.199583941664
60.3845566364345
48.1144425232509
46.9701520324822
45.9912446213631
50.3391264986122
55.8035127366558
52.6031521046689
54.7946774242901
49.0982642713367
49.6469258006674
53.3768461483797
44.7453134306273
53.5834920948557
48.3049389378101
60.234280278316
55.7797492395414
50.0834727550706
50.3971233186653
48.2742459695462
58.4810228980822
47.7426144767457
45.3405934490265
59.59664726586
50.5390792779906
58.2945953922614
48.4294214595643
50.2725324025874
51.5674682188881
51.8982162686056
48.7803684727937
49.6095557892235
45.3256567831749
51.5961678520027
49.7592961071649
53.5116492232822
47.8257214385945
50.5081986890764
49.6935376445507
48.6447281740029
44.2859406339179
66.5610555691748
48.7880926588608
52.0401557014326
49.9877494240981
54.2135322526586
49.074593762716
51.1456158826914
45.1184455401
51.7476487424415
61.7172695926503
48.787191107494
47.5894891597222
57.919285820148
47.1497503411134
48.2387188985405
52.8292272950422
51.1113327948723
46.8422293233018
51.1769831877242
48.871143070589
49.4608672777846
44.9942075284351
50.1546162834764
46.1745686195008
49.1145583751128
55.4492522787662
49.2545496459188
49.3369156858071
48.6186626500833
48.6198888240971
49.1434720585916
56.1637358448524
51.5734325904131
55.9574207676319
49.8305126165183
43.9930144568923
61.3361239244692
50.4590651075572
46.4975208026847
52.3444773015043
49.6768190180073
49.5904279818009
46.3038373805179
51.5555451824287
46.3465904945118
48.4417325226662
44.0113701349092
45.3436304905349
54.4309185284657
48.2750974769675
49.539315640054
50.8401009667018
53.7636523329944
56.3633670099088
46.6045141876063
46.6072200827828
45.7223085994177
43.5165151706944
46.397650339498
53.0954037503571
53.5135128168007
49.9885691964767
51.6065066040634
54.3067712101837
49.0634411313588
43.3683898801232
52.0236000245171
44.1427760286766
46.1353037131273
56.1139702297678
52.3293353670332
47.3107031913689
49.8217598028371
50.3425221363822
47.7891278502016
45.3016727715512
54.9133356401951
45.5496164870481
54.3077217567423
53.0052792645421
47.3346147563661
49.0825447797602
47.4317080656333
47.307385985571
48.5931190847481
56.047975352144
49.1271137605798
48.1683812203603
48.9572134795598
50.2375258853363
49.9833750548889
52.1282874960183
47.021741454391
49.0697949381875
50.4799599274978
48.2149039846117
47.5171680832585
45.2178509114462
50.0322833888271
50.7323910618582
50.1191258506524
52.0695484921206
44.7307944763833
50.5833186747742
58.6748845178489
49.7948832044724
45.485336762723
45.6985061611373
57.4984268393028
51.2961102663217
51.4618393783264
46.3145448911834
53.2234063389814
50.0712297282797
46.3879011379731
43.2388450941933
46.0767262022324
52.0689362710765
47.1214794213077
46.9366143794656
56.9678475185397
51.4281786428405
56.4110723564707
49.0320970171991
48.611997649278
51.1115419815576
52.2975319607897
46.3980766885999
49.943549713256
45.8094472686883
57.6450843371777
49.4873183874963
47.5693964651649
50.3898383652652
51.2972921252713
47.2032780730269
53.7523523732543
43.9674189508778
54.8272853454927
44.3360912516508
64.4030116809934
54.9181784357262
47.7550063544782
52.1439372148536
49.1929680181748
51.7109571389324
55.6928243658855
48.3911453733753
46.0898121099936
54.0399301978445
50.6967418522871
50.0170026300198
44.5997540279387
46.0560296113539
48.126174973488
52.1337238456272
50.722515685505
47.7672788703899
55.3910734003974
67.9998535143778
52.1997896429021
46.9369739788979
54.8430361687336
50.4181849988079
44.3231273957731
43.6296739267854
44.5657781565029
51.5242588432712
61.9510399411012
50.1198512278792
45.4917374529213
47.4490342988948
48.9658520446567
49.7796847456875
46.3689208953459
53.682891344609
55.9138040105225
53.5893386498566
54.6203280065982
51.0822140367179
47.0755191359321
50.9422854678777
45.3422167668552
48.3573372544811
51.0787056804536
45.296663417051
48.123329070071
53.0718765631019
49.3648943594722
55.5008442135831
63.1468576606352
49.2077750518229
49.1880914014716
55.9017407124571
47.8778440860188
48.415078123747
52.8964667619096
51.4248395876074
52.0807601525021
48.0283255240896
50.0359039987464
47.7943076279108
46.3073444433915
57.5680249303917
47.2116232453925
43.7941133052718
49.2832843167477
47.7500482677826
42.9980549939955
50.5354211236806
49.967858610348
49.6054182989923
46.9780663948108
49.666938985719
50.7941226472364
52.398131792102
52.7909894936529
49.2398019760675
56.6951883966867
50.7070722291745
57.0995425531551
57.1026193211728
43.8620583910708
48.740180349842
45.0592390139826
47.1122104847672
46.6443383199374
52.5824010724957
48.1028332161753
50.8249113625479
54.0315237813353
52.6176342762472
48.1768878200919
52.8123576547666
47.15222172796
49.6416727247383
49.312441582215
49.6795490412217
50.4023536621085
42.9330069703882
49.7283019693825
47.2355253296939
60.6861584347469
46.6854900632119
51.1870834419728
45.2327899238155
45.2633467447534
51.7915202134754
51.7471319636116
56.2842287642705
50.6263998834087
51.4128386520458
51.8959746243005
49.6983095020943
53.1439425888203
53.5214231196344
51.4595331265713
45.6300789600565
51.1706577132481
50.2761440826679
47.3657614136513
52.8909869508753
47.5869944163376
51.4049532443262
50.3528490541022
43.8628014047371
50.5290073643832
48.4333835041484
48.3776292062759
53.7846072440048
48.1712124170595
47.1228381983502
53.8585799571846
52.5871033708013
48.9261685504348
54.0157029738624
48.197873268131
48.6749171545616
48.8924434499658
55.1067303002206
52.6278218749927
52.5527837662489
50.1307598128566
48.8781916664312
49.219655832583
50.1761246324715
54.2150014430769
43.7077970402278
59.8797912348407
54.9093092977019
49.6195297234832
48.2602735374664
47.7016383389712
52.5782660447312
47.2664418680275
48.5573496309989
46.0745242184212
51.1739300136924
49.4966702791583
47.6097751154203
48.698178886539
45.4811035125854
45.7761134628628
48.0198666804786
50.2219330030982
49.857056718426
49.57376885849
52.0312451037542
48.2223060318278
51.5406784147709
52.2626573982256
47.712755924253
47.3267196649744
52.1727657055236
48.9922424286756
49.3229399965164
48.2449875771059
51.8181465521111
49.8086897650293
48.7293562426784
57.4299108537882
50.8356433886263
48.2829957512438
46.056236294443
49.0825874440066
48.4754313251734
55.1418389824614
50.6973667248838
57.302906910575
53.1001374461926
47.5412666657205
46.2611909435445
46.3698943142687
49.6962138445109
44.1888945470541
46.4131045135868
50.7780475249713
49.8625553023132
57.2297999510681
47.1795356115539
46.9339740422364
47.2018338441667
56.1546691105571
54.1578480085623
45.0244530069489
57.1886177345991
52.5057991170665
44.8928315593569
51.0202417666783
55.2672326888635
50.4476319203931
49.5609999957258
55.137336978113
47.6110296400048
47.9940641847587
46.3527563862018
50.4281797133681
47.6384456713796
51.9812065967977
44.9288037551536
46.7553248777926
48.9548710615114
47.7259408741996
45.5989052563066
54.6451943568834
48.5226636034392
55.6056796551537
54.0781886029374
48.7270385709584
48.95537205379
49.0461804671793
42.9593860968763
47.7414514047861
46.3779587564658
49.5915141506924
51.5732193719175
55.8032315467735
45.5482899952721
46.9165587182203
47.9612128551401
54.7216386011237
47.8890063884762
42.3589836321708
51.017643361291
46.085577530316
49.010643716319
48.7734951221631
44.5831991288931
46.5117103106974
51.6993938499924
46.7028885848397
46.2261784456031
47.313482624894
52.8119730862271
46.3687783289954
58.17744496638
51.8204410942665
51.639943867111
50.2054359824012
59.4414830704243
47.2913484324956
46.126262635527
50.317015824996
50.1147278696085
52.3666643377269
51.5841068632871
51.8840512669091
51.4122314240626
56.0914998968443
49.9745488012758
45.1088548126774
57.5718224035017
47.7791002626288
56.9875534413376
51.2459201051556
47.5859052084736
49.4909645075955
55.9456228521302
49.4346336414798
50.8322052014747
52.5188082953569
48.5837391498538
50.6209538174429
50.3579673260878
47.565548506289
53.952633652108
56.2364032702213
53.7929654375178
44.6202227689646
44.4004608886179
48.4273254675781
48.7398378112816
54.5625311740276
44.9598414762792
44.0985169642617
47.0579790034638
54.9180139462839
43.837726395798
47.7232645440493
46.3468190249198
48.6333718084953
45.4034140248065
48.6096901558688
52.0079323241551
59.7743729042421
51.0390468696095
50.3117136336153
52.9188517665125
51.9107324148859
60.3936435373659
56.0021838722751
58.2355762446325
55.1145928102437
52.9210769197215
53.5975894287921
43.4251061599655
51.9772610459011
45.6935232575669
55.1680544953367
45.9723377449943
47.2365682643015
48.3462930787522
53.7257510139001
52.8746440064873
51.5648227481377
58.0130919081795
48.9439258089377
49.9155698846343
56.0984887679338
48.2319311530067
51.5846648891461
53.5762895587535
43.4722245677799
52.0511033553123
50.0516709245861
46.3887653962173
44.7562439608563
44.9257682806901
50.3221598746453
43.8625104961238
45.0806101232281
44.2802548687421
50.0235259715032
48.0346055516295
48.6892840893537
55.6260407634721
48.9190141506684
47.7098779440333
51.2044270649302
50.2378798962366
44.4585873427627
49.1495132788927
52.3691434908211
54.1605020358346
49.4465055021761
46.8742073773789
49.1595455319545
45.2400638380781
48.8198743362237
57.8552493447669
52.055337316271
63.0844622947567
44.1525991440159
46.027874745999
47.6603755540233
46.3093090443091
48.6099046878349
54.8019496103614
48.6815904912599
50.6858947972904
47.5944563553709
49.9323511968478
54.8658695077809
46.3926593112469
47.4862978882785
51.3799802355266
50.5023935835939
47.7072603148035
50.7106964950517
50.6615509224324
51.1175951319345
47.7607248917202
50.9471743386065
52.3325545222137
50.4230638453662
58.4417995576464
56.1323015609205
57.4218160533717
42.9461414166558
45.5586149816644
46.7216933925513
54.0846728844831
46.9356376103552
49.199368502726
51.1401206799692
47.5333940731038
57.4992462763658
58.7014911432218
48.8522755484583
43.3497622479647
53.8410812105828
49.2425851550004
51.4448692613506
53.1482091112247
48.9483836168613
50.7372788525478
51.6621617512817
49.4356132302953
55.5586503012725
50.1922776914474
48.7380674373147
47.8400412462744
48.1198210292473
44.915950248015
45.0865867316641
49.7105956030664
57.2603076074969
56.8177503747491
53.030327342163
44.6525599427997
43.1810884222478
47.1010584442172
48.4049919661133
53.7648415914732
51.771886274167
51.1929389144605
48.0538867073172
53.9411494330708
49.6433888165886
45.5985369479924
44.5700918344476
48.7464489462755
48.07741552906
52.7950859125756
52.255653227138
46.742939178738
50.3627774021598
50.6396044474805
48.8298292868584
46.8523790328859
46.8501912643304
50.0618311860699
46.948891108528
52.6770844330594
49.5760511117528
48.86276953475
46.9611164253929
64.2691772811774
53.27051649657
59.4611817907402
43.7418785326229
46.7593640865866
44.9956933964318
49.9491709087256
45.9877032413436
49.5158670776912
47.3229239860018
46.6112305766983
50.5487063503147
46.1141204554504
46.644491880413
46.9833602249348
58.78983896141
47.1879530407265
49.1107599517979
46.1589841875636
47.8740293332251
52.7352377278109
57.1342126223309
45.3583375479061
44.5266064398354
57.0653917964866
54.9496623312712
45.1126851018214
52.8275426495249
50.4366389244121
46.101105804687
53.5212642184616
49.3840435688258
56.7842798711582
50.434150922326
46.2655848572481
43.5562364971949
49.2755723075356
55.3374965803173
49.5695744108628
46.5413839195212
48.278826744607
48.819324232077
47.2482945142887
47.195579653865
50.9429844660746
58.5897969233751
47.7626086676881
48.2667863686034
48.8481323382858
49.9505717414787
46.7831176452312
52.4463690705128
54.9074989970945
52.3273892550596
48.5456385218952
45.6766008821177
50.3054950257601
50.2505358284762
48.7178241120479
46.3595565337752
49.4821719655631
51.5224266016395
53.4690924391655
56.4031210956889
47.1730243826169
47.7477586402713
53.1417592793048
50.6467439289328
48.8960046117717
46.5767664630385
54.7676423277959
44.5142912157496
45.5796719514629
65.6101105828452
47.4974489121475
50.1976737660916
49.4192105675373
48.7084941335048
44.9042689184806
58.502100407906
47.6437129620892
47.6485963064079
47.4939545527244
45.9418107201828
52.1600123069117
49.2156431460507
52.8736107794527
53.8436146260704
50.3319736177524
51.295637736018
50.9680243779833
49.4000751305843
46.4826070870063
50.3805120183267
53.3795145055712
50.8663978881372
46.4712487596451
53.1378291508326
53.8928534985597
45.229291627956
52.4966351781218
47.9366011451389
50.179378327088
48.3554393981048
49.2463202220012
50.1279107198697
48.219226749049
50.3463793597396
45.370591962521
59.3667919627903
47.3045948066058
51.8305866893505
50.7565797703197
54.2228448774078
53.1501539757604
46.9961546612397
46.4229938199525
44.9455612644228
55.0001362327923
45.4130081762008
54.022175667978
52.0875696124408
55.2312824152085
48.8432975905816
46.9681840557657
51.056408490249
51.0153781814281
49.9776401628671
46.2398068591411
49.0881805591771
51.8219990659322
55.668941751069
47.9999191717203
50.1593934829649
44.6291187168637
47.9439457064692
48.3540256685064
56.4731045810271
51.3914164746098
46.0915341360181
56.9200043411
49.7204841814975
47.159771484762
53.2121778552821
52.24977507119
52.5746783621963
52.8092947967146
48.0338211087986
50.7391602990923
44.9977880634092
52.2694721740381
46.1417073989656
53.9272899508412
55.5717350833436
53.185749990288
49.574893360484
50.9110944373706
50.2164181631184
46.743067149424
55.8243008815882
45.1224043040043
47.9594962582897
44.3614420750639
55.2514389407505
46.9083437326557
50.37650511807
46.9208755175336
52.5348807436552
48.1076585293299
48.8757397336251
46.5314726721912
48.8344444379784
46.0792488148765
55.1497014830613
46.0029237489769
49.2875427977627
46.7386869867126
50.76744446371
47.6415080121176
49.3228218525659
49.3590989960887
63.2818619313252
48.9291197976142
48.9302834136072
44.6887247998446
49.9518862353511
48.586114693072
47.9853396685934
52.4792454443217
51.9852503215405
50.0601323695838
54.6405844110229
45.3035776850603
51.3364802197989
46.2901344805349
50.395788673814
47.7420263299738
53.2770378097298
48.9701103888887
48.2168466316164
51.3738136518399
63.4015817606809
50.7944804428208
51.5269302907037
48.3837548935802
49.4173277575427
53.1960684483048
46.7880960211254
48.3064647636759
49.9850458033597
57.2829196822174
51.8155293966056
49.0737294962731
47.5111840351214
45.3861648904238
57.1776314251295
49.6489496334469
47.7539421931837
48.7072107412643
47.6206468224092
52.4033371771599
53.0816193656069
54.1545433590372
46.1133927392214
45.7232636908955
53.4305612561774
47.5445011989171
43.7483899303834
49.58606739871
56.1475521696703
53.2356881446297
54.0926695237279
51.3518196595185
51.8017484414
49.8661798107072
50.4766986296644
55.6952613746935
48.8529227230187
49.3047509243114
51.7542730656418
58.1855510952719
43.4966612229428
46.3862333363932
45.0785594413411
47.188308502114
49.9827739881641
46.6907657529982
48.0162573047665
51.4245011643274
46.1786397945892
56.0678809221079
47.3186396109379
59.4897384932588
48.3836809125276
51.0663132721327
48.9924382789892
46.0059302038411
44.1157722110694
48.9089415769607
49.2840071943192
58.2933090613793
46.9121312550347
47.360087943007
50.3356884284986
53.0277796034252
50.1590074404094
49.1196378763174
51.1656378985659
57.3509174241522
52.2359534682906
49.726246686308
48.720418837033
47.8715154147329
45.1849487990083
53.5131786388156
53.5671964525612
48.3999071737929
51.1167023072195
52.008065346486
55.7455717281707
55.2386785972218
57.93765883914
46.3522409374542
52.4280159685691
55.1686548597904
42.6750103636952
45.9183705698969
57.1457950685299
52.1411718038972
61.7894306539029
45.5299127479839
49.7059665522277
54.0935018839997
47.5728994905673
51.9115546719462
51.8076092935459
60.3615544520928
51.2100974422469
50.8569507926825
51.9269144295714
43.2340241559084
49.6945543626253
49.780336318226
52.6471524746216
58.1685900656388
56.5921596896648
45.9858124223354
48.2876128131017
54.5099481412947
44.8273672698857
56.6722119799418
45.639318524624
62.676051978884
51.9605204455426
57.8396402734683
54.1482841326613
52.6087954746046
53.6270513861346
54.3902999024605
48.2498484767107
54.8651001921962
54.7674564175758
45.7145686477116
61.0561189125515
48.202779475268
53.484583173887
53.9951073370013
55.6339300306482
56.5603838688096
50.4444055129678
54.2462963314283
51.6308399213532
49.703087560681
51.6882024451493
48.4671304710911
58.0297591678896
48.8667584696468
45.1628906371367
47.9033953631102
54.2557491749041
50.8528417751429
58.5930581106543
51.1930766986549
50.7334138130006
54.8657606948414
50.0385213445106
44.4805691416786
43.7773436418246
48.8636992326187
47.1096892242113
55.8907121225542
52.4599553123688
56.2520179540719
50.5240081658652
47.7662280963316
51.3560631712828
49.3468620145642
46.258088224483
52.4504899862547
51.5802120146163
53.68668960596
56.9807472787546
56.8561881855826
60.7144428075644
50.9462518313429
47.4200501438769
60.7578781853526
48.5899821966475
46.9195432380276
53.8683567620532
48.2328475197197
54.750863895436
50.6799524339782
53.2789676366416
47.1339726332003
53.9154291791043
47.7620097314019
49.886365116886
59.5978692646365
47.5492151545539
49.2688613182378
48.2817527651931
48.620794619696
48.4352694596608
43.762372011851
48.8755941994022
56.1250271988218
54.383687012616
49.7480081050589
55.9558304960649
50.7687659553804
55.1068536951207
52.5413145322171
57.5751125538762
55.2064639302421
51.9807185343604
47.5319976650254
44.6040109752296
54.9541342062782
54.4613692062144
50.6497589927979
49.5377229924813
43.6877856615095
50.229603229865
49.6432007624376
47.9202529581883
55.4716452536024
47.584766007627
46.482680875464
58.3546290501996
46.996637596223
55.6392189023809
50.0381212790223
45.0546464215556
48.945405762262
50.9870458332892
45.8413976012605
46.1122139414077
51.8176485927292
52.8945268990636
52.5976934671032
49.6633537680135
49.5925818654668
49.2994015553288
49.435987795373
47.8952487950289
46.7546765307117
47.3309964604607
52.5327359277288
45.4453839969416
53.1151126043823
47.193417889508
45.918856788733
49.7755533866758
44.9316568328935
50.3667295080771
44.7735895250575
44.1535723181059
52.8280695306099
47.0391855231819
52.7109770621766
47.2381757751242
45.7753172101545
47.7641130046928
47.2514086482552
47.695091679614
51.1534152645312
46.8554621085874
57.6691886803588
49.5860811105541
50.6546568063484
50.9158092143093
53.198760155624
46.346137174283
46.9616579285686
50.8318418437086
46.8305290850733
44.5322225781348
53.725753707709
54.18769374657
54.3112445736997
49.0875607350478
51.8166709399234
45.9272364442415
44.4174524892342
45.5523888882993
51.4837762043829
51.5379129474243
51.8348337316696
47.6033904591544
55.3390119615802
49.3388708810973
55.7863024563089
59.60668634608
47.5519098757958
50.435223750511
47.0867448385328
52.7647950714394
45.5725430946905
53.844548586833
54.2997450687974
51.7895866278181
48.3520146294183
57.6180305843472
52.4418425857275
51.135703335828
46.7124561883303
55.8333653073519
63.7038862665095
49.5596916174105
52.6315051045046
51.7203454764334
45.8028452541926
51.656884925671
43.8924703375993
45.7811632144211
66.0890515010204
53.4997295695238
46.5381676196901
51.4099338721593
52.553884372827
50.0819845889889
48.1420805476386
48.5936299215521
50.9917503618177
45.659203501623
47.6319561692468
52.7545343845952
58.281638078608
49.5524707737107
56.0594043300508
51.8249566501063
53.6534597235426
50.3387894860629
47.4468533151055
48.8392233349883
48.364973148616
54.6763892136196
48.0326963494581
51.3826181464869
48.3320481781649
50.6014173695572
50.8366225724542
52.0840223994143
49.3036832610553
46.1907908867435
51.973835985008
50.497247996626
46.7572312541341
48.0971510040869
49.9996893176804
52.2895309994613
48.8463377848924
60.8823409220152
50.9419894266425
48.0933372208931
51.6586770709297
45.983976528057
51.7174482418381
47.187356274435
52.3219152473181
44.4021389452666
54.6768139868132
48.480180197118
62.4923284811632
51.6180273800212
51.7180632059627
49.9357692772618
50.2232147489017
57.9397757446635
51.4213768035228
50.1605342304865
51.3795339289186
50.6711061467095
51.5067439789566
46.6461627920319
48.292120516954
51.6287797863937
51.1770061856898
52.2610641482599
46.1209590444076
50.1767475384129
52.9188002500464
45.4793555550414
50.1286599697385
52.7857920060606
46.237785152039
48.9431755829911
46.8201532773061
45.0060821726963
53.1904328258886
53.7280567240227
46.5763906888828
47.7631422607903
48.9249398567019
63.4909890582678
47.6282544131079
44.8508922065976
48.4200936839137
45.6909996344329
49.4214799026628
46.8762937663139
47.2626627620512
49.9399376787515
51.238279164892
44.0379153826651
51.1053035456888
61.1248749685206
52.0431525592237
47.4959039226424
47.4110722738079
46.4723901116892
48.0542878659487
47.2043213947242
53.2185802044535
51.3352743830893
60.5001310167733
55.6340904336123
60.0715604745169
46.4902199039501
62.5623443477329
51.0719495706035
48.1517278876907
57.522138479982
45.1127593249568
49.4611589581956
46.4286161836228
46.3763941372786
48.9423217958762
44.201156510408
50.08017640132
52.6164295082586
51.9337756114177
45.9337206199883
44.2711874986518
48.2810885351978
48.1569151607101
49.7727283560155
50.5580454176653
56.875491708711
45.8219266232831
49.6964766712979
46.988632305811
45.4695814865585
49.8195910622589
48.6096046462431
47.4699920103757
51.9655804923569
45.2963342273171
45.82364765357
54.5801166572197
51.3024198534297
45.5102046470702
46.2090280221271
44.2325894687679
45.5823192925244
52.9592377489029
53.328585726871
50.5165735289672
48.9752984845706
47.6090304060036
54.4236485627549
58.130115137152
50.3651585959116
54.9150775251506
45.7943316906885
50.9446622919274
48.6680298234002
60.9906788249254
54.4251156439515
43.9800416357554
54.9422239215718
61.1897556415793
47.444246393958
54.1550134983571
46.8005121471802
58.3452466438691
50.7031119631678
48.1944351108559
58.9187270262251
44.4685808552172
59.3620866804289
48.332384133637
52.3700676000222
48.2052191818446
51.97886690083
46.7168729825449
54.5198630189121
54.8823661378324
50.6366063186005
50.6802326383788
50.8975547391043
46.9452532136923
44.0998030747535
46.4424994053576
47.4077134814486
55.0576536729913
47.9071605103017
47.9486125433014
48.5154368473903
50.1689399432694
48.7306587404707
51.2577701845995
50.9526917555002
49.5925578568988
44.8813493294252
48.0787744287933
44.5819516424756
51.6541671494157
52.2154392008999
49.1986324422226
51.766536246941
49.3175276191541
51.4215327379967
50.4715468558299
50.3612047275475
56.6387242139915
50.9195438118475
47.764960946321
45.1786777869963
54.9347700976868
49.7615629033794
45.6524698770661
55.3805107898561
43.151151837737
48.1466170399425
59.4672495284654
46.5455814864906
53.8017185575414
52.4962339109829
46.2535873323968
57.0626357752094
54.2811018954847
49.6138672944307
48.6042583093231
46.6415934089791
52.4423702253994
51.2755314030577
43.4126991203264
50.6895303814486
47.0345384607479
44.8478413159673
46.8134857287373
49.3986825192812
51.3785625509294
45.1158079604889
50.5899362988755
46.7400925102476
52.617856903608
47.4793734916144
47.9966453318577
52.2976956289093
53.8924812612741
46.4635833459537
47.8387251564249
46.3230824816427
47.5453503865011
50.6020587770011
44.5733929237981
51.3811913010985
48.7103442359284
50.0272900202305
44.4478442863465
50.0080165953087
54.1286179059747
46.4645691827149
53.2470649885585
44.4719172092337
48.3947526172742
53.4682869940601
44.9256492249452
49.9383729005457
48.4910133064613
50.6593643566321
50.4849859095837
48.165271000851
43.9310674472204
49.4752867915358
50.4606259303086
47.6422806486634
47.3371769115386
52.4066146905835
48.4298460989642
48.4031381603101
47.4813454154559
55.9181723042026
48.4701609780238
44.6869802045055
49.979480885199
49.7198421591976
60.6193303491349
49.6492873024379
47.4616376453178
59.3041240488633
45.117444764394
56.6046949886652
46.8814677980521
45.6213737229455
47.9071576480546
49.8224256472498
46.2931558304868
51.358171380506
59.9363229227952
44.3252781891712
46.4407409217856
48.4338742650098
46.139372417121
56.909990209183
56.0682530500339
49.2731600117081
62.4555215757338
47.8949361376424
48.125774548213
48.9575723617787
47.6694288369377
52.0098764588658
48.9604297683989
48.9052094504129
57.7726409693776
48.8209076256259
59.0406130641391
49.3327697728945
46.555328822111
50.2255109703965
52.4652176388831
48.158803400408
48.1695168015057
44.6482922521967
48.3367712933614
54.0870481796284
44.7763800419845
48.166766931434
48.019012155717
49.6272692618376
49.3499881091078
54.8036547537927
49.2254369848063
56.6987851972483
45.2584931762682
44.1329448953643
48.30470442228
45.6801025121823
46.6527342863372
51.0190545089488
49.0237469945057
51.1934100935805
50.1792842545863
47.5254463629879
49.0645636733998
48.8960825091805
50.3286426065017
47.8203070195025
46.4855773445128
48.4059049943899
53.9711903464251
48.2632172290862
51.4168357322265
58.9521445235485
56.6608297949929
62.0289994013236
57.0793103770747
56.4247557065265
45.9522017171204
59.3719157454551
46.5252338554356
53.935396582428
49.9798796583827
53.6281850446812
47.9034191809998
53.8086780605935
50.9129075750433
49.9313210220793
46.8533706852848
52.9941975896499
46.1792338079533
53.6127679905498
57.0105474071945
49.1561082124056
51.7886017922772
44.0907783252268
52.6500981847874
49.3277587688061
53.7232770930646
57.3497368587157
61.4085112810461
46.1804497601209
53.5967894043826
45.6826402880122
58.8852059484208
50.448607609237
52.1924912669284
50.7194491241984
58.2403662426357
50.9835490940566
43.9282164967659
49.4814528329742
57.0735140745009
48.778020353578
51.597932081884
55.5820716143532
47.4860433309226
43.9925323918348
43.9463005372707
52.7589095047306
44.1383764162615
55.9987694460741
49.187322792287
52.8868267876348
49.8964389915197
48.140372832508
48.4683969247974
52.0067949230002
47.9635904559668
50.6322709711834
54.0880612692856
44.5956621281179
52.9405133730764
49.0863023256335
48.018882669474
54.4885662010534
48.3944357204195
50.6950910673697
54.4182028903289
48.6028397523624
48.6412583982829
47.1032051080132
46.1724704542024
48.3495336462627
48.8741692951878
48.8218291908275
63.3619798127582
50.1422153327432
50.9889566802353
47.9987458890344
54.8850819093482
53.9955701173683
47.3796555250487
46.1611775783479
48.6666312217966
51.6534367944002
50.0786173039014
45.7783671113161
47.5689434198339
54.6107288737666
50.7131894247026
50.1734632522865
50.1762942341697
51.4896230321183
44.7578368241063
49.4916009447672
49.7192609295835
51.1593726350327
47.85116580575
50.0569778084805
50.8379975640439
43.4167312912344
47.8086212706898
48.1082349879702
47.3759032384912
45.7354834922849
50.5798819911865
45.11710549452
51.9157891241069
47.4574946602382
47.2129942557244
51.9358778921523
51.6866638215575
45.484681910278
55.671622676453
49.3592245884606
51.6188738398405
53.3764477124831
47.2731168994956
51.1811969552218
46.662179345923
48.4964799238513
49.4569764560946
47.351358164566
47.0727501015927
53.4504200061573
52.4530895996772
49.0772054619036
54.5233275436495
52.2157650289233
42.7574716116248
46.5780630660578
50.9770183702635
46.2112926182387
56.1748771883449
52.5921958973883
52.0991287257679
48.7673174343869
57.8323253720151
45.4239980131725
55.5305035912766
46.6118206966747
48.8851704075915
50.656256987146
57.8026662408591
54.3865576523788
46.7924042839248
52.8609792590215
53.428814548743
48.2084095004351
49.2690686174934
51.0925202154925
46.992516011737
52.1611164088949
52.1665475858601
46.3792762111242
44.5768089615933
46.1811142776957
54.0446422779097
51.0617157536492
47.244299930072
43.8523698164532
48.5430179734365
58.259970264414
52.8980622809925
55.0864861212706
47.3366881634653
52.8751288342108
48.6133010102698
51.1745647401654
66.3039705582637
49.8585681059839
44.7618575683414
54.8300809128844
52.8612273186757
51.2379895622655
52.761866764209
43.0682942540129
50.4994396936288
46.9942883091978
51.9803338353246
45.6356904053816
49.8073146063165
49.5276630839082
45.7223747264391
47.911673062943
50.3590692607071
47.0363057917432
45.3124045376998
50.3768698481454
59.9371890998827
56.4537536600419
49.2441471911875
58.1958248154227
45.1289813686576
47.7349302281581
48.5898918460737
48.5778714667877
46.8859400752046
49.5830767266343
45.3483323463112
53.5411737817562
45.4057222490436
50.8891965039957
54.1594597884483
45.224407322643
49.4178184467287
46.1126674747393
53.9134296380245
53.5355002705412
49.9763996855469
49.950690553178
45.1201464720696
46.4661045000436
49.4584381499973
49.2184896260922
48.4859391696684
48.4858889765655
46.8473774529885
48.9348960289294
47.6556283502021
43.7950288429337
47.9216243798822
47.7525780337728
47.5391644744875
46.9437368174709
49.1597304593633
49.5513328838262
45.8146959265324
55.3691857206579
55.596370844155
49.3016138626674
59.0176091958631
49.5873042602851
51.6412895368459
48.14554249893
48.9668647329886
63.7464619973864
50.8913030430697
48.5667376941801
49.7988312469604
44.0238136157035
44.7244307022429
58.4493358879765
54.5647755811259
46.6853890859314
43.4208118689624
50.360935426747
46.2532098423009
47.11739697635
46.0093426772556
52.4788173688551
52.0388837308079
46.5534865146035
49.4936878851552
47.047339723677
47.1513629681129
61.0608006786005
45.9535623198113
51.6236691694202
48.6504201579114
49.2086809186437
57.5685176717532
49.9397520212578
47.8881590783615
50.8845383593888
51.9485175330545
50.6921794864448
51.9588487030171
48.2795785699433
49.8502115294584
59.3185605184698
51.939328520816
46.8851754371683
48.9759180522563
57.15676258643
49.5237658605055
51.0016242894039
47.7835369238862
52.2432912809874
47.5399376432508
54.9484600672141
53.0484840368211
47.7036009637743
47.9715446179661
43.3958153037823
46.2795614965528
50.6573605897961
55.2383667009563
52.2204568165902
58.6906530080752
48.9293873383524
44.6579237962974
52.0625405353714
46.0484801969349
52.9347777670064
49.1697455622852
50.6609947455186
43.4169496615194
47.4216987706686
63.1935620186126
44.7753875890751
49.5321457466971
49.6734753790484
46.2465047021164
45.6764009385335
45.0796752305212
43.7600244126117
57.0560219798938
56.5666014517718
50.8565249250812
57.037723380707
53.2594999098201
57.1836055568554
53.1048803506248
50.6007378638047
54.194116555159
50.6623081779139
50.2871655157194
60.3211252590351
52.0119830315849
51.7573541617177
50.6634037619519
50.9298125509205
48.6457120850562
49.513619352025
47.6762301880442
48.4321646556393
54.0597641859786
49.7946406249578
48.8144725423599
55.6210360640748
49.2798502542303
47.3481785104206
52.188543095124
52.5176077032818
48.8995492240155
48.2329049006178
47.3864333526249
51.8216919251637
52.2424377487364
50.3590115972895
50.3175293312989
46.6399304655432
51.4083195364255
52.3488722202422
51.9665290383591
46.3619285905201
45.8893301541757
51.9146997203135
50.3355871413988
44.7185423716613
59.2326970146065
50.4210740573705
56.1052375201832
47.6159741964725
51.2734004960364
50.235791508397
47.2813100888397
47.6849263252491
54.1037917810099
49.3127204031988
49.8558977153339
51.0672235673594
49.4352350966084
49.3593008298265
50.4701318008192
54.1536865717275
50.1254993479298
50.0630137707685
49.3426988018996
61.0602331609138
56.4341097075622
52.1081367604009
52.4935095786451
53.3843025096825
51.5926356917968
45.3707815329395
51.5076139468834
53.561857453153
47.2921615822563
50.1264890537071
55.5399951880572
47.9585312669177
46.8460909923997
50.4534905090018
46.4206810702556
45.7504855563071
47.1870824516205
50.9716610242276
48.030522658049
48.0597222129095
45.5867725290382
54.492411466043
52.0958270355171
53.276321368752
49.0348262820876
58.6251329450196
56.2312869608438
49.3243806236114
45.7442527692112
49.3938310509812
54.241244069735
57.5041021212006
50.0208549479938
51.8688192979796
45.9082987480409
53.7489171602937
48.0798456912648
54.387288803984
48.5616342698991
51.8200540333925
49.4372734311649
51.1773329434313
51.4887694498791
50.3880498389655
55.4866037191756
49.0517733776518
49.8893937372752
46.4221294258993
47.8767654664969
54.9608353814621
57.2305742240224
51.213417156647
53.7215023660424
49.2243284472886
52.0397463989746
48.6911363240706
58.2096776369886
51.4335322457592
53.7069181581007
49.6587437024471
46.4966277683877
49.4407417859912
56.2753909933156
47.8864684327313
44.2141762480703
47.7689370810834
46.6619968791559
44.1193592574578
54.614894644943
45.0251675275151
45.0062864196738
51.4264409766598
46.0933083077935
51.5774945446164
49.4798608693121
45.0738708516214
50.6096682845601
48.9797897181394
50.0400545057853
52.9601227642808
47.0389859639678
46.4420397675228
50.1988776875296
52.7689396885412
50.3839744023182
57.8778983089121
51.8190296994094
51.3543914267046
53.7209301357881
47.13337652843
50.3678660617288
56.4232771853932
54.0862240089425
47.7267629164418
53.5467584021691
45.8402580731027
50.0991346039113
51.0901781027743
48.6964202300911
56.9061105086475
50.803613131702
51.2904273366825
48.9661530352409
48.3292663708133
50.3233072834749
48.4304061761013
47.4938470146989
49.7756854307801
61.117270794156
57.1047809157733
46.6895609649887
50.9147939445627
52.3023546386245
49.0653152153677
46.2352588050952
53.3627075624062
49.8212023215357
51.9377734723604
46.2074785482211
53.058416569051
46.6583365230742
48.4868585952541
49.0277787080837
43.9129415294694
49.715960458211
53.9886683769935
52.4950548198101
47.2045533108985
44.0319788446951
46.0230810281396
49.6716562034209
48.4709067261035
53.8369648082096
48.0487152345817
45.8979275810834
49.4051493178296
53.0761820235817
58.7899324280549
50.135406515606
55.0618276126395
48.3879145052089
53.4559468438948
49.3356488879256
53.9353120284912
56.812412978316
48.828538018395
48.3940083808815
53.6139594848898
46.3826852600276
47.7828314733379
45.4529926338396
52.4422675816405
56.314894980158
54.1822196011674
48.435320097544
45.2925124596373
48.3093600431624
53.6065653776571
48.4081962616738
47.3745762462743
50.1305188485452
49.521696077122
47.9251083608866
48.2045111703601
51.3878866132303
56.7518801050897
53.4793538920022
48.6363378507311
48.1730752817784
47.2277329418225
49.3250745953875
45.3150597554269
48.8000931697578
44.6302235645758
51.7823731594852
54.4840338556463
49.2617365162035
47.6643963214692
52.278440400689
52.8827122957865
51.1666785636578
54.6593969271585
46.3601557478447
49.8348415038106
51.8127581479413
56.0343331980027
52.5858495316592
55.958041421955
46.4055045262528
42.7434847232372
47.2034415299161
53.0604222437373
56.1356445278987
48.4421823514383
46.9279582947346
52.427039488157
46.0569433951692
45.7064559138767
55.5663593517587
50.8720354231666
48.4682865623097
48.1826854273041
46.1642744218366
45.0379652912501
60.8072416665719
45.964959555639
56.9424956659656
51.0073138281871
44.6203492671948
48.617514963661
48.6567168098746
51.3496751835013
49.6728888506924
48.4296430286088
44.4816720595985
48.9477647477186
47.9176261179565
49.9445436760292
45.6130904434904
52.8319786333701
43.6866623197395
62.0689092001784
57.6717372065481
50.3830569927908
61.6376323568491
45.3115983567353
52.5591027299323
48.4144994931031
49.6950126431076
49.0214596187587
54.4443438959576
47.4832420524727
52.6753268494991
46.3753720735735
53.9609930098256
48.0047505518356
52.0963752275812
55.0902321661669
49.0959083026432
53.9630363227384
58.0754566973047
47.3318755754888
46.7558550892522
52.2045008049941
49.53856818222
50.7675545176601
48.7146290214098
53.616711783234
51.2065923317327
57.4617565701447
53.5713486448153
58.7022177495734
45.0753427039507
49.9882087174778
46.2266666027079
55.2976513589842
52.1896968227716
56.5255770389782
46.7664393872256
46.4710146399365
52.8285123360442
52.8510161462278
53.1027647777843
49.6507600402591
51.3795231726077
51.6982259937781
45.0830637436653
50.223820259491
48.2602987460854
45.5166529327417
53.7908226709223
45.2013979020443
44.7742517587096
44.1420064870058
50.8332595416605
63.9034664833804
44.8007153878678
43.5396299532092
42.6241280207154
47.3379680672677
48.7423972450493
55.6183213930079
56.9743719302479
60.4548554572835
42.550694734158
48.9570000642431
48.8226504868976
49.3115923862277
47.8602038429011
45.7374536217044
54.3441730168774
58.1963447544539
43.8431895437403
58.0978764283336
46.6451590080492
55.0399198818626
54.9997733652299
47.1927084515599
52.8733898683251
52.8831089594675
44.6664737848684
60.0013511253767
46.4144994500012
50.2026262730809
52.5482217630676
41.8478812515754
48.5456222484739
51.6096073319152
48.7964031005163
56.5552757108457
49.2597852066435
45.3110592713912
51.3687253123009
55.0988197564061
50.4164517232926
48.6223318958027
47.218249544737
54.5723853462847
52.76224635387
50.2323602196416
55.8149530142278
50.5482195387567
50.0527116867669
44.873567619057
52.1889989319002
48.0272370353764
47.7270881809733
49.4656736697966
45.0211593538384
47.3237071160964
45.7934436879939
47.4150314799094
47.0473945276738
48.5263523016002
46.2010931751731
56.3716362360249
44.9996317303403
53.0543208989238
52.3536757796709
49.8052921856942
49.2684348153868
47.7657465771064
55.9235099026284
44.5872331369287
53.1766750507701
44.8736345347008
60.8441896195914
44.9347594907837
52.5362843696372
54.3714164360964
44.9226368214796
58.5999612845915
45.352138419918
50.9456902266879
55.111392762158
56.2490685134718
54.8992437407572
53.4268047121106
46.8738132480579
44.2137588214276
46.7250829332516
53.1176080542197
44.8933294803261
50.9749919439509
45.835016922563
53.7085255215023
47.0111234941932
51.6839241413832
45.794839881766
52.9000035723217
47.952914391521
51.2223003108712
53.6698770883921
47.4083247176786
55.4790848266912
46.793770793744
58.0732268432002
48.9955647231487
49.9938512447999
58.5372587103457
47.5006754121421
51.6885904768478
53.7080743275918
46.70162039894
47.7923651096953
57.6689634071495
49.4599302883301
55.702078791935
50.1728557401223
51.1457975691654
47.6041864390242
49.1332385630852
48.0628802787035
47.8118058887703
46.1656696029437
45.5712586922617
49.4218305883196
54.5052508084222
45.5132922377961
47.1707102470689
46.6117740513881
49.7179943211966
46.2053471081765
54.8967769491525
44.5919669472074
51.2268146014661
49.4134631160961
51.7446424684324
48.5616049037672
57.2434262289373
56.5133036369703
45.6594331748798
59.2526311557433
48.5828922603793
52.3259020454536
45.4644466751776
45.3487573282827
47.107284578247
63.4936432689631
53.5312620146494
47.2673806324463
55.3885797754487
54.2252998721509
53.4493539076204
45.7748998476035
55.1773747070025
50.6690800570338
54.3997700529276
49.8085330201271
48.98311565414
46.7408261166035
49.5414475667886
55.5266508560002
47.7901652180324
55.3077275240143
53.2757916191423
46.7923335616089
46.3568946766973
49.3160183505585
48.1984652115711
51.4817567622186
47.8413735828144
47.9724773683633
52.4372683748355
49.9446346525433
53.8783519788533
49.3329958932086
45.1229019070011
57.9256923035443
48.7076410353147
53.2968090457854
56.0198772070965
52.8074591596029
56.38303900843
49.7710375868032
45.4732828550753
43.0543212787393
44.9905679907337
52.0855478788103
46.2199463082971
46.4237538856603
51.2918923993954
55.4462911656767
46.755228274388
53.1267948447027
49.5105117901089
45.3724672535812
47.452223386612
48.8561404390831
50.5602402422012
45.424921236499
45.582286022259
44.3554582675329
47.3715686153218
44.5781187325818
49.9203604613533
54.0755705180122
57.5012562883264
49.2088333927016
51.9741330416777
70.3361452462356
53.2609618228886
50.1895322486423
47.6499467413587
47.4945263171451
53.2917187428312
50.8900278385857
47.9616247414364
55.6154579409058
48.9483564911235
45.4344041072327
49.2764975954372
46.9089985896203
53.6228586486168
50.0561617894155
50.9860788900803
45.1480621043697
48.5835516798038
53.5231553637863
50.1746763221743
48.7031535781096
57.3280834520112
44.5272460464816
52.0269289949241
48.4156389959355
49.689878369958
58.0335695538287
48.0104295478498
49.5838629692595
48.6530552824252
50.7776974532884
52.5424295181587
50.0862086882597
53.6820666364953
52.5795115800545
58.278860759079
49.4282143074156
50.4491532762875
51.2046993359584
49.0287010950474
48.1121166583061
47.723855456267
52.9216462158899
48.2274242594376
49.1349851929027
55.6640167353702
54.4134619271111
52.2517373229957
46.4006011912094
61.9634038269565
55.328008500627
49.1391985796933
45.09436199552
46.4978484852579
47.8002479265745
54.2265717474785
48.1289115377963
50.0119489710118
54.8285249155457
44.6199381056786
57.6755938963971
58.5356532823547
62.3993822740327
54.8183121698869
51.3449597745175
49.1376437539373
44.5848388866519
50.4759045908942
51.5281351624989
48.481769234023
54.3006903683862
46.9308601854058
49.6568164270109
54.9581901445759
48.1682845271143
50.1672955563666
52.3872680220195
48.3403922860701
46.2319765457221
52.0774960380132
44.7125613454727
46.7448624290944
49.3524403491499
45.8166314248225
52.1455923424675
48.9711193262769
48.423723249957
48.4765298858057
51.7040153718163
45.1857687572897
46.5960625624759
51.1372629439036
61.0334738355093
50.0719819986866
50.658269056103
57.2490799016217
47.9911226385569
50.9479694109488
