52.5789111585388
48.6502288845227
44.1211526701351
54.0107099058477
46.4009498184652
43.0404968161992
45.6915863927474
50.2488314357452
49.3400929489649
52.5236216157168
45.9743549388464
48.6662681554822
49.7155163145297
50.0906245892112
48.4799486142042
47.0152401088843
58.4552678430707
48.3400806434691
52.5871619437148
55.9843975566936
46.1107920601284
51.2567971140111
51.1301145329709
53.5861914963459
56.0490654702099
49.886873861372
44.4786801733218
47.420935724909
46.2329056268647
51.9895364387811
43.5351181241625
48.0091805671225
57.183518359151
45.2853192064342
47.3516332417961
58.5062903024948
48.8096030521422
45.2176927923913
46.3877194196505
52.3246199968459
49.7437548553078
47.3132806688094
55.9565847349018
45.0702322604411
51.0419471009845
48.5060718984367
48.3698503386656
57.9270354030956
45.2581844486223
50.245766187919
48.0473499330767
52.6964146417796
56.8470533268722
49.5958792067033
52.2774236185918
51.3630415625669
48.7627810319846
51.1821471434663
53.6714680477729
49.7272266724205
53.3375570033638
48.001637056226
52.9866887861969
62.3627486621439
48.4261353172221
52.5426636607509
47.2884148522298
48.177286456945
54.2785086534556
50.3552798864694
49.5487867858665
57.0949772282263
45.023019429599
50.9554342305224
55.5053512341665
47.2164412857108
58.6706327361402
48.6484287002224
50.8159154659204
44.9229897839985
57.4923133576628
56.0448382648291
51.3939949323385
44.8175174699713
47.3746534033319
61.4377704647404
45.1275810791304
45.7645839227319
48.7618353416462
46.8279306282252
53.4317354158571
55.3469841933395
48.3831362908598
51.5630233761856
52.2850188527821
54.1137385849615
46.9943380064766
44.688262767704
52.6187634287959
51.7691460620976
46.7868977527878
46.9801647879396
47.1035926559441
53.4559435744668
50.3759955064565
49.6141165420759
49.4122611113612
46.4058005779893
55.0658554292995
49.1884687323992
50.0834419505907
45.7877760162085
50.58932244024
49.3301499701641
51.2569434933774
51.128817114075
45.3706565046193
49.41875119521
52.1151957167473
52.9841123373473
54.0655472737351
51.4664406444058
47.0899205365975
52.2643386018231
46.5521981042509
55.9531469717109
51.4529169830819
53.1937904361534
51.329091964284
44.5696536795409
51.9495746835147
45.4006563144214
48.6854036931019
48.1452026080915
48.3141845819911
43.3488721690206
51.3103168210765
42.1023123691023
50.3058078740223
44.4838585004243
50.3644504782974
51.193924277966
48.8833847746796
52.8181411820077
54.2201289581903
50.1846536845145
56.1085580569674
49.8210645253496
51.2051472586655
44.1484508817946
45.4665030684039
56.9834719841658
47.6898957049695
50.819487567462
47.7349102178427
45.0614014373731
58.2161123826814
52.1342178534952
57.3029572447943
52.8489020316643
47.5250045073134
45.2899994058483
44.4063738043648
45.2892668598232
44.2768346732063
47.8427262979147
50.5428847960271
48.9556084164936
50.0976652914263
47.9752634195997
51.2323676711608
56.4372989944926
50.6710934961609
49.3182268587853
62.0837066493118
52.1479438059365
55.9221576426329
52.8599397966574
51.0862147005597
52.6821423837892
52.6518319849183
49.5471542843663
56.6850817979959
49.8609368465652
49.1461439902655
51.263008462796
52.3106235351545
45.4277109321986
70.8421762445336
54.5815649578306
52.0276012447892
51.9448949862978
46.5758109812539
51.9233118625851
48.2389326563183
50.6863792570679
59.1986092496179
45.4687881121768
46.7157278304362
44.6715524830731
55.8451003200469
57.5517456687697
46.7521082755895
44.6982245930521
49.7992052118494
46.2558164222792
60.1066409027324
50.6914829735186
44.7454353853901
44.7529940671614
44.6332685856618
61.0697665728145
43.5548890852353
55.3428519635127
48.9605755882519
47.5353678511633
55.5137462211265
52.5267924654969
45.1151810024055
54.7567760037428
46.9607137092645
43.9755093867612
49.7407157235636
56.0104379102211
51.5073598790447
50.1683550712808
52.7591809189813
48.2133281715205
52.8520126468965
49.7678609702682
57.5564622040295
50.4336666118002
54.3834699736639
50.5286050909315
56.8482962437562
49.2352321587971
49.1818651634241
46.2318220346861
46.9481401061464
45.5883284881258
51.2786833926833
50.1330545152772
52.2878311901235
52.6421850432422
51.2201478389953
47.9184488039384
46.8951223509166
44.7758647252004
53.540119384396
51.5461411511092
47.8342900598892
47.5522049399684
49.7341573354319
48.1174131004443
52.0600573789235
46.5197368419087
54.0655825947317
45.0650304735998
48.9344229085956
49.4578944720705
46.436148390512
46.5800818321137
48.945718355234
54.4998838011134
44.5761681824984
44.8120162807423
51.7380982612349
48.3833535444249
54.1796644529944
45.266981037567
54.6863363499023
46.1033081717426
48.2493834654604
49.871316070087
52.7124223767879
57.0726792336758
45.6404128904781
63.4117711533318
45.9439542970714
49.7471405462912
45.8042384944166
47.615764011402
48.529681215611
52.8800295614011
46.7802118637919
58.6277428069491
50.5122671130955
47.5589351705908
44.8280162014047
56.3655145854109
47.7816861520016
51.3071081067101
54.7384524168004
53.3280165972182
46.7656052941242
56.3739788094301
48.4320947231234
48.9906147281529
47.7825889901116
59.4357049003661
52.7548957739379
58.9155465292245
55.3997980247531
50.6861934107494
49.9354760926623
46.8139552841274
58.1351614242095
48.306459521977
46.7497280001866
51.1092469228361
48.6260019448806
47.4739867437341
47.3506646661595
53.3976632727114
48.5585143542285
48.357498712683
50.287772798511
55.8568917990835
52.5469228938163
50.7889569292964
42.651325679084
50.1264686264613
52.3192241006696
49.2990982399341
44.252869149419
47.5404430144352
51.7376890344943
51.96259844992
56.0938780601642
53.0762407931124
50.3738884385483
54.1148833422485
48.4403416136161
50.5354408519101
45.1950675410685
49.9573879205085
50.2533200731912
45.3644236671594
46.8634820888747
47.1760650184503
53.7286213972381
65.9459112757341
49.1928946129158
51.9342497781671
46.5624729667989
47.023632020681
51.09081410099
58.2906706005128
45.9069140104198
49.3943105221836
51.4774584310063
52.0405979854342
57.9324729613507
43.9508463892051
51.4658788716609
51.5635274364104
46.4251992517049
49.1283347588422
55.2565032657575
47.1318948977976
48.6504012164487
51.4348988225813
50.353967037266
54.4818918889086
44.0594291258085
49.7247247817333
49.2065987265982
50.2375724673462
48.4214723497184
46.3793963931665
50.8987535414651
49.4352128986135
46.0856753869354
46.2245994861477
43.6521400307913
47.6550401621231
47.4117408856968
49.0793996331872
55.5276882969377
47.2641695684389
50.1352733665584
55.8971319085132
47.1232850522529
50.919184917167
51.8459337913853
52.7796702292505
69.5375380395831
51.743872434286
50.5444905759124
48.073970629416
53.8492058009687
53.5000366694012
48.4564170083829
54.1002653824912
50.367937888717
48.4872389255658
51.756837409994
59.7485345428071
51.0515237258186
48.3590857839622
48.3698188577218
46.4466764918708
51.2866095534239
47.4030394950483
45.892326054811
48.989782582648
56.230679194291
47.9024809656358
51.726394570371
53.8144644772792
44.2579751743803
52.7950074219902
59.2095017403058
48.5469727837783
46.6442404009641
51.9227867251309
45.3031216355419
49.5364831614093
51.3763236478041
49.4035622125387
47.1039332209241
62.904766392475
47.2987634987602
43.7973771232245
50.7403690725552
42.1146475307619
45.8402687315703
51.8799753408388
46.5263788751589
55.9310373350647
53.7259103000211
48.2540434696182
47.9263521403657
48.7232257457947
45.5894957049353
47.6467158061882
49.8993454100343
48.6178910074456
43.4239701925006
55.3362741779809
48.7071038190491
46.2615019789112
54.6791017280126
54.9759133152725
44.0176504570928
47.4691295427169
44.9982665906298
51.6835709515422
48.9157958249641
49.3105256653941
51.0171431732613
55.5695627962324
48.2902869636705
46.3716821337138
49.9095977354219
50.1100636935555
50.916752662721
46.4959778972261
45.2111172785758
50.1593936414992
49.2805004849625
52.7618138712179
44.7396192198395
51.1142571122905
51.7944086217618
53.2045808754087
52.3880258622998
50.5115960603156
59.5811902924603
46.3332460258144
57.4344025178963
45.065080293642
51.4649812583349
47.8180254252569
53.0158045068884
49.5116630519725
47.5040136219574
45.172311639506
56.9421297657972
52.2189543406267
52.104606641245
49.4520689051875
49.2002226635547
48.6849139110517
47.5800027119735
48.3698417673455
57.4209798120774
46.926406816483
50.1469395937886
46.2087358453398
50.8757856072306
51.0505443563506
49.9301674020971
52.4302246804418
48.0587131365701
46.856147041363
51.6568230688815
49.4401586206882
48.9023363966647
45.2145837931716
54.5137737047029
53.2825417109397
47.3078530666279
43.8127774522579
62.2052803907401
48.1715377475331
63.1909796822899
44.8325934288561
56.1039667224705
51.3107880041148
46.593320834103
54.1077182187995
47.6900872813343
55.1932109387899
57.342610954197
47.4863202840742
49.1306413187397
44.5715301876901
54.7213087688731
55.0339888764487
57.3165182827828
50.6105160829628
45.4301178334093
55.6927894820482
46.6272419114244
49.1082519899832
52.0336750327169
49.4892428729967
48.3269890335208
51.6251195588449
47.9932319750333
47.9439001183339
48.8279992569485
45.6043535278058
50.2183954762103
51.6087373290892
54.5751979031388
50.889646867865
54.4148412233562
53.5161828394373
49.8262288388996
57.9501861247361
42.0220543739106
47.4978838971843
50.8809062681559
56.0862273300217
52.4239966406528
57.1240486355761
47.4183987452142
48.5586963344488
48.9132008781317
49.8935150496924
55.7909255824702
50.3068099054242
43.8945558249634
51.5817621024332
48.167055489512
62.1945401991983
48.3145214489261
51.4685838271386
45.6275011522389
57.9015321193271
48.606622717639
47.7874126500488
48.827133440726
47.9706662807248
51.4599452416526
44.9720617712467
48.3844675804344
55.7776472571415
53.0303305930706
57.4949328087625
44.0685397776772
53.9692171553747
45.3851543810672
44.6913647519188
48.7996628742852
45.1797045520468
54.4022064507384
55.1959433882245
50.6824628674239
45.6307196572033
47.076823126502
44.8137136004004
51.8138194503911
47.8076266919375
46.4401501186818
48.7701656731173
49.0524406126121
60.6253799135499
50.2547207968547
50.92541979246
51.1527343014005
47.1662844873247
44.3120460343933
47.2171485717396
44.9037924954975
50.8815864132055
49.6937375985673
51.4952221385929
47.1607096650807
50.749500295401
49.8631279467062
43.468240438744
52.0596218824987
54.6035539617438
48.845877548586
49.947278255703
52.7782757977912
68.2520047792003
47.1062137176295
50.1257350390801
50.3405384247947
49.6116028113003
48.7344374866068
45.9305967265516
48.7531224432967
48.8536430562573
49.9283411978616
46.49481958353
47.7971659435755
49.5887665577188
43.9614294061566
55.6955704452434
52.2669136265197
54.6697116293036
49.0995883822012
56.8741090514336
50.3473298797222
51.196251855572
45.8717092725297
54.9432093467405
48.8881580360944
56.1979829474528
46.7583277692147
52.8562276995107
43.3096471924305
49.454117051591
53.9870512782363
46.1314656840021
53.1731554508592
59.7550331835041
46.8336688495706
50.8710248366617
43.5932314376301
46.1737252285828
53.1497840957336
50.8147560044852
50.8549060241493
46.400793382568
46.5650658739452
45.9896357933214
50.8230669800438
47.0735652197564
48.0778075936718
44.8378607336517
53.7843160075001
47.3487398750685
49.2664834388895
52.2354953123997
47.7785619858539
44.3861221571055
46.1332135866942
45.4784953144547
53.5100678259494
54.0484292590101
49.7345305936364
52.4808556319693
47.0823571697309
50.3384424007471
49.4438481575092
47.4584779927194
46.2053740494866
49.1033747327997
61.5645892990031
51.5214922787568
53.4502632637192
47.7339341126245
45.5417628776212
47.8738131258374
50.4713373415429
45.8094634014281
47.9128669896323
51.7811331002603
51.4620253038685
49.8652802014106
55.9537853229169
58.1288895849177
48.1773034356068
44.9705557093765
49.8412465631568
49.216723970713
46.8071815895588
47.3281062556798
47.9926952414105
56.3643828439284
50.3057095535144
44.0285867304415
54.1177969275009
55.8627881771349
65.4244113150891
53.6711987685504
51.7546851921023
47.3465480812805
46.3727519394314
49.6686313274976
48.1996730609194
57.8849531953214
50.7612564488633
50.9197481597831
60.4463783866907
46.330265262053
44.2710936131662
46.2861002075512
46.8020429334217
66.3510557953214
46.8729323979567
47.9811378736206
43.167778254085
61.2216716284322
59.0447790985894
51.7047731168617
46.1242368484026
49.9318425884286
48.3714336375348
45.8866211322596
46.1916267361742
47.8074853379932
50.5081420330899
49.1070378419944
44.2197058845714
51.6799246306483
49.5133797059216
44.071946004423
51.9428555091014
50.7831508255996
52.1675870043889
43.220008761763
53.1248164863567
56.463963559151
51.904048104045
54.3183262294222
52.7702701082041
55.0166844953567
54.6211859613864
54.9332352161382
56.8748478094544
43.3533556278656
59.4941898474464
47.0491164145093
49.8232170028976
49.7442965428389
54.2481977252909
52.6129087407679
50.0652953157648
51.8237270477222
53.1950967501434
45.4629871732465
53.9995406715454
51.8374853312489
50.2414301435361
48.0702513306598
54.8152185659221
50.3631338380381
50.9739141881232
44.6960399205317
49.3334692436203
47.427288978374
46.1943269790374
46.5768991396333
43.6646226764597
53.4407597060598
52.4504983909128
49.1319104814035
45.3761428866157
53.7959373762744
42.4846006757815
47.9642251902105
45.8623728062064
56.0285879225925
47.8143671700309
60.1520793175217
53.9717215930447
55.3567077631376
43.6976636042485
46.5464897820408
50.6476387382882
50.1356830823424
51.9611941949702
59.0303398240843
50.6158331803778
52.4551340679978
53.3869532164071
53.0046597393531
56.5056939529161
50.1075163274112
55.4059653963621
50.9970751420146
51.9602131828316
47.8860904534003
46.057515578211
50.4992891412526
45.255322423392
51.5751255259738
49.0175242146723
49.4467041429355
48.5414807330155
55.1053200321341
44.7897103765172
45.6736088198274
51.8100556027585
51.7955221233628
46.411138444459
44.4855914698034
50.4193132416524
48.4578740668069
62.0121222457021
49.3565965347309
46.3870447601392
49.328353730069
51.443669588789
52.2947879723587
47.4230865508199
51.196533972351
51.1599412106135
54.7175397646682
51.4899494528987
59.6824085601951
47.4478459437085
56.4993515222845
47.493741784284
49.2213333593753
51.0850881469669
54.9469137854886
58.8606191332951
51.0590747884225
49.4913649665515
53.3858173148245
60.634809292665
49.1606011076288
50.6289164288173
55.4744406916605
46.937931235657
52.5964158865536
46.9613906238439
45.2275016229426
46.6286731105707
54.6938103508216
49.4100847787799
51.5121494269533
46.3796163933591
44.8881477172131
44.6287123653631
54.9453657765391
46.4462856037134
48.4478792137168
49.845645923594
45.4767040953723
56.1473057688651
50.2874814327576
50.5777733128159
48.0524219326295
47.0034382172365
48.7520433136115
43.44798013742
52.2535518000645
47.5567774287867
48.0747277383589
56.275609690424
56.1423936272577
50.492844637606
44.0686285816852
52.4551702552953
49.6328238541856
47.4279294292875
54.4921007090443
52.7010389047756
51.8776023537609
45.2831367459663
46.454870844218
53.0600629664272
46.1190740624687
50.552094544793
45.9520771205055
54.7967638630434
54.2214647493455
54.6978236782923
55.0346950661516
51.3792363791622
51.378543050704
51.1893734437497
57.7290632476488
46.7491918294572
44.8305850699737
54.3284182164871
54.4947170374328
51.498989671251
49.3236737837904
46.1823230699166
48.9174708989605
45.1843709121628
54.7904554103231
61.8851343923713
55.2286815229615
48.3887716301097
52.9822767345515
53.5714566626307
55.2076160069742
54.2120148079069
49.0185900311758
48.5325076408945
47.7137473639806
54.0348958417028
48.5755403092703
55.2011464346728
47.4319935741254
46.6299050880571
45.6385849613591
55.2560343042299
47.8775238430871
48.1681513004571
49.2667823026746
48.484711827709
47.6924851347019
51.765979985434
50.8819733953951
47.9204202338454
51.3304077481551
45.3502018783332
49.1289585279768
52.1631603682963
44.5474465025993
49.2327275018236
45.895423114509
50.5030778636938
44.1309051995515
50.1969846044976
52.206276944706
47.8707611355058
50.4400745644375
48.4799104504163
67.5709699474325
47.6455896342375
59.5581823557108
46.5071162291544
45.1140525324893
50.454391545311
43.1935673632286
44.0505537926271
61.8986448601512
60.0154274172637
52.7821956569294
50.2230049042038
50.2546721913919
54.4077063015436
46.0908167452998
48.1122743943545
51.9442667509299
53.755696962349
50.5592245761031
49.407494010548
55.4830716012073
56.1914701284202
45.7129403008534
56.5206088299791
49.5237280927646
47.7116766435906
53.9356208538473
46.2061843531566
47.6710129005216
52.1482375279195
48.8861752018399
48.8320554743063
51.5556013192765
58.6654890834124
54.835333968916
50.9292945354765
49.8705685175328
47.6078100210305
50.176129533291
52.9783545850701
57.150708883072
53.4746394879728
49.0878610568352
47.3293809199244
51.2756084173321
51.0904084740606
50.4445643419281
59.0720974561209
46.6410518571574
50.0062656196332
54.4136145572772
52.374960322959
45.1987546090319
50.0931904330196
46.2182422203048
52.4989578785993
49.9442298345883
53.6315084894864
45.2461097433712
53.7478543673388
44.715570171094
48.4169276017195
45.3819478594616
46.4354428145389
49.772668301132
51.6567018971935
54.3841273264092
46.2612366417596
53.0027340635209
53.6773291524756
44.2606672059024
46.0233135246088
51.930456501282
45.3419399090506
49.4277387195321
48.9549430898842
52.383896116836
48.5885311595216
45.3810344089631
48.6582029271585
50.1996120550444
43.1181135606701
47.5932605740115
52.7996180347264
54.6062354483499
54.3252879110304
52.8482536579036
47.2166753927823
54.5570014166861
43.3027049078107
48.2115643279314
56.2315039880409
55.7893216479722
54.1668258383324
50.1000658104289
48.5661419275464
48.8444806180424
50.5266424720777
50.2816788913217
47.9858368464853
53.0029670242323
53.1877378123549
46.9669959689431
55.7422374409479
60.5119272138444
50.1832575120651
48.8276822112035
53.6296105518637
44.4956899543888
51.5216015888472
45.0742279235267
51.9987608009257
59.5505754144141
48.5450331400035
47.3749668715493
49.3792225457142
52.2838977107509
50.3053606913367
46.2228873022621
53.1737928303038
49.5212320381941
49.934977405384
50.2475906663093
47.9007606594463
47.4026628617246
53.738003814653
51.0516296572904
50.9062024387555
51.1500172132079
47.8269156562967
49.5116155622953
49.0158890291527
48.9808993932334
53.1248712330658
46.6999716719433
46.6124993403447
52.571713175955
47.0583230889306
46.478776541232
51.005328521833
49.4091712117049
47.5106343702177
50.2735722791928
49.3134528830013
48.3670720348979
44.8504502867285
45.7020120391
53.1972699921164
45.286172640159
47.2110107111916
56.5593159559137
47.2071342001131
51.5671537470099
52.4148193565858
45.482269732869
47.054422103506
47.7448198863925
49.3836065530032
46.0128313234212
48.8523121204945
44.2323286499632
48.8703469916386
55.1755879928224
49.7262128703856
52.427656117434
48.4150402959972
51.0938420885649
49.7213683536763
45.7336416451031
51.8850767400767
53.4369826748148
45.685127842482
49.5948326015134
54.0660826815169
46.3119282422054
47.8736879723932
51.0861402091107
56.5034020079907
55.9828021353715
55.6587967067832
45.9159296683231
48.4497316447643
49.9064438110472
57.3531050634259
47.0983911337368
45.5553672542956
44.9486905306093
49.2707697942151
49.3043983866323
47.5282365971117
45.924224171567
51.2302400025318
46.8815620059769
47.9198554372445
55.0418776132986
48.0264169889484
50.5455473322719
45.3295304746359
55.3321404700677
46.4720732207398
49.9086505470377
48.2701374955285
47.3297275733206
54.2356557602158
50.6040027317598
46.5061120140665
45.4352003713178
44.8084974404893
46.6196221188608
50.488361763606
59.913873504707
44.3174950499363
44.7212867187913
49.9952656719814
45.0526327104667
47.4149208737812
44.8093604022486
53.2922561888871
53.9845740643064
44.322687943051
50.6347086062467
48.7431893946293
49.9904846164671
46.9463206338033
49.6456444683386
56.6336806986105
50.3227578551876
46.8469697825401
49.1499185077399
54.4620305223106
45.2600117639891
45.6922505361638
45.2669195607053
54.7122860958579
58.5820607650318
47.7457149623344
55.1371114593863
51.8874673033409
46.3032961284728
47.2655731285686
47.7648121368295
50.3245472257792
53.2268333302489
47.7692829016466
49.6519371061054
60.2303667784371
57.9273512113768
45.6083849735571
47.5395882247095
53.0534265401039
63.7667276918605
48.9408182204556
50.2601766393996
45.5262609137599
51.9571810178624
46.3369342017581
47.2070868609604
46.0978930753657
48.7296937793369
49.0389560935504
53.9715842400868
52.670566182409
54.8784214743442
48.3829663081551
46.9614126974975
45.2463409334582
51.37452141492
48.9971771928422
53.6106290243446
49.7772516848894
53.2932353449004
50.7135942514894
56.4016356155687
52.060841798597
51.5541736517996
50.7242376051408
46.0618276105343
56.4276244884277
50.1251467054754
48.4293615767192
51.9712833288675
46.84731171393
54.6330601854765
44.9761760740416
49.4059092364179
48.0369876440158
47.7428372713097
49.00192002675
49.5261784742296
50.4210880552288
43.8888334071943
44.8502373736847
51.7785173061077
49.3687209927891
51.789892964999
56.1600739171513
54.4823670681922
52.8294153067344
48.832639855567
47.3601713162783
47.9660718374186
52.9066702888724
53.4531155695276
44.0501093109128
47.6830741875216
47.3798789783908
53.5924448619385
48.5371152120021
50.9397441737114
50.8625180379641
57.7635102488774
48.0221246473437
50.2107211449279
47.4268448524612
43.6382817243194
52.2223635274394
47.5276712763127
59.4412960994182
46.950627651529
46.7602822302406
55.8256028638183
52.6527984603264
48.8087272348128
47.6269582690871
50.2842395535107
47.9478677755399
57.192859272264
51.4950685258038
48.9599279961924
45.951139109919
44.488273452511
54.3294487707006
52.1903691043727
56.9617713819155
51.7189191426743
50.785528263457
49.8802077711031
45.8558140325627
45.519441295908
48.5978851175945
57.9572415809978
45.1123101195235
50.3038688472447
51.1752368914613
45.5382692562355
43.9235790052521
44.7583265256273
47.5925040955503
51.44119767865
44.2664413456396
47.6526688393222
49.0977369670256
47.6070789418127
43.4906033596186
55.0066511250916
45.3103153910431
50.8979418744968
49.4317720311237
46.5377389172672
66.3073305938172
54.2849272714016
45.6749067213981
53.538112281956
53.2347759466662
50.7208185007746
51.0053617068869
51.4447312133931
45.3070137868008
53.6895106322886
50.3277251402486
50.5818293159862
48.3415578266968
44.177121128106
45.8620099657361
46.9061605532702
47.6856280656787
52.6275131902259
57.9365063231181
50.2754867880516
51.8277980394914
62.6261636724456
49.3154506137286
45.8414648027279
46.7079807549999
50.161722149021
49.2285273571955
50.8108399627237
47.3342360050721
53.0223616818937
48.0809932843723
57.8118332527124
48.5738489551224
44.2769654602851
47.0191365796108
49.7832680083685
54.612222942845
50.2746068595638
45.7754952666948
49.9732993365696
47.6371068963228
46.9263009140251
52.296191326298
50.9224442866562
52.6505985664962
54.8147249643004
55.2124359377785
46.6901075834463
51.4750279565065
44.8331383911476
50.0820815949474
53.2006995545322
44.281213144829
47.8003856832628
53.4248634134586
54.0164328462648
62.7232697115362
55.066181909976
52.5671685469608
47.0284904459603
42.8636191342193
54.3534344945006
51.8295829967412
43.6075022523741
57.3155101794386
46.7421189788376
51.8611311919394
48.156105365344
48.0911949834877
45.6824423938029
52.0818242977385
53.9731794516118
46.2076630471832
48.7124386944263
49.3344699432187
49.0564906975708
51.1675698804038
50.1826539610699
45.715884601506
45.5892681767767
46.1909776245866
65.0637646171469
52.9815276206183
46.2481691017859
51.5663225929706
55.7773043123027
50.9159144151809
51.8313660956762
45.2128614263211
54.2785572371544
52.8757637371792
49.4864264881233
53.3017976899633
49.0540998804017
58.6949754483104
49.2224077656112
48.9622936219157
47.4156269137122
55.1995165740971
50.6680122873334
48.1228723780294
49.34754381383
59.4588460171668
50.1664918989037
50.0584922433909
54.9557926663048
49.8633351064109
51.1964263366245
53.2077821497324
45.2262021770004
46.8946018843141
51.2279610704565
57.6544351293444
53.5361670220911
51.8454643773678
48.7086971262984
44.6001041232015
48.6204655605022
47.792619580371
48.2806130192829
51.1567416925669
46.4944636429989
47.9072726358766
46.2452681124128
53.4102505469965
45.039141921826
51.9416377078739
48.9138201805655
55.9102141835917
48.950294689795
47.0479627583452
44.7422516317882
46.948776676987
50.3708584678792
52.0355972654199
46.7528692291475
47.2934852003067
48.3779402445257
51.9340572374885
51.767709930543
51.0656203078431
45.2778823638043
45.9346441215827
53.5989714483315
46.8534839052555
45.5286102187423
52.3048848761296
69.7962409284153
53.1321851914229
54.17266893545
46.6450955059973
45.170422727359
52.7840256671534
51.099615741656
43.820194433251
44.5402006779923
43.8301223165111
52.7676103415369
49.1509216309191
53.6182610150123
49.1765191122076
54.4203978138344
46.87414873723
45.216897121759
50.4893900015083
50.5727810519163
52.5717121436589
43.2942690706475
52.9516428581126
49.4245446740581
52.0137458911051
49.8337832682123
56.9596726749347
47.2685699200356
58.5846878728827
53.2586907252977
44.2461376235917
45.3123518864743
50.9688525832766
47.1397483659046
52.2748082176802
43.6411767560515
52.0530412367218
46.5729864877037
52.7928010037986
44.2822763895783
53.8132721734396
46.6421884786464
45.6064218567799
47.0952004674866
47.4628100181076
51.0652236611831
50.571557900504
54.1855012170306
54.22791632977
44.4053102098703
46.7301633069575
52.7979349050838
48.9033780943712
50.6634728918291
43.5640696645641
45.356890382382
53.2398374121024
49.6150003145819
45.3456459265646
59.7424207847938
46.6535137658472
43.7418090107516
49.8258077762042
63.2958167796733
49.0127986547648
43.9656339926132
52.6006161399477
52.2827250624154
46.5479897528743
45.0658279288803
49.5924102768854
51.1550724580288
53.7880142044885
56.9876127192893
58.5719781602253
46.1333066482204
56.9030250622183
54.5841325427728
51.1152933659506
46.9231216796982
45.7245863600589
51.8166998087757
49.7899129897568
50.2812156563091
49.2332858658415
46.9090278477311
51.4482823304381
51.1314755966133
63.7912536656884
43.8481171682434
45.6733076296068
47.4364702975359
51.8657105080157
45.2811427030334
57.0272529463149
45.7232949153815
50.4039523222032
49.798402421003
52.9983793166184
58.7471474518354
45.4937049918517
50.9330609738945
58.47769621015
44.3567830636813
52.6840503312353
48.4274326994978
47.239461101835
52.3009654105636
47.9327157256634
45.1172219616812
51.6963567794766
54.2764023955682
49.0203232682725
57.1421716899898
49.4264670291038
52.1817403143393
58.2955408075617
52.4251762393318
54.0987757305153
51.6133666531733
53.7709242776443
48.1325116119534
50.9956187515944
43.3843005589767
51.5503957005592
49.9611731605505
47.5618166073725
47.553730276989
49.6388951639045
44.3261205964801
52.413125839618
49.6489410552359
52.4226326410898
49.3561222473558
55.1182217518316
52.0518398492282
48.2096987351723
51.5299298298501
50.9675728325967
49.2267041720805
47.9174631063091
46.431967187249
47.7522984146343
46.3381408095316
61.3709755799414
49.7867147420829
49.9698250347378
45.6588307912962
53.361054897294
48.968547037236
43.7284822671505
50.0286215555324
43.1535027911733
47.4070513812182
48.3875861786208
47.0100342274859
51.2219725745418
44.2476006015014
50.8392974700849
46.5023211298458
53.7560512539894
45.4614867922274
57.5996766594739
46.2754504289192
60.5223318796241
46.3428416552988
51.1655606045869
51.4828058962183
50.065364627879
43.849535183267
51.4027538524291
47.5270085088726
48.2422620754939
55.8127445914892
58.2895589707558
47.124495465386
51.2700432748038
53.7756604966239
46.6299313925752
43.1998232371226
48.1042534793421
52.8518677100227
52.3197706177008
45.2042881082743
49.3197824744825
55.1082149222285
50.006014667623
45.0305533453324
53.2765565096492
49.1767342459012
48.2288285846748
55.2421921269062
45.6901563758431
57.4974087854503
46.6892557607693
52.564590933138
53.1719749732042
46.6306590904689
48.7701201583649
54.7448502189266
44.3753562076231
46.1352617620114
48.5094638199965
51.918139670586
52.9687003298004
48.4692045091106
47.587908113556
45.1122876627667
56.9726562150271
53.3698330942234
47.167510813175
46.7769251209894
53.1560329289192
47.1408029108561
51.3153412827563
47.1050012432349
55.2465255805453
50.0223818289343
44.4966211999855
47.1736515965845
56.9850362059654
50.4433778161407
48.0109500185087
47.2208813599486
45.9241571670279
47.7611919274548
48.2217991939361
59.0517834754243
48.5541802379033
42.2707118467818
44.8348032674837
44.7724189167183
52.9534594416581
54.7045839987116
46.1580228548013
52.2638806108797
49.5512046504181
48.0877843882272
45.3945206701272
50.0398653203229
50.6951013766831
52.6000984213623
47.1463466949616
50.0028146930389
43.3923082800291
46.0292668779884
48.9588949111022
50.8099619437421
48.8967931182476
52.9393204213529
51.0460983760318
49.3305518789808
48.5010185452954
50.6835010681208
57.0522249976132
48.7132675534258
50.4162140139027
47.0745223325448
49.1429598448242
50.2769257147019
50.3075768055688
46.9037869369341
44.4275654104654
53.150048657114
48.8452394974279
51.2639545574736
57.0159192878524
52.7382920578633
43.4732995640967
54.6282386190195
59.6241147783247
47.5962244156823
45.108300454752
47.7486123105869
53.2143949529433
54.6214049014579
50.9657276185906
47.8722451068352
46.7989528219105
53.189991776295
51.4430718492602
45.7122381397129
51.1455949656579
51.3129499861576
52.5930694362104
48.8725738292227
46.7171791000582
53.4445582876404
50.7502187817243
46.3909045089464
48.5901763031468
52.5320831133814
52.9882141683996
45.0974085902385
57.1763714834141
44.3011059713233
45.8026799745101
59.5877534755464
47.3735821868445
55.8531587686427
49.6285453670513
48.3431807294691
46.4729033214945
44.3417133395045
47.0333682652053
51.1596170151913
50.4000535799652
52.3822391182792
48.7204514370974
50.9674398620034
51.822035066112
53.1842296198134
53.994664221467
50.0303760163549
47.7205492401646
51.2484696439867
55.6342886685119
52.6429767383993
46.8361938906873
48.7351159726291
58.2242754433181
57.3881341898404
49.1337522898718
46.4215302843438
49.0633946300056
48.2993814082728
52.6489830443351
55.1932317813543
47.6056774966615
45.8312901808639
51.1879460405461
45.8819017370277
50.6534411862235
49.4735101278501
46.609824687294
46.5688432372389
53.7253377060985
54.5473363864003
56.298311777934
53.1758622481046
47.097490951689
50.5879105105442
51.6781225490669
52.930088542443
43.6178022289761
44.9986581815338
47.8172228937374
50.6439777484557
52.7769678379789
48.3096180382405
58.5959721729251
52.7959450044031
46.2808186457674
45.9768416926819
46.1434063509714
47.7441873870647
54.5146012221257
47.0690095739531
48.3721168142978
49.0101054929345
45.7710753703258
45.0068091636824
49.9340739967737
50.2562517704182
48.8537789108632
48.804782314309
53.4201054620898
53.8335314561411
45.9943669004692
60.5810271286274
51.6946287789055
48.1498823195374
44.8296238027941
56.0167254620725
49.2839778329339
48.04436403156
51.5945392966308
47.9258235922921
47.8205697387679
48.5330864148657
47.7058734933633
58.2432204276011
47.5202117334019
45.5279871323752
51.3524967469167
50.4737612565725
47.5767052562475
46.0080102754525
48.5594515123159
49.0524646334501
53.090852195726
50.3127034175037
49.7096204326519
45.1758711832613
56.4735661096053
52.5759639012031
50.7972825227572
50.3808962378062
65.5554924847438
44.4667684952341
48.9595955972334
50.7236815481552
47.9806612530285
47.8858335223747
48.3626417651858
43.0372141616531
54.1658550506977
47.5000319542477
46.9997184742017
47.819281718693
50.6308770941307
45.0302554680878
48.9193902746371
46.2637697033568
45.9070516037593
48.054824910591
44.7664835704113
45.4293708636934
45.5262349502349
46.9367249279581
49.6420006874618
51.6612532695111
54.955237072937
60.6443684213074
46.7866940616791
45.5053958275043
45.6303563188538
53.9544146441784
52.1889580724651
53.252586371995
51.9460461060946
53.6712549768252
50.2734416450213
52.5332868137985
49.2761550175493
48.1180407485124
58.9764302019194
44.8882585378795
52.5101087275384
53.283277350098
49.7739224678368
51.5764108868611
46.3308677173769
50.7725983816832
48.5633762156368
47.2984725489682
44.4873476578582
45.712866393906
49.3964555245348
48.5180576932645
55.3448773281865
50.0775027567589
45.9180516802104
46.2942786406537
53.6567324606412
52.7182942310516
54.6775696183491
48.4365748889585
53.3611139746905
46.2538925465101
44.4396657619938
45.6769087283962
48.3625829789353
46.3705083958598
48.3230192418054
44.706527754
45.902557796902
46.6871077658208
50.1624286990965
51.369510748376
45.5515846607387
48.0824371075799
49.5318278420806
56.7585177661591
45.4608038073504
50.8767948437741
50.4076397022883
47.0091856810874
48.7323190284192
54.5488211917925
46.1487744444286
49.7946715990827
51.0218740390847
53.144566595998
50.4738343375737
45.7692302531117
54.410875906919
50.727217045827
47.8281630958045
50.191400041915
44.0565028860217
51.6326654259783
49.7336223515638
49.2339467695469
47.2690596285131
47.6788155113904
51.8578657925475
53.7494833702306
47.4232252923264
52.6461309239825
49.9016673580891
45.522805703192
46.5655675379305
49.2667920456254
49.4568299166112
60.7226230019746
48.9096428844669
47.4159885397393
47.836724187149
54.066142852152
50.5750076850047
53.3472751542749
49.5408847137813
44.8266091147936
49.0336640860179
56.7253315422714
46.5854482968163
49.2276809751602
52.8517809956671
54.3725208824794
50.7984342902398
55.5447706699054
52.9678786087548
53.5872314448382
50.6757080939444
47.9151852641468
53.1744830499194
45.023798553319
50.2056688157923
48.6490193031775
46.767140354335
50.575716155275
48.8441124722554
47.7988672957008
43.1538606645459
50.3692535828403
46.35457457297
57.0031475399817
48.0023627221779
45.906681348088
48.1644126098389
52.8882135230416
47.9076657760667
47.3166383249191
45.0772495200625
45.2226795915923
54.4805362320203
53.5594313284439
50.8342547299751
52.8488791802591
48.6262179942134
47.656356029265
48.3334499961426
50.0299310745628
44.6381976348093
53.925095459609
50.8144286724701
48.9097329514196
42.6061670994851
47.5333471569563
50.8171578425957
48.4968202859286
55.3625973111017
53.2331202501719
53.816036060041
49.2371886643456
51.0685366996647
52.2746400623251
46.7754744452651
53.7571198028099
47.6706587676723
46.7355998105811
47.9681475457181
44.6318034990587
48.4218829567899
47.4305405489688
48.8875972975572
51.625741336723
44.4966132724838
48.6599436646717
48.3089341142117
46.0597283109557
46.8494730322516
59.4286379603749
49.8169383579557
50.2241970080981
46.8974178115146
48.3354753748282
48.62394437018
58.0337592516317
45.8653057833137
47.4011261801343
48.042203085815
44.2844532125613
46.3752084456971
48.4777247608056
50.1741034425212
57.6243268406761
46.4341394895794
48.3823403149782
46.3943368663788
45.9255734852391
47.4437852923497
52.8341126562033
50.659268867421
51.3372139027067
46.180249215824
47.3667987916504
49.2349415741623
62.0189064925674
44.6146732608851
52.4044135693053
44.5394509573857
48.7677904770248
47.4234887751257
49.8021693775504
48.0931353683856
44.3332050549498
52.9180938253742
55.280478353462
52.7156364764969
50.1386235322653
52.8989199266524
50.848136854955
59.5052384895705
45.4435889659276
51.0063462989812
53.0587970064885
56.0237586826799
55.899428529184
47.4837005750348
48.6919058844096
43.5441027727213
50.6022440337998
51.9849459175587
47.5011042171904
48.9073680236482
55.0553940338903
48.17976727864
49.271884168441
45.3289165624363
49.3266206565639
49.9709428985462
47.4900615972289
46.2183968694876
47.0227219825251
58.3822643822063
45.0240880645871
49.5444958127637
52.2168158030215
47.6151731933891
54.1798026675802
54.3453365073658
55.9915390469793
47.2478927565611
44.0263136443597
52.1430375771854
53.4761605678109
51.928139264434
47.6270662955531
50.58444509469
50.4569791500329
57.8253663148229
53.1149330877628
47.0117172756398
48.6196988109227
64.021695666569
48.8082632552118
48.0776088468689
52.0184957955832
59.3969543971235
57.1056171753142
51.9530104903404
49.3396909736601
44.263629554083
52.5762065861376
62.6070188558074
52.9280415921021
49.4222172423458
59.7478436149932
49.7624071513234
57.1149392324884
49.3773403784124
49.545806615502
46.9098049970658
56.2231503104329
53.2472860603554
46.8963300695669
45.9269632280795
51.4393488068682
47.3675411673934
55.0653636584064
46.4519009893886
49.3841828891343
58.7770613741139
48.2784169148653
51.9360876910922
45.5238981364428
47.1253772009888
55.9579987716886
49.1512250831602
50.3995903889558
52.5350506541789
55.574508139885
51.9832358057041
45.969043831197
48.5690409533997
49.7239386734556
44.1551807659294
48.5626514009066
52.2940215262083
48.2176175850616
55.095884827955
50.0570894815313
50.993229403214
50.7284643159547
42.6322763858861
50.8614700423802
45.6309081051737
51.5466754302327
52.1397056315722
49.3077606876992
42.3036247333346
48.2174663145479
47.7560217299732
47.4154612441509
51.7760903423677
48.7519252128172
49.2325745430765
53.9238180308618
47.4922189044956
57.398093588807
50.5636112070567
62.2275130431039
47.2894393913229
46.0328320888337
50.1139441610768
52.0035742044231
53.0464589721123
52.1797969571088
50.3403843836679
44.8050892395974
46.2724525914328
51.9354018154627
46.4712353337802
52.843865321837
51.7156276697655
61.6379568760939
58.7796798076808
48.8061592223442
54.3636051031756
48.2742809121325
52.946864344738
46.4517448559098
48.672030111973
47.83290610894
56.4371275142111
61.1371427068104
49.9825021507376
46.6708234752967
44.5423037022201
50.3929505137305
50.5630463714963
52.5798219117437
47.9846409289155
46.4768675633354
48.7378191775092
49.5438285179225
47.3865994009901
45.6541747830899
48.1216951428559
44.7240394465949
51.6814908109449
55.4465967347414
57.7945022557091
54.1263407989147
48.3773072928552
54.0469654268084
49.1431535302807
48.7185393222716
48.8536235109264
58.0585269206168
49.3939789063127
43.7865192062438
45.9958769474841
52.7571789372505
55.4263615974899
47.6142305287875
54.6171191091138
47.2327195190972
53.6773207068495
48.5982454136945
55.7041473677585
47.6231243993001
47.761359559687
51.6342117535612
49.5039851800647
47.115903259654
50.1597797913766
57.5054799901969
46.6416699055162
53.7564690219042
51.0010838052838
47.4553656745084
52.6762029512004
52.3103194406152
48.3622900852458
46.8404802357604
45.5039484769912
50.3068961266785
45.960952603122
44.0781994757933
56.2320036674238
54.3539582605412
43.5485040014368
48.1998481739934
55.2510048240446
48.9276877107536
52.073637789706
53.1869518964543
46.3599029203593
47.909085017389
52.0834419043747
44.2263323759656
52.4044087185069
50.4896217578028
52.1843281160142
46.7966945528427
49.8348994404286
47.8033810687534
48.9605427008691
50.2883609250948
50.5031204834089
47.0333204089383
58.9946715230838
49.6073856583793
52.4064856512353
44.448717078534
55.831099759802
44.7261479536083
53.8946046118628
47.5147708507303
46.1507231846551
52.0681887447709
55.9901327853971
49.7237355410053
48.9059765358797
50.1476467740432
60.4623953137236
51.2445814882559
51.5304003370065
46.8464637598138
52.1793773876634
52.4359964119611
49.8958019566776
46.2572390860894
46.4374859254585
49.4398865440046
46.9015625260138
51.6190765437947
52.0358074944025
52.1279117898927
47.6666541422179
45.3779279819828
52.8834423531106
49.4684013678008
48.2082931710161
50.7817948682713
54.233431134234
50.6515907943794
49.2674004291884
49.7745694108898
56.3214560176709
45.5957909227979
42.9327764129447
48.6794472949751
50.1762997934955
47.2695778732295
44.9463761666511
46.9528100727205
57.5956019380858
46.0413389780192
45.2700976013015
48.3229248298888
51.0978417204391
50.3832402155259
52.6480329894835
64.828821132001
50.0813946721747
55.6680616818437
48.701684998491
45.4794254169235
45.2875101172116
50.6911318910672
47.3933190608497
48.0087777982007
49.3910153149329
44.9774378119678
45.6183329295896
44.6231989289667
61.4954037397187
45.3590599267717
49.154739261048
48.3732008780601
52.2047054291521
52.5847730294353
44.6491281089502
45.8965184741932
56.7878021777537
45.4547602843409
51.0427756284453
45.9498809607741
51.7669635876124
47.695854712813
48.1757053607309
51.636665986269
51.2838226928677
51.5180550544355
45.9858293481322
58.5188326353988
47.801184883887
51.0538033843094
57.4123130531819
49.4983604411288
51.6159076696655
45.9930711538114
46.8601245083063
50.9674844906698
48.2553131164358
52.5602708000939
45.4670453381796
52.0777200969785
49.8862138600373
44.1494694821851
44.078657760043
50.6343990049712
44.9064047154028
51.6810083895559
49.671420512482
51.315390411566
54.5943832269124
51.457846364585
51.4099038609194
50.2633479496947
53.4666255137179
45.5475408702754
52.331920568101
45.9017176991057
50.069058077538
48.0967094395481
49.201340448845
50.8312155685386
46.0811441612526
49.8532180293119
44.7787026839483
60.3374317350402
47.0961598382366
54.6692250140011
48.2615031996631
52.1479971724491
48.1497527975653
47.7117725856007
48.0224106577069
49.2614135894528
54.6453211971906
54.5270076453727
47.1790706230402
49.1795637307855
52.1838667855404
48.6408532013809
46.9401188946603
54.710323702207
56.5848407474644
50.7920660225111
44.8905201197747
45.2731570848735
55.3397580048549
45.8407950127174
47.1517953396192
50.3337314226191
52.3611483786606
50.8622032244911
46.4963505696937
49.4541224274127
50.3803388814911
44.6674212606914
47.1212294297591
45.5105271303488
48.5083234748873
50.0261016103345
61.7675349215929
54.9277299041318
46.1522906202654
44.5684048918494
48.0060894245502
50.749031688723
45.7390706246673
51.5525584688368
49.2191322280594
45.1451217061082
45.3910124767311
46.9967628925368
48.1641550083199
46.0238535533931
52.8711080112539
49.1898403758082
51.9683585699394
49.2717965212043
52.5970387572585
49.9670035246287
46.0393458116398
47.1413011068208
46.9897413225296
49.9334817301793
46.935563210664
59.166127766381
52.0548848702829
47.0359055238334
48.3783704441476
46.87185187646
52.8855529534773
53.6033385967126
47.6280218286719
58.4515231680855
49.5356895846735
50.0552066919462
49.0799710307927
44.1201132300263
50.9447144421963
48.5405294827306
50.7691220883045
47.9475939580155
48.8012156431658
58.2099808182754
48.8461143801374
46.6927948149375
49.3354485683874
50.2859490188696
48.9188518540128
57.2209260752038
47.9697551469434
58.7251842726551
51.8357929255426
46.4081576202537
45.1361880108944
54.3956343161933
45.8900549953689
49.3554226360869
53.5080826168028
50.0261732135111
55.5615366301959
51.9390732216494
49.7924734142017
50.1576429551362
51.9537803805775
43.6062844882445
45.7509987736886
43.172809983516
49.795693260172
48.1313488177189
43.2517578098776
44.1098150060821
47.849997300949
51.6630069300887
46.7875288149723
58.0961983739903
45.6204423478918
55.4212215540233
47.6126507774884
54.5260935010372
50.8215054020287
55.0021898372698
46.899516471488
49.7117197250142
45.9049038725941
53.0690519868666
45.2592909473789
48.6165480181785
53.8509665240541
47.7097597239361
43.8636490542711
49.8379076870338
48.5273561203357
51.9985588266096
47.6364405969706
58.1738510845545
46.7165998655593
45.4971259415186
46.0988045098619
50.9630041698059
53.3836143626913
49.3451915206094
48.0327126830104
51.9474397272932
49.2455303252483
53.9367815921117
49.7678125138904
48.5882745038394
56.8533462014455
46.7445731378134
47.9352665523798
47.1230730274562
43.6523893904247
46.7745548476951
48.1605396844592
53.8391197488789
57.5460078695746
46.7641371211431
48.7480316841829
58.1079936198711
54.5135185854457
51.0876021501062
45.0644068759784
48.0416417125637
47.3539431005233
54.6196748634221
60.373529907023
49.3226346997783
50.7354163879002
55.4506400638669
48.5125590836673
47.8979289508917
50.2492830542026
57.6598981685803
67.0946233442444
45.5479543233362
51.1086855858555
51.4279790661898
51.4541509548279
56.7404776003067
48.4664368964432
46.011934289102
50.2624525959752
57.5382269629961
52.9313634440996
54.200115380305
61.009653985213
55.0999349705367
44.9277182282217
54.4209168824889
46.593088395196
44.7191717588578
60.6493571244172
47.8477016450319
44.2912091306659
65.1748730796306
43.8416431948952
56.309771769571
52.4951462035845
54.0164564852451
55.7716406696517
48.4586314258477
46.4312614030397
66.0704221687252
49.9627697666559
52.1993681018464
42.8192465436391
46.428987772253
49.8108980803052
51.3471673734569
47.1461954198725
53.4187632209338
54.869513777473
52.517810550404
49.0141395343108
56.1244720946095
48.8943106641435
52.4688995283502
58.2430165116952
51.2221095088302
46.7638080551419
45.5225985601755
52.7157719287463
44.9112463351926
57.9628075721246
48.2181270632013
48.6082095526503
52.3658176104889
53.9928526173377
55.431383316691
48.6752462285565
53.0256114553762
50.3189324677766
51.9334383837794
56.6302632143893
46.9706647430809
48.0677479602951
43.9615066431391
49.7208648814971
51.9129620483328
48.3620694632488
46.0909667783968
50.2558666993958
48.7698125667499
47.7577679804749
51.3557260844708
48.1752648613124
49.1579257014652
47.9818799668703
46.622854931822
47.6123429202193
48.2597522251689
53.8713435323332
52.2847864157177
45.3463740263149
46.5865212964312
49.4331175702155
53.9452694348444
55.1151384213175
46.9481010090428
45.940936876437
49.9480813850326
51.5406288258192
51.6693947497735
54.8241803369484
54.4759412332674
50.6457091276108
49.868610822517
45.4658778201016
49.7674640157907
54.3698368767538
51.9537032477707
50.9922502210979
52.8501605717256
53.2098548039873
48.4353344507412
54.4748590662169
61.8482961055257
43.6281823488976
46.0780596190281
48.0942729622792
47.952559600531
49.033867569069
52.6031382875926
72.6443906394309
58.5769938013191
50.6744703290841
51.8289888527286
52.9118211530132
51.4719344496164
51.2169792605547
53.3170098795505
47.1769782303125
53.2783766692977
55.3762568117578
51.4163142595527
54.8256585035594
51.9352546523896
46.1092502679962
56.2129385701983
60.6952013720794
46.3303153916569
49.420403050247
48.9593955895344
46.5730441239088
46.8949795098745
54.7607669060208
48.4751476161633
48.1453217970783
44.6597914695143
44.030081326789
53.0813773303943
44.0600890998713
47.8671399903757
47.3431752787823
46.6258992839196
48.2813765637508
52.5772145333773
45.8985669893823
46.1073150842692
47.252530331517
46.5667889985097
48.0199253455082
49.2411187809796
46.0870489666517
47.1456901423506
48.9133007543871
63.2373292666303
49.5363596811412
50.2949532690467
50.3291116485749
49.3935641303052
48.1237514713139
59.1032083047048
44.9613610720692
56.3126755332204
50.8759907764429
52.6693354469319
57.063057486753
49.1882933286269
60.0486876317438
47.3292107261984
47.0913428460906
50.4067814410824
45.1364929108467
49.3399600415157
46.4228870679039
64.1740078632456
59.8136748477873
50.1424570722852
48.2823627634727
52.1305642052484
51.9650863877853
53.740199667623
49.81838402234
52.632555523663
43.1309153341461
50.4619374120717
52.8444890264938
58.0175844888004
47.8359957068725
56.5072837033746
50.1421846624297
52.7836740380134
46.6887748689402
45.2956963678296
51.2282109606273
52.0752617267241
52.0520710222422
70.9138601162966
49.6548997848379
46.5195749198252
45.233880558698
49.0401889127716
48.4729581989238
52.5853184250177
50.4453777983198
54.7388796361608
48.5142106654572
53.7444575443982
52.9159943515479
49.1034051719356
43.5960441279316
47.2006562218277
47.2090015188318
52.8620140047716
54.4586116750261
50.1552130852045
55.9707831963141
52.4991892201284
52.9490321054429
53.2647305585794
46.4338211479758
48.6092282574014
53.0154256147222
49.9687041318681
48.9502650405518
55.5135927037485
48.7217311346399
54.1114577407651
51.8134721049984
56.2153268965487
49.5604581174646
49.1806061380367
46.2680448156873
50.7356410036295
49.0769498470723
49.7013673207097
47.1894049594364
46.4643684277088
48.3390350676692
49.7593512754227
51.0725299452267
48.1898041224509
53.6135197197743
52.975861878489
49.4595028428912
47.8484533912558
46.7565330495007
56.0647521372609
47.2752694007376
44.2062368414257
45.9255070856128
45.8242448998434
49.9862545689074
42.2643944994487
53.577384797534
46.7580985598653
58.7274485347286
47.1105004152281
47.6883776957709
44.9823444184808
45.334567715919
53.6036695895762
54.0212575908455
47.7954394097341
48.7140747567733
50.2504540086321
48.9074181135051
44.6667178695607
51.5593304124608
45.0490856548527
50.757447785995
48.1063530896731
44.8007521195161
45.0388279461627
56.7743513760904
51.9672234626588
52.37637228784
51.1051976584713
48.761019962983
59.764090650042
46.8599130230574
49.3684058422999
51.064050366727
44.322193212843
52.656095907624
50.8641091141775
52.2995573789211
48.9810674641875
53.5442098966909
53.3533140790362
49.4412249768812
47.4592514642206
50.6498779757184
52.6985435160999
48.3426411101194
45.6700721314119
49.2437652423174
44.9636182768732
46.6756105448732
47.043042751159
47.9181452669847
47.3309791416554
45.2230852271564
50.6427778116227
43.9423212705466
47.0268724687583
55.2465610891058
45.9715947498661
48.2847698615832
48.8692914547482
56.6411800667503
49.1554279832958
45.0565764367596
50.3748385920542
49.4523741544109
51.8583045060621
43.9967453124395
45.8478020816911
51.2680984202333
53.6474223063778
47.3454144469915
50.4106586577136
52.9696680324794
51.272904981529
54.3510999416928
56.1234441312949
48.2440926235453
44.5823066230839
55.1541204474436
58.0345298138834
45.2234111921131
53.7110004261863
47.9368961733143
44.6653986237653
62.3828017616542
51.5335226619911
50.8751089412885
50.25813006651
46.538732532169
50.503777553413
48.7040666687371
45.4133883577061
50.0275558800816
51.9226748528433
48.2333182674082
50.5424522126987
53.2285301432638
56.1308581054767
46.8722920236792
54.644400618226
52.4514621273231
51.3414701767877
42.9765283523484
49.1259319508333
55.2906056013922
46.5410384008999
50.438121928865
53.385149447809
56.1963748502305
44.7234870465882
59.2234914666075
54.9594286122888
45.341119289979
51.3913564165757
47.8804728618061
53.3251547694005
50.0358065664439
54.6117025534026
50.9251298380045
52.0601526069771
48.1846433173208
48.3988346879225
57.4338942423315
45.6773062917071
56.5667562044559
51.0461505575261
45.6744822940701
57.6347473894823
46.1665288471082
47.7727340347238
54.286101467771
54.2905316525451
50.1480796975026
56.2049345495735
49.5929253480196
46.2535817904742
47.023316019767
52.2258020742932
52.6856568227231
46.915914546535
47.4544576683205
49.8347673749543
52.6862391260532
47.7147384942418
49.0009967537851
48.6564785106707
61.4232374089587
50.240191859239
45.6105239462254
52.5769130655488
50.903300503514
46.5890459438155
58.4273427631909
67.3551562680429
50.4128020833493
47.2747854231396
46.5725310609964
49.7152790781717
53.7570417217243
48.2372841968176
59.6679072281856
48.7969623999396
48.2616948159054
56.6399485545182
54.6111579006922
53.9418395049968
50.3009132997087
48.3492479642393
45.4799245885371
46.7423987270074
51.9619513117809
51.597466526989
54.9601993829997
48.5939943196117
47.8013568598203
57.4503070789096
50.3146662323725
47.0979350151366
47.5686457059352
51.1698307245102
48.4189753736305
44.713468507732
