48.6890740716184
56.8621130360029
51.0965761201089
50.0052514191154
48.7854344835874
61.2856571215148
48.955422169773
52.7224408448924
60.3668700697002
48.6910077453029
52.4111891801164
55.7597231707624
55.5150928833848
47.6152822374032
50.627701816155
59.0292737254059
50.9425479456709
50.9876766154908
50.9791880078295
58.7016028646634
57.7228493375693
50.1840029460225
49.9343764867441
61.2278440576465
56.5453457066879
53.8441950730205
53.5186508904066
56.5711379933554
54.5234574286292
53.398658018791
58.1028833454491
45.7461091470899
48.2106480235714
55.3469042051294
48.2659905303171
48.0737157864921
55.0762207680283
44.859395955686
58.5777624346194
52.3230696043436
47.6321347044618
53.7172796907013
49.0455553425874
48.8084911512199
54.9467302422422
50.8858021706704
48.2858708664716
49.7837236328933
46.5028040036612
49.0610263968575
55.8322834473858
44.9322769076186
47.936650102312
51.0554960268646
49.9022709326523
48.4535920014885
52.4653638987846
44.4777281713497
56.7493051834814
52.9274181688477
46.461289079303
49.7279283607288
53.667962738816
63.5606977215434
49.3135500304218
46.864583350128
51.5238967366563
50.5502336995465
45.2943396386157
48.8950680882728
54.255387713277
47.6782048953818
56.0219243609538
47.8297187399159
49.0659979524028
49.9371392418281
58.4401872414465
49.6705288945158
45.7589774980483
58.4828615867922
58.3625314309416
49.3253508741416
47.2339980295161
60.3313573293265
55.6255891338157
49.1910731872341
47.7356362799595
43.5006619429204
52.638006981745
52.0001426959051
52.4784090191019
55.6144521714943
57.8596496382594
46.4110695077468
53.07933031479
50.0990764812416
54.8156049350571
49.8010805864421
53.99136618584
49.2490364270897
55.5845624201622
55.0605357954989
43.3222245860903
52.0149606362954
50.4086290646841
51.9923569437328
52.1058551561392
61.5114854791267
48.1367595555215
50.1034058516475
51.2158099679229
50.7413990568745
49.1388458729045
53.5272970478675
58.3218302570668
48.0107876678695
51.0473038313304
53.8769606837464
53.3016592602268
47.5080679189546
58.5855534814512
53.876060591166
46.7778662058663
49.6752731104174
54.0805166862653
50.8500869052884
57.5882833386528
51.9023344817916
51.7090092277898
50.8891380443535
51.0814450947272
48.3292545333881
49.8408901018161
49.8090991913333
58.2180476978175
45.8880871102937
51.4412551759457
52.0322180204991
55.0125424324589
45.6860887059818
48.4891279297169
53.4536441020725
55.6696968071629
49.9617021479852
61.364765164024
48.5333297352943
45.659334498275
48.6609571562146
52.7830042516048
55.3157237790165
61.5645917419876
56.0642552563339
50.6184131480092
50.7832396695879
48.2298902189594
48.5805398892469
46.1201016327422
50.8165658053472
49.9473595870793
50.1769494046961
53.8342219365262
58.1504738653042
52.5333172440486
48.6702950943361
56.8800270498756
48.3237220551448
47.0582685774377
46.9741809227118
46.2323037795005
51.2519618206932
53.9761064975665
42.3158565930104
52.8761548149469
50.2685116396985
54.7774969948391
46.3263427395815
51.6069496533592
59.0573039374286
53.4943837400898
55.1972491300723
52.159195785492
60.0439360860929
48.3530268862535
46.3519419220293
52.5834878915763
54.0998540945909
51.8796209922328
46.3110137496221
48.681475648413
47.349974088621
54.5062304228384
56.1045863930276
48.0990564898792
54.8998625879216
51.1589424347548
47.8251155174435
44.8678048782469
52.0679645488266
50.2389193957313
61.4055236904643
51.0261040732877
56.6266978671908
47.3258239209007
47.7218520671878
49.5741949910438
51.5531802322439
53.2110352319192
48.0885721677204
45.1577358274889
49.2408393408068
49.578102457191
49.3241352317928
46.8569873047182
51.0319912286523
45.3120383491673
50.5024689896763
60.4289876036564
46.0028263226317
50.9470538313915
50.4248879765711
50.6192435394258
48.7410600423612
48.3207360964787
51.1183707539926
54.1704948514915
68.1130178773611
53.5767067649731
54.4942969570872
49.0469933708373
46.9294659123479
49.877727087088
49.039585801351
44.8345235094632
63.5834487327036
46.014232792135
49.7017500637794
47.4944468722044
57.8030499484039
50.322086720641
52.2917982957573
51.2369048584079
54.8835669131659
48.4868335128912
48.7530885666473
48.8959650111065
60.4523983211754
55.3558718836136
50.1832224040424
45.8538378067603
52.4748912017389
57.1590895122769
54.3889745332088
63.5121202922607
57.0697963316158
58.437446362168
56.2026077294009
49.2370918938967
49.7241310173626
54.2619051098548
46.3037566302223
49.6056044929966
53.5983778040362
59.8281578788391
54.8779734162168
47.3623033206622
58.9360585331366
54.0293603937149
60.7133954869329
49.4125270628677
53.6831659055917
54.9986651328604
54.0010716359024
46.4903242670582
47.0895431974091
53.5371443042023
55.8259014702219
48.9221042655187
51.1594146918415
52.0032422993091
46.8796739496861
49.9030940993341
56.2805380570687
50.1761056234426
59.7889409141867
52.1828499536065
56.4876469033414
54.9940896014383
55.3557668983663
46.9837736979087
47.4763086901407
49.94066727684
54.4268231129101
48.9733583769445
64.0788410833127
55.6799937648202
49.7829105352228
58.9779810322956
51.2984416239536
47.5387993515578
55.5347193398814
53.7762261324738
51.4841274824267
56.199014538673
46.7565172510823
45.4521662990863
48.8614411790634
53.8147792985645
61.5092659046155
48.8563737501331
56.0493975768112
47.3639913574551
47.7838063077038
46.518824332426
44.1397327504277
53.6115599111406
49.8110580312309
47.6215555018246
53.1531128482811
53.7331676691456
50.1722672488158
49.0356500390295
53.5456685722282
57.317591734823
50.2661450280754
47.4822638370294
47.9647630905123
45.8945106449977
49.0475630002709
52.1242579756887
53.1046838440182
53.8986303406038
51.4540618397858
56.5003897991834
53.8290602478801
49.2672884920755
59.7220558758427
50.4592862170825
51.1591506211565
50.4883343780303
51.4492152554737
50.4087204265166
55.9217264467879
49.9795148480987
43.4219583535238
55.5642987284138
52.9492095201177
53.1598112824271
50.4531686076163
48.7284018725065
52.1633609313424
51.6750609605121
53.6369950090816
51.4491317735959
47.0902201661188
52.4900557286318
43.987859963312
44.2384493517708
44.8663688072052
44.5783745142197
47.2027379968562
55.6085297897077
49.9689907599384
50.7475883374483
55.2471035859391
51.0448220692656
42.6602901079526
55.988747453934
45.3291926556539
50.9724760951637
49.793216953255
55.4068249441445
59.2833359100092
45.122027059776
48.6421683581791
46.62299135674
58.9375715292814
45.8784878592445
48.8180321808059
52.4088343948877
49.4241809700496
49.1143222365719
44.438761533684
48.4801076873934
62.5241138803422
49.373177861008
45.7686964571329
48.9825616640752
52.0767163553596
43.5553094549069
44.1434874728161
47.1458875458593
51.6677046274161
50.1522722451664
53.913367274654
68.7374586552113
52.0576722704666
55.5603187408413
50.9967935945141
58.0622751000397
46.0065155888082
46.626667716134
49.6345258876975
54.6145246045323
47.3263618295039
51.7263535348954
59.1372187658153
53.8389781588687
54.4106365411129
49.5559627033909
58.8901568734015
56.3804358834958
54.8639817317012
54.5102349399376
61.5701987800509
49.3510382353245
59.0129691456674
60.7248567473058
47.6970736417231
53.7915570460023
47.4545936193693
45.3196918411568
54.0945886281767
45.749850883496
50.4115900235855
57.9782041743919
55.5247352755938
46.1745479803718
58.9754716665643
43.9058590947301
60.4556141449629
51.1092607355037
46.7607121297741
58.0158204554363
50.5312681425849
49.7202485422187
52.1867699612584
51.7157916693065
48.1802643551496
51.9964570509137
48.6210220256186
53.0859949948181
46.1031557814251
48.6153405930647
45.9560380847327
48.0002952744247
50.9306325789593
51.8959579706478
54.0996499236667
48.5458687256143
54.1708600528535
49.4000132500666
50.7774452834887
56.9908109757559
43.2763007078755
50.3674656114658
47.4019588754699
53.5251072109344
50.6442528010383
43.7825411732111
45.954379680727
47.4536944097348
55.7990334398723
60.6385729351465
55.0887929138925
51.0360397071516
54.3835998275912
53.0605063680152
50.1698007203447
45.8114766849064
49.555469810657
51.1001706952966
54.414506005068
56.3428083729423
61.8713466243309
65.1463013204826
50.0475610039803
55.5959020119434
50.0008896411267
45.6470142025428
55.3686541931243
45.515866573454
52.1010790622762
53.1780910401278
53.6811816260795
46.9753749222526
52.4677627815599
59.8938014088662
46.8559896422641
58.0434289110032
47.150186968573
56.9766452722768
48.1563201827859
58.2623499120906
54.9798076008322
56.4275847871226
48.9891560716021
49.3119084545207
50.7246311542127
54.9068582079147
46.1380731348453
48.8544542494554
57.1339118319879
52.7933518348409
52.4210112581517
51.9025393802229
47.5615110625933
53.0619479923518
50.3756464505491
54.8065071456021
45.3498466887459
46.2109462626526
48.719428624872
49.8982113109019
47.7223440722943
49.1295550593499
48.0704981901805
49.1136729220242
51.4677750969671
51.9417323370402
49.8155716642731
58.3681507420439
52.8333144334187
47.048368223187
49.1137532937735
45.9527899167449
48.2664567482875
47.2918604597869
45.6976850451258
62.1457616672679
53.998504286332
44.9188878602392
46.3555910869589
53.2544410306245
49.9867574160365
56.9155556357498
50.1121536650756
49.8361905327901
49.1141646973901
49.552039659038
48.7463385713887
46.5481217766104
54.9764555890884
47.4847907611161
58.1962520725804
50.3842467192612
47.6384008784584
57.0695248902129
51.760641157882
54.6482779722375
46.3869292979443
49.8458943279284
46.9158973375883
48.8872470433955
51.2022116148091
49.1903256273353
48.8755660928958
52.3569621667414
47.1611884994523
50.7600890513955
55.6828641360887
60.8848373022685
44.5573910167693
46.9518048139751
48.7795832814905
50.586375651702
54.3986839886859
53.9902343067683
53.9565829935464
50.4208886854279
51.0014828977873
46.2745773909712
53.0821111499474
52.8862459355547
53.5239620376637
54.7711882317344
50.0245138925776
51.0382135906936
53.1872247399556
45.7118685454673
46.1970319126103
66.0114758040619
61.0843768549765
50.3675890235661
53.6231800608653
56.8109132902742
55.5498895526535
52.9608184011858
52.3997490864438
49.4902441522631
53.018875657859
51.5472962789732
48.9788580135766
59.2327713519686
48.0831286836361
44.7976303822441
47.2148293327615
53.8058486795939
50.3618078327928
49.4152821970296
48.6325564651639
48.7613008246052
51.5350516684139
51.6633803832692
45.8972953205295
49.3145123034609
46.9643242373637
52.1809395212749
58.6169298198434
53.6958527654372
55.1360662677118
61.7517536039774
48.7324250879793
54.56712275874
45.639507009551
50.4797449472536
57.5520889994741
44.561225599026
44.4925273724845
42.6814520749837
52.2728677894372
51.0775616740933
48.6977912750189
65.2345045930959
46.9111887336488
45.7708876290419
53.5004379673954
45.5424833555684
48.0227906519772
59.8707298392826
50.0313324916778
53.5177593730163
55.9043424640812
47.9540810066127
54.5045121484818
47.0322355778582
51.2805322665279
49.2004425970989
52.3849120483049
56.2372809954005
54.786609786009
41.6715073736316
49.6877173007491
50.3525713443326
57.7518127223655
61.8034184780077
48.6913252752273
47.1146505078189
50.1263044674388
51.8760606862044
45.6157150964056
51.5388792034344
50.1167085130192
51.8610204088977
54.0887469243507
46.9945602765584
51.5616665246685
46.1677058114493
58.2632169106485
43.4853538610815
49.7746288239901
50.7430704769842
54.7020569762552
52.6356884686922
47.0373817504118
51.4651570948761
48.0949626177976
45.2791102956911
53.3281992289063
48.3811266604768
47.1543150634756
49.902753088501
46.1980219602629
58.828271846928
56.9494331123144
57.2461802006452
53.7726449965289
45.0912276545903
52.5072099195442
52.8368951570107
49.5258148320422
58.4486201601076
58.032005323109
55.9654905055875
45.2532942988932
52.5373627481736
48.876981526795
46.9557656774889
55.6820698367089
47.685711098493
56.3247277072476
49.5525586215132
53.2159945974966
50.7824580360265
49.9772455486343
55.9975696664757
56.6634525792478
52.7454600360146
52.3984213526126
51.4218797402769
46.4760087524097
51.115964038145
54.0100247986689
44.8577751638552
48.2869461612692
49.547213082144
47.4522624092978
46.5898318224998
46.3055304891508
57.2588441177814
56.5332702386866
53.3828587851552
60.9171995614342
54.5940317598579
56.8265740769963
64.5180752077472
57.996329709478
52.4248324317642
54.255628106924
55.2525492816262
47.3739169651475
49.8476465037329
47.494293003043
50.8314465484379
46.7464515466969
51.2431474440087
57.8062526110344
51.3074803939203
46.7006873097152
52.6527129425961
49.7904004547046
51.5787502215777
53.0765037426779
49.2686981609389
53.8703108265931
50.4688518978
48.2538110464557
46.7321826531244
51.9957456523452
56.8449027704016
47.8280386054741
48.3447762931767
47.9472842884344
49.9322486680803
47.6173803175423
49.9520671091659
52.6576518512489
42.9533749893123
47.0045822795422
56.8284752198577
52.7671013001958
47.4010267540253
56.585202380363
56.3502678907594
46.3180963937385
48.3409261512779
50.1539579845377
55.2125476046441
51.7241340810851
44.5242573529141
44.0445061061379
49.762279668534
44.5477268608593
57.4704585686962
50.0986837290503
53.665008862135
46.1223666446876
50.1585908842632
46.8126650535271
51.1226063804123
48.1681342501618
46.6024265280982
57.6416929439317
50.1946578363961
53.3781670521695
51.9576036165711
50.1255830724766
48.6456585126751
44.6779940338828
46.5393749677785
70.571419030949
54.4917365639367
49.0280614977891
50.481224590693
54.6503638186127
52.7003839679193
48.2344085475896
49.2110530263933
57.0466596998788
60.203102936265
47.6481390068284
49.5331462520167
45.6133988865133
53.5959208751381
49.7799204131027
57.2003259267398
46.0789851748932
51.4171292716203
51.2209746850452
46.0300904163373
51.9910748340313
47.5749858115109
48.5989226492854
46.1011588605051
51.5265439199828
50.0417950575407
50.2227316417164
52.2085836496461
48.6259652971357
44.3316061778005
47.8484140646452
61.3018451355028
53.2739384483211
52.4645707187115
48.7948034229524
47.2254111065017
46.305935969553
50.0174641471908
50.3249218623941
51.5559544936301
51.2425861063655
51.7160242497113
51.6870952501181
63.204751078264
50.1654562407943
53.1750880361619
52.337590484995
47.455975362671
52.2195477799777
53.8736803951486
59.4619140851938
47.4046797717097
43.7445774512819
52.8408784765153
52.8250106161932
51.3259047267783
52.5797974156844
55.9942351334685
49.8950960978922
50.7382240956299
45.5231774114991
48.6497266385884
49.0677212078832
49.7748717798579
47.7433081343317
54.8780322410286
49.7049390991654
63.4634336625216
52.8062173584
53.5460648759265
59.2860101487664
51.1744131306129
46.7199695423942
46.7702729316113
51.684067928767
50.8264554189853
49.4029900416584
52.3078889250665
51.6290217946955
55.8046627729018
51.531300767986
49.8110499573103
57.4139293338346
46.5733012280362
49.5390824605077
47.4352025144555
49.5872482949522
53.1716928792089
51.9975271807732
49.1023044687633
49.8327206921313
50.4812441182654
53.4949049575622
47.6022930102388
43.7163654425481
57.4833158001389
55.2032781465632
48.606270080144
51.0969963869251
46.6193930621184
58.5171092555946
49.9038674734158
50.949872606344
58.4392706581816
50.0618911164775
49.0870846839523
49.139687348552
51.2501289811465
58.2848329963416
51.3694542435885
50.5724852795548
55.1862291026038
44.4837794204694
57.8404818379011
52.1763239864052
48.5592703671651
55.6918392226093
46.9604671195164
51.6821702019292
47.7699834661655
56.8842986821005
50.2222994127726
46.374570069881
52.8876008334493
55.5953483328641
52.0640500546554
48.9348934033686
49.251432572416
54.0282242284441
51.3525849912623
52.3899531494427
44.5875721297884
53.7689052244583
57.3702578409702
51.2840307177197
48.9372414672739
47.0334612649159
59.3338681764404
50.8885290734011
51.3518530168475
53.9394151792661
47.1068632319482
51.6470732155877
48.8403263289629
52.6265723148776
55.9606500171014
52.6287532707583
47.8265411926169
46.7239288316997
49.8460717779993
55.005236092052
49.8420787383455
50.4333479595266
48.9148927405956
44.7827829352574
43.9439051270397
55.3097265872155
51.769432930328
48.5454370872856
49.1162642578382
55.9844275565112
53.0092801650526
51.6876116757387
46.1799812803516
49.5909351053272
45.6404343677087
49.878495591411
52.8732561602903
59.6095337644568
53.9906351069319
44.4556923712607
51.8222170990583
46.0616019456935
49.6960132199477
54.6750628377249
53.8631474841641
54.042026708051
48.568925586802
49.1474690460824
47.8579724048738
53.0373677711859
51.9964096050478
46.8610036834039
56.9307025181598
55.2711346004637
54.8783415180626
53.6304438159553
47.4033655719334
52.3960763212116
50.5323974105398
54.4699829325674
47.7804053724766
55.5677664953636
55.550814035256
52.2667458376969
43.56020062322
56.4451591163796
48.6546619725716
48.8196484718116
47.4836893110674
49.2805202020122
45.2751778245913
48.5451266717317
52.8382780096774
50.6453267214535
47.9803003996678
50.7645941133775
47.8179549986428
48.0939399428291
49.8034010814152
48.0771060765912
44.9540942819371
53.163535975708
47.1269954654697
46.1956517814635
52.1509368691432
53.6375352454658
53.7499288818791
52.2270018607066
46.1959015509058
52.8239892203988
44.6905055227268
60.4232855655405
58.4093889963115
49.6223137411233
50.0954705150292
48.1409654112334
55.5350504118173
50.5011412572169
47.4379825241949
52.8318543329046
50.384135614347
55.0697378507101
53.0990568141805
54.0190978191302
47.2854453425092
58.7262861178843
50.7178284291388
49.3691138670755
55.6797616825069
45.4451494946797
49.0529912404
50.3455122722326
52.0196502947972
52.0507561764918
49.2795137829125
51.092772087499
48.1363130536494
44.7285113950295
51.4365179175883
52.2641138303494
50.4449154074747
70.9551661243307
48.4533913119637
50.0734748659947
56.0614631977033
52.3369580637829
57.9991142115802
50.7937678473041
49.2301967316635
53.3542507166546
56.1852912159761
57.3070885604066
58.7242793354013
50.2957079010545
53.151550322201
53.8121466767855
52.5195502112906
48.9272887108477
46.2964935933066
47.5486339859144
54.3826081671244
49.0645423832647
45.0553579946305
51.9232216482939
46.9300189409809
49.0313475448663
57.1897514290523
45.9198747883103
53.1439748076312
46.8851246963329
48.6435423852367
63.4177422188136
49.2940709551983
47.9278072477336
52.3017703871515
52.9779559460707
52.2338861150834
49.3105472226965
56.5845382228854
47.8901737230858
46.3540920247665
46.3861968745571
49.6064269437693
54.197558665124
53.9320212574766
47.2039033058731
50.4012934620411
55.9568648179125
47.4072616645739
57.2538178642273
48.9863321723317
46.0428148415175
51.3905007920286
57.3982672126685
47.4351759636775
57.7394748315741
58.0282132147426
57.5453661908784
46.5703519854761
46.6848735479592
49.4773718676244
53.4571370032775
60.5324329284937
46.6199788066181
46.6101732819568
56.8904230298304
46.7859525083012
46.6723767434706
44.2411800411544
58.8058005848636
44.548010425509
53.8746181104492
49.86227695263
56.7237184846072
50.4002170593477
50.1041745557454
52.2881956390158
52.8603630989661
51.6332202785414
54.6407153023133
52.6047979103447
47.7713169289232
58.7519886400872
46.6210636131591
51.2199395004099
51.6147180079322
50.8357180788666
50.7201091817741
57.1274171438884
44.8327115201957
52.4434314041172
50.0435399963965
53.6451997762019
53.7792611000826
60.7363079081936
48.7480622873255
45.042184399847
47.5320669435645
57.5299446409573
47.7895049279702
52.3211460781723
50.9473916449535
56.4714570259274
45.9979266493096
48.1495967809986
45.8983659714367
52.7099413772977
45.8782153006903
47.5006576896601
53.9209338091404
67.4104798872607
50.83518580133
48.4244541231485
47.0218808205508
51.0145702280009
58.5436635236258
50.3969410565969
61.6538877108869
49.0881873006673
53.5312100744349
58.6434297926261
47.7211767821853
48.1658766173222
52.4833758167547
55.306113044378
51.048797421235
54.6753055656387
57.0485965738671
48.602268051761
48.5491981006114
54.3071889224743
51.6305032021746
52.2360686420583
54.7072965476876
53.0119302414698
51.6148768408077
51.2575593598967
47.9787262702399
55.2084065825708
50.7968318174069
54.7056886003744
48.5018658938547
58.0903894514196
50.8894094836917
51.150603046
50.1406676172019
49.3053276488333
49.0874485880109
50.1534144079597
45.003783762919
46.9440515952104
51.9617439930592
51.3141817417553
52.9031397288806
52.1213764236551
53.7006735702351
46.7281693369232
51.159042201836
54.9819416919214
46.8559792605913
46.2008842742498
58.2576774697986
43.2063335667623
50.8073993004948
50.8331161158508
58.0476921480869
49.3204434931914
47.5158473382706
45.4297176937282
47.2778017232619
52.8047258060861
61.8239545789237
47.332715772079
52.0107371530654
52.7235001047055
49.7766143078065
53.8289818489577
58.6660530140037
53.9940907356229
52.7798613115255
49.3707634338027
46.7099125005668
57.7528871962651
52.1067543385094
45.9667529507103
46.2076478666013
49.1354327532496
49.2628084594295
48.145466381374
50.1652618324659
49.8565531206006
46.9081462307584
54.4125935030468
49.0908206846878
48.8105826675038
60.2135465782088
52.5390508407433
52.4236780807341
51.1270709783618
48.9252399572986
50.3660969913123
45.4930452686503
45.7418436087906
53.2975208931388
44.0359460310681
49.4208637219252
53.080031673529
50.8904976397204
48.7627768497276
48.3074723674578
46.6581742094628
51.5393592622174
53.2053451231407
51.0914463585264
53.275983113192
54.2000838408793
45.9028498310889
50.7248136734175
51.6742129164649
53.788780011866
65.3171573832368
43.6949076192879
50.5027153137193
59.616677151977
47.49321388114
48.6368039540164
47.2139155487227
45.4765064597145
54.4059528295926
51.2366723880026
54.3056719001127
50.6360291784817
56.6524471891185
50.3394389331913
50.0400035682019
48.7103999101805
49.2908209862469
54.2531759900735
55.6769213528412
49.70659492516
50.2870825921677
47.6300303321453
56.5858900180159
54.2400581441204
54.3714122570465
48.7542769104117
50.8128192304903
43.2562283018286
52.1257282620303
44.7328857285955
47.0969566016252
50.7597134576534
49.0684736647317
46.9693926455227
43.8867883604381
49.3792914333272
54.6455233505828
49.6367754177713
46.2374789955682
52.1538064155657
46.4851119184988
51.1702733624137
50.8063440203791
48.9343393102104
47.0013578004993
53.0529077751882
46.4173782935557
64.7175800421221
53.6770887541696
47.9543818613613
54.2046056162652
54.2573107932457
47.7933936051059
52.8117302461784
47.5686109047188
51.3037769297141
62.1657938113817
46.7988227297962
55.2593901894263
64.5656552971852
55.5717249739259
51.7834181715105
51.5183537443764
53.2701274623366
48.9909598776891
67.390913817167
46.5187025474153
50.7330336407994
52.4789620642778
55.7766635666003
53.0351998706032
48.9161088683779
44.8090156631813
47.0578693963045
44.6760926473769
45.4594693103233
48.835523225732
44.1972567030026
53.8774370422379
51.3619810781765
52.3018498567227
44.6286965661812
51.1992952704561
47.0088174368005
51.0492359991904
57.9671656214845
46.3320202170322
52.1819233041868
55.5740139960461
52.3865280349829
45.0146152693278
50.4134043344411
61.7717384098543
54.8686130262544
45.768980649767
54.3627179783511
48.8133597196876
50.1358829531663
56.0499677439316
51.4872042593456
51.9394140077024
46.5863705845909
48.1854217493296
47.8844802945911
47.4554719795592
51.7720973150398
49.7494535512607
49.6674623463974
46.9205884348611
48.2768630904847
52.7230616816823
49.4521924712072
46.9207278291591
51.5277654113307
55.0235865484564
45.4254887247872
56.9079726613389
53.4166911793109
52.1915465004908
59.7843158899363
53.4079766765705
49.5264115888601
43.8967763809433
61.1661305636543
49.8182684221023
54.2432460086015
51.4863492041872
53.7847418475853
47.8585535694177
44.3354323944965
48.7304700424476
55.9699980972785
52.3413164046132
53.4041409454596
56.4747969900408
48.6238396592063
48.8244452551
60.9979894503693
51.5746486825609
48.4633168193341
48.1161680845574
47.7258924197547
56.1834061657653
60.2423107602276
54.2513482156811
52.4764060251459
46.8990499976205
48.1161659935127
50.3131447878674
53.307989412336
52.8840169391793
48.9500017272477
54.4288769918601
52.4066014424448
53.9301855627217
48.7632611683069
50.7181740286212
50.210298857808
49.8104836938587
60.2875311595351
53.0456634684445
47.2098260874684
61.3583475186223
49.0050219926654
58.0438260862647
48.2566094585066
54.5293682101438
63.4770240885165
46.3871171272125
45.7959284257954
52.5277246957018
51.3922873666431
48.6794712697923
46.5313286529582
61.9288429360876
51.4813238774729
48.3296842817012
53.8002980784277
52.5727418972576
48.7475273043134
47.3036175662326
48.0536438012605
57.1675592860904
48.772738462873
53.1364517012758
45.0633331606529
64.6265716013745
52.2977017392476
47.8708737123257
49.9548456402449
49.1679908030756
50.3426760291438
49.5278500528937
44.9070739988507
49.5926350529548
50.643194989828
59.728219747215
48.8396638555644
51.5324789266743
44.9292690276422
46.2108498797892
56.5646634306013
57.0507381819466
47.3087058048082
50.6383684083718
50.3179402826702
57.8383841374787
59.8156258003295
61.446562146014
51.9421939018777
48.9954148430799
53.6556394368991
48.5037892715309
50.7945903440913
47.3963559289457
46.3928556415786
51.2584021518209
45.5905651178233
51.7816663075351
46.2036925600395
50.9776433998642
50.7068230121205
49.9651678998207
59.4148213044308
49.0726139151396
56.1256857926349
52.0603266521408
49.0120172238706
47.9838415408469
53.8340636468487
60.1246068000987
44.5037115081998
45.5468438580938
44.9740708493711
50.4394418654631
49.6511803088042
47.4326786262259
48.3608351505412
46.9656620213784
45.2025885503896
51.4966817590514
53.1171903689458
50.952336374341
47.4706490263088
51.6881494334634
58.1749829188789
48.1498157548509
54.9322881813839
61.916942626092
48.2352653915692
52.8315342336702
50.6768465216474
51.1688251255122
48.438170790884
48.9781855155219
59.4722723926311
48.2684721669909
54.8235786090219
46.1391672889686
52.7685529329979
46.4937326303578
45.9838320606335
49.049832750117
52.8252847137328
50.6190581774647
52.7212641052145
51.5940521296809
56.7491356176626
55.2840769501629
50.8834218674388
51.3761702152072
44.1432065925619
47.3195209695933
55.9584893778154
47.8766188690009
45.2446206972536
56.2772226955759
49.4924162239155
48.2975083482682
51.287915030459
47.2641652385726
52.5889545070927
60.1691031804057
48.5421108791917
53.0321361320431
54.3491920353381
50.3067304721771
50.6778680863877
55.204641532045
50.9748753730465
46.2762447124574
44.983060073937
50.8328838785765
50.6494645726891
47.4359602195063
54.7104333864334
44.3380680983101
52.1399008802608
51.580445265736
48.6600798071173
46.1511075806593
55.4296701878735
49.5790637109977
51.4627874925507
51.171081763338
52.7965933473796
50.7909375655347
43.2746906015291
47.1477993288668
49.4535244239984
55.2802766239285
52.8025630315348
51.2614760190621
45.6452506768477
48.7837638074039
53.6996838438721
54.5993852129188
50.7816389736902
54.4491504546151
48.6868895573724
48.5953372684638
49.2853165169577
49.631171623009
47.7799484898943
47.0317739905401
44.2226543012022
58.4826318545822
44.6980851289815
44.5429516790967
56.2640218378055
46.3789879381183
54.2524962465564
49.7453736783364
44.1793186876678
46.9741855397002
44.5610285256205
47.8053940438147
47.1317844909116
54.9600188305296
54.0226858295911
55.6157281286745
50.9993941700865
52.999072238536
52.3071723881044
50.6451283232946
53.7429310568586
47.5489651778195
50.6669607257277
47.5329126630854
49.5619484489234
51.01836157729
51.7849646696893
43.7260153000247
48.526780927245
50.530147680459
47.7171094012857
53.2071394874758
47.678400981701
52.5232645337877
46.8261685588993
47.8741517108139
44.0116461951898
50.7954864071271
60.1647654782438
42.7436816582135
50.2021471145688
54.0396645518379
56.4591127873754
45.1220225923139
56.3439149419359
49.1933769762076
51.1338684575168
54.1563141818447
60.0496255259829
45.7965092944998
53.2893243400182
50.1179561063983
48.0034715988277
45.8156945999859
45.0652528902023
50.0054735174488
56.5483453332872
56.9067453203113
47.7063987278735
46.8017761889883
47.7340749353087
49.1968926418856
53.1679232310912
51.0839386904317
52.0713763916944
54.6602217408558
53.41146020112
54.4780367302926
56.6290958711543
55.3243695097283
60.481893836653
47.2110494359346
54.5382293430659
47.4536442524427
59.5969772942818
50.4154264872276
51.5293524850356
52.0272299531404
50.3258147818379
49.898609112637
52.856534544712
47.878854120212
48.4255145947625
45.507835930904
54.8432932599097
49.3617650915396
48.6514113168596
54.8455562119305
53.244687963613
54.8146510214738
45.1987057670155
45.9166342083137
50.9457816250266
56.095895422154
51.7015126592305
51.1741204463319
47.3591286151746
51.1869136947146
58.2736535832879
49.712854310487
50.8273745921744
56.3810877692505
57.5520485926357
46.4780162878294
47.1639181490619
49.3877956017799
48.4758778132081
49.4862598270155
44.8663046040352
52.723181123735
48.6746831513037
52.6249090650507
58.1638676239653
52.5397905984326
46.556452933794
48.3961466945352
48.9513364077035
51.8783920850562
58.829370865884
50.9843732257002
50.0113958902524
46.825880308283
51.6806275061146
55.946322313711
53.7550261102055
59.4913564869485
47.4971325458307
45.2130463233136
50.4837636265375
49.3295025775568
52.7193546479769
54.1528895854461
48.3782975650023
47.9155951490022
48.6060960020025
53.8727232588173
47.7903683655544
57.2853947585168
54.6845299328126
51.3632061993128
51.4106491310546
47.8228309540204
69.2402599942913
56.7260895023501
51.8114655575414
49.4043960325813
46.8317730214912
54.233317556697
65.879519883454
52.6137444140106
51.6720467526005
51.0948898990291
58.8470376106065
45.0411202711562
44.7204863459985
53.3320804476936
49.2917955484221
48.4717941668329
47.477941801855
50.1183887516068
52.9583230241646
47.7002499273207
62.7388291117818
56.3964627143019
48.5998193280059
52.2907878868542
47.1355290345552
52.0177299230869
51.55676441737
45.3883947856893
55.2172270582142
46.4110671794177
47.9163487055469
55.0877150718009
51.796950200407
43.2468746402063
50.8469819375537
53.0751559930562
48.482053751156
49.443737235742
52.8853448657691
53.8658022736852
51.129294117075
51.9681837000578
43.6187221548404
51.3245729883391
46.1559256986117
46.8840725643646
55.3759037828699
60.0260107258009
55.8220715834374
45.5732033772158
45.7242344825971
59.8391854454211
53.8944480702528
52.783273562309
46.8916481302884
48.3756611600165
46.5355415174527
48.3152265739239
56.5439886623482
43.3151518404514
63.3267725396436
45.400622632979
44.9288511847296
57.3796562912065
57.9155091006242
52.5226876668149
63.5959912365676
53.4325493370903
54.7645083333597
53.9447072140513
51.7604068293793
61.8311306029718
46.4858570880965
47.9039945954101
44.5184602455987
55.9555081941966
55.9110582721213
55.0671290874669
48.23994239712
53.9693254855165
59.5582297069018
46.744652896944
58.84538900598
54.7168875714742
62.95302056582
51.6066823262298
48.9073800568404
46.1785083767769
48.3370996677608
49.3651451989283
48.2025594343206
43.9267187861389
51.3561473499594
46.8909281128798
47.2632903556543
57.4310348082323
49.2178790869367
53.836781141316
48.8235069198258
57.6921010482457
45.1658616053017
48.375803062675
50.4510984268065
43.7798661582851
48.6517957763343
47.2742625507665
49.3249763089112
49.7352264169334
50.7304617570864
46.1507021095056
47.8060473236041
56.7839112524172
48.0136297995514
55.1123588783699
56.6820475789118
48.4731211171376
48.6873085500535
49.8531491942065
43.5292175855021
43.4349585028418
51.6091186322586
52.7762798246872
46.8273974763058
48.2789236857465
53.7360700946443
52.1901151395484
46.9860345206947
51.4169311268983
62.5751013448181
51.4810083747592
55.7933236863221
57.6910804923084
54.8826101845337
49.4614401259231
59.0596182043196
46.8426728436827
53.5805385992097
52.7098998101119
49.6034781678008
55.1598092760276
48.4010668126865
54.8494300346881
45.0122113822383
60.2175781622584
51.2799817284562
45.8862793237167
55.4619983278886
56.0431663395742
52.0037513277507
53.8832565347177
49.5017115221207
45.7445022155517
44.9254830115511
48.8824821794348
56.6805842606352
53.0121454717344
52.5371561585301
58.5620510156388
51.2969657234871
46.1853151823024
51.0724952446277
49.2967434287615
45.4336584387444
46.1100916277693
54.667248534972
58.9798988539273
53.4458922435474
50.8617721663032
52.5468482139169
52.1103358499814
44.7081032216977
58.5891376753156
48.8029702113912
54.4931259629203
47.8094182337579
48.977702355709
54.7086888028035
51.6281738277209
51.2358677822406
50.3591899849472
48.4413237620088
47.3553726920708
56.3249040095693
47.5721566268223
60.4185902640211
49.1192716768231
48.3647358532795
48.9464427338761
50.6756080719715
51.417908329756
52.1019040472957
59.2592724425958
45.3368049390389
58.9872884007895
51.7413651487205
46.2602661149618
50.3863565405471
60.8341825954
52.4561985190626
48.2609777740045
45.5458327838274
54.8151460260445
49.7209652157733
50.6696108041397
54.3647872055029
49.8024971459883
52.1491468200934
54.8004467238485
52.6350193384272
49.204634375084
52.221505120667
48.3438913979076
51.0894417659974
49.5995047804742
50.8704088602336
52.6001717372132
48.5619960431151
49.6455822171929
49.7336917725948
50.6456201514105
51.7731486516268
47.3447602029709
56.8977012122145
46.0883415576899
50.7260991238971
54.8058272881108
49.8399184928438
54.513654862484
47.4395415803389
49.8005085612444
45.8387625797443
48.1961969133001
59.1439658768315
52.8941944448047
57.1509032535297
51.335237498968
45.4248550691823
53.3549076040028
57.4295152546775
46.1087897322828
57.6931833607554
49.3245274446301
50.043749877672
47.7482958182221
49.9270239063083
57.3257804160045
50.9738490146443
48.8051765383289
45.7974123947753
45.7180282659092
54.0311413980825
55.3009295803212
54.5809672311024
51.9118629335816
48.5089516256418
46.3188798455352
46.0413345551442
50.6649556447119
52.6601268462806
51.1004222979464
59.1137806567974
52.6819235537794
52.9489996311742
47.4611491874548
61.3011818897517
55.2529608696351
52.6022881191964
60.4759202140929
55.9394329105193
49.9576685230116
51.5476720857794
49.3241672678435
50.5290280006985
57.0206373034317
48.5424145227615
48.23416576881
51.1697723171179
47.7405543287717
47.1305756868573
49.9469586066426
47.3390165086576
59.3929099949097
51.0116500481961
51.356558326763
49.2537123592739
51.5339464282464
50.3101160374115
53.3919020629032
59.0176059582169
52.8065492077294
52.1056942185084
49.0327740495466
46.7865137554949
47.4124632677382
49.090196501419
48.8447838130463
48.645920727018
50.7551802175557
48.2808312553505
55.4902883624047
60.0800127318141
48.6101884735112
59.9068623135348
51.640190111543
50.9632965225343
48.5976812098783
46.1491806263249
47.346064338909
43.3344357092111
50.8680159604928
45.9516948334649
46.776657664594
48.1843982180703
48.2131083037452
52.9882135111068
49.1625083918239
47.8929605093408
55.2885633012122
46.4959267373067
47.706414116685
54.3268147997398
46.2400114859458
46.1535616107809
55.1984486179754
54.7008710415824
58.8865599868268
53.2012098846252
54.4320296829961
52.2983910114854
49.898483480052
52.3887955187664
48.1091279524096
54.351097379935
50.6122796906675
53.7157097190425
56.0157278229096
48.8438837654479
57.9207105136542
58.4403167986425
45.8977208505635
57.4699443293612
54.7390486955657
46.4187696018936
52.5798221031194
45.1768348453665
48.3495549331415
52.0328520380211
62.2856508068643
52.2592863252075
48.5166582841588
52.6707504190586
48.4037612686098
48.2560361056414
54.543588745936
55.517576071498
55.2356883795457
58.3515384863802
48.124887065521
56.3016587538849
56.6642538236886
51.8847836534307
44.1830090388615
52.5075947193355
52.0557160307615
50.928871259387
56.9805876351512
52.4483758258422
52.0077557834145
52.5343437690108
44.5464706452669
48.5300975857122
57.7340929538975
51.282895717151
50.8431289116356
47.8970214472863
48.827789637766
50.0087556631836
49.8313711094731
48.0024754262814
51.9887877462676
52.8821860016349
55.3762670735885
51.3794802164668
48.6433724434236
51.2926608578118
55.2701870231995
48.4720448471193
58.514937779934
48.8223760926358
56.1092499432335
49.9021170796773
45.3385343933278
45.9623250015449
51.0892451192442
54.5259214765388
51.6777975873738
51.0159158945183
47.6261275580146
53.6158233987555
47.7416876553312
47.4548417330221
51.1169200335261
48.4748049651474
53.2142352391844
54.5117734863833
49.7632690687936
46.5045061660203
47.1501543661156
49.1715600942499
51.2578434232461
48.8336223573133
54.9777931507396
48.2780502683308
47.977965856681
58.9736227737662
46.7963894002652
45.9839262653489
50.7026705396362
48.6531421709209
50.2930752908502
56.1238376017441
48.7851933847528
49.2916404868639
50.5162889015707
52.2727413503618
52.525028474763
48.0553917600155
48.2825045638648
48.5540553713921
53.1596645551742
44.7717652691309
52.3279050906867
48.2648164480227
50.4725373727846
45.7108562603274
45.2355642683807
52.2164317873999
51.7784061943058
62.1858698235649
47.1976525982941
51.635274597717
48.9734292902125
69.7103493507243
44.1459837958785
49.2132359842988
49.0752537295159
49.1852130486019
52.1497667353285
46.6054619619504
50.2953149703073
53.4780279532885
47.7462275639882
52.3957866306604
45.9395318574125
50.3238445043358
47.8091880996679
50.7346643343505
56.88976991463
56.1097852074171
47.8329689271394
52.5361523890408
60.5169548851709
64.7387323895845
50.9934407873714
48.3481170269574
51.2089857739988
46.1715251316671
54.7757577809809
52.9857732524934
44.8294944774337
56.2784554959816
47.5921996250308
62.7384511362067
51.7641380702598
47.8511480136686
48.4116410719819
53.0425987931681
45.1784262478352
47.6442351243842
54.5244976037772
56.834230277192
58.8681273472119
55.6536141931436
55.9461698383755
57.2254964572124
46.3592325318239
50.6546774352453
48.7313260239802
51.4206709905536
49.1504913461044
50.359549953133
47.8429181057754
52.8569134951049
47.104625073154
52.7662218038051
47.7238933337129
45.6323889977588
58.2477202281673
49.9253252680475
62.2752474984465
51.6771459430636
47.0686085573124
54.4255593813167
47.7508640091734
49.9017370176532
47.3202354202636
48.338345560863
49.4131194987003
52.9375744501481
50.2788788459531
49.3423618148022
54.1521983105155
45.1958969086744
57.6608976641714
52.5769207428622
48.1286211229487
57.9182146608639
54.677535436499
47.3074073108319
50.7768072969397
48.6343092380208
58.7161266812314
47.9345571921555
49.5001706348765
43.0267637427883
46.7380118621073
53.7066502014715
49.6341744417385
52.9791401132561
51.2578546408333
59.0544583990008
49.448449027783
47.7188079181191
52.5106917691712
63.595833679888
44.7508585243311
49.8245786264755
48.1772080735819
51.9415158538282
65.4435980313178
52.254209899493
52.6665344975683
50.8453678221292
46.3974675208224
46.4712217532109
55.3789295276601
47.4740187039568
47.9757405647897
50.4435256301306
46.3061231852387
54.4456628201306
49.1722257674551
43.7018721377338
48.0857427961112
48.4664380035644
48.1970429679122
43.3182264018638
50.9503695861721
46.2253319881394
58.4072983506208
58.306777768174
55.3672731181463
53.0531465486424
56.4892055181408
49.9511834491074
52.0037464508318
58.3426550092119
46.8717573477697
45.5599810023825
54.4368215077614
50.6356057079295
45.8381296358335
50.1597299423373
53.1872065039021
53.4311751383285
58.662448892561
54.6720596270375
47.4034746969651
47.9285047110746
48.2179083236886
48.7935419798279
54.4021829217509
48.2893683787866
55.5893729183289
51.8592728791979
43.3562262135075
46.7455585839524
49.315260223303
52.8024467749547
49.1670456061216
49.9907508805244
58.2153829703883
48.0201693488422
55.9603300780424
42.1627340243011
52.0114808658625
44.9718912971195
52.4675148768412
58.8264328856242
53.033003316109
48.7768593731099
46.2523532108582
56.9092955436785
47.6990456900931
44.858362664612
49.523506670178
48.3949085293764
56.7708570853417
52.4356327911344
48.243790994092
48.4567924877203
49.4315881554609
48.7552088305834
45.38456130494
49.2536555328403
47.6620249834572
50.999384697636
50.9058676604282
50.0354590184309
52.2466041125174
48.337728780743
60.632381541304
48.0340942660804
45.8332203757038
61.5799682107198
56.9276295128311
44.7087767339442
53.2082980484907
50.0304460276565
49.0834097024341
49.13746801626
46.619981498983
57.2995861665667
48.8685066914444
46.1157647735657
52.7684814618558
50.7362501141519
52.6413110178129
53.5753642783592
47.3377921814819
49.3821958574494
52.8867888689014
46.8358211252819
49.1251897939686
45.7377997380806
46.7442203690604
49.5580886492058
51.8651574449213
47.2129167831488
48.1997056876267
50.4632188844037
46.1434146183708
49.393748735373
52.1937079112148
55.3798282455922
46.5295887177471
56.6383897379412
58.8243412296605
53.6471347152345
60.7904857957492
47.7186576387868
58.0916419385248
52.1953208176397
45.9479508135169
48.1979415273965
50.6414033448295
48.0163194328671
48.3738083971205
47.9802919000587
48.7368141585134
43.9683070132477
45.5701435507232
44.8419814152458
50.9904895788903
46.7468055474217
47.8665875348225
60.3925571268139
56.2203307007105
50.4600067943562
53.9183166602381
44.5569008555448
50.4697777206939
49.7568417277796
47.0335573481459
49.0356094506378
47.1177972585249
59.9014852011121
43.2713896972138
50.752329061307
59.0672142790877
45.572623447291
45.0484598166497
49.5749085642958
47.2682748132921
57.6856847632877
57.0597970489272
54.4735700754242
56.8835586476238
53.4812258509752
49.0268883553407
47.9252701151089
42.3838807163653
48.1161635129835
67.0783088054606
47.5358716906307
47.5448964417931
46.1420706020954
51.4612288471706
47.1146106923225
52.6648241829757
47.7819018567513
45.8827332080056
49.1374103262394
55.0715527009992
47.8368396144835
54.9317076123164
50.5234184147208
46.7503280694809
52.433620314658
46.534185878031
52.8909118997631
61.6633184221163
58.8658034414645
54.4094080759345
46.8888083019076
50.0429433894908
50.054427745159
45.2184641614413
60.9891775818791
50.8346031111051
48.7913248753571
50.4999313585202
49.7590482892729
55.8568138602261
43.8282265995875
48.105606154756
46.1634444875756
50.0116059230894
53.4481724647685
48.6041620771279
49.5138443443382
54.344779165191
56.0213249783573
43.9104047388208
48.2370705871557
54.3896786366576
52.4278016186266
58.7012552877633
58.8028499671661
45.4192697919119
51.5721984537398
51.4189816519445
49.9932042920077
51.0928672205484
55.0451625759911
57.6484032055672
47.1622608991087
46.6614483734498
44.8103911185267
51.3051254131916
52.3820834588812
49.6485601941435
49.7497216983994
46.9290226507074
45.2308569289681
59.8069926849383
50.8123091307131
57.1950553280191
54.5543513588837
52.5421483477941
51.3660052468038
51.9178468523247
55.8762092058464
52.2379439158717
43.9411512809
53.0674229983504
56.4276083014206
45.7414421453189
46.186051639442
51.9218913662839
48.4061260358395
61.7902829922729
44.9167141507151
47.1852132438759
61.0756382369123
46.6681792420956
48.9875017871534
53.7750710157055
47.775058987466
56.6458128900149
45.1112264491967
60.3408357264668
52.7556925643227
50.5803944785418
46.9379053590041
54.2868831096058
47.9508036937621
49.9085924601722
46.1239689975715
47.3988151806137
49.3581555520412
50.9595072352447
55.6265477463093
58.9244850751371
60.1724942441636
46.6517886186534
50.1760653858402
47.2483477734322
46.2323353286158
47.7357907890476
43.3236813610623
46.9809885151575
45.486868084478
53.3425828434532
46.6343379691186
51.244804996512
47.2307976594472
56.6756782919152
45.4008090753015
49.0573925973226
52.0988614522886
46.9191654804621
48.5820672794904
49.784655051132
57.8986675960284
47.5020326246399
48.518308957727
49.6401470110499
46.3019497170904
61.3772416499209
52.349580613024
51.2907281035918
45.0165631900092
51.3576453200919
45.8831309468603
53.3980921046613
61.5268563513232
51.2807704388537
52.5795964002973
58.6041246860635
50.5343320567802
46.173812811502
50.2074309695396
49.5602546441115
54.7139334195681
58.1194069566599
57.9808990361518
45.0569983011644
51.1987081310867
51.4635463465122
49.5884152940605
51.5745164335167
47.5828696610738
45.5643989217901
50.784602214526
51.312116241263
52.5351330752424
57.5849692987742
52.770188145358
53.9621278708082
46.2481258604001
52.1385047049243
54.451426495946
63.1648382490772
51.2428912449289
44.4589350978722
58.6965079223274
53.8353448159203
47.8714811702079
46.4006014916515
46.5410304195341
51.1833182028124
47.828117814271
57.8670712816817
51.6781725674395
46.4656497134424
51.3845055594348
50.7282960560059
54.4980512903722
46.6121990093224
61.378086956328
50.8730092343015
53.1695536381062
59.3948800682901
47.6971777994309
61.501433791003
51.180041817969
52.3004192388754
50.5783930903587
46.2563881005304
49.4035330611197
50.0428996071829
53.2807969938712
47.869397824446
47.3218222480997
44.8928871979948
57.2111264860698
47.3312239455093
53.7598690963597
55.9917157067262
51.4086192509126
49.1518153233471
51.2378324629161
49.7232342216559
53.9567076298609
55.7309432724762
48.5825480566638
51.9801199984706
48.1691902647976
53.2591275252147
45.5819450996111
50.9778312129787
55.0130800268022
59.3433698436626
54.0732930050985
50.7695819417873
57.1229701547098
49.8609338494108
51.8728340382141
54.191511802808
47.0126155533561
48.8503962303761
48.5219763760662
53.8258554446347
50.226178878407
46.5135432490368
57.745591018737
45.5898559945506
46.636268387462
55.6302811133899
51.177504593994
46.0971551107431
52.5931614837711
52.6183249218933
51.6361445089323
54.1250843369242
50.2337975379215
51.3735286703691
49.1177240772808
52.7748722760141
45.9467631494933
53.8412387549591
54.4258514698308
45.2608609394758
47.2015221315535
49.1393475410686
44.2699177567557
52.3161590101684
54.5940863859224
52.2563276939573
52.2439005207141
51.3097945891794
47.751122209916
57.8846919929328
49.5169378578373
46.5022754273162
51.3860267385542
50.5088981117184
48.172404213646
47.1679211065358
49.8423496999955
50.7352720696015
47.9014272255297
51.9055002915014
47.6374387589857
50.5181229015217
51.5185399074689
49.2398065996344
46.2885818242657
48.9192335386025
50.4976371724078
51.7360792855129
50.6929749920567
51.127330658234
49.5266407368913
64.6862775422017
52.3763311332788
48.8555396362216
53.723948593166
53.5574217033839
47.3955655650393
47.163966162376
51.8729631067146
59.7505128049512
49.5576006162204
52.8200348966895
48.2127651003868
53.833436144771
48.5781563359093
49.1550120142364
48.6834330767551
44.4725552107583
48.676644837216
51.3171448816584
53.6602443285505
45.727091266923
51.8834837679483
48.8178234927882
52.6208951740139
47.2022354407273
59.0124091163343
45.86611935523
51.1394941973622
47.1816502419882
54.2211124119461
51.1369931926485
57.7939705418699
51.402602612954
49.5134387616215
50.5643947216171
49.5608991116514
51.5985561662742
45.9086954689034
49.986001518238
52.608997732336
50.4801733942423
64.4714190172596
45.1793323799067
47.1747664964895
47.2353361050679
45.0457126448354
48.8239712682482
45.5757874788694
46.6144184482698
54.0485240571967
47.8691730942075
46.9742839984238
48.5947092623585
48.400665806686
60.3101882279974
53.1144139010475
47.9067965282196
51.0594887347737
62.6353066107955
52.7974959221382
54.306181606272
52.7333918101672
51.0801886623691
53.9981943956918
46.4100770370259
54.945434613339
50.4772735103914
48.7198611438803
52.5120695269211
48.3105346615457
49.4075939887953
46.6304224701154
58.2292096700108
45.796688615894
56.255497747232
45.6862403157304
50.059225763543
47.7261886504741
49.2007877947398
53.2636256432501
49.3126370180848
56.4873917885583
50.2276367587928
53.4038044775563
56.4096578675001
51.466352531568
51.2482487922641
52.7034439400348
52.9833754870836
47.7547777254173
57.3306620603197
44.5944627993971
49.5355005521607
52.8027439364635
53.2824141527709
54.1885792219509
50.8820956345572
55.7302631594191
48.8244817662875
50.4860969386689
56.1013105850666
47.6328392898172
61.4232022645741
55.4696461333311
48.8381895052099
43.2184079943614
43.3454101600751
49.655473949683
49.6093333491289
49.8808903291401
57.0456438575158
53.2355864094299
50.1095802158885
63.2547980846562
49.1994344102314
47.3434088033621
45.9086649173175
45.6337496093411
53.5041794035006
52.2066259740055
50.8128311599193
53.9642907006598
52.5884066711698
47.4229505844906
55.8706519897107
51.4678385604078
48.2517320479504
42.9291712707092
53.4245030216466
62.1000195097387
51.5125771049071
61.0322898910918
54.2598194109443
51.4491225990851
52.8993554401866
44.820173270059
48.3571202399935
49.2448695899851
62.8787868912103
52.9508454468955
52.794114156379
51.7169620740715
49.5181647069008
51.8255038861374
44.1894250352713
47.9280155312616
47.6778892265861
51.0877941513559
54.3629620318326
53.0784931678587
55.3894831456754
51.6159221241337
51.6619803177153
47.469595221174
61.7553291876521
47.6110722069453
49.4320603112775
59.7690559725178
47.1311527895101
54.4577946330194
50.1123696826307
53.3927389646343
47.9523805500299
47.5814694089699
51.2840696626743
46.4618661115445
44.8731660972388
54.7191679809905
48.4590661468625
52.3553384010235
56.5294774443512
54.8151728273503
58.7098914701746
53.0251757395417
54.5960883344495
53.1445073255136
49.6245218516751
55.05171174983
46.9804399437848
46.3329367096114
47.7193548206767
46.1711047642811
47.6577684732827
47.1589329616938
46.9308587798473
48.8527733789366
55.6816841636196
46.8608352990184
46.943419381942
54.5584946396917
49.3950011203715
49.9757963375143
44.7819917324039
51.7196529457667
48.5703764701537
47.8597820163344
47.4852427514965
44.8894786243971
46.4348541614108
46.200109750605
65.2960199424149
48.9915714300386
49.0925926719026
47.6511662314038
46.0524401151001
53.7931787049769
51.1598924820039
52.0692147330207
44.5797894502234
53.5246533911263
50.7072424480377
50.888385150133
57.4693346831317
47.4144314247281
45.8901849023325
49.058408500628
56.1372777128657
49.9203214443438
51.5388351989177
47.7094885249305
45.9790021221318
47.1715859756238
59.8215187100529
49.0813234279561
61.0959933179742
48.3896380724991
47.2286299322754
51.556485483109
48.4652770088194
51.2034802244415
45.072228998219
48.5864812924018
47.7227517626105
43.920675031617
49.7098247518732
47.6636490653156
49.7038629767755
60.7353571174803
54.7616967277198
46.436801956832
52.5122292351102
45.8177693275922
49.5616369313927
57.7913563305451
62.4403405249937
62.0403962442323
42.7884018506799
52.9167305748061
50.7816117159638
45.3083748881861
58.8746672436401
52.2030438325293
50.1789211495284
49.2316039102131
51.7593293957083
54.822816195012
49.0141966657254
52.1139928252668
51.6397629127724
48.0438598696508
49.7793891189877
51.38460862159
53.3463896437943
48.2847992022143
61.9898668318708
50.1194859774076
53.9828657393727
53.9976072468205
49.1209416078662
50.1577429941617
54.7505414724048
48.6677890174783
50.6339982039881
44.5776952172027
49.48934882527
53.9001583822029
48.4940671650351
60.3639722295026
54.4606566726784
51.0684471481675
52.4310116308347
53.9573705147188
59.8610047302304
43.8732310062538
55.3635063347548
61.452786680048
45.5630035349051
47.0336807868791
50.5781647233767
45.9295515931665
46.8577712033067
49.2445639136438
52.6275012993149
56.3269457055114
47.7703439968594
48.6510421696828
50.246903441168
47.8320136906662
50.5605140608184
46.7774157467476
48.1066369972889
52.3111204369535
44.3327826484372
57.5208889578877
46.0517534986955
54.6643988067367
55.0879634246384
49.6118091975209
