0.746446105244005
1.03880529186439
0.552950794853369
0.568006523295593
1.18121363886187
0.819398240656794
0.664748195541346
0.788493604623312
0.682691428493183
1.99307431962008
0.541179640309584
1.30509792172031
1.45079851652156
0.546056287461338
1.61442750319907
0.599533575378395
0.985909371561835
0.696292431471038
0.54613604643306
0.634743005020715
1.0713028689097
0.465747344801186
0.817127471235942
0.413480180395677
0.587966932689814
0.365909504611395
0.760883132657068
0.60903579339061
0.871064813269553
0.929697777594646
0.9724513105131
1.51907603411312
0.705506432639833
0.366678832731498
0.885246216895525
0.475863592416557
0.426483309827577
0.636866208911531
0.448169031185296
0.576225649180883
0.808987109563969
1.2228658904128
0.802330772962725
1.76476035379824
0.425341343388744
0.618649871058365
0.865030040355376
0.63150701439921
0.441693918635513
0.473753341864491
0.787083175399467
0.536644458373794
0.557759596340565
0.924986255930939
0.955046241149996
0.531044526793575
0.528337596214582
0.902665727408269
0.696152042927106
0.854608379914418
1.03392294962548
0.45982370718813
0.60892222132593
0.4599034071866
0.324200718883311
0.832541824704655
0.583434034890262
0.35545577214284
1.2247687182329
0.544652317966299
1.35299600083465
0.647510571720622
1.45382432843907
0.612167980306868
0.905898465746833
1.30497647723477
0.405706676624983
0.599354476492525
0.76185857008964
0.55188098427356
0.416573877510825
1.03287944168625
1.0713340086237
0.57666635850727
1.09877232951804
0.508617961977755
0.509362308374159
0.680654595939312
1.152893176364
0.577926322162329
0.831313996713136
0.260443438328442
0.793171610105433
0.492145389964894
0.479767695750805
0.939274100966759
1.04219137236202
0.372680257562595
0.560828697956473
0.999483719418807
0.445364320468748
0.211696312614462
0.294967920906683
0.631141705761353
0.715236423917129
0.772080659695967
0.75668137152759
1.00028947145802
0.463555976043059
0.675846036965112
0.819410268390251
0.614935417763808
0.592712207848615
0.785634636320647
0.360330661246345
0.680676767725465
0.588913055847789
1.63388429399787
0.927373829967075
0.573142067426597
1.06049324952954
0.443487696397913
0.983804662917916
1.06672286728874
0.362983340849244
0.731362787422236
0.604965297148995
0.475452057193581
1.12701690041483
0.423997699190769
1.15738068438462
1.44200787697424
1.27833380112237
0.356878793405558
1.02946815037578
1.12921849251149
0.652994217202255
0.817215268945333
0.626014907426004
0.723634311217052
0.64174937882718
0.314735816784827
0.723789113439662
0.344959303103167
0.569803789714503
1.03528660068105
1.20130698254289
0.705584722394197
0.609403313099201
0.805445148443585
0.517960603981473
0.581190272334903
0.305349513668932
0.758830400767059
0.753831688676019
1.15302011830144
0.487668951342129
0.622155180445305
0.605246179185775
0.56254094498277
0.964207201533656
1.21970105955865
0.606975510951614
1.31949288333726
0.591410093871895
1.09823080654182
0.650236669006488
0.333118982624246
1.18182895784946
0.303536511637674
0.225781076564663
0.775742567850216
0.448055482743129
2.14213233011812
0.50875230035486
0.45381647563843
0.796150079946339
0.839727582387117
0.426828624170102
0.463847465157964
1.06249575220426
1.05849177847406
0.404331707678265
1.0698900567622
0.436559518974057
0.618256667442055
0.630739748595597
0.981020044342631
0.508137637322398
0.904373443714328
0.354480579673336
0.479206290577141
0.715571054715426
0.453979129659963
0.349939472731676
0.493434594988153
0.554634410035272
0.781222775129893
0.411754641446312
0.527872749809967
0.883021133551209
0.408954408739327
0.451509963810601
1.77035783583691
1.75928736873083
0.37959975143039
0.595976709738887
1.93012978333539
0.937641239927461
0.963237915962511
0.541370202851543
0.81434366417256
0.669564812494157
0.241131872458675
1.81906919445911
1.28437474294322
0.772164335935517
0.748032149162403
0.571190864772015
0.748059842984919
1.00090738120301
0.55604197061381
1.15865660398779
1.2660512482442
0.508759517624702
0.380840554992708
1.13849674482814
0.72383913814577
0.888149849232157
0.551099488262131
0.723809911760918
0.587060046182985
0.516524915954443
0.628339783657865
0.82157555272027
0.618788289851834
0.815121854606177
1.31596601009382
0.911994660004882
0.290996056557166
0.765461732314393
0.595901259567777
0.563976577615643
1.29090775573577
0.543086433666196
0.55693874512566
1.04726602081528
0.811128487166532
0.472346220781897
0.595525447587348
0.686007778146237
0.455289208107906
0.50353041495498
0.730670615149659
0.899071779310729
0.590811623577163
0.614370704193579
0.392579846047253
0.532882939666482
0.759643124725437
0.50282361143164
0.487093082429822
0.621164142352403
0.783407087068032
0.42348687666392
0.804336733964273
0.72973316838268
0.69438098704285
1.22412691135519
0.39936088454142
0.453180507615166
1.34617423324427
0.723491983571501
0.538366699781681
1.75426092783553
0.472669413818009
0.620932420105297
1.85117003810622
0.671354795277201
0.704249608245586
0.543451065592668
1.17819246394411
0.957107664348545
0.319173543724953
0.389320589227559
0.558908843278592
0.760409684385464
0.404012036613326
0.472072113412767
0.667808861807198
0.276790297114471
0.205017736699683
0.7437559093882
1.09334735319718
0.752010146063436
0.610241145155812
0.616488750405943
0.857718214724147
0.487887955133761
0.711920390302523
0.443775600032295
0.412205490493314
0.618956419253234
0.507246327676332
0.650409854507474
0.659662672054404
0.571840186498587
0.281874073844025
0.777951622343212
0.982124755548292
1.19905233943173
0.467882155720719
0.725235034260248
1.27717111251566
0.856994645620488
0.334754638237672
0.549907293702276
0.909508819832356
0.97716134858832
0.764420078334
0.385921991298414
0.406244092866144
1.29677975626
1.15339621981129
0.451641200149494
0.570669308378372
0.575627549846372
0.469456659010261
0.618676503305458
0.498601384554251
0.983415982706973
0.853987033253834
1.61210438237816
0.537571909631101
0.449321164774919
0.507776529987087
0.82236558797168
1.13542699528887
0.306572586264363
1.26054086774885
0.658953820146038
0.322689695532554
0.609798959447315
0.832375772382738
0.907421118328735
0.477414209810202
1.20168674900526
0.619254224531212
0.541018665961882
0.991861505208787
0.435148191464558
0.923953539162214
0.747568699198968
0.60093972797571
0.481641539849344
0.422225751336039
0.641325115093607
0.818821447952476
0.668808110279705
1.01055564726749
0.450441941829485
0.48460581745514
0.571400692123483
0.649782356738851
0.96015483511266
0.495728739096434
0.272558706767207
0.682428636968683
0.653658267423088
0.89316614907721
0.786261516291357
0.65087453282492
0.77584952546824
0.533721854279212
1.47790893902433
1.46160758807138
0.49132121484156
0.44182207309227
0.873354542777647
0.585178850731664
0.795476579061082
0.551456310070386
1.38276067370337
1.11097617798888
0.459165813745687
0.449167835917196
1.20357909627546
0.801442535477166
0.682462058626893
0.995005952392742
0.68945238036858
0.456981440844239
0.616428668288487
1.01114544868685
0.621142299630007
0.468125616585766
0.433631826780406
0.400027221202493
0.51081617456464
0.58291762404126
0.410488203028559
0.817812007640509
0.330860790758379
0.318791594763877
0.572907087928962
1.03838806765089
1.03424701637702
0.962887520425217
0.93334799310488
0.43019220971319
0.512589694537903
0.540656030378935
0.877199909450605
0.868300488485252
0.646086147747946
0.630062449447838
0.714798358172278
0.437944757456574
0.632828927386977
1.56555829209926
0.297568793909667
0.431111160281573
0.494514952089377
0.816402070036688
0.490297689932771
0.75795450611369
0.459148934391343
0.85157028492352
0.395829402599671
0.424749632729387
0.505341325379198
0.850052780805848
1.06261204411018
1.48315960170634
0.706818732549652
0.902020890986927
0.868242459542508
0.420051123377987
1.22086772149864
0.615601236593899
0.637379426378403
0.914435636574739
0.451002597411002
0.734883957135456
0.481921383262386
0.7408660528044
0.935043095235466
0.63589994942808
0.604130409580906
0.4522989100368
0.66585182250709
1.68997712318749
0.696063274478464
0.39791657599476
0.866009746078443
0.911636694693091
0.995356298628953
0.86166952962475
0.338890641824333
0.700398176062397
0.786633400304955
1.19016584843779
0.908903542629891
0.552789047580322
0.436403288689302
0.570830891888116
0.466789165772549
0.419383923877981
0.516500086959651
0.461956524511507
0.291724502177112
0.394710529696414
0.523568500980275
0.360631323927903
0.498763841741574
0.80954744215296
0.252584238129562
0.506477446791697
0.700420727048262
0.760639532091729
0.453136363116728
0.844006717918681
0.698695315109352
0.74741773959111
0.528832764262262
0.390941917687191
0.907052500394713
0.874484204789454
0.39384315138304
0.317764232548937
0.341740859925075
0.879872744984134
0.651050170235558
0.354445953390407
0.574732466988665
0.380519003238176
0.581358857733849
1.11385385424214
1.14815719314881
0.328990805985223
0.574490856439302
0.490786393965607
0.755566304733083
0.783105669983588
1.16934356817806
0.702428370393067
0.667793652457501
0.632730454280307
0.615802349490215
0.626085787182641
0.777832306824377
0.65429671065178
0.33099971611593
1.30633612651539
0.849387655317531
0.593568164859825
2.38296949903168
0.663122814144941
1.36997567187418
0.910312643352413
0.22839394976087
0.369721691584969
0.992333607868751
0.661965570470298
0.829063231425879
0.607021289747204
0.603960993485574
0.551041810891476
0.366855205924058
0.562057887399374
0.51222880227042
0.87300561313968
0.581551259106685
0.344767533387348
0.709802896412312
0.741809769740013
1.59368560318407
0.374216536132157
2.03004489658177
0.627666696819892
0.679461153341601
0.683013336363567
0.462530538802458
0.510586972313223
0.558502785841354
1.03501258636158
0.65993748167723
0.806168841774499
0.69026612696811
1.23922214710149
0.834341307601111
0.473737083091575
0.788570877322008
0.50730599630406
0.773214033830947
0.44124308123048
0.683274320522931
0.413662573631292
0.975913150761988
0.473231664534468
0.591301251889579
0.53641715438453
0.867056815860073
0.362165918720314
1.44482831802855
0.670546915193146
0.559363300936737
0.808689469664905
0.684525944654599
0.741136651448898
0.598005012115822
0.35118451135717
0.831420640434896
0.481472499114322
0.627895636498152
1.45782113652145
1.72430249665634
0.371752666471895
0.41697333048208
1.18013164643691
0.577049307462919
0.678545590353065
0.386590251385007
0.482329528486047
0.700262213121292
0.698173185454048
0.432088025858187
0.636511592447453
0.501945168093026
1.19627399239053
1.30805081695379
0.880521610640275
0.784793156233765
0.377894348258968
1.0055656720441
0.776036244576985
0.61287254084189
2.39737955254049
3.82414808580659
3.7003768371187
2.84616670110138
1.67095023610621
0.768510048299437
0.389806715851057
0.708744550038824
1.08635144508772
0.430309650597316
0.498037041506878
0.505326008848571
0.790995579805783
1.18813669513779
0.659094478407316
0.706640269393509
1.17069711964109
0.548446955466673
0.437393913132118
0.586282849834428
0.451372740479787
0.402452990611917
0.912953137544874
0.480309782119666
0.883884382763872
0.86677596857616
0.464233770880489
0.735530868398177
0.470729662365937
0.395270333749173
0.721716154529149
0.693285883064057
0.843946544656961
0.52545860923454
0.520697397607639
0.121348014673697
0.321125548166946
0.568337099538675
0.719703642933538
1.1870631586807
0.610783732160015
0.462614438399334
0.746701283144695
2.43236505719805
2.48127243322533
0.574140873749704
0.614448423723697
0.525047120290377
0.359830127993315
1.03536648837922
0.753346676167019
0.986020286813765
0.630019054048341
0.484833447783855
0.874440244835494
0.356170593134586
0.59560399491343
0.458988749794044
0.330157158585014
0.354003919087885
0.595856392443752
0.314470866814573
0.89229746465972
2.08509925865346
0.4769452217031
0.77013806013452
0.40132664409948
0.581881991131185
0.940706044114924
0.314783985170004
0.904621465901293
0.836621844095992
0.414357580781539
0.861629030913387
0.565365336321734
0.716725619599538
0.55305548278092
0.422038265879748
0.805114148496656
0.760201583547264
0.36643084035458
0.750503520165809
0.446584584895478
0.43836112781461
0.560929080013693
0.290167793114068
0.848037125825112
1.20505444053984
0.440895134053324
1.21012886178991
0.419090808198178
0.381454725415595
0.881576628108742
0.415211535804577
0.77726161616359
0.680477760391008
1.0774654344347
0.558743576444885
0.439714277789028
0.623078708032423
0.878515792826092
0.432613688487225
0.563307515798901
0.531999603729448
0.858478790980755
0.381948733913535
1.11493357983948
0.500318517360183
1.00908877621915
1.09336570439333
1.46701409205405
2.25161375987843
0.438337225333514
1.69913265338374
0.792006449793739
0.343829607694021
0.585700937561451
0.837698597826826
1.10297852362323
1.16529627880109
1.16670582653383
0.547373329922548
0.345890139792664
0.338586981653189
1.49422600338791
0.61448741650768
0.762408401766446
0.322045225835301
1.12042076772125
0.368711758178422
1.15177062281463
0.352104910726192
0.653232013569623
0.333981436431821
0.596915170664288
0.771045577130168
0.557455430093358
0.429550336667107
1.09502600502739
0.177390730745824
0.582852305298025
0.640879902488122
0.556989713651688
0.562383579351123
0.708814528015082
0.525962314357969
0.377441519956919
0.314553329430147
1.04862937992767
0.822274253157969
0.641957712328925
0.570561317442099
0.312047269206259
0.882501025529361
0.671081474660577
1.05600709643796
0.752519910318831
1.42796611452445
1.12603139011131
1.0319334990538
1.04691568008967
0.352208205306982
0.373009658284978
0.851094899436827
0.542425033115348
0.941121217191866
0.736938662365195
0.711436984599552
0.677312944941684
0.832247263806761
0.549787206844341
0.540778383237095
0.23530785753644
0.649582010262634
0.725875772230527
0.521556240259417
0.46347020558968
1.11471335790812
0.597268062443606
0.47544617009121
0.976029428087252
1.40203766059685
1.32548768910065
0.46814475479092
0.90322117476463
0.636527353315868
0.31942893949214
0.715661115416083
0.615480200982498
0.673098026811703
0.285097648352644
0.790329852569492
0.351843347036307
0.151668713568024
0.629386046609475
0.703543676443163
0.547487280559011
0.361502303956111
0.276351594111036
0.487436293193485
0.647267135310819
0.797249702834351
0.967971725732575
0.696625948426508
0.405925042605724
0.844466388116929
0.489308417563947
0.39649794806552
0.526241362668171
0.30474319861179
1.66580902935653
0.170476795304656
1.30818487453988
0.643852382957801
0.612811027382653
0.424043465222028
0.6061062070191
0.293906378345269
0.222037050109251
0.312240923057018
0.413387618375171
0.488787363900458
0.453222349234937
0.546251623283002
1.45242917045711
0.761765748053548
1.00579967404089
0.563035908297971
1.83319181573863
0.873033050339616
0.339623865061075
0.680825678416964
0.716087275469073
0.464467934916868
0.710624065300309
0.971160126616798
2.50325288574588
0.474137204345851
1.52710959143996
0.657278643675459
0.568271447607995
0.502921973614114
0.623592082252025
0.791312789181632
0.94182203734193
0.453845713032709
0.767487440475041
0.804225292502293
0.517286819871102
0.450355961805402
0.73529662601866
0.564601203219842
0.510393086160866
0.424243384599469
0.83858497044908
0.476431962557955
0.85440489755356
0.419196362417203
1.777212171079
0.679710197056101
1.74523068806542
0.633320026098986
1.63201557775279
0.986631158364444
0.36796401285782
1.35869279418124
0.280272191360182
0.549430250903858
0.778547117534104
0.460940586601459
0.63404239221455
0.901018704046074
0.693919581546497
0.458088155478931
0.623129534755324
0.933950376320589
0.450236717500662
1.03610688426881
0.540631732793129
0.450804014473198
1.38339308822685
1.22313398414732
1.04506702967178
0.786355426607786
0.798642472399169
0.510535678236659
0.751617354810536
0.810413202907925
0.675966373581059
0.703621366142092
1.00557694201704
0.687407578745734
0.465299470956152
2.42610691789267
0.55515561321607
0.955990876511743
0.410703687087233
0.575042179485374
0.477303351181811
0.510841602306028
2.33442868634879
0.513117292113614
0.933412512421448
0.758002659858914
1.42150139589366
1.34557923346882
1.15274005720392
0.748849271799375
0.439245752305893
0.468580233077051
0.70401630811399
1.10843155258398
0.818006413502993
0.45970345257419
0.451589274792583
0.76973751309833
1.07593070813366
0.534228888598801
0.727399654464637
3.64068383629144
1.24345839019169
0.777390519027242
0.593095819509552
0.449311018017133
0.55575388490574
0.772165856877099
0.460771974054498
0.711099650264947
0.717715469635286
0.294687606211163
0.393913927988323
1.29181165465205
0.693642010414518
0.480912655011793
0.487218733866015
0.951425710268568
0.984366122246063
0.8677190849794
0.587397683365858
0.654408443812382
0.449376673299687
0.443100397653836
0.627735500911446
0.915833597558935
0.776281845048009
0.384002036478934
0.415958443296494
0.54406189039717
0.348255857196099
0.703963645170795
0.603797133329107
1.23914752664978
0.475541569154482
1.63941997283029
0.628578137857563
1.29306172426633
0.782727325928523
0.391533380980602
0.431244933550467
1.12228981953664
0.958224593083543
1.08647758691038
0.57341313896891
0.740464706254012
0.529549460751939
0.823202191192316
0.382612356017354
0.540543367199978
1.22853930586789
0.728223683522111
0.626176023792161
0.876102776009422
0.233306248150375
0.442457804870648
0.512330976419646
0.366346769545064
0.121045465563457
1.01072382528254
1.14895251668577
0.555333443276931
0.578872430710947
0.616659297925259
0.681179552539108
0.747887847706627
0.629027205177519
0.593293976760932
0.867860373576474
0.508315224169924
0.79278720704009
0.809506805511063
0.421146456492978
0.805506899077539
0.579616743601363
0.559196172511801
0.637677357899442
0.742396941872046
0.586775667889261
0.610287474251542
0.647754345610956
0.893697787391751
0.828086645162073
0.928205682628714
0.543329447749996
0.404007185630579
0.519258789481706
0.972311687915958
0.601598776818467
0.487081253182421
0.912373560172756
0.491074041750737
1.49819464943504
0.346265306740779
0.691906277952599
0.625781906144487
0.599294935725206
0.558359827474195
0.665686108247562
0.527086342442835
0.776586734030751
0.471423187142686
0.771031698599431
0.948668889214643
0.453975628493962
0.399882932444576
0.535922877704808
0.586998422085241
0.718924929641367
0.557122063801979
1.12205935314399
0.70133990556401
0.531808389672984
1.05820590843043
0.947750118324682
0.617124779172346
1.99875717900955
0.665270206981257
0.607613906443951
0.83572617512092
0.456025777801704
0.414893472204494
0.681180452526457
0.568030505733477
0.700710883200584
0.579656602352209
0.667741863463017
1.09780545120955
0.787993010709231
0.752221303133277
0.9317935552935
0.39343943373477
0.911487884177227
1.62306578399656
0.51496221593387
1.45036053806233
0.598312103801637
0.574208295700016
0.404274634002559
0.847832631389937
0.523976075987551
0.742786976217638
0.575691299423546
0.795936594889932
0.697321471085067
1.23746921451686
0.626772037478714
0.464719706850336
0.564900862429898
0.845301793829772
0.600561518655851
0.802606591867919
1.4131270013451
0.63130457434884
0.503039927697534
0.671531795699841
0.553133176505963
0.600675240853129
0.976275489595828
0.90334450745436
0.815694397602337
0.381071947332552
0.491464355955226
0.507416883548466
0.314541335379019
1.28873418238388
1.11616821604429
0.829464026449588
0.700830011709797
0.745420678844727
0.75809998724347
0.817346757151232
0.451398819650732
0.776870868903863
0.356215696784862
1.00648295476051
0.476487274302408
0.856224929539847
0.25402988422081
1.23261220142539
0.540324607396083
0.649442833862247
0.952914023872592
0.682844452729859
1.83759063158508
0.64684317315567
0.50755846182681
0.64159480033215
0.892635219706605
0.793645795774159
0.667333871071965
0.644407549255125
0.954665136501209
0.950458588093588
0.287719873537536
0.990966694301712
0.50619856976245
0.554566872453844
0.527616550562483
0.33073652373796
0.663522484154613
0.442210296321646
1.04754660989225
0.738409148228625
0.587914036767657
0.844748392110328
0.385500163403402
0.54526189322463
0.557330605918034
0.514612137622551
0.835038222239406
0.763926232827908
1.28117373082843
0.367171114437246
0.937608095542893
0.257628675980355
0.631229704897452
1.29366761540385
0.424449777864928
0.58309780885224
0.662176692153594
0.893737368588673
0.438585965025278
0.482480678406405
0.418286540526867
0.628843131232303
0.570797702554085
0.455933780787127
1.12386311879118
0.499043748454802
0.522717781706385
0.557279780964385
0.81099539150656
0.898054662986956
0.606243763597654
0.523609941568622
1.73373859030714
0.960890868660006
1.03069593980339
0.856374033896737
1.66794329523171
0.877935342152678
0.988662918300939
0.586786232444202
0.861562694264732
1.38338179594536
1.22540720134918
0.567001885035424
0.733776784464126
1.3128051410746
0.571704919863575
0.577736338329808
0.179060552561746
0.800031336882563
0.725000402772423
0.746249865308797
0.406037578527306
0.552013499824041
0.546953865888527
0.370267412304999
0.950198776641175
0.908201961294577
1.23127807023266
0.615157377140179
0.7159933090097
1.10643643570869
0.648900338255462
0.751101473153043
0.958879125491702
0.694444792935937
1.30217833184558
1.29377302091282
2.28515269919409
1.03552095642861
1.13436498261641
0.493864218141913
0.624064284825683
0.497402481270551
0.306624268591995
0.566358298385943
1.03172312304203
0.993926730414294
1.00934579318173
0.885656858689363
0.38711618831189
1.2612520569051
0.76986295312215
0.643886286607506
0.743425472420452
0.343017406037447
1.1119049778425
0.882367396320065
1.05309883433783
1.44007448380109
1.37363937384262
1.57636974199901
0.5660492395004
0.454569328869157
0.610129431445843
0.776371249544044
0.434917031937457
0.363019919207805
1.19875947790973
0.559151601108625
0.838281569551738
0.69792387734198
0.500937010395767
0.662065546566392
0.413416855876627
0.604707310144111
0.768120654676384
0.83454177609926
0.712908409453082
0.554914574500288
0.542459891093798
0.656659428577794
0.702574804881191
0.781838775199349
0.605897393668769
0.57271014411489
1.06875612624471
0.696559263241607
0.359466340933259
0.711233724516832
0.899679941555477
1.13937587236026
0.650040592777464
0.707227674090359
0.431271121113148
0.587936285624748
0.484722852088364
0.341880038759862
0.776937912883251
0.540812735294688
0.49781139173496
0.994235406746716
0.626679986140488
0.598489573655536
0.590290152463685
0.377834865617654
0.835806619001822
0.342620574331772
1.05097533782789
0.3338149507221
0.613303865669651
0.826975503086898
0.716409963792953
0.45015047571249
0.71522044261226
1.82003320647287
0.475878582731604
0.714795448487688
0.766760218176744
0.389962579243829
0.760212078495094
1.19986316236044
1.34119167921914
1.06484536491934
0.578463364189269
0.591720228486247
0.415237989489692
0.508926530280876
0.734920743842336
0.30363934583819
0.508529058829327
0.710020688936772
1.31257834218078
0.435592767152641
0.434624465398616
0.353040007122093
0.550661877455646
0.718834718227861
0.608461095500954
0.329174373340154
0.958538366825454
0.726442057302487
0.44234051543728
0.374598248165472
0.697592511082478
0.642163027584127
1.0340472900357
2.17498741976252
0.434767073942636
0.257580256169812
0.651952572769536
0.585478460575634
0.866573245170067
0.215617452639032
0.398238287919779
1.0272989231745
0.515262160320406
0.394836084576383
0.543286708680948
0.841836623689751
0.638393520799961
0.356525577902516
0.854784829207944
2.5746229574883
0.498381106333737
0.842512865327286
0.834659823817638
0.550572488126237
0.558805747070624
0.316662687317525
0.91474326350455
0.466624609815148
0.517533686148961
0.513932889494187
0.517165312437386
1.52213029960626
0.446942703523792
0.462971370299825
0.808086315143588
0.682633247617188
2.01085621861982
0.673562760021144
0.705089020133551
0.459142556588259
0.718362248222808
0.939809459834812
0.799632686103882
0.77235384547651
1.40292145588173
1.32419346618529
0.333146946734834
0.341714161756793
0.488056165067252
0.49508454228588
0.815768241269791
0.605134496777669
0.892468011728198
0.571515093999557
0.358563030204239
0.408254128543504
1.02981577813729
0.747466413051113
0.443400917710412
0.395937729073004
0.63323258948464
2.24090840711724
1.03929028622027
0.506769435821977
0.368892285432522
2.3813654831307
0.50109611256853
0.60622830241586
0.696106417144151
0.778064117170153
0.990367844672225
0.415547694834401
0.476787756476181
1.46125254703
0.415547205108501
0.439566359365821
1.17650982901872
0.617857519455669
1.13213136603025
1.29174850164669
0.513208662540112
0.573436410425715
0.859025520588754
0.453019241200092
1.03747906365277
0.708380598842197
1.56253625471578
1.59547419631228
1.01913473730745
0.431684022270302
0.740726604442956
0.808069193151567
0.893047238139089
0.602598638217862
0.680498005419979
0.747067814262625
0.541655455948002
0.413601772524511
0.423666767960948
0.602199226756057
1.01678014410582
0.556970707356074
0.527338126910493
0.266637560497277
0.345364075485175
1.58182132306093
1.50789691856049
1.92541074884227
0.935866896533874
1.22324251987878
0.616438336396703
1.4159488156569
0.515245619684659
0.57694742655716
1.38729497695052
0.90095046008353
0.307061185271717
0.488523419177619
0.648782116886699
0.784685269973965
0.71522322119854
1.01520632713897
0.560219317497036
0.441704896003231
1.00891126415844
0.779146385029922
0.709327298204117
0.767055482411255
0.413552641785091
0.536130046406006
0.481236730107985
0.684132706206554
0.541804148659893
0.707702448515218
0.670663935486653
0.24995660623654
0.55487277993295
0.466409799425186
0.52638056683639
0.523482298249379
0.956741084438974
0.662628137724965
0.470375343002942
0.2815875431616
0.758369244524492
0.377210352517019
0.499053323740565
0.568242082569237
1.00060316332804
1.74086259479167
0.26925891197556
0.42301565292262
0.976237478264481
0.647927835911745
0.720326649075652
1.11125442081786
0.503522581299382
0.542253238940644
0.941335331507578
0.554135507638712
0.601469144692506
0.695078336573182
1.0545421460454
0.341757080708456
0.887319122140982
1.12177303970477
0.385666490342328
0.945597518255888
0.787807826930976
0.569401253554284
0.449074924241892
1.19540260824246
0.7163212809395
1.07910859726493
0.74519962770786
0.331537894758188
0.53579221657848
0.75658165885889
0.905784491617834
0.884124718427152
0.453486430506722
0.805187835435451
0.936958102815493
0.487200750296798
0.799664483383334
0.464017195039506
0.458058904606618
0.777698868816723
1.35663430483706
0.522164574292072
0.69154706470368
0.827902098959521
0.652864033907884
0.465380707441407
0.696125150122721
0.796629495744937
0.767707693989228
1.31463620437422
1.07134761256287
0.562181624981069
0.709777582162959
0.566772001236727
0.4899762716532
0.538369836002034
0.59697985726054
1.05864062304107
0.76705524595773
0.30262451923223
0.416402086870106
0.446014910726563
0.50651235754634
0.326982941719072
0.846277790894598
2.20319072901743
0.953255772233625
0.509975635626997
0.940094792687683
0.539312915407356
0.243419045752299
0.649158020280671
0.574682450537647
1.48998727129071
1.12391375799154
0.342741588904366
0.429610681223321
0.736456894454767
0.904072862482059
0.795715494917413
0.81959944361483
0.378017743756401
0.818390135046284
0.656529143639901
0.716875834788695
0.579932971010354
0.552598143248968
0.708025608119329
0.66414656634341
1.24304546390618
0.381181674891254
0.609069395408039
0.880856949420823
0.201113892497405
0.52627599877859
0.503446652384067
0.368129821408575
0.509445054589838
1.08071933592209
0.885029699057872
0.851715466248153
0.658363588678367
0.644099796670203
0.432354872657853
0.937115975786808
0.433749450677125
0.423091128669783
0.535369151418721
0.822665251999981
0.812174507530629
0.263733153612891
0.656336324810297
0.641423221377415
0.85111762145629
0.966365748822541
0.584879424218548
0.481123409253826
0.396162102514526
0.815345396088194
0.56772452569115
0.448853958425428
0.936562714707988
1.42846513073581
0.467463992752774
0.496177815486712
0.663820978594581
0.498473899934476
0.598682677859464
0.496364918295746
0.579362318854442
0.60251569568005
1.14813175724289
0.572254153832387
0.427679216050618
0.722929672213809
0.628284582567656
0.407348501136639
0.526079402316443
0.50624063646601
0.906829936733488
0.640081124252418
0.823241189485828
1.15375748574289
0.944023498244566
0.483406487483297
0.690608474485613
1.15500331319964
1.0462122150768
1.55850726762833
0.588333068621693
0.511949960511884
0.793318194238698
1.05801758856739
0.918875601745429
0.726353578914545
0.870205554005282
0.424824445637297
0.38076559294005
0.339382249824068
0.796294237252105
1.07122847330086
0.426203292021823
0.804776325582139
0.213940574003175
0.965312637515107
0.489086824151778
1.1779669527913
0.600168678568885
0.884957998064444
0.398997348442023
0.662197247242052
0.608057817792964
0.918884961300814
0.707732364551192
1.00587429455011
0.646371407483234
0.639107359523343
1.20090970504557
0.611394937615749
0.798202843152395
0.799779546394716
0.204779908550707
0.767495643402917
0.481566361756302
0.655847384299428
0.761444062754967
0.420045630832232
2.06761331400968
0.999945948201311
0.520954195981374
0.845520293586986
0.654015421076651
0.792674356623019
0.429189331707172
0.688633490233857
0.546348305290131
0.519607483759412
0.504922448603245
0.979746657084185
1.43600722177253
0.85431486602378
1.17058596703082
0.725231874157846
0.696774471964887
1.47674576311668
0.776184232536634
0.549650536074413
0.621884926580646
0.799816760086277
0.622538017902908
1.12706174518831
0.701577018805943
1.74515280056201
0.627103246412711
0.917290156200394
0.511907449450506
0.971615868168258
0.292746378125199
0.395293211898185
0.630654254537835
0.794915541920869
0.535585158723523
0.771315277738398
0.631812336219146
0.580421011121881
1.00174848968849
0.489739000205626
0.87869788014402
1.28810896675156
1.4641215039387
0.525725358435776
0.503707703008374
0.498911887455678
0.480672812242635
0.396075016819246
0.768689634703476
0.793286127636114
0.520906338483871
0.661066954389841
0.910420625737818
0.673239743288319
1.01201799404776
0.94193104887484
0.479879360631075
0.979290444281456
1.08765007787042
0.786627648047409
0.414186383280549
1.11269007457029
0.354068810795573
0.590236059985069
0.384145094954649
0.657209989657327
0.487675144158532
0.823861631602073
0.531623280428177
0.798067551170522
0.548535465987451
0.432883263892015
0.545211352979944
1.51078874836678
1.14640378393586
0.869673559780998
0.524416590612704
0.58555617145738
0.70961526825214
1.3168755706735
0.98757369232089
0.666148881686494
0.579384429168636
0.483827248144671
0.568372278633396
0.780832191394063
0.493955167512718
0.616988735313082
0.600569371921919
0.818413980351745
0.657275506037794
0.493752436900726
0.359333121406335
0.583962973136106
0.698210843068721
0.772986196290865
0.4675884822748
0.943299958191277
0.894623696343436
0.420906636692894
0.76037439862478
0.383569477863564
0.49801128272104
0.534001291113342
0.642523506451338
0.302614577339931
0.510323977394504
0.397873464525106
0.454959799374229
0.967470109807645
0.616439561474062
1.06171177155536
0.64551683080157
0.538414997760548
0.515699131461935
0.706003632260396
0.662814188290549
1.070363765162
0.644462981524629
0.715874988827523
0.757757933284579
0.532570407302079
0.767546478943716
1.09799952828478
0.780201466821634
0.891118301808796
0.499576035342869
0.82106769499932
0.411527985334319
0.848178309249297
0.343515735299682
0.464045920202466
0.841672639408067
0.831772590709623
0.785525930211074
1.4177639242022
2.69594147396082
0.602443269565565
0.531088768039988
0.229944431077057
0.522872338577841
0.404271715413304
0.470348869797051
0.698811864688089
0.472921230970924
0.775915134162913
1.39716352612604
0.542191100341818
0.791226716984166
1.04051764927566
0.374651037541831
1.14741867108531
1.06116577138958
0.532573705764709
0.485111542684928
0.612967856815683
0.340958529782359
0.434899722474757
0.637234685088726
0.770357361420531
0.686842257822909
0.726900660191862
0.680012326365367
0.52458090661587
1.04529014562003
0.663331548961227
0.729353428640611
1.0301018802505
0.334039016950397
0.328706802275415
1.44440183821302
0.59262974387788
1.00435045884104
0.724820471738019
0.615897634359409
1.07250914625726
0.758560390507824
0.607087273268853
0.88679273900703
0.623679776739091
1.13220898855048
0.733237501451848
0.869189093514235
0.397585064766388
1.14974494399975
0.856996985535498
0.654914665399315
0.743499461124856
0.387213055715808
0.576225128288673
1.09976301537482
0.864063920137018
0.709756810063745
0.575370570214757
0.406659394565907
0.579127683263796
0.688071628010272
0.595700193277006
0.415824433985267
0.552413857724105
0.992216156894944
0.514967577025475
0.531409663776301
0.786491853625048
0.533588953768036
1.64742560231531
0.744827770474645
0.756511937625183
0.441718209920218
1.192401930184
1.13733669118981
0.335176890621346
0.889102116927955
1.95485355347643
0.215658659189795
0.777834025325306
0.964981173553915
0.778140925584193
0.814408253500416
0.577436518368598
0.313205292141059
0.52975018633033
0.892529458658063
0.67990068271526
0.482536218246703
0.505338429950596
1.73215615286395
0.533320070794812
0.805134289915427
0.309192787242896
0.695673575822618
0.296356474094178
0.356759574639901
0.771707866544974
0.219224029588411
1.38287417308688
0.220444547264364
0.744019872621215
0.594322908227372
0.83162706194223
0.70481801957194
0.826436603849522
0.439458272673466
1.04550311633478
0.409928802878755
0.732609172486676
0.382302652726295
0.830210354819388
0.713675665735473
0.618046589153132
0.523027852292606
0.767716560295359
0.57504383394792
0.783126707179954
0.624593009411458
0.700333220299127
0.25924565198415
0.640661766741288
0.555624261974001
0.374474081007958
0.625296425986613
0.874164873802666
0.462085639608818
0.912666578224956
0.512362622131597
0.682752240498961
1.25584085334463
0.884419726525436
0.773788451116453
0.429234263249476
0.4041298305338
0.651981474218596
0.348131621309618
0.228541442990448
0.645151690773655
0.590265509259687
0.535732610412136
0.572166741123951
0.601521226878134
0.618305174531208
0.957312809934785
0.92834884107213
0.446164416995015
0.806995295017477
0.430156198117895
0.851954125677345
0.205576798893976
0.700223085046142
0.407468861193387
0.958396386601563
0.353337200780273
0.41666691192939
0.655474011223069
0.358193833798764
0.558291780977938
0.478102613120145
0.563499029408345
1.10927110435153
0.303949565871778
0.731696285882048
0.711804365217148
0.689349009506375
0.62249484511611
0.506770504170913
0.980422136084374
0.703602913996316
0.578756334399857
0.538673105301379
0.446244095266486
0.572668709401324
0.505353199178304
0.709151101205691
0.834397169382155
0.497719663278554
0.684101865120918
0.740324368756073
1.21049696491026
0.330486314817814
0.35516932814572
0.861425828220218
0.20869837061002
0.882704219698804
0.441323268901667
1.01262991782288
0.8330701301393
0.776284795643221
0.942335713012685
0.802023169219515
0.397214249205646
0.386256514230167
0.481257701334901
0.47530389362704
0.528760221465428
0.695888198118335
0.503341114657689
0.865874281183613
0.446216095811141
0.858740240736824
0.592451776509963
0.997777050376125
0.390693112298103
0.643820962000121
0.647301095938713
2.65186702568628
0.790586279399146
0.577431305049374
0.394140756293321
0.597612654852439
0.615853196416687
0.409051821071513
0.871460550594436
0.463803192699845
0.744232715072174
0.630918507951363
0.42269456094514
0.979740760455055
0.413050672087696
0.789713583819631
0.382623646192546
0.421682725986447
0.765800970126591
0.678199024608147
0.625803834826732
0.377879402542551
0.780279170027508
0.43458801923878
0.657182357262836
0.184560849531474
0.628247258932756
1.09602833779724
1.08052682265868
0.889865742779416
0.52810776996198
0.595241309765326
0.398124487449891
0.451182018601382
0.850814073316107
0.677785159745434
0.933738741192342
0.54958487513924
1.0675708956141
0.66604576249762
0.8612858429903
0.570988201697382
0.352123195727249
0.29767971123425
0.459542165732539
0.624038189169884
0.949518651528534
0.499054824950201
0.932779874536376
0.825783453798062
0.696080242130756
0.742049476558826
0.865157548243892
0.424975578908321
0.871894843412831
0.839052083473428
0.472163698207328
0.458805005161658
0.757513114971044
0.878600778668453
0.520401744203565
0.982680355563298
0.367431284625453
0.781220158867137
0.819804137669944
0.818400296548845
0.565777903733044
0.477786444841827
0.372938264453006
0.631770062395046
0.768139441902588
0.421098355910354
0.465713116855741
1.20493139742147
0.793104883061613
1.00783325803707
0.921933916364162
0.800280298003426
1.25379525214396
0.304102678422014
0.575976139549699
0.550307424339125
0.700912273348411
1.11277649759188
0.705414832039615
0.714050707087148
0.431409118927795
0.608705956743087
0.489308867172773
0.807987915960031
0.731396743733402
1.03541788211495
0.73081268214945
3.03480808855941
0.546656784508437
0.731636292958134
1.30122209761367
0.89134422110799
0.430293495768215
0.851847420040294
0.996158182930212
0.516615940270623
0.589258632410404
0.688115658941009
0.530234966534099
0.419548479252355
0.848895066949497
0.904050518487081
0.50587119994002
0.968428131688982
0.709078285171856
0.590843777866325
0.726167706943321
0.628885262218222
0.342081525867678
0.653563493709249
0.756414689120663
0.517634519866393
0.865512063105737
0.603717741190783
0.721927867820594
1.03556360065121
0.461989955851667
0.52653703086159
0.672560984389156
1.11211879203004
0.834659593342996
0.426882293990002
1.50519989293206
0.493398418712804
0.378421213688069
0.416459375492397
1.16413490537882
0.9957186071309
0.460571894166974
0.359034446053585
0.478190961453183
0.931624761412017
0.677016162178382
0.523627826796395
0.376355310829774
0.681991889210304
0.28950700533992
0.75867812737305
0.264828005106472
1.3600169212051
1.10492775511004
0.430285868630805
0.974441299602897
1.54026481173889
0.505204433648401
1.49614508995082
0.528839319109988
0.867450281507331
0.501275171919607
0.661542759027393
0.706679549610557
0.84524540007352
0.905030847189428
0.964663439803982
0.481812206984993
0.910489285159723
0.502802666270248
0.751354036403027
1.32451063852548
0.365987843404191
0.475889934633203
1.04805689676295
0.501966142876128
0.567625691641136
1.08950547858766
0.552011287695842
0.536429629014657
0.329900888452587
0.826750478067275
0.658525670968696
0.885222379924603
0.49051119765388
0.923238750118435
0.930502446965057
0.970510237981394
0.418789205825504
1.11397204714516
0.61935962601192
0.389834257118221
0.581828824941861
0.40263443627192
0.451542251127683
0.488580975769095
0.414491068076637
0.900149872005858
0.359567390397339
0.650077137653203
0.9011198171568
0.528628034552241
0.977311695773599
0.637636709529217
0.491460238678591
0.429820472518368
0.736064217059658
0.477852140043201
0.690190582594939
0.480704963068382
0.697841190617275
0.700482227398689
0.480297943856876
0.678200394754712
0.28224234125839
0.517154400940089
0.393085458081039
0.579165297012378
0.392476582068434
0.911054494254455
0.510634437703013
0.357837678224166
0.479410116670194
0.444982927085311
0.313230148100424
0.358198904693282
1.0780061062943
0.515582916122438
0.464449156060451
0.516098174042455
0.662546629603823
0.47361920854844
0.432517530023685
0.403710733226459
0.866051174795996
0.474858148460727
0.905030565888602
0.700761033661803
0.578543497369566
0.791453479182834
0.666381620189538
0.745087886404277
1.14294499211983
0.315062307532123
0.558943532241611
0.403735426071407
0.999799999124128
0.895025898443886
0.612687655219686
1.18971917242054
0.692970815171739
0.358947133182922
0.605817355028924
0.794846072882543
0.745418972942626
0.534261183126969
0.63910029738339
0.852328748960706
0.672502252938141
1.35957002300424
1.29518955819046
0.733728706472091
0.424974659799805
0.737837866007861
1.03717800291586
0.763320306012283
0.582061016652565
0.42041780870135
0.491519492022227
0.418968817557842
0.8836809305665
0.791124113708636
0.526912569944271
0.691823584692278
0.690464166016152
1.01452510054497
0.963976261851868
0.706589752092731
0.90174594461715
0.888619169868315
0.543137250870962
1.23837914780138
0.68156067364515
1.35211591306748
0.340976414554242
0.645669779610225
0.73192371977413
0.591298335543255
0.366937987722854
0.349338563169551
0.713136179992986
0.818883787967244
0.639629017354942
0.468263115538105
0.811977817808117
0.585504989983495
0.647785141311559
0.730629409486254
0.390886088347426
1.11609005307661
0.560432738122736
1.22783544436267
0.92323670806368
0.636067044834199
0.699805143925714
0.737775035545912
0.693397223352692
0.927429763799437
0.784402846290726
0.727581032047193
0.48914821004533
0.577842950844921
1.0527974944105
0.291232915086845
0.688385429074015
0.413655917457786
0.865710313977012
0.421612226558328
0.406452207923833
0.824980764235878
0.248014441799895
1.06037308525378
0.455862150373916
0.905552728093365
0.611581973096014
0.782108141591832
0.836231611566449
0.484333712682902
0.703249435956148
0.910699070760329
0.560356827286123
1.02437877131989
1.20273584059938
1.05660758053057
1.02661573921645
0.549546131475111
0.824146560714703
0.452022236633238
0.474073262984499
1.0976360867777
0.54561316680414
0.6194822000182
0.354117713046378
0.433353647644018
0.545688816407519
0.724625574659169
0.348426933522392
1.43595731166122
1.08995066898678
0.836081071877637
0.271816650300497
0.71645301593266
0.458576140595621
0.969121816783542
0.815147803992778
0.682681058972414
0.659294373182709
0.955832809627134
1.87085214431633
1.28894010875896
0.715000003042375
0.324146063438674
0.993753453757893
0.780223393076273
0.826828213528489
0.375939471559625
0.826885564328571
0.970083251007222
0.468172511389223
0.456727125992948
1.57935450845482
0.668134025998607
0.658264877542128
0.635093731409324
0.33990994252185
0.648948709775201
0.35988341671683
0.806962657269853
0.577895107491574
0.96364865363543
0.793177006172984
0.716210989023303
1.04768709537521
0.627512041467756
0.264704641033279
1.06443453270347
0.609168385449015
1.1476296721567
0.512267934964998
0.833509256521981
0.639830062731006
0.610288913861005
0.51720158121241
0.677557207695979
0.960549577691297
0.690144311102849
0.691646787951133
0.585918179552423
0.568846038147871
1.1087667407622
0.556018119417503
0.367115909566618
0.939063209744431
0.403022144043921
0.663819668962041
0.890089205221031
0.661839585985766
1.44230275981114
0.505505541462065
0.805878791602398
0.70459826374334
0.96318892292234
0.354427302923834
0.550678333853297
0.632150299636724
0.893914921606661
0.450881557804423
0.553816662394179
0.752843114187029
0.433355722690508
0.618334893453099
0.803044972316
0.966624237072565
0.829625808758763
0.494557124088802
0.894763839470671
0.663050592069752
0.692373994250338
0.870694919036779
0.371083973025042
2.09002547423387
0.732901434143779
0.4315316253895
1.17632841030167
0.530237167911941
0.816768189702473
0.549439628866301
0.31114784143114
0.629358952065947
1.04431264893114
0.535733858994331
0.616891684709626
0.871464825736816
1.27155719938585
0.98279688832992
0.638324116082974
0.39263563270577
0.711768685968473
0.533125465973615
0.620987156231237
0.201131155753349
1.03042625079123
0.67718879113672
0.663442227354201
0.695688986803417
0.407854980981198
0.465904782063007
1.55405622588312
1.00541245885172
0.864716438678557
1.30144175847287
1.08335953025021
0.641539572188715
0.469386675938143
0.923439814693559
0.74324271367047
1.10424975493237
2.62828176789778
0.613689593168477
0.542630075835395
0.972183769307693
0.946322177072415
0.616386328513826
0.76232198655545
0.616402687550586
0.624371968072864
0.650038120618955
0.593471074655435
0.368119879999738
1.27612270704062
0.469036087518349
0.395327253697608
0.736300178867848
0.493885909294017
0.675490598360192
0.968777694504371
0.557023243123506
1.05524291378581
0.89130818732165
1.08548772490436
1.05734345599609
1.20216577991397
0.677549522790628
0.72133242182795
0.97490299248657
0.652869527943688
1.55226362986173
0.533455679461865
0.484120569612787
0.537460812980862
0.375110798443732
0.756184571268808
0.889331435891194
0.504745123933236
0.558339558761724
0.571729284898435
0.940811579409411
0.194156535930408
1.13207118910801
0.661637121724005
0.473091809227898
0.460704281970383
1.07555855940749
2.50634884958917
1.41871746244252
0.950031227945227
0.69341385863991
0.662165809627686
1.30221423338689
0.596266534669762
0.602437031101272
0.508044547371155
0.620414977647122
0.480442008386345
0.763546310684703
0.717943892466192
1.10216544211448
0.432834444212021
0.623440360696882
0.439062113214419
0.459752975024744
0.261048230734692
1.04285042992715
0.566212389135566
0.559440996754835
0.815316697988991
0.380538174332402
0.912866425425987
0.567418928452087
0.94564091613667
0.671202775088865
0.382670747255305
0.381680676796046
0.589514194823564
0.778111222917396
0.579401329274029
0.612798209591863
0.957109512299926
0.523910686292421
0.598947984930076
0.567087403364459
0.475660609715179
0.730557208112581
0.484068931092034
0.526447945271722
0.385282733781724
0.618206105146177
0.567971517209705
0.317762160897504
0.599481526604132
0.784140351286681
0.973252163424268
1.48019076101727
1.07214389786196
0.402556753983069
0.978362940208158
0.578056813543231
0.242866078235993
0.537776464668135
0.68420112862054
0.499527957337185
0.43493019228811
0.815909414109983
0.81249870243624
0.310003502141857
0.590833578368284
0.564472118068233
0.593972343817679
0.624620891152038
0.823679923299763
0.442467485878246
0.85100309772971
0.436911329668383
0.686355202911316
0.7315016955758
0.977767344283527
0.738260290209598
1.12057784461279
0.626279194542423
0.510696784407336
0.658256807483047
0.536404040564779
0.338290215684375
0.407853069480828
0.680841353797929
0.321246926645475
1.38593854775137
0.394744224975911
0.781892006823437
0.737481651826532
0.852083521925273
0.591589211449955
0.637655865109156
1.42218216134096
0.866069227033786
0.609553417599551
0.511481970210368
0.459222321712619
1.2231599625381
0.988880698735898
0.614095910883503
1.2702600652684
0.532166386441677
1.48121554893974
0.280761256746918
0.486178357514711
0.837090946039331
0.332373169789025
0.386921352620495
0.48980286409736
0.477982997714268
0.589656877780012
0.423470879607516
0.49021702235392
0.303005378045285
0.448354301540486
0.636060504422136
0.375478416441945
0.415859746212064
0.95406525779526
0.372020838039663
1.02732936176082
0.187177913049979
0.436328554990227
1.3288040334836
1.27836094194669
0.393159578118688
0.522057138431066
0.479419008521538
1.14909978325073
0.463045979381706
0.529772209351253
1.17699212668306
0.336102829794512
1.40667675687452
0.650064875769953
0.773316351241426
0.872051182870844
0.489800267022302
1.07617580342076
0.464339559046309
1.42827860148302
1.36818705369844
0.751098226588971
0.442461864834883
1.07217248672641
1.10287167723285
0.686875701968243
0.67944415478932
0.400117662389967
0.907675136104381
1.00673914729139
0.588789714832028
0.567228928877993
0.674089098126479
0.681024015073103
0.596750387378957
0.639440737075871
1.0375562902572
0.300650124280014
0.674342773627789
0.631338892908179
0.631305298172952
0.881855333935268
0.422945001866135
0.438646411254949
0.627508334949147
0.898331324380903
0.684013086027809
0.664515206369068
1.0151098525034
1.44200730070791
0.541072824736822
0.625285455704788
1.04534863473882
1.16836412285381
1.51210923870883
0.72796812243688
0.422960214627813
0.347145264590676
0.417884428887818
0.373363928499412
0.726007962816564
0.54757659914984
1.01185943581482
0.887235796921111
0.363841031825779
0.663835561872643
1.47753154529458
0.725531693438884
0.439983032285776
1.10579853931919
0.69935036746431
0.841091000996186
0.571272696221517
0.335030687053784
0.790977201827833
0.633086847947728
0.81881208313674
0.479436542541096
0.512074935220475
1.00858944144011
0.664635317824469
0.827292244474492
0.414516414757906
0.886878026593971
0.639718958046078
0.359458134620207
1.08213635075275
0.835762932580966
1.49282288891628
1.02405148613196
1.20371836313852
0.500994098706386
0.956281149025579
0.612556250314211
0.722378042420127
0.358350384861664
0.240624052723399
0.901914092460401
1.04225483235467
0.449340413956488
0.635766170576257
0.649229817668631
0.753410357008479
0.525602698556126
0.346226137651633
0.675274027325787
0.38934421296521
0.511970947284431
0.602695438624268
0.73607977139773
0.680761990178319
0.970649965986977
2.02440731058889
0.827109679520486
1.00462519132539
0.568884047165127
0.735641704368542
0.537637006415208
0.681189046794625
1.07634500464852
0.889992980308423
0.837976472220246
0.788804111591525
0.504403690820995
0.641364423106447
0.854829991191655
0.415811010519819
0.629383601048841
0.881677794834517
1.87695273829265
0.370234548633218
0.68139159881806
0.993827809903512
0.408307563772926
0.906364201594107
0.28651449967864
0.38832058337022
0.650457177318841
1.11748016000098
0.52031958580545
0.636871292275326
1.66891270110603
1.06620955487958
1.02410306915833
0.379760330420883
0.806795604602549
1.18570833845014
0.764609283821985
0.968957480768201
0.946393875842484
0.52423001279355
0.421211975031936
0.473851490490453
0.790844148144751
1.18177803618672
0.830627591289345
0.536294712577082
0.465054728546105
0.590047993671461
0.765658167011982
0.480159293851976
0.487214985982591
0.306292363629616
0.490756607508878
1.23490237091673
0.467165783273758
0.379539025371755
0.908506828931883
0.154950211718112
1.6764678364552
0.61839989153807
0.327025248655926
0.968659825003003
0.465358935655672
0.656962444769795
0.621184011986234
1.00745496912565
0.905399023999869
1.13431680762083
0.657476060695845
1.0290250778897
0.615960469010298
0.316288783545897
0.438281173828253
0.604706755816682
0.492891119424952
0.381000174896737
0.863157524891682
0.790767614128336
0.969981257973199
0.89838716970049
1.98218316073896
0.360640299585203
0.588086861785948
0.50015635684479
0.681421849953526
0.53212035143295
0.940150162845523
0.656123073996438
0.506140574157568
0.475259707427008
0.560990005034253
0.820046210626293
0.75034384312203
0.373229558090185
1.34736811060481
0.3935426157987
0.654431440003977
0.802485485103872
0.877469403289259
0.840215740579359
0.917024714490742
0.527602416485125
0.316437806006927
0.735979835364848
0.913229329630925
0.738158960512565
1.00852994293279
0.711817207798415
0.350300703083778
0.581002851024665
1.05898214907758
0.51668137372225
0.539519524282299
0.556871726544769
0.272724469975646
0.620885678105886
1.76775482957161
1.00668238815772
0.601067567850948
0.64405554506635
2.63321240469425
0.771864656258791
0.862668374482078
0.673812773976229
0.841909672665926
0.347240475583781
0.405388985358668
0.66248054823266
0.384772322333744
1.91779879733266
0.780772685702454
0.514252492482212
0.670162108833717
1.02851644134021
0.551548904965584
0.461090377072352
0.782456905802566
1.36607885379309
1.03280477257564
1.18050407793117
0.923155446395458
1.40885271698163
0.684488772114183
0.929600383173865
0.385784102590138
0.731469267123531
1.11859263075068
0.630254725023307
1.96107282982144
0.661599246913956
0.9024553229012
0.514309091386584
0.405537957342419
0.502288131218395
0.368302081300092
0.664074189876901
0.527690187719681
0.604445589003357
0.588626516680577
0.884534242207197
0.35902633144525
0.422323931028496
1.11198838934543
0.445882445324707
0.804082596195249
0.803780633429459
0.425982458367433
1.01640606688705
0.469512909904789
1.45539886638846
1.09751999527536
0.797183006779981
0.720916990397621
0.616194894657856
0.631001649343706
0.989444162136887
0.473309242546359
0.44694463426722
0.614539331298477
0.752826036798075
0.414632474409865
0.447636087513686
0.457180818776059
0.798666237986197
1.73247764095314
1.17500696010528
1.32483117889661
0.511227861659838
0.439135880403393
0.491691018308256
0.519392838185115
0.761159293043866
0.643469421014456
0.510924199113915
0.759857603505367
0.482213913900884
0.651121015676213
1.90919139748939
0.233301215994595
0.502864321975977
0.662354934771412
1.00781728084203
0.515286302052954
0.678837340709652
0.7299736630706
1.18915926285435
1.16515232508798
1.22321108321113
0.525857674910393
0.30482438749109
0.68152373851758
0.892542031130986
0.64721751500028
0.46558223723566
2.10038941168951
0.477727771307243
1.27350342259889
0.781796918252181
0.476138132604785
0.508527818768301
0.452773172603595
0.628737470737652
0.80950310109804
0.886072594607177
1.42824860264263
0.651246928835469
0.164229534312896
0.961074468261921
1.02337169120069
0.655382623436756
0.737072297390899
0.455926290574062
0.856768496219174
0.65316818032031
0.610368241322689
0.418783206779574
0.225046337665375
0.872759047541335
0.392812170490268
0.494276038022618
1.06167733946678
1.31720982500117
1.07206389938796
1.28762469699595
0.540637318892359
0.936140601499918
0.50947675227688
0.318341477534328
1.0766729449462
0.813323335438803
0.550760027655781
0.561712346363588
0.585075293710215
1.0314421778215
0.742964356374031
0.823933983745342
0.861984558155853
0.685369630032795
0.650371498836834
1.07617572811498
0.867351644647575
0.766301816073536
0.5380720432324
0.992061532193316
1.14240333829995
0.71220658657333
0.391341535502223
0.598807613247869
0.486185879068295
0.767004817036543
1.12107573723175
0.90449145733086
0.839603909429972
0.541255073205699
0.563556256889721
0.740377564061134
1.25207926003225
0.586813195098565
0.323241089980614
0.737599032929211
1.33214718657959
0.548647533318387
0.65300637541858
0.50918131286413
0.936391075975549
0.831608956605621
0.759805500391895
0.728392960964077
1.01892698333872
0.725247885624455
0.726752911571052
0.366210780424197
0.715863094806987
0.659576272839645
