0.759882857832706
1.18395259417404
1.16533556773208
0.800439819039386
0.550285323215706
0.365089746475582
0.509658138409557
0.77909971890589
0.542213685977244
0.669160459106413
1.14390326577592
0.99943495827759
0.882002862680567
0.680776834568167
0.391597952014537
0.790429875351345
0.903989145720239
0.314392782070005
0.580524966968147
0.582988201831795
0.305412803606527
0.35173084230664
0.635866545590443
0.812004546153032
0.433025370378907
0.633285500029615
1.07630519986878
0.988282433657134
1.00623748641732
0.768708114706631
0.751330488893203
0.764935726070425
0.831822659658545
0.715084194446393
0.640913280222892
0.456305948807607
0.76595226023726
1.22046232198521
0.752985144006778
0.35962419766096
0.557701266386241
0.619350026668221
1.21173055886968
0.43093604318116
1.08089493418141
0.655552943797208
1.37482451030613
1.28699025385921
0.897702591569267
0.557378550757956
0.54130363286476
3.31223832449867
0.927353344362044
0.483255631781501
0.719877854663823
1.31250583996427
0.799571042622308
0.539129590155004
0.808137268097951
0.676774512249184
1.37549114843947
1.00940347981458
0.357342991900115
0.581830157112976
0.861028291109422
1.03208029932988
0.665836025813583
0.643139314359551
0.342454728813454
0.57776816388735
0.563038847389564
0.716579694279941
1.51759472737459
0.681207503245756
0.638344053900112
0.410314292014254
0.619335454901133
0.689853488148576
0.661477114116131
0.627219038643733
0.649466534243603
0.660969926051151
0.52635767365785
0.840168324079898
1.08356658128961
0.522270350693213
0.893337655868764
0.618819175319291
0.59699497069757
0.585919669718147
0.42845831395363
1.0896289255859
0.51509752603996
0.312465413604317
0.445628978594728
1.35020281305536
0.891132901185493
0.610420275219193
0.592620125057074
0.675651856795924
1.25477197637719
1.49235279771425
0.748399461612217
1.06714449036021
0.936928417710168
0.490770029374197
1.1379453873305
0.521591419543837
0.423275112867131
0.590827167459906
0.480127061859714
0.40040857895453
0.436309936287428
0.457605618994072
0.38815196815227
0.770529827795481
0.655355539264704
0.73982928689131
0.960730242489728
0.660745951749688
0.927234884229918
0.493275058339149
1.06731531736623
0.683636900819659
0.827517408188397
0.675663220010225
0.372077043651815
0.658773221317555
0.516513351599703
0.548276877670973
0.598608535327305
0.390362042188199
0.506636701125419
1.04983551012239
1.05235116691751
0.826000232228883
0.546240872717699
0.997852052371397
0.276143676693221
0.752729767553038
1.07276857288343
0.541654060852344
1.15314816665289
0.724012962148702
0.35810486828516
0.39724695825135
1.39881220635291
0.795065443927239
1.17298940015775
0.293344068154513
0.60011239079583
0.561826683548531
0.512246521885936
1.02644193538556
0.668648711252639
0.542266850571372
2.11958409105066
0.864256813734368
0.685460386129342
0.475019666820633
0.717231911623367
0.853068482160182
0.500147572195797
0.385177145384266
0.473224523071962
1.14362579040669
0.436357428426337
0.38540336608961
0.631538989802554
0.531978039455405
0.476664465613648
0.402162119620881
0.673389366611812
0.642740951936952
0.603498572820003
0.529183289888955
0.665527356583077
0.56621254315229
0.619154171782254
0.379807549450488
0.952524354866614
0.787639074055626
0.646071646493643
0.919291516202827
0.518419128800666
1.42437382877878
0.857276754119878
0.364354406405705
0.562276317049787
0.360586839627099
0.611904422309085
0.680082902199707
0.280518933008207
0.341578809222294
0.90821369357411
0.697393123830139
0.637679133341739
0.654798118254602
0.380284802779945
0.319054491002639
0.411929897079332
0.70252690726128
0.931939197789285
0.407289375949492
0.767050764439963
0.523154037891959
0.616330709494516
1.16238810847892
1.26360686958831
0.491438897378308
2.21613120771491
0.629636847456522
0.500729721462642
0.437262773509719
0.60822702916894
0.693546117390443
0.572980120782416
0.976692855819641
0.695012940422111
0.666621930147735
0.644223918686174
0.492471627368872
0.394655761180804
0.401392849107711
0.679818043394868
1.14936553788659
0.870134937247077
0.494018755856445
0.442238018065724
0.466839317388062
0.424574720728336
1.24852585520919
0.6147253425733
0.584292879274688
1.20163695155504
0.557776034201585
0.628064135585256
0.946655095853873
0.417987758904541
0.855302933695758
0.591395008103949
0.650169935143059
0.573907243395466
0.854168627804798
0.796682478943477
0.432778687434831
0.841378277139147
0.633045537988376
0.693179821283668
0.72095542585196
0.732091625630584
0.376382209791157
0.700196569594856
1.09995570409385
0.794499032921021
0.53045252992411
0.419313991658876
1.01922950682186
0.623539468043745
0.634851533599476
0.701772473036888
0.35492314267292
0.588964645064769
0.249103537018743
0.898576542957249
0.562350065630704
0.632361704746119
1.0438156265574
0.598837598312937
0.396791563710405
0.75137242197784
0.69709010475197
0.617965871521772
0.839293827446656
0.897517780498927
0.793216318676646
0.42322799293639
0.618857329691917
0.592142395752764
1.34595843960366
1.27472662878215
0.982182995406012
0.596157998777473
0.171695545733471
0.870880561217771
0.51799853091972
1.55536639227605
0.496891984388106
0.840245568001193
0.647269644597824
0.245316838491387
0.951437635982712
1.03684365639405
0.503264775224613
2.45193897196242
0.443533517459884
0.492597857100004
0.571029177118568
0.390145131095148
0.558656318386666
0.991795733718735
0.543126913832028
0.536102835586254
0.774938681811193
0.837385774578888
0.891689698578474
0.668745359315189
2.02057322758001
0.573000380818429
0.720686718242269
0.7615367385385
0.745639352697201
1.10549996420446
0.327140942169175
0.557658666028805
2.34035320297891
0.369182231085228
0.582007909259117
0.488014192430631
0.555110952704248
1.09132933899155
1.09594875807049
1.99295479490769
0.861423507512338
0.405264637236752
0.549904706268
0.273459511097391
0.453895737803242
0.899015018540828
0.580246375082379
1.05147838898158
0.79942932666351
0.536688038995605
0.759967343091148
0.576893372428999
0.527622647490509
1.64421767896908
0.40917102256769
0.741843951124328
1.04475340807979
0.28518768799293
0.407324837083329
0.749880421453673
0.580687865665562
0.968755709593642
1.03273638535132
0.425149648790411
1.08060016530751
0.732289626073992
0.520391184029894
0.476959023170113
0.499530735955828
0.653646171848621
0.412950688793508
2.59378538205171
0.965911578852918
0.817708783869028
0.467766342754107
0.810541767604034
1.3176290867132
1.12503071230556
0.727231513047842
0.588088793388394
0.47230557865976
0.584292543445193
0.871628874734345
0.49528087424806
0.332487996499817
0.95477157458834
1.41113516123228
0.190682590594481
0.719569007468198
1.00920890687027
0.595933176369996
0.81198624777418
0.680192317770425
0.783915210095121
0.662344682258114
1.13290444081338
0.566800204012391
0.471538471100773
0.359282353298854
0.455239043652926
0.887032939094417
0.725494186686957
0.431198436012012
0.675713676180406
0.858212025495323
0.354880116293488
0.81862051251863
0.379420076933216
0.492248386722362
0.518580351489409
0.657291085088659
0.431247480226728
1.36976773458144
0.904105199507245
0.777979247612762
0.493358599954191
0.756636175229058
0.53739824479149
0.438965904732579
0.787448663879424
0.486461605203409
0.909162840999112
0.885559548902679
0.932220756139045
0.803460948914489
0.895796218397267
0.31182190751373
0.289817510805714
0.738980531709286
0.708241032391725
0.711580281803252
1.56839559824912
0.511790344980207
0.614966034117566
0.564978322056366
0.556063619614353
0.226454875989632
0.756195364307978
0.496110463272601
0.463220631718617
0.848305034334991
0.37320456925949
0.686571271048115
0.366792343295357
1.07636816993556
0.572595910742392
0.621072060857131
0.650238140296531
0.453308091468238
0.198194233291648
1.05746075104463
0.565649916766387
1.12928946146175
0.70069207649194
0.961887718543452
0.58222658265467
1.26401189575534
1.01505679225853
0.513803842665345
0.659311524899345
0.714945489389598
0.624762510378914
0.798732600872664
0.438869243194066
0.981615068256045
1.07684895815405
0.785827876405685
0.540495483355468
0.543527385761873
0.623804254928857
0.595179107676775
1.06391024783045
0.769085059881298
0.797771304251873
0.383882899993429
0.589336755968395
0.534370444833898
0.822640337147843
0.807254693058381
0.667624926379116
0.647075327296644
0.50819116908935
0.550493240900432
0.404008504750255
0.860622538453245
0.592096457703373
0.714214309503065
1.2685176912611
0.604585751058937
0.445040100002184
0.258108392653792
1.02329232689933
1.05034090631942
0.494673940981741
0.877883475332628
0.873290730431638
0.627268479376725
0.741492449093237
0.473003892991602
0.754799720264796
1.95830018906553
0.937480890468024
0.954926919304273
0.918934248320903
0.617557480222924
0.406397943190159
0.912743000675281
0.640293080029126
0.8814535002591
1.46638052556031
0.63490849784051
0.700510867430362
0.479870528458924
0.746820014682072
0.876982063556265
1.43928883796185
0.48141933239861
0.332896743122586
0.484400903547623
0.479865822028177
0.623852514901911
1.09881559156935
0.573338248665531
0.680989728968297
0.454465491998847
0.941300975418706
1.05800978627886
0.606669620535909
0.707901573770596
0.456663320683129
0.681358900726476
0.762248209898726
0.467019221100613
0.926943425279068
0.773969359813158
1.29446853107778
0.56704147066056
0.613163596197337
0.868524648672976
0.414475698158083
0.731638170701474
0.424843567145336
1.32766085438973
0.732966955509424
1.23691784215993
0.511395993369902
0.56062068590963
0.74116203748673
0.525725827637297
0.719107200296077
1.22087619613002
1.3740582456868
0.607966223886108
0.755291776625044
0.44408575481644
0.485370894367076
0.553176417398453
0.739896449884979
0.711875065606856
0.66729878117808
0.626683131265137
0.726599811548339
0.836693745824889
0.829949299594486
0.819935682658561
0.482304117922038
0.799701877802679
2.4906589247509
0.539516426696263
0.609739557459499
0.688760178458387
0.381335952281195
0.533556029594483
0.381398752613233
0.395049433845959
0.733927326566347
0.655492346845332
0.514329453192873
0.772968749352645
0.607739631786619
0.450738720318641
0.845912248318996
0.963528330787921
2.37947784558727
0.694285488050255
0.462569992048781
0.965050752398221
1.72920164627199
1.18451076298236
0.596565982940636
0.585707323067299
0.75863636777461
0.550239616952099
1.00494384316358
0.685422402654599
0.697529553118903
0.36068254989518
0.646761209673206
0.884351170083268
0.194128186003401
0.267575732633162
0.515825638015004
0.890708077802026
1.27413336617931
0.401431518728305
0.898707038485965
0.632717967328903
0.716870662136007
0.404527937526947
0.908455138571128
0.544194949765041
0.893151221567776
0.399552585785713
0.900289568329441
0.80220298870363
0.787497265581727
0.683889947455447
0.63357053233547
0.832509571089625
0.663981743627736
0.425104701309019
0.72209112426986
0.645545639882979
0.657476871411669
0.581045826665352
0.648633861800214
0.524356470350243
0.808609120378596
0.497916169720116
0.513311744371874
1.80263681192711
0.299214631105136
0.399817645852341
0.636016892887081
0.514397013623842
1.57886598186447
1.14794224127259
0.26563882813157
0.689398656751229
1.42549415668954
0.304530127423597
0.707598311377484
0.754232958106611
0.335133085561742
1.04367649598063
0.728099487516014
0.699763438314024
0.360233585486942
0.736263846570831
0.789131386565806
0.570572210868775
0.282358262684259
0.815812728670374
0.854239758204361
1.32831099245542
0.899487611193336
0.536319208780565
0.640647160704995
0.823247789177504
0.854226733640558
0.40007970367978
0.888833314828443
0.609746864961289
1.02172620727315
0.709851750000294
1.12564707305278
0.770105156007637
1.1506318611137
0.500451706320558
0.454780357225401
1.30468542681845
0.64397770793007
0.489818843137891
0.420134929252413
0.477071085029832
0.800474709934824
1.32827685676572
0.552168330246505
0.670874632346622
0.501279833446111
1.03472238284919
0.906133358545964
0.869464438525504
1.02576936622168
0.866144813819478
0.602154465913373
0.197228764131634
0.881351391131968
0.625209351714662
0.552997223621711
0.610198166493828
0.46448038362772
0.724661759223112
0.850925513794882
0.469870404758763
0.44152352722328
1.38328282536925
0.449980520526241
2.1826674662008
0.493114733774563
0.756897418490999
0.419779224034431
0.829863312971854
0.453075874062237
0.777187063848392
0.710574471247351
0.901295660422148
0.62399404935957
0.324807644712242
0.644089234662835
0.780342335325245
0.677858445197452
0.580896839060729
0.599559766638272
0.787759531737713
0.546461338064108
0.860116973414211
0.384598105534794
0.97018692770462
1.37669243017817
0.580329299100335
0.73077064746605
1.10529065371904
0.317090567088073
0.400618530565413
0.653694837876899
0.936758402660531
0.63007344574218
0.473065772796809
0.509341064100725
0.750934083877031
0.439505989297159
0.320282096190053
0.898364771739866
0.921912272627356
0.509024836464055
0.270484181180756
1.57314006820745
0.769035888558053
1.30865363853678
0.574907561228823
0.361041782113327
0.414997672164166
0.443193696511029
0.859484408541679
1.36831312965885
0.614443313441819
0.531945302241495
0.994342132349878
0.618120729453443
0.595198426003355
0.377804061432477
0.508828469608983
0.388059116875233
1.3916773777883
0.416329643942907
0.444226612993004
0.457428151342014
0.516914198839048
0.669230668245767
0.301841317359003
0.523380585494064
0.337742832783802
0.703833071997182
0.580514405728872
0.602671943771226
0.641615787974017
0.701045023808635
0.611229795951661
0.907188274137676
0.585242662814758
0.665694908579182
0.636906182077669
0.616032783739441
1.06235952384389
0.2585424618195
0.732220614352325
0.500234775764575
0.430657385494201
0.579991257331405
1.19700263242032
0.564924260501378
0.29710316707358
0.656551129328603
0.547176059856473
0.402133783023853
0.41413941410909
0.313707403245991
1.37136916571546
0.960432573110677
0.729587773604504
0.519992898880372
0.6386168850507
0.665530561880889
0.663706683728626
0.858277505297356
0.893823294437109
1.2820150609235
0.399539186690415
0.844569538533848
0.733355412797328
0.524977888185706
0.496924484668888
0.240083244183121
0.493837408062612
1.61654457649047
1.18433507965186
0.50273348367496
0.882135389120425
0.795720350991968
1.55506659378097
0.551724210408542
1.12358752708069
0.476326119217676
0.56340529817915
0.770534650066499
1.0677468043113
0.52020503773135
1.02351687222889
0.65812340078878
0.920160026365421
0.802801397017326
0.808746961199644
0.638979273249408
0.525375401298296
1.3453023673291
0.457613753179658
3.35845134505607
0.761390230865512
0.849689589212421
0.707313518093086
0.900300224580842
0.500712458515962
0.621287743490993
0.848268503386101
0.695855155459843
0.389713790462258
0.687535900798093
0.826165454981089
0.822281249805885
0.838905005361084
0.40722416259848
0.866145405542236
0.670853921705514
1.43827974107244
1.07586111153745
0.376840770475424
0.334388811637773
0.443107165515081
0.445747141568535
1.03804584820895
1.46261917876886
0.413006882298386
0.255018358865939
0.31043372481272
0.778817113805145
0.461472798780129
1.22502059997022
0.297826535597458
0.552388596338912
1.23193486394589
0.494275296086886
0.880874964319345
0.390523744184453
0.57575484724159
0.662953222942441
0.647424765538906
0.474059871059179
0.474633731531474
0.75947090864464
0.418329457886094
0.846792866854668
0.919126729628668
1.06712955276745
0.545711309397565
0.417953896554256
0.624498285810306
1.28218668166763
0.403512714458047
0.645190753821409
0.692489248485266
0.193484373716521
0.620329341258616
0.301096619562326
0.46112779418502
0.519148603707765
0.470536427985686
0.695432082212931
0.636269253395263
0.714917688024668
0.642249627064643
0.86612565940227
0.667758916783953
0.611240988906604
0.836521085443069
1.25665744995613
0.573723347103214
0.959102910007339
0.495337004250132
0.385034758875957
1.06122209844064
0.734482928965954
0.453959310253144
0.600984463351123
0.567967214580287
0.74915089111997
0.642110401442989
1.08763588122727
0.721639270760738
0.830339235478719
1.61487655758354
1.23595768936071
0.411790179086486
0.54058940297195
0.758804738778806
0.555368649479316
0.912070749290964
0.668367315678933
0.717285672499924
0.765309568926659
0.384055638696332
0.645313439318938
0.408181793574793
0.510913391939851
0.542156789894455
0.780161020422668
0.649907244213713
0.601325687027065
3.48535040959104
1.47339917873151
1.16602546592027
1.24392000272435
0.727313822587956
0.571456866042047
0.621831793414968
0.993318478692614
0.453003137501809
0.409587713661399
0.467370091519083
0.50559884438108
0.489369262414769
0.631247851269762
0.505825957016465
0.467276332424959
0.268679950856948
1.13197525203978
0.505392020846404
1.0011366220909
0.455636869219416
0.800412410840151
0.689596960609384
0.444574548178713
0.401660979102978
1.29962999140663
0.364368669215108
0.874936774700349
0.499022037198373
0.816083133254195
0.36270837641922
0.729200557953772
0.532152937077337
0.643916456405381
0.658991581314985
0.459184392721049
0.508699709201469
0.518323989302689
1.07951225728975
0.845365117405254
0.689354231467725
0.575688130048253
0.691514355498387
0.905054219799154
0.5494668989124
0.804296485381854
1.13782966729804
0.773204275633172
0.333887404865565
1.61724425943019
1.17355898066678
0.584968918769493
0.89250910787519
0.37068805722317
0.944510420233623
1.5917714070388
0.51203639251108
0.845826459726539
0.547438880840167
0.80714932011302
0.655911064562473
0.359087371535785
1.46865111913451
0.523518173297576
0.680538766282556
0.327954889774639
0.565858945663094
0.502421907500323
0.281986926437209
0.198440545817804
0.339006735662011
0.517176135677131
0.503458189507955
0.403027375952036
0.497657024487439
0.867719344352307
0.730997105592189
0.717324626560595
0.594470695272072
0.409224193864655
0.864996216378383
0.282217632225939
0.941959618608025
0.464746878830131
0.916120686180936
0.951715645865608
0.869983070026051
0.880588260108613
0.752264431936225
0.570260087800825
0.675894602933433
0.834956554631584
0.386128789816237
0.758145372020304
1.18908160132998
0.485354245374365
1.11042896901862
0.976960876960781
0.980002580025851
0.584287630269251
1.08156386976767
1.03992552030933
0.355312914936247
0.579201714479814
0.296373342542128
1.0641350088453
0.717149286505658
1.73794484166499
0.50587809331368
0.486883331688674
0.662134020606219
1.09801133015032
1.79642844993942
0.616379102970729
0.559897496301791
0.891227586728953
0.65455387791157
0.831187187796234
0.912124677866754
0.328533059442469
0.783076723364491
0.397118981864472
0.385840114521136
0.296458780471801
0.80481896593437
1.02552724436168
0.756281131908707
0.524003706907247
0.430703933160196
0.741144436570528
2.01773910376645
1.06834900404409
0.478785410386356
0.877305262180883
0.459940875585921
0.537730706781839
0.615786516631586
0.813064681782507
0.692385090334188
0.682396429199046
0.356026779313742
0.565672893543643
0.490263145237749
0.691212500991314
0.444506910222935
0.407668087150549
0.735847245884475
0.412584481448229
0.442112478252601
0.460596132662438
1.55210699650988
1.03494838385636
0.989378997888666
0.83518805597819
0.663904074023593
1.08366911031793
0.745910381246532
0.279191695847974
1.86796629254326
0.867534462841545
0.28283920118167
1.38006920668447
0.96757992617264
0.959753361617695
1.11782289026726
0.561447081294707
0.228370428023099
0.326498834327784
0.764034885961897
0.99774066964535
0.570538075492512
0.455611004294908
0.59873522714272
0.45448863439597
0.703827708160568
0.552641746691198
1.22173464164454
0.473259736172038
0.674641336213236
0.656761303636612
1.058871788344
0.584411881170657
0.994093655380073
0.859074303784708
0.267876699387964
0.418248822266825
0.896935443443957
0.95521933226855
0.497676583119852
0.787642832748421
0.434073559472914
0.540877647491144
1.01917660420459
1.60313884502495
0.346152759896698
0.594897898286394
0.754796935907488
0.42664723674085
0.712726638289673
0.54330651293593
0.758799083036875
0.511858838679953
0.696319195322221
0.990399706802132
0.585995629292225
0.611267353842801
0.6485454812603
0.676816790285007
0.985816947338326
0.584500703328402
0.891709283435359
0.707431042613361
0.865007396828932
0.70948067474644
0.525526908447193
1.82134077938257
0.337590430081587
2.67136532136895
0.465396069803065
0.517331463715153
0.661083988863056
0.82052378812691
0.699335636753543
0.53160004747548
0.506499720455393
0.672693905398086
0.618408390084925
1.57310393646804
0.618839467229915
1.4214123538297
0.82714650393368
0.635719396464396
0.402165199597367
0.332760061099893
0.603513163283138
0.345075115294637
0.732547195759522
0.588434201564622
0.279394807026316
0.711584478300017
0.6990017835059
0.930235057910544
1.15215617112407
1.01558892255175
0.47609289306306
0.608144400694979
0.913509157225362
0.737196986216516
0.839525438749691
0.817227760684987
1.55254854043622
0.735891176077121
0.480598190155182
0.686096058950867
0.338579211359387
1.00154203420855
0.500726535813356
0.442198983304936
0.379391560679147
0.510526879872646
0.925531842236426
0.719987766739411
0.532160627308962
1.08356808395959
0.679355542509374
0.796665106801176
0.596447105758395
0.519169277333761
0.551585818993363
0.339583599111584
0.723095536218026
0.953257623299435
0.683266702903127
0.815041560910229
0.489013247666356
1.08614472959082
0.796591133299456
0.628578914277921
0.953668994433026
0.692915962150092
1.4188257476219
1.44638922454024
1.03394073851975
0.447667985006422
0.679921241780845
0.915601825035281
0.610782954092908
0.987847364318914
0.680104798598157
0.277009154390768
1.63810789105909
0.415839386967222
0.727081572106194
0.752479507053661
0.464094609788696
0.607644641928103
0.873928871310724
0.392482173569505
1.38247557929906
0.605475889045359
1.5775823609868
0.451958419933921
0.841812713576016
0.866585826850704
0.675645316329701
0.645334841961769
0.720261712937689
0.657993769942697
0.968631179410919
1.00688164586488
0.57285240830496
0.393172879112662
0.768387925964399
0.389841416937825
0.61971234555057
0.885351687645027
0.553650312311222
0.545475790200239
1.39967981497269
0.44819835684355
0.647812950855259
0.828884205417678
0.339424003527999
0.538818821737471
0.470135334885619
0.381944807498834
0.506912524955735
1.13828311982941
1.12350351975189
0.823234082107819
1.08177862735417
0.796730377793107
0.477802536756944
0.611026159718713
0.526734693464994
0.977839093029899
1.23980665014317
0.574457198891924
0.609591448597948
0.425877827664752
0.624817656921873
0.923238685738899
0.712228610393368
0.87743037579663
0.496586987345073
0.539743872919754
0.725148380652309
0.457052670989923
0.720595682469726
1.89184306448401
0.806468759654354
0.876322707807726
0.43263150881117
0.653899484987201
0.649573726813883
0.824139712146068
1.68445667438389
1.08509082906226
0.464254216603218
0.578173829450919
0.692011125468338
0.568184266531411
1.63253505669381
0.654706590560212
0.709215810994086
0.945632155538469
0.6988322914995
1.43381728540064
0.537205504392345
0.645235964144882
0.826721206750774
0.912896762390387
0.436683579235691
0.522861070387781
0.507261629763786
0.760791446634502
0.73835190865993
0.607782476030918
0.78168756307116
0.713589168091806
1.10070361116479
0.541065685707133
0.791179004262291
0.763722716165985
0.750085492366854
0.731867510512243
1.42442678841457
0.569003867668399
0.785266164582636
0.618512904550357
0.78688595829768
1.46915991967817
0.925428427502193
0.710555715273078
0.494492593795825
0.848252684661053
0.478986868355293
0.668588495358968
1.16447851933022
0.953601064655695
0.529512608197023
0.90318290262364
0.689162266175263
0.439394758112084
0.549437431469949
0.598759961225182
0.554592082213475
0.618827507173827
1.02654652848629
0.732715237359965
0.371728504868339
0.978327757959696
0.657929226368633
0.616118065853219
0.461410540870125
0.408245847810773
0.871199908972592
0.897449189480611
0.677860656324988
0.728906637722494
0.548025715719043
0.694809080271372
1.33090871808213
1.65704604167384
0.833760761882537
0.481748207843326
1.42055602770353
0.307493772943812
0.616794998933754
0.703374301743954
0.714727964137541
0.89325502320081
0.838545032365913
0.467136001765268
1.02898468462694
0.582885772553576
1.05778754275375
0.619840905270473
0.394045232040083
0.315784475574651
0.693650377277111
0.57639364880522
0.553891136782456
1.22480630552813
0.930483267367657
0.547257768846599
0.504615437759214
0.61078799782125
1.40547757905053
0.962925708167684
1.17160945532333
0.833707904349366
0.61576036460666
0.519846578118263
0.381835047331225
0.313528773590596
0.986239490863261
0.38796608490827
0.433755118690782
0.705934054810561
0.649454735492847
1.06750110189117
1.38098999115275
0.911125658708597
0.446809705769235
0.492325638336239
0.649655669668783
0.840226560004044
0.745952022014463
0.352408287868874
0.628172599786556
0.803895381519717
0.835123470404417
0.525190938289134
0.353522785549845
0.822776727966691
0.73148261913579
0.686693199033407
0.55817502389963
0.91085294232807
0.780448197257842
0.510580090714093
0.76216611740667
0.53968103795261
0.718288319952802
0.706583922931789
1.07504851291137
0.798399637874928
1.06023136209183
1.38220344577437
0.636425465695556
0.220816534867336
0.586351541264668
0.90422922916292
0.486852094245304
0.487716746102024
0.802574668687677
0.633089023051951
0.631144845069088
0.473431604543355
1.10663547479954
0.400074799082949
0.659310172291083
0.766267502723658
0.674714429402602
0.494812191160041
0.697686914745702
1.0605168799085
0.722945028150485
0.905393857908121
1.34105536263226
0.481685381925937
0.287052711462737
0.945912690065005
0.440052031193593
1.22128015543801
1.10608275370547
0.715540216747487
0.473402740106137
0.695624573819579
0.747273979321115
0.610072762615514
1.17548961475655
0.715286600312365
0.277431902079327
0.573439855407842
1.55527387064627
0.671841667756422
1.17548099934148
0.602025087147649
0.587700700448039
0.924411329658158
0.780127030057736
0.668887306608633
0.51586876334171
0.90495439615165
0.433591403065224
0.650117199361077
0.596176950233321
0.543460539536671
0.439862137234097
0.578667445044305
0.466017804812497
0.550239409041956
0.468664980441887
0.718335095697871
1.11337727327677
0.479475281823375
0.632194163300668
0.925080314596127
1.5412502834572
1.08584952621431
0.441652501372572
0.516961382954309
0.630622110480322
0.418979627543873
0.818625524085112
0.551734961120592
0.718321811156707
0.300671065357189
0.630043483912916
0.756589130538164
0.440470016943578
0.647220941993661
0.778273998775086
1.30071138889477
0.810755331007665
0.855419020058784
1.17751284526365
0.481117191521712
0.344124263684286
0.926250456461497
0.519573659101494
0.57415588121569
0.909124354189941
0.359013363841624
1.00164120446835
0.920462543396969
0.797733129383395
0.59682156137409
0.699761457088617
0.490782727194139
0.854183197162995
0.632836776359483
0.511668376136382
0.679877576385408
1.77412020234677
0.393869254892317
0.743795072258201
0.503063541423286
0.348143738769118
0.409582786359137
0.216190605126106
0.835030911539229
0.603151903390563
0.448479874433789
0.799471067058153
0.458664372843637
1.29427636949868
0.444851720997878
0.898349816150717
0.354734398134659
0.370332452199539
0.505747554621136
0.925251458973154
0.378198504545528
0.561053208901575
0.601123799951834
0.400064431588792
0.617306205389917
1.52418459812784
0.588918584814802
0.534910449035157
0.496899708115277
0.688633763245276
0.211043922391446
0.570950596646462
0.745757874106515
0.458270581863995
0.86087668839077
1.38149474722062
0.617892337752755
0.79134545475218
0.394969116895476
0.495574050695561
0.813820900385241
1.61258278831355
1.63738237761549
0.443469333954617
0.402068886444168
0.428653376264004
0.731926934074674
0.538364817324407
1.56410659199924
0.493708569766793
0.491130325593225
0.705696233501194
0.755125446935071
0.64467676085276
0.557525937608531
0.486041057033954
0.711530571619444
1.01096927429116
0.725106994480188
2.59198579916638
0.427084682007558
0.398698811090987
0.528927561762495
0.459217524288254
0.579610891060447
0.744640979433577
0.898840473608882
1.54558939601068
0.73402914414146
0.75164257759343
0.726527593042759
0.360163653325289
1.55603780140853
0.558405162309619
0.40653404986773
0.580921046525653
0.825907077703719
0.523640491545816
1.55742038690159
1.84825632636714
0.407665990033426
0.716471338661652
0.321232585713395
0.360885473634805
0.399682602957337
0.561870577467558
0.584836546673031
0.734698957783721
0.599111121733678
0.742096868760611
0.734049170206751
1.07544594489528
0.632847276398541
1.17377844806247
0.662226778345726
1.27667187748067
1.11432865425001
0.591490896361991
0.63670672157175
0.377371651137248
0.808294197603489
0.663390283295803
0.618220807597439
0.54867979717137
1.71816464991986
0.313502526410897
0.505825027536658
1.31754559669907
0.548076028811869
0.73784626709071
0.631124203073942
0.74110970167869
1.01819198824055
0.435571160398006
1.18783272357268
0.843029795708417
0.976940018502316
0.473450641369267
0.459081505063029
0.558746028608175
0.386676715211543
0.764608468249251
0.696099671599273
0.622093629778354
0.736092833849728
0.8387616842063
0.488503598083847
0.475813643955066
0.24941764955028
0.343613685327276
0.240649859516228
0.712078060077687
0.783287802481128
1.31194055042495
1.17058570301699
0.414076208618736
0.386726684332913
0.431991537545433
0.995354284211436
0.401051988901408
0.845838748043611
0.642187448087233
0.513259431119894
0.985205077199183
0.69659819080862
0.759910615766692
0.702913147705478
0.738747564419239
1.70084332739328
0.504807317608593
0.896096268068137
0.789314009224936
0.695857280198805
0.499092743559285
0.741472450750368
0.551022203556778
0.441979926348256
0.408407422514769
0.570304496258489
0.4532269988915
0.314571623764553
0.527579537735985
0.490219182892465
1.04483678324336
0.46228659191058
0.826943309739897
0.644081436397127
0.418906093343982
1.02243897558984
0.754251280098849
0.677182284487887
0.864070946001749
1.0281128453645
0.590529471228503
0.904516713480265
0.326996503535191
0.558637452166162
0.614535304620611
0.833913937179449
1.28235893872378
0.514263285185081
1.56845813210108
1.77502067506628
0.678442522113428
0.639177065523118
0.6629570685508
0.472323365958625
1.72984047576027
0.795036490037888
1.207690903916
0.860133551333468
0.808995717530311
0.63121087899817
0.472014098862676
0.518995463507479
1.02656434893398
0.737764596084584
0.685984958316563
0.178188799648295
0.402993329099898
0.521342183923991
0.8915586475674
0.831811622144265
1.22700428949394
0.416411956279432
0.845869086267732
0.579132221372556
0.823066656286627
0.661622633954552
0.37414265133289
0.820673789048189
0.31159581058874
0.731642021779406
0.498165991556082
0.499463424537722
0.701126266240152
0.592970964985049
1.60054119664747
0.792374560846939
0.680460132005842
1.01437162261435
0.588496285148622
0.839472336253074
1.26917916688183
0.648217061233337
0.481481807603678
0.749996464959819
0.5427759880453
0.856431904302792
0.817886069417262
0.596745743865587
0.774850478958431
0.531897090663473
0.893169652376658
0.593328553971157
0.589011700015023
1.39725528756636
0.67882374796175
1.1394829766488
0.888368036570908
0.347562540954655
0.544188974844574
0.835566916377647
0.435813212141784
0.722865291225926
0.820622125536778
1.32256658286518
0.698067992292461
0.52900430933382
1.18611287583993
0.333930471396849
0.399575105832485
1.03024576333075
0.693697861638427
0.753737796312252
1.02789906904621
0.458129980085014
1.00685348009922
0.354045082008463
0.472832300958123
0.69854301363131
0.988738967660455
0.770887591524396
0.482021461329029
0.561465350460154
0.51174982270716
0.793506695733384
0.644942822266447
0.848598118759828
0.643648721747321
1.6981138447431
0.5024948344733
0.941298743467623
2.59773755035124
2.19265758177679
1.51621235671834
1.29681129819915
0.613938265953213
0.517558191411133
0.443035117142178
1.00858219009472
0.93731191518341
0.992189728111914
0.576773196104781
0.83222550132478
0.648662267920602
0.933836009359251
0.637321769814075
0.84824759229997
0.487205274659496
0.895559782172336
0.7797609143368
0.3669384159342
0.733236231189464
0.35533605050993
0.40008021000575
1.31915492660103
0.376896981480014
0.365401917225303
0.51061888771023
0.713232943989934
0.934750783953645
1.09877990230762
0.320773293383617
0.719895329061569
1.23230092859328
0.597248380330302
0.482092093638706
0.670532673034483
0.994980238356775
0.421836371541335
0.879069616082451
0.855255120080651
0.39649980037155
1.48092092343217
0.246104752414056
0.706156063424269
0.732211468826211
0.276979394061087
0.566169401700642
0.593631029132893
0.796868331737878
0.301357932747632
0.358025192587096
0.543050515806313
0.732703039050808
0.634172860611832
0.883684191611333
0.523987682662571
1.19655330513573
0.335441076347553
0.306436883919127
0.43501132228251
1.31499503326191
0.686508537475649
0.474761619315659
0.825626854150705
0.678832607356606
0.781375768376002
0.617581474841022
0.479392055576102
0.414435424254086
0.909920047153566
0.614746376189975
0.642389876198394
0.397097899383928
0.921814250590714
1.38073767294278
1.26218372865124
0.700877712057193
0.398775070289237
1.23315792703717
1.1665891557076
0.797789741371339
0.793834751768072
0.365010643153923
0.380595971402315
0.687540501473423
0.481266089216565
0.36177784804788
1.60521158479532
0.618988556780324
0.933715070013725
1.52457367714031
0.46646965267984
1.00931042720303
0.680742563975142
0.63522541625275
0.503139688251125
1.47291291296779
1.21159559848702
0.830912858470183
1.13241371308468
0.778383120376869
1.05605999950964
0.995425217434153
0.586122827852865
0.74859387160786
1.45873650920796
0.923667638274623
0.617826732553826
0.638032565139049
0.539181870895751
0.636494559126537
0.478742031737461
0.697773964819696
0.658104319710806
0.696657136105194
0.591640851917289
1.14184117206415
0.456584130271624
1.54926801974443
0.420835289045241
0.873531202372291
0.207135502634596
0.577207773738542
0.791991936619024
0.373843298140619
0.34478554140554
0.675182900381457
0.628007734724516
0.731422618515861
0.334475904607708
0.657830669644389
0.802471049803677
0.410423773615889
1.22903528083261
1.160711132259
0.699298694842699
0.615041115434252
0.662765249281832
0.442754799873275
0.364730841843222
0.721511189268793
1.05080335170779
0.4373616509155
1.17324215327999
0.450293518321023
0.636966417653042
0.940899820029165
0.651084548998751
0.36805282794134
0.491026845281767
0.593989729249954
0.631563459263558
0.430047395521196
0.546619403381206
1.02418705483253
0.385655005825718
0.343855810124511
0.725407891102911
0.459606108714485
0.688719221127294
1.10086763762619
1.15097758079108
0.435599630624593
0.353069872142404
1.19436338194789
1.05792137841377
0.484687922295008
0.419388427836659
1.06416204384574
0.589589533175568
1.00725475209969
0.597792441225422
0.77286694967015
0.45923559387719
1.03333868773247
0.732801194814506
1.10156299986641
0.388327924140036
0.531960514698374
0.496546824123144
0.692102890793415
1.15251496864222
0.276134811398615
0.943478858512162
0.892751227641476
0.564196029611108
0.343415180274891
0.716485359437347
0.693858321823954
1.46571246301867
0.463011355636451
0.409486354804339
1.025722011601
0.878694812390229
0.350886472231541
0.660888957907532
0.651788441260289
0.897627013475725
0.36489245520556
0.605768895963892
0.389812327721504
0.914681319561661
0.654248756048607
0.537592890945165
0.403397593610898
1.06073161725746
0.753956666235624
1.06708849832845
0.840449305749369
0.629530914652596
0.447209116336627
0.853807696343768
0.519371218095444
0.55103737209421
0.819770801033154
0.862058883098625
0.442284871571137
0.300961697766093
1.01731901510175
0.74920210051952
0.632047388720134
0.588244496096964
0.418258913165524
0.514696934095585
1.12325059932581
0.651064695307871
0.578291817815046
0.528625509560866
0.638334540009668
0.918268323615884
2.61244428380717
0.980152903702377
0.822809913745938
0.748892100959105
0.239266051712025
0.423899518599516
0.35864450466525
0.487762676140806
0.787712465939037
0.58296151813026
0.68327295810747
0.651699892021391
0.643117863785774
0.742514512088746
0.818390701010126
0.754942483990133
0.940290034707077
0.65825357228636
2.37101869842779
0.430064818065827
0.465177514667765
0.606000384152482
4.58173764235033
1.26543698039794
0.994113220610523
0.487969061574424
0.748817777700068
0.44596788543092
0.40151009679471
0.963754429728698
0.793844936140967
0.877440795031108
0.662486255418489
0.961925679547272
1.16986410183801
0.753761245076207
1.04496242625188
0.744036146010805
0.681828704942989
1.63360046854757
0.802405952513985
0.325375436040671
0.570411608176557
0.695558715167743
0.570456901134285
0.382389902299251
0.597023496076805
0.424077717933687
0.888572906341462
0.63510638644989
0.841635722251579
1.16795326521568
1.67369225689335
0.708487906536233
0.598782747062073
1.64319197466098
0.708474663646243
0.392903133039255
0.83624472139747
0.596991150371667
0.754458335140465
0.991145931516823
0.568465062642236
0.985429242037246
0.465870973016438
0.356924546646413
0.924805010346316
1.17443653696528
0.925499076325362
1.12519670256845
1.19695664511235
0.737492787448277
0.568799109723478
1.12346160193163
0.678358917532875
0.956130597524804
0.871553716390112
1.44016706770376
0.718881314232439
0.375912476660757
0.975671912554709
0.375710008882785
0.410375306118159
0.495664055870004
0.443101950840693
0.846133766838447
0.829183176309882
0.790638366620095
1.07332616580649
0.427830984510546
0.901015816894014
0.728234103121151
0.558267828174942
1.0406718686961
1.06220097729118
0.55839478567366
0.652918546866949
0.718203344172375
0.381720115663342
0.606168667129945
0.85224680486347
0.930498896486136
0.722411780740008
0.906176095798283
0.427609529338277
0.406075889251037
0.442791294744059
0.369161958018128
0.532561456065091
0.212672925680128
0.863664363054226
0.696779224687466
0.417534828369922
0.503970288279548
0.555121218400805
0.175715850268967
0.54762090621205
0.921445292183324
0.643170400557381
0.459372690605132
0.420851544060712
0.326960881004631
0.271503101554653
0.484677687553932
0.920780143914302
0.70312227699559
0.894111097482392
0.513558542928084
0.820173566742452
0.47097242860052
0.562895769236455
0.699338403789612
0.485295408776057
0.645679897121351
0.793270824042141
0.621057838561052
0.411677509874042
0.341800168476996
0.758973270006025
0.581633358733889
1.41990909490012
0.808738235127096
0.126413353675125
0.671061330871077
0.390974269644229
0.817537112201235
0.498665513156539
1.29607536882628
1.52967184254932
0.785928694844032
0.460159812672588
0.517019598664528
0.576510606888598
0.382267833840201
0.767190910011972
0.537529082443273
1.35269637949486
0.348708714161603
0.48915466060219
0.695504014414543
0.479813222464792
0.591862303316419
0.643417380298483
0.666242194260913
0.316877754735913
0.452288763738248
0.467188724174704
0.710833814167047
0.570477700851991
0.32906362218935
0.558708076030826
1.78741056906986
0.408779531459403
0.798741872147021
1.09835665575471
0.513856699068501
1.02160712776056
0.691950810610084
1.22368891287298
0.428270144383973
1.289170380317
0.487045983489573
0.530068160851328
0.335081985267786
1.00340382669931
0.760777320231909
0.983212168715853
1.130375567133
0.534324864023898
0.55530561310029
0.58998876732279
0.553722702869869
0.241765546541532
0.443887331056177
0.346477681927607
0.324547378365869
0.654861359758625
0.406595509631031
1.31830911847116
0.368491998800425
0.959271202666001
0.4546152488358
0.70124138611433
0.743683165285249
0.70957690016849
1.11730554572034
0.242442333196505
0.446548495681758
0.501457919031025
0.633273883325187
0.717175639277441
0.689545437802425
0.665600353537325
0.419332228970138
0.901989910738685
0.900813158241882
0.79349059743252
0.479977677783074
1.45474952589905
0.428309360606511
0.854745952452943
0.459302062965064
1.14308540884263
0.686909975396834
0.869865499694946
0.550409783041952
0.740541834812001
0.287032377349671
0.429405125478475
0.460430626882906
0.529532187576739
0.531152020851543
0.750736943041336
0.721939617667946
0.561979929321818
0.30220474277576
0.731317507386802
1.24468580604956
0.611473256825707
0.824838754818711
0.377716687084863
0.759226464671479
0.86676330705784
0.514185309409649
0.703075327569407
0.625203200985906
0.672563824163312
0.667732207185748
0.559857965528652
0.72135848143334
0.778843728850959
0.466523692283947
1.1771326758393
0.523105530608577
0.654695248642615
0.861772380819938
0.410239827733386
0.560516297977202
0.688287143479104
0.726127068818205
0.575311812172739
0.901473979345033
0.72676951511518
1.20302750868225
0.315796853907442
0.55738754126593
0.574734230096351
0.809204654693331
1.16730733841552
1.1222243610267
1.00307058144168
0.995321597337669
0.650370746771364
0.601730164863286
0.770202073723335
0.491898230378934
0.431317523510076
0.630777813024782
0.896077627247825
0.688381847194161
0.327315030768821
0.59962301313601
0.788683371261952
0.415827729187262
0.5919989234755
1.19836592867414
0.465892867818407
0.649302820992841
1.03167792811539
0.520206465160374
1.02855292153663
0.300665210863816
1.68423411642397
0.32673186588148
0.631241246929227
1.0250954974845
1.46377847067358
1.12346899835926
0.885147109069133
0.874924900826211
0.496156405558006
0.762799503543073
0.799245969178752
0.481125283650654
0.519869125575224
0.995047654529489
0.366749967769396
0.973829595261397
0.795936315489915
0.899778008334362
1.09673041948112
0.553122675224699
0.432486572043489
0.405432101564689
0.49963228386476
0.601129262376287
0.565201089223275
0.759735193946065
0.936853302674025
1.57892465653603
1.01504196243566
0.891916205663367
0.896216048136394
0.597200813575127
0.375006871728241
0.710059220732511
0.574547827537587
0.80191004500033
0.421332904849832
0.429535133806604
0.553902413484557
0.997711750787683
0.887207676799449
0.467874321392851
0.376784578395814
0.571033544974853
0.526336310236994
0.570799547718244
0.411786079463884
0.93889292229134
0.547570520011525
0.308254652015155
0.581998253421033
0.521779587604031
0.557621390250716
0.621241616678728
0.565352464656183
0.677978238929485
0.880660701273788
0.632213904035633
0.368218840224078
0.570506272572951
0.638212517696349
0.522387167561636
0.692732437624694
0.526082133805715
0.653294134131412
0.606907693915733
1.08106420669093
1.55040314892568
0.458046407926466
1.90001007268188
0.673581188751521
0.723896995808742
0.276563481688889
0.574946090463175
0.792170127097549
0.608176442531413
0.645325495164055
0.385844091278295
0.431032149546489
0.87143905418654
0.249767601956707
0.986291134925654
0.70821840158376
0.68413374081608
0.526690556368576
1.27841147057548
0.925548756296123
0.44205801722745
0.529238295675161
1.00700205254481
0.897731620500469
0.756757772438842
0.959301647780005
0.759867354505862
0.690220100234925
0.412871882098533
0.920697914952624
0.797592413781755
1.49015678764225
0.382080498574467
0.482247149858957
0.480109819187395
0.517666485977729
0.769010401410414
0.333289401513953
0.644712226184204
0.816935827262809
0.357686961734155
0.91055387151445
0.964022528907503
0.568896318656266
0.97116243134709
0.647989423004361
1.17462052950542
0.447169032990641
0.44603960752642
0.384017159409224
0.827465274377625
0.808042116500699
0.692034048053428
0.603584412747272
0.408035320658896
0.665438166693649
0.465465694672048
1.23919035114538
0.674187969888119
0.542627867830896
1.13376181747684
0.44483357579004
0.571155420311841
0.641347547342695
0.770116548374262
0.974586726255657
0.590806747620286
0.28001012643324
0.851629698572835
3.92293610689941
0.704861164565839
0.699981297691212
0.862455336153296
1.35480940802977
0.64081417944778
0.437746600965882
0.796680497526582
0.733157590707003
0.503958572084055
0.6146450084872
0.648600811925198
0.869720318418771
0.891152661545621
0.466507067761036
0.560131909131686
1.09173767576904
0.313078963494476
0.365026894084919
0.275931127543701
0.405028479918516
0.544550737542668
0.661340362719113
0.422557617455409
0.4523841424156
0.520319069900539
0.906154208467857
0.552004929698866
0.638104090779142
0.267947574996529
0.912584160607168
0.784620164532988
0.313154810263608
0.302022893097632
0.45804006819516
0.66686345795669
0.806375814912393
0.839512000469121
0.500488594865586
0.591270473448313
1.41924081447981
0.576256571119682
0.550767044757978
0.429169943683673
1.05868293497465
0.949625734322573
1.61654190486755
0.946198806813125
0.838705338421194
1.15709479397939
0.745314725162929
0.775929625758904
0.329373988171216
0.749856321906235
0.689390507078187
0.482031931498435
0.715570261375711
1.01496852530334
0.379943902317805
1.27677798028129
0.497628324957123
0.937235599532055
1.4863471072144
1.11801048765844
0.698343988960019
1.00753006319812
1.32658286024325
0.290429016823547
0.497886098137065
0.926785941319478
0.55748803817078
1.18615644698438
0.600529090468914
0.925314080979165
0.698322055505491
0.649541300461269
0.743236136874957
0.510369601174243
0.670766366675036
0.743987267272955
0.811806945140952
1.37199056336857
0.525244263663089
0.601882198583602
0.788967039344866
0.738432716868121
0.938194545466354
0.535378719755361
0.558803018804677
0.322263228500885
0.727140903628778
0.425301016024427
0.67381949927275
0.529877659697357
0.860640947408359
0.59163521831739
1.07657485697872
0.478597639252429
0.279197783879456
0.681404641200151
0.965114195052502
0.627833986040789
0.928917181345603
0.717049536410463
0.506116578862324
0.384109146553125
0.771909380985776
0.826479859571075
0.639242917839552
0.534952474758598
0.449014490936826
0.641377804113203
0.229107218452896
0.841487043400052
1.08186756162346
0.598385436939946
0.425974900069856
0.777447254514843
0.598215536282306
0.501194372978383
0.466242242802181
0.855857876117013
0.573269904946911
0.574319220303271
0.756012633543659
0.717644003046871
0.641621646443268
0.488144105001253
0.503015467320051
0.287253007818987
1.00882625666282
0.330408490937594
0.515288646244285
0.68814417266854
2.76589006138692
0.4721323656667
1.52133277993623
0.680586542799879
0.393641812492531
1.06469068394039
0.410996066117569
0.615984811474585
0.47737260933417
0.511831632702814
0.538175268228182
1.42624384655179
1.29136655494387
0.537889731132287
0.44313750746844
0.422377460684301
0.369817460288993
1.01553107435501
0.430632700773948
1.16122893920361
0.402622548506998
0.340989467107786
0.680396169989105
0.570769802792522
0.989973428241312
0.645868901035671
0.695526390435067
0.628147836244832
1.20893578094543
0.473978475665122
0.280082171068491
0.766784741646579
0.533061630095295
1.63210858958352
0.607353990642422
0.768727083440877
0.511932605007152
0.894287634760344
0.63560618325692
0.360696274522234
0.417175103762094
0.998056678740764
0.750391921428894
0.54203779858219
0.526025069913829
1.15166841546038
0.605261271703834
0.550203546735371
0.522082591102767
0.600024022762929
0.451156534813749
0.757781208853273
0.81206604072569
0.436420021303097
1.41553344659521
1.31845934465004
0.904360422296947
1.32686891839064
0.6398664171381
0.430665516056309
0.253719924099514
0.250535479232391
1.07453040745008
0.698027047919865
0.442100048935805
0.542057349509712
0.730348998372682
0.434417095528232
0.555229204806221
1.24054773960574
0.32162259332617
0.581817883423251
0.287520389454213
0.510760505039401
0.680144721799695
0.545674751122631
1.05509795124159
0.665313628342097
0.496522487241083
0.571071574848912
0.755539899592616
0.272407051582596
0.976164036100014
1.69798936421171
0.447121440108947
1.2348432079422
0.579271873824051
1.08885626909797
0.614206389487238
1.53812675238508
0.80424826227777
0.364903479238234
0.497284432535003
0.442993851361226
0.591827973150806
0.814661089777754
0.812711553233813
0.478340655537651
0.89366061642809
0.573870164175517
0.726188363825497
0.759626758500869
1.20970131113287
0.4084715886606
0.850170169485837
0.547352231535503
1.88716037240457
1.09325590859989
0.772088186565863
0.700600552275455
0.58353011040385
0.649623246629737
0.315987591581739
0.505126620403802
0.481150156930929
1.24779330927402
0.416282455782231
0.555280402429624
0.415289707981562
0.502854706977262
0.711803135595805
0.414398093284873
0.618577179336049
0.49490082944882
0.777216191242567
0.614913114339188
0.636901173334789
0.816854701106333
0.821819366378045
0.816410242989382
1.22826139320377
0.518240099099159
0.627781889682312
1.41213222652991
1.08262794906295
0.91165452269464
0.911743380374525
0.453273673117366
0.542169661069898
0.607275749555696
0.440565075102644
0.800797475650247
0.750936962651062
1.40914921092857
1.52980948031086
1.0103580488873
1.91126218815229
2.02146531577419
0.554835787020098
0.484103712911337
1.11627253052925
0.532536517178323
0.888719132580961
0.990217077275665
0.603053290450461
0.574977769806883
0.263172475548014
0.871754044642617
0.647484763052295
0.900573546116777
0.754967439489504
0.377809158138802
0.342891024279584
0.824425125625512
0.755889866090772
0.630320127605049
0.585771125124997
0.407165106459865
0.484217287827673
0.382181501340646
0.504771636272983
0.86145069206162
0.562030324228111
1.13575786376192
0.364292278150308
0.878190066405056
0.368662163837842
0.97253235236966
1.22656651696227
0.550141911493207
0.390616489905751
0.635734474917645
2.34191608396673
0.687172368980922
0.482596879746284
0.577863177855568
0.774959844215518
0.828277873018605
0.598484570806897
0.393253811323005
0.567363113620316
0.637221023192963
0.178892418161173
0.652214136946705
0.866185169504294
0.525408426164869
0.585694815545886
0.525864869910395
0.389890101658069
0.618987141614007
0.418240799169155
0.744359211919964
0.958674037375245
0.970958480545065
1.07266534876648
0.735879902246677
0.520036046024815
0.539260836542511
0.828812259205476
0.786098296946568
0.605429072999056
1.28734604316455
2.41637672160345
0.761834657157201
0.958279971269384
0.659382593890626
0.555690058575603
0.707135075654255
0.241950034895787
0.393353203410368
0.405869434296323
0.538465757772171
0.615426908083585
0.587805886960292
0.564186418834267
0.580142031631507
0.721515151094566
1.19786619640234
1.06841100201285
0.738179649724607
0.714180803422879
0.489703334073662
0.754135530808477
0.52463825205353
0.775798235624474
1.11728556532737
0.38823674266425
1.48068421699973
0.796811229102826
0.341825004884124
0.757768658352334
0.594616106346716
0.95061219176529
0.457955120799711
0.496198166886554
1.22586376953314
1.08833877800191
0.401247619095824
0.338854357112471
0.349837103070457
0.547704380420424
0.75685499350215
0.63553839427283
0.879848490876685
0.637382293635095
0.675250843212364
0.493914771520244
0.420851139602618
0.651469464097306
0.971538467817124
0.452375495689866
1.92147792369752
0.370939592819569
0.753412441837669
0.554758017198615
0.34519970695863
0.664994454480411
0.930525203322417
0.723839059923744
0.758819714404183
1.219177081398
0.550839917914634
0.569283817551967
0.777515472014484
0.615336010554747
0.832185467742049
0.569713423107474
0.734034059263757
0.755765679374682
0.526542186997263
0.646722678905193
0.682026968015819
0.556153344446776
0.947945666732604
0.397463883687189
0.638359430529342
1.10947264400208
1.07851405098174
0.712221873018541
0.604219714046049
1.17566890522825
0.860159325999802
0.363825553314481
0.36297369266044
0.777592759424934
1.05285238097434
0.626640142234484
1.37022162435799
0.601254340687754
0.405062252651731
0.615656522528167
0.613242513150031
2.88954923345337
0.64505734980545
0.630661347784193
0.755564074382845
0.526538558543962
0.40376880053499
0.766598917379791
0.553426903876208
0.457691608432809
0.444173718290334
0.574179679179234
0.609021086406122
0.552268825255697
0.762924652640775
0.283706138941734
0.652311703706779
0.419471947468377
0.660983579728874
0.658290622307128
0.606545071082226
0.600079452590534
0.433504683764378
0.486290452804556
1.21707796353234
0.760826730003456
0.603293546384039
0.760367228773424
0.623450994594167
0.606770045018562
0.551278599143805
0.624689191905457
1.02206058329459
0.392263525877046
0.551168072658863
0.677781328260505
0.898688976299536
0.967601516613702
0.698693816096929
0.862906168232291
0.399090214896521
1.30953531167313
0.340319666531414
0.558484667864174
0.826770277927426
0.483069814192685
0.991631058958474
0.359013153139333
0.615568631252901
0.355756760062877
0.636338020215624
0.533903192154896
0.658329873031465
0.70050757284643
0.529283974137611
1.0865441606023
0.387654163673629
0.605212348171121
0.571823963861452
1.24033437637197
0.363486116449076
0.763232372523581
0.894420257816198
0.747758015300079
0.43101750171629
1.14074829871244
0.924248873869282
1.31460252718816
0.344576326050986
0.634830160849973
1.28015434037696
0.711286304356632
0.697650532731474
0.504591355380813
0.709495937260805
0.470620642484084
0.406576797902106
0.305295434600534
0.906938272438814
0.525252286304408
0.504697255585409
0.618365584148647
0.486346500006608
0.937651775293852
0.547523126294081
0.475994127112389
0.721435719660178
0.513131031419943
0.580396549124739
0.788286897417228
0.549700589796042
1.18565114069843
0.383336728451915
0.559723413725322
0.37273012119657
0.58363139386721
0.826248045687238
0.3483310189727
1.18752170378264
0.752238919452719
0.754296493204888
0.647889005898501
0.557979105794284
0.489106667447868
0.761442670509522
1.26225976530527
0.38198451644438
1.13253415456465
0.499620702058241
0.511129645672285
0.598095642398324
0.783170651779242
0.45061767293452
0.577224164948223
0.669011197518933
0.51769147793977
1.19255937285453
1.56043467040156
0.284460098107712
0.475071176917904
0.326194512241263
0.763753278198521
0.531285116395401
0.937346415697318
0.456089677873847
0.705120845548661
0.534999398433974
0.428899525760404
0.785174403008662
0.910985329275946
0.562661810967637
0.506207861909146
0.429683130810232
1.06515218376826
0.501600786931641
1.04070431517784
0.29229098260001
0.893974015064982
