50.8603413684001
52.4026157588066
51.0674056333363
49.5811380287733
64.399001224122
48.6411073602609
44.3356927113237
51.1724787287137
47.9825665362475
48.8607251433566
46.0303648794547
50.6014468291064
53.5083410094692
53.5543052038943
47.5600430688264
46.6994001824136
58.4607876990136
52.0159051006521
59.5108127431283
49.5303825271331
51.8387731281653
44.0814413073744
48.8210408099357
51.498730859072
50.8756076833921
51.4888601004782
48.2154612635559
53.6371215320108
48.2484564803097
50.1772019512488
46.8694106243396
46.8186121891945
46.8283825618091
52.926102106556
54.7784296897946
49.1469839837494
43.8954972914707
46.9372512959055
46.8434358005323
51.8356004651898
51.0171059802937
50.6593159154843
50.1046457661965
43.661787708188
50.1751158733064
50.6100791286497
46.1234354131979
48.7184070198747
43.2370872837051
48.0487657140702
45.7946436131194
58.91519548085
54.8519485244037
53.2265589676699
46.862129435114
49.2727305078415
51.7563751587967
51.5306905080291
49.7022232632441
58.5080958333591
47.1845828882811
45.6597748583164
49.1033296891058
47.7218482348198
49.9155883188717
51.3550970001973
44.4789418129034
52.0172860795976
48.3997051731502
51.3250653046736
45.0218017042304
56.3070118249189
57.7715531528592
48.1806368233271
47.6731901991263
55.2969076196319
52.1055548578431
44.7867200267904
53.1244307105685
46.1686756283451
44.8531782276253
52.087740663081
45.1960631876868
49.8078365183281
50.0127638635938
47.6689455496705
51.677625561153
57.3268838449614
46.4574553920399
46.2613875621033
52.5240008365658
50.5134442316495
52.3590244423505
45.5118413005292
50.8702288558686
49.5697068793745
48.3683323866316
54.0271023097962
51.1185062216687
48.2351452006596
49.9781734400763
51.1202430250351
47.8351764354524
47.5666394975054
61.9306028031396
54.9018870354439
46.7228407883256
54.7367632028584
53.896991010614
49.1119377521386
50.7934132897631
54.0370646431192
48.4477525395034
51.2238864203087
46.0881058076689
49.8504482970203
52.2074212668021
58.1914457233968
60.7934762924027
51.7191157657652
48.2904602336366
46.9421321177599
58.0090561171119
51.1962777608622
52.5446305406387
52.1168997904223
47.118453029213
52.5432936436423
50.7529182436895
49.8079168172746
49.9211022799252
50.184058525833
62.3061316864999
46.0355234315604
47.7516408939825
50.3372051371533
53.5513213920512
52.1478968844157
51.5979910159253
55.8126783972073
55.9150993103411
48.7568641851951
47.0350351525355
46.8328634157148
46.4020343589437
50.0515740865329
46.955395070496
52.5824835604997
48.4937573133708
49.3029812881605
46.2875985344023
51.1716004644588
55.223662053052
52.0953785977504
47.163286626819
46.0579882173376
52.1822250060338
52.8156678227063
61.1759891976877
45.8393447176075
45.850936819138
58.6945522770725
57.5513379239368
51.3011519096098
50.7274562760165
57.9626170476724
45.5500006776266
53.9300523732309
52.5356096180598
52.0623465048015
53.296345984091
46.8973751580161
51.5203424601163
50.1201045650819
51.8751407514396
46.6437723639057
44.657840794236
46.720196042947
55.1156795627745
66.7590442938231
51.3098229132056
50.3799640870952
50.4475448395801
51.5603123472839
62.2179770275871
43.8665023412371
51.7389787180084
53.2087331087752
47.5357921014537
47.0379579300247
53.6145226580438
54.0682683898193
52.4862393842357
52.4380679055172
47.3261812496366
53.0116223371636
44.0299602803514
55.1065360727886
49.1154952294993
52.7145836552682
47.377570262025
46.167345671571
44.6858534288972
47.2016220349632
47.9965789880368
52.6598867245119
53.0292585787217
52.6533712967011
45.7685380467158
46.0781053332992
49.0650417725087
52.806509352934
54.9959642182387
46.8173519869533
59.546516089559
47.115803264628
51.5675841505458
45.3757756987931
49.8811579256616
49.6962248300234
47.7732576877889
52.6433753386543
47.2395712689001
55.2235396476423
48.8613938148924
58.7429953309859
51.7734168693316
47.3022777747474
52.7035972471778
47.5132372238963
57.7712154212351
47.035506694998
45.8250699908207
53.4665349799222
52.3671438740673
48.606515083413
56.8855311861085
58.0646144060763
47.5730856742742
46.1888976070133
48.805421337276
46.2194495757287
51.2334939452015
53.0661578638237
52.1926510991531
47.9303976536208
50.2444350764741
47.9699588233139
54.6414664053429
52.6486938139341
49.9404422789832
52.214757064105
48.7455220971817
47.0594022912721
58.2263759264917
59.7725528452066
50.2774818320699
48.7418529643738
51.8229699621993
49.4574707037768
43.2727312246572
55.7543290345766
56.6099101501147
54.1519014825913
54.190212824309
45.4224796089919
47.2761741939117
48.6236191938155
51.8191535843469
53.1311591511808
48.6880769356538
50.5427879287103
49.9083231644671
47.5342759307317
51.0558901827938
46.0337310952436
49.9135617320751
48.3830154315614
54.1268721098738
53.9848701489457
54.8768828724905
51.4269827153911
45.7150327406833
54.5837055737317
52.7567756188064
45.6606912226648
52.6576762765152
48.7801768845962
52.7536092485984
47.5010760696326
51.3916766563478
55.8265479681335
48.5922741293334
48.7257422583437
44.4213482724738
48.1451779830539
55.8423523076276
45.3811801025892
44.6836738800857
49.9481121826372
45.7008896555464
49.5838828539355
49.8883857181936
44.8669078095755
50.6881542363452
48.0951573119664
48.106976786209
53.5525613740574
47.5398837458396
47.13050573563
47.405198518575
47.0521633190041
47.1207477164154
50.8452592483426
48.9388944990498
58.3138717781918
45.8203726231764
58.3597133275673
46.7247411538453
52.6085151836246
46.4813994480515
47.785633084816
46.3113805472791
54.0506365837148
47.6430499564474
51.1240208050376
49.3821102278482
51.9778921328586
49.2148128957766
53.5829521078937
45.0288120902459
51.9317578662166
46.0905671540755
47.3162482538712
47.0076049397945
45.8446951851083
49.67190517869
46.0346646533465
45.9460309629349
50.5688753786226
45.4752938999649
55.177335945189
44.404919724533
45.2826190385408
54.5066085418657
48.4474879248675
46.3637779698322
58.3203388777835
54.0189908633962
52.5133032875768
49.6422538241346
49.68493785288
48.9499227171459
53.9775613070173
49.6296850331277
48.5393620788603
48.6873555807518
49.753361989992
47.6067135242276
48.332601900117
52.9179896610662
56.5110288138715
47.6232455070455
51.110864981437
51.8909178637435
51.3539096879496
52.0482670917019
56.7940362293649
47.2267614224455
53.076649748136
49.362898735905
44.4515081443163
46.7167404145126
47.8393662719343
46.9140389678882
54.250067874227
53.5716460770778
46.4114578061619
59.2313999175913
46.6961399097818
49.2117852472166
46.5505121061531
51.7515523858546
46.0625152466418
49.924312592985
51.7282215997901
52.933153659792
50.6770420504936
50.6499905469957
54.9690428187238
49.4169721075331
43.1645115240995
48.2114679338182
64.9087376816953
48.0221105051025
50.1334208570518
52.8482800336873
45.3876480039374
57.5573205733963
47.6115816239772
50.4030686152613
50.6832400906011
50.8555144111721
48.4299711703675
50.3903198604224
45.6536498367205
46.667965046905
49.3663124714546
46.4851591757498
49.754466916401
51.9496115798095
45.7996383627975
53.4554129345453
54.8619147603286
53.2565339709195
49.0853705955507
54.270129986459
54.3467200425828
48.9476483108062
47.9836814095591
46.3594554626501
48.3193741651872
45.2676976830898
43.7028530100661
50.6521869098428
52.9329427942859
44.5324386438671
49.7892614981967
51.2415230418905
54.3525388519527
57.5262170979183
46.6516340202823
52.4827141424992
49.0159179409863
48.579906381854
65.4836145606036
51.3832473503452
47.1243710337643
54.1095712235535
46.6826166259475
53.3936702565322
53.5596833707463
54.7663177478129
50.5743760800001
51.6715141775533
50.8124671739237
43.8832977807841
44.9425726824425
44.0146092042124
47.9740115358754
48.0442071162799
49.1894752571047
47.7358919801394
64.0947891297523
48.2150211480876
46.7119387837104
55.6073032098681
49.5953793264332
53.6191270376333
48.7622251073674
47.4582894762781
47.2330271476727
47.754561776031
52.6380495781615
59.8341996606337
53.6224664717843
43.3348114732476
51.3340406200397
44.4868883928179
45.5193881172333
47.949708688363
48.1510264363684
54.0775182536865
47.0610323185028
56.3738142871227
60.1879319125949
51.1072808287554
55.1410616562751
47.7708047207963
59.2891026873663
49.0917516843319
64.2207096248389
52.3914969861371
51.6538732250831
51.0940828999542
53.202435509492
51.259036386587
46.7027514064741
49.2322456856982
52.3484805773035
47.7677230063055
53.7389115725651
50.8127483606695
50.9027534455246
63.9270257946069
53.4079337790657
51.7724825535202
58.1129215801898
47.5181345207748
47.3582798517813
52.9245186977495
50.9512874978254
60.9943556990033
53.9309115236591
53.6884949144955
51.2112131001372
45.606784388512
50.3352455450176
54.8980590095279
54.9857033063334
56.9298480874308
49.1059944632666
57.0134911086173
48.2324539070359
58.0237995066913
48.2916548277333
49.3727896199439
45.3054836392175
49.2397469030144
52.9777397098641
48.3182356057638
48.9350551016302
50.3874028096003
48.9461382823112
63.0003292865601
45.4232441664223
51.3123169417266
45.8939610886357
43.8309698166195
53.3785483323647
50.7792493845172
59.5926780040258
49.1858544215198
49.4589554295912
47.4409356803147
46.3516396089831
47.9417609870044
54.7518156410215
48.035920968937
56.1262516320102
44.8500083369433
52.5570895214803
46.5681393716207
46.8541507185101
47.186830671824
50.1166977293756
53.4519854414361
45.3551116265751
46.7209331103643
50.9619148310444
58.8875771553252
47.7661618922808
45.4936842856611
51.7371257953
63.1124529170042
48.7224312115498
47.4989049782363
48.3530583064521
43.9033471006984
47.0629767652686
55.3410797533769
44.9204792356028
47.994746322932
47.6444867683854
47.711677801441
48.7066272034814
50.8312959082517
51.7425834573182
49.8855636548233
53.4525406441421
51.0659172919375
48.0752698949744
49.2272071650905
50.5379812983034
54.0429340260573
47.1671185754145
52.5647120165211
45.9469190917221
44.2395000487396
50.1757375312457
58.1776682692067
45.2197146634568
50.146409437725
47.6660345250249
46.7322682187638
45.8850221329326
46.7920538532673
51.1652057341009
51.4990791403673
49.6670892294814
50.6015562824297
50.119180425268
48.7264547865805
54.3331507813276
47.8391687725781
49.5692331595991
54.9433854540624
51.5664955328125
49.9962470173195
57.6404148020207
50.6616508368847
51.0376380621122
44.1111731159765
48.9836252993691
47.6226363373041
54.7371234326723
50.581928335258
45.0046577678426
48.4403443308302
49.0620142894164
52.4779914201762
64.8313675575949
47.6632769929143
56.73772960733
46.3364324077373
60.3865582314043
46.7369765320354
48.9243304632009
56.5954858118649
52.9369359783791
48.3980085576245
52.0672682670136
49.0979813325905
44.4246315792484
45.4038383886145
56.2874773139603
51.2921152197365
51.8242491109934
46.9476027923909
47.816325972812
55.4940171602465
48.4664544003552
47.4298024242201
53.4463832024962
48.2168272604732
46.1047120687889
48.2799057248495
52.6534311947267
48.4689259118744
48.9568331146728
52.3644440469595
67.6185034077971
50.1711387084535
55.2579742641309
46.8674921810249
49.3173523997459
51.2627054719808
48.8315729865468
53.3971600887044
54.2255332683661
47.8093878380297
51.8149704146503
49.5192292382433
48.0993586830459
48.2368130889611
49.7773463723967
44.799810995383
53.0207286332171
46.1193472739032
47.8679007024093
50.3714842003269
49.5855455873078
51.7427247268736
53.6017414753851
46.0086684666552
52.9211081208872
49.4074745551805
58.7524795595398
53.6436212083146
48.1664526389818
49.9735659233349
50.2683559455186
47.8229492138465
47.1907779646279
53.1288924909376
50.7398425850427
54.5744310251451
51.0416536055882
54.3906760527797
48.9086776866186
45.3987634363101
47.610997884867
53.6056307113409
48.5534901081372
47.0022577207138
48.7440251061484
45.7744711633287
55.2310620105194
48.8847729179777
56.0598522297514
50.852361821696
52.926917734233
52.9055537584381
51.2190025317755
54.7935622518881
49.5464335257549
50.3205869210282
47.9278009589775
46.7839008585621
53.3452637574154
56.6138197507917
48.2374284201134
46.1313497333351
55.5659175903356
51.3145192080845
48.425405376151
45.2431093624823
53.2217150990655
49.6662518694352
51.8934051795781
52.1998660309209
55.3980506085584
49.1467225597698
50.4276598264703
49.1683840771672
61.8740036185195
53.6723445827851
45.0251649803318
44.7386649875304
49.0832760595604
48.6206881747826
47.9869950079586
48.0673388293162
55.7030371315127
47.0677249588368
46.8638804996468
47.2486322898691
50.7998614942456
51.5726545127203
46.1120332728672
50.6113422929095
50.0406392173424
53.5001709013998
49.8603188290932
53.673685019604
47.2508735882042
50.4937864468147
59.9046085400272
55.9684324212439
46.0927477128076
47.8129797529569
48.1642828526623
47.219058315455
53.7328228820263
51.2951027603431
50.6988082208849
58.3174279801018
52.1733211206847
53.7463207118825
48.8822980180397
51.2974922552776
54.2362771703921
43.9545266151277
62.1561255653073
57.7511460281572
50.8561507552193
52.635795944448
57.1147184944272
50.9260061777682
49.6986477826914
53.578816562404
49.8102790752466
51.3459600999539
53.9611947492297
49.4046398398752
51.1114000211827
53.9001542218641
48.6852369383605
54.1038111143742
54.9451765040079
47.6011960072809
58.9724200782621
51.418276332924
52.1308109501815
48.0566467331376
51.9682301571516
50.1283422334105
48.3225387892261
52.1347922016947
47.7564942962759
52.0202402337072
53.5676622604842
48.8077165123542
48.7576975262213
47.0636080293058
55.1193786983668
49.0105208821344
49.4905724975277
48.6829841148086
44.3279770040697
48.356006762594
57.2495568103732
45.1195942853958
47.4875086294102
57.9100303373981
50.599750915462
51.4823163737595
50.4160027250767
50.5379603710908
48.7821459590706
50.0837357921953
48.9521622643867
49.4105828622966
60.6166746989812
48.8731684261217
53.7814522457448
49.258906725082
54.1950980667874
49.840654338665
49.5409607113519
45.3960419941153
54.2188675551155
49.4938536833257
47.1965985322719
62.3573676589283
47.7294661726333
48.919576139123
48.4727486338787
56.1143836513119
51.3057787071803
46.8485488450261
48.2374545751342
44.8634745211321
52.8353380983521
47.2522344717714
47.8297313127423
51.8555931645185
45.1037874985102
47.4856101871902
53.3415082232259
43.6794177213306
50.2915580686551
45.6277328358723
50.5864874596988
55.5523730164666
50.0382156322809
50.135331655059
51.7348107182878
47.999798194011
46.6850232035809
51.9462997908384
57.4011076394701
49.6514550358148
52.6724869369564
56.0482511997382
44.5310644154072
50.7986501419101
43.901824829084
53.5193257421198
55.1977591865629
49.2540267913661
52.4629882970141
49.8856097392603
48.4536355577489
53.9583274167394
48.6741894565094
48.4387470773034
55.7140828854734
50.163096452569
51.7180765903547
51.4101301376315
56.3302919600718
44.522055580047
44.2326497626861
46.253340876228
45.2781281763312
54.710951820435
52.9033324164129
46.093434368836
52.7084609429352
49.8681780162055
59.7541498464547
44.6183488465858
48.3631613632191
57.8638931063128
49.8278005558912
52.7723779548443
47.5193163130945
50.6993057468458
47.2231001680041
54.4448502600254
56.4145151650933
50.4765684239985
61.4752223317299
49.2424824490129
57.6546116398438
46.0989112121918
48.291106788872
52.8908525325459
58.6013511424202
56.3272818851495
56.2095046737748
47.2704503748059
54.0497192921868
45.4055203338323
47.0795665821194
57.4570766214856
48.8501257536002
55.361959502958
48.731086972835
53.7293644989928
49.1797766891328
45.5631492847502
55.5016627694903
45.3809646117938
48.9973738936133
47.4383504480841
44.6580600864222
44.305085366479
50.9595845093196
55.19379655754
55.9753488811729
53.1759387113199
47.1520539121805
52.1401757829719
50.8769739522598
45.6827870525795
49.8187341763886
59.0754354956243
57.5998900912875
53.4131464717485
52.5430887481956
50.4097680418464
49.7862437033467
60.0658233720751
49.4356925365616
47.8504991462072
45.2215527335704
50.6161437571833
48.5379165493379
49.819922167837
46.5994505062354
49.8567516526122
48.2465838248745
45.2555110701764
46.5947451018617
54.9495788948061
56.196446872469
50.036428452576
46.2860820192597
49.7815493497885
52.3172420566441
56.5960796330535
47.0076313722862
50.2533588158973
45.8862115549149
51.2218628493616
56.1685912370331
50.9480135395967
51.8044080000727
53.214549206967
50.649943733429
45.6144953895387
47.6169838219277
47.4953059845975
48.5006260504638
52.562374387642
46.2299493945253
48.5217101274861
50.1845843852377
44.4422783822118
51.2732017852982
50.6393207663008
47.8573623725331
48.5430651648394
50.8069532766791
49.8171907271442
52.5990500923682
46.8931316225532
49.705073540743
53.8830193843911
48.418724969619
51.9551632212076
55.6368565488807
53.4393427016159
47.6021394499561
46.6428775375098
52.913766514367
45.9347735009763
46.707719209525
44.0999422173801
45.7184813801779
48.7456759947585
53.879588522695
48.1768332419004
50.3456058584265
47.5205175392215
50.5814688786661
51.0693429031772
50.610219160689
52.1443975199468
49.3052559881005
47.5681459193549
48.1386484286712
53.3517973457422
47.1843238196602
46.2840417349001
42.7764462688306
53.6401919602151
46.7762401033624
50.2389536468714
51.7142817047018
53.6862111651167
51.2607322958852
50.3227833539734
53.2356150434656
48.0685809895473
46.1775636530694
58.6053206091141
45.3001280814161
44.0051050350619
49.5872499163497
49.7985553621382
49.4319616186444
48.8866838154267
49.2371137047527
51.0790492605106
53.6842431839818
49.9112037957901
48.5843652706106
50.1023474237923
47.5400915692114
50.8200607316667
53.9230783592101
45.3720197529966
56.2459259861028
47.9899722835999
50.0523843721861
48.0009058416703
49.7087475434228
54.5620951745283
54.6804121275175
49.7166353560818
51.8335227139288
49.2786224920722
53.0611172410094
49.6080027527403
54.1608125067124
49.0366898927447
47.785334805564
49.139173190347
52.1012788094158
43.8255120893178
44.315611378496
42.5817242682727
51.0359715242478
46.2170698002367
61.7044352921553
54.0651774600249
55.4549915715663
64.7929793364722
48.4871297093495
50.7955947028863
50.2490560201859
54.9246393294037
49.3131084743437
57.0053164820741
48.7567072491985
52.6070189943879
55.0989875413003
44.7234643366927
45.3097085753868
50.7926812214901
50.8957754875578
59.5219745528065
45.7278178531461
51.634379523335
49.1411592036988
46.3940581251774
56.506091487388
56.9195221626075
58.2600799297563
47.9489422510849
56.6444425024167
46.9173612761099
51.6001397112626
45.2351029415026
54.0918633933196
50.7944897480545
56.3315120698539
47.5008209465349
55.2441753249741
52.5616029006629
42.0084499478386
51.3920797743251
54.9756726290657
57.758644853054
47.8948672561326
44.4693311942168
52.1561559981611
44.9689663666614
47.776050456548
46.1477582823428
47.4839160613961
51.40830729319
47.8537407950742
50.379849105023
46.5497480755497
46.5243238136037
55.4683023999587
47.8246544412609
50.3224269764199
52.9707388332407
53.4766071026082
51.2218505481324
48.8831008636172
46.7855591455625
49.9608821391077
50.2003195596863
48.929129094637
45.5044290163178
48.1489902370908
47.3724322743356
51.8499553816068
47.9302786234581
57.571223544435
47.205333211216
45.4479341828852
50.5343349295072
60.0343003113135
49.1084415880552
46.5027496621863
52.5845763592813
51.8937311849811
55.5419825256758
44.0020510405959
49.5313405425866
48.2061762500982
45.6086783745947
48.7572117267185
49.8226189326901
47.7463313249737
52.7708282705912
49.5257790033801
50.0400588346385
45.4167810543809
54.2506799663457
50.6155275771044
47.4261310137799
46.2940951135586
60.0660050136736
54.6985229966345
48.6216719407994
48.9400203200258
48.1799589314006
46.0376540135236
46.7104101461866
45.9466638865649
47.9323928618342
44.9546896120624
45.6767882979596
44.2001244832647
48.7540924125678
46.8146328374076
48.5345030127014
48.1773095590042
48.0823025231589
55.7386254796098
67.5552108976101
51.4657194069988
47.5480869102589
49.5406588706028
51.4075795757228
50.666624563854
50.2579056006504
50.6451671735594
50.1429028114305
53.9427307995144
55.0589734572888
67.6926561914826
48.4748700897254
47.3100771978243
66.0467735748926
50.7265938175904
52.2086603267607
49.0399413044509
49.5647799018336
57.4150539390969
46.1499389814643
53.6239461991329
46.1121666211964
51.2004204448047
47.8864317877604
49.0039024424141
59.7690872271121
53.2726131791174
57.7633696208968
51.1685206060188
56.9128793571812
46.6435945468622
48.7720095753065
48.5566824948189
54.8533022399425
48.1414016297425
58.4964407969715
55.4102440044071
49.1166216527139
45.4738094630074
44.1077150459332
50.4199862465726
47.351307171668
49.5518200047541
45.3544862943366
51.0691953094515
47.9048429466413
47.5460436458513
52.2314561951282
47.0356058574068
46.9383666588711
52.9589287464307
48.5231611223002
51.1199446535143
51.0784182600066
53.1408914674777
59.3263467951403
47.2638351252572
49.9758716422332
53.3822288717638
57.3767518035064
44.9974697250398
51.0691281479853
55.8296214544512
48.9115773492597
50.6066444605857
50.5875785391234
54.2746288982823
48.0550832926552
55.7179699123984
59.7114308942566
45.4917779703137
64.6110113149005
54.4375438121206
46.7468914300541
55.4239888624359
48.2078573153866
49.188533448579
48.9647118993034
54.6426149258392
46.6692182693613
49.416900981946
59.7606251424821
47.5318604068364
48.8665708428535
47.1764899511512
49.7456252778584
47.5115222102502
48.3085340305661
51.6545838994327
49.4891686516202
45.0391930976888
51.2272891502024
48.1081868384868
48.7980387543129
48.5770620170103
51.6436366936396
50.1884256276818
56.5697014829533
46.1736167008642
58.2478530277005
51.7683370644767
46.2778865401343
54.7868017711344
51.6354849913434
52.1468967445499
46.0588139009116
46.5246119447322
54.6783072759458
46.3225772754982
59.7712348320673
51.754561974073
50.0649339526864
48.6599464745856
47.7743047605727
49.3841384831548
54.1188398674198
47.1084330072479
60.0222058018987
50.843065752271
51.2832827501569
53.7431647425791
52.3242178333777
50.9109445364582
52.694258199096
46.5782520167855
46.15844212106
47.6357747877353
52.3050094727727
49.0561069715086
48.9747210516318
47.2928406147452
48.3558695809398
49.1275819840033
47.0378317892545
52.3181847120178
48.2904516803866
55.8763754362523
54.2212510125783
51.450291135277
60.5451812104764
46.0875851724475
50.4572568603524
47.2874327677373
44.8094174893898
55.2524323534982
46.830914844306
50.7405808600786
46.5073311543986
61.1400047419044
47.0605595558936
52.1409813230489
44.6687708364778
52.7854234101454
51.1157070091747
53.22064679869
46.7662345233816
65.5068893363129
55.047112627456
56.1018619808311
49.9840653772591
58.4353679306836
57.6118457397995
51.9236672926621
47.2230735197514
51.5187227453281
43.8708486948946
45.8797799677066
51.6375592990332
47.1976520702708
46.1962862627749
50.5601816410241
57.7163665308463
56.3364077742454
47.36279089946
45.6041447089783
51.5576167463917
51.3418868113992
50.2834488700071
51.344152728067
48.6875932594882
60.3220974137803
58.3691538923056
52.26001667048
49.6449662234483
45.0745519950602
47.5564148389312
50.9777653840983
51.9184662812389
46.6317135437412
46.2274430799243
48.3616201475948
51.0907749346993
59.7039722684187
46.7534954395653
59.115530379581
51.8448925584654
46.1848446622164
49.8091698716716
56.1120973186408
57.9340961662098
49.2144489550805
51.3737472974247
57.8690680721572
50.6931592662217
50.1377324940834
49.7671136357269
45.7720615896248
47.4137128295995
57.9181178488463
48.0583111077869
45.532780757831
48.5052642341965
54.6797002025871
49.901991870912
50.2199518893151
55.7450436289584
51.6007654092588
52.1806757087633
52.5508484616674
45.5148906573438
48.969074989482
54.2288299194583
56.3961380151134
47.6710363751062
54.0636981016308
55.627020790902
48.7321259046629
48.4054604621814
48.6560708139955
47.8066811041688
45.5561374430837
50.956037090463
51.029777428282
49.4820221140447
56.3293497204228
47.5104750174457
44.3991145370587
44.1298363177983
44.5552073471545
46.9991770377336
57.4399055676767
52.8552042078832
46.8155966804661
46.6359507777542
54.6524101763943
51.7152434159336
48.472945187586
48.8173891508576
50.007060360452
45.2804103104737
51.0568708957495
51.1569291659414
48.0224256759333
52.4840318630274
50.1813331338863
52.567222465327
50.1873062459159
55.7836348311647
52.4970038779028
55.1596219335058
51.9913992143509
52.3634501732943
55.120333995347
51.8263491205119
52.2702914406259
45.9513951554457
45.6104233481863
47.2779898290623
45.615591070997
52.8006792887547
52.0097587748124
50.166403182714
46.1220707316121
53.2996378634485
47.5002675322849
51.0403725126393
51.8051750353632
51.0588366745322
50.5278059696199
51.0911331251363
58.3793882286502
55.6712730064315
54.4320283947219
47.5807092966186
48.6738198435235
48.7942070633579
44.9666456700239
54.3450748190394
51.5041966556824
47.3985796102868
53.0154934515594
53.1338113492352
58.5493700399684
51.5869930425973
54.6112462800176
51.4335490656718
47.4311356000682
46.2037917453644
46.4626531110221
48.4363712355027
53.5644365412008
47.9023155402588
46.0995530562136
45.3337999644765
50.3628633550239
51.002547605593
55.9918479962144
43.4101915981729
48.6940040702134
49.4288096090044
50.9408501250903
59.4237443581638
53.4396212753547
53.0353683834495
48.1023523204173
45.724808351095
65.9583125939698
51.8215650674019
53.8707634464705
53.2190877363387
52.8488781159397
50.6134813227139
51.2005868989858
48.8890862663271
50.7881639819853
57.3127041235801
47.5825021412776
55.6196116916282
60.3020676277099
54.6341736780169
46.521944158056
51.9174805036477
46.1724109925057
47.9075028256556
53.3247539781571
46.2366369721267
47.8321808860851
46.8105989181143
51.9541858514868
51.2108746144865
46.9642867463692
48.7254998246875
49.8137656945745
47.8067222855306
45.7482872005067
53.3425706135615
47.1320040297457
58.7333181714862
53.7015197920921
62.1200718401283
50.2614628895017
49.418133055759
47.6093860879425
54.0732168790451
54.3454053515202
50.6951186937625
50.2437795693977
50.6233090997732
46.8622505765715
49.1716636235581
50.6996660279865
52.8206005736439
49.1093245515396
59.2230846864134
54.4714210667547
47.3600680114624
51.6252277322486
46.5674118209383
47.1794440058118
48.4665978166764
53.0989710290117
49.3812165091465
69.0217318805285
47.966802997726
46.5756501963992
56.5641585228224
53.6292727517
49.9699121348509
46.3522312322613
46.5495690759621
44.1373356973842
49.3578516057577
49.6447334293281
49.5389041542231
53.0740125200686
45.100185799988
52.128994677525
47.7891318219634
46.7427162007847
55.2231623565959
51.434851488709
60.007914909055
56.9880538244555
50.3497773996513
60.0694076386978
47.2788033988401
50.3160827832917
51.3710336405288
49.366589210376
47.0828495693207
57.3231546099435
44.619156858796
50.6730314345219
50.0035931586067
49.4798378710566
45.2167196760719
51.5215911619097
51.1856925325225
48.9603279792027
50.518576976716
52.4876536701592
52.1210765184606
50.9596860001575
49.760221527373
47.1797024504918
51.2468057129811
49.9000605124944
56.3361762749757
59.4614902810603
46.0265894320691
49.1290964777405
50.1953486426032
51.9446975884989
49.8085387150946
46.6859473914491
49.8095652859943
50.025245053093
45.8981233451293
48.9315962375728
50.0752772702653
46.3954040470469
54.0535125125377
48.7063546539046
48.830243784115
47.7022562942602
53.6852915979047
52.8663937514465
49.9767529313124
51.2677423488006
48.3921826060816
50.1763600746655
47.5801295599113
50.2181459974789
51.0679044606963
44.9289084141872
48.4910075528464
59.7651977104243
47.6030428232522
46.2946511662765
49.1928147427398
47.5203546177732
51.9093156582279
51.965641460052
52.5897981514239
53.095276964225
50.4924644014853
51.3492562234712
45.7474643198211
52.7582958276121
47.9139181989981
55.6566326057149
56.4661427445477
50.7286717678546
54.6942902890506
49.7426858682931
45.9336098437956
52.8356783715406
45.8631326307037
50.1628011415588
52.2239071077181
58.1858380213347
49.5854339497432
49.9018634928038
48.2753288610007
63.3565127898833
52.8708930171779
51.5519779949258
51.3376951536189
52.2708381738846
49.6468928355259
52.4096889801292
55.2364882903232
52.7150632118732
50.7421606595263
52.0867163580201
48.6214819707549
49.9011429877104
43.46606302716
49.5551485133568
45.8602774307787
46.6082818083103
46.6939705744508
51.4860940105512
50.201784902863
59.5885685332294
49.1774806567794
47.7596736938811
46.54018334021
49.9331693131416
46.0653756649444
52.1736862271962
50.3125138775998
45.862176200215
45.9727474690899
52.1732613541448
50.527060408699
48.8362758172677
47.2007241959051
50.9136505603483
61.0229139995336
48.9449323711725
43.8722773611624
54.7045112795904
48.5164149849402
52.8495439640504
54.7843365340807
42.56863173448
53.5210339236575
49.5694924232574
55.8302794473851
52.0174240966246
53.6838027140148
47.8760736855291
51.6053326614016
59.9489931168838
52.1039924875746
45.4024604310055
52.4596322856608
45.2228040655883
47.2154114613986
48.4044699419479
54.1473708965148
47.620633591069
50.0414736748512
47.8626587826034
51.8774715044299
50.1233841567314
47.8360157211595
52.3266574600753
55.8766031636425
46.1595058509019
46.3814383907723
49.8760705017196
45.9594409787203
55.1007955969942
46.9198239853665
53.4777992678184
65.9559816205881
52.7196048239413
45.5118851109587
51.253699294576
48.9096130768673
50.0404472142405
49.5520681104721
45.4171104237584
49.0320105384822
49.4931003506333
47.0772119762708
45.4258845675717
53.1899295527444
55.6565621906173
46.4384189682798
51.4528202999583
48.7827269719568
48.8829241322197
60.2612556172318
46.3101215620903
47.404718887108
50.3505831862455
52.3814844267535
45.2186942675567
50.8473821445336
48.2296243659067
54.5590748900538
51.2184944748035
48.9829393218665
47.6786179596758
49.132000042
52.6877070500736
47.4342181931211
46.7404711398253
48.8554469672154
48.3305421562737
49.973904086181
53.1358384439258
49.8572132818105
57.0051940413608
49.1883997820022
53.2331781986343
45.2264444102616
50.1283171519368
51.2105880109956
54.6097932278218
44.4738056184745
50.4060512142824
45.5294870057317
50.1094800908426
53.2713579412725
47.7905698915814
47.985313071487
52.7445827955266
46.2295954132211
49.5512978636814
48.3354577168838
48.1725142790512
45.9064375925095
46.9427995140355
48.4953714661474
63.8438149271764
46.4065202819134
50.9116663166836
59.5265300937935
49.2045606899608
48.1958390875396
51.757691921981
51.0775984527337
45.9143862255023
49.1888404986066
48.5366397619268
52.3069135598282
53.4740701463766
55.5307173606024
47.5405080014968
54.309878396946
44.7017862637718
56.5978401239465
53.0477189831919
57.8817877935415
46.4875820404743
48.0807817261638
49.7301385589895
44.2701981376536
50.826444555277
45.1476733152982
61.5709443865841
47.7111427536202
60.6336419409179
45.5337329299369
50.1907418064199
47.1312998720333
50.5541319837225
46.4596934410303
54.931890416943
59.3818181373341
50.4100640998342
50.0059233553696
48.4319147072289
59.6166226421856
54.6534630231545
55.1839970950959
62.2439949476259
44.5863784999834
52.2833408906617
52.4017499892439
47.8823225242482
47.043690473693
50.6016026569368
51.6053615954585
50.3568062851241
64.4139874847887
47.7523513483516
49.6598147954889
52.7387321025529
45.4975046850905
46.4882487041045
43.1211125801366
52.3883571056887
46.9607016034496
48.7850959370823
50.6665488169621
48.0775127439054
48.106315013112
52.0068734505414
48.7129668345259
45.9698825273198
59.4613933610634
51.210689641029
50.0496963668506
48.4035051029384
48.5551744938448
47.6844208574903
44.5617164529604
54.7638760471752
43.332666780506
46.636726725421
51.8402191604957
48.5189472028854
50.1956217957753
52.7136914183931
50.6497902961582
48.9451961099634
48.4275874794216
51.7015198239342
55.494802939917
56.7603770842402
52.8487339190524
49.1405467500098
48.801071027395
47.0389601838035
57.4593213778292
50.8001472102811
54.097094897081
59.9649254526219
54.5450634629004
46.4925830225411
47.2223790627659
50.795244017442
53.854383231039
51.4503993282593
48.5067848515931
47.5489529047477
48.7932157849426
50.9657287452143
49.6876537656041
49.8776201290856
46.7927100762151
47.2309902059148
48.1259943293296
58.0062368114147
47.4417424322671
49.8403695686257
45.3905744722435
46.7648408159076
47.8059119498655
55.5175311792013
48.4379863966944
54.2317198441836
56.7872952854939
54.9886385961843
57.4974320454165
51.6831831933875
43.1302128936014
52.2307914631405
45.482054882704
59.4781389367166
50.4761443530901
49.1258561743134
48.9833279047894
45.8636934217726
57.7339011549373
50.2376422469612
52.7149207519468
56.1213622706557
45.8404839717238
48.4906258016657
48.8310336937608
54.1569893868588
44.3859432811995
50.6631505976737
53.5110315416797
62.9422623910666
47.4304609921766
58.3679285330191
50.187230390934
51.7373170000792
46.7936106635445
52.040580189514
49.0430464983461
47.7562184255688
51.9444077555191
46.4805363265281
53.3417845428969
47.6008942369492
49.1615889797735
53.3194389621382
46.3028098125651
54.1847567836639
61.1286882038172
48.0031556621491
60.0182466247766
56.7156381143101
49.4881443741693
52.4827801416761
45.9045159324743
46.9310417282685
48.1848924550369
49.7031463783772
49.4413439679283
51.2545063386089
54.2220763366061
45.0786148051399
48.8424742901471
51.2330914359903
48.8019806886498
55.6309869984281
50.8344691606257
54.3495079699259
58.2745624836668
57.9274392889263
47.7089679468242
52.1610506162511
48.4188534899404
47.0372133289686
44.8845785879802
50.1462615765804
52.4733358126147
50.0295520739186
58.8019753761788
53.8136362272675
54.3304833021411
48.6390671815729
50.5211304817151
49.2962515437954
56.1735355563187
46.0648684169527
49.5366154923564
50.4708164452453
46.9169533990955
46.2298617560505
55.7392723817474
50.8486580351018
61.4187836433379
50.6125813369977
46.0250567813926
51.5833932378103
48.143589034443
47.4517632634909
51.0653146734933
48.1853640468976
45.9367299896492
53.7888407153884
44.269040274947
53.5252325902356
49.5553117937426
46.4232813174529
46.6029217498519
47.5632126604171
47.1096372637924
51.4865382754929
47.9470113312436
50.3610576610413
46.0214132396311
49.4098294475242
52.5331225551969
53.7712340780855
57.7905946805033
49.9521477237675
47.7765057804044
49.412990473875
48.8884552917907
64.7300328019857
46.6846865053724
46.601281664752
55.3167281605611
51.1575051975005
59.2051780923132
57.5715922723636
58.2624744342051
50.4986539821219
52.7857985453885
48.8097813663104
51.750555726146
42.0692375207767
51.4432800560944
47.7132914449486
53.100216632338
46.7873892223941
56.5262688693185
46.8084496733014
47.0861456491094
55.4383619622364
47.3640656325897
57.0188358487302
54.9499675988158
55.3652758166862
50.0150982739241
61.9236935672234
44.2112416456271
48.1417030394272
59.9846115679538
52.8285599000694
54.4134158325263
47.7716837703034
48.5299153128425
51.6372160439531
55.1706425428465
47.1671566938144
49.0091283481229
47.8010945797015
56.9395193210418
62.3428871760204
49.4018297445443
56.7277227002568
53.9876572773233
44.2913275999288
52.2945368281189
53.2072102906144
46.5734873090027
51.6810689379025
46.7217828150193
47.9940897215782
53.4930565653809
47.0630494434948
47.1545010864165
55.8618121772466
53.7282463781696
53.6388069447138
50.7430271184507
60.5185716797646
46.5720467073858
55.3437824526259
46.7503358623726
47.0670250089123
52.0699117388815
53.9270397006249
50.8558002028766
45.1807628525369
42.9370499430387
47.0857280010203
55.5861657034521
58.459799516392
51.8525686393795
43.3397404842805
60.0619777559132
46.8503957255215
46.1248949573185
47.7267014781542
44.5174790415251
50.5888766517865
51.6296130709253
50.8428199266843
42.5568055399957
49.2059999690029
48.7438710345741
51.5391314428703
49.6976254736684
54.8207314382361
49.9190984724963
48.7568133423032
45.3020190925233
51.2525141720506
62.2147255237742
46.8039764674734
48.1651443696831
53.2624555584492
46.0329719887142
51.0024216647636
47.909428796778
52.9952389957279
45.8794505196182
49.6181395660378
50.2340544333851
45.6412963167731
52.0523561932141
45.7879559912027
47.0941870978546
51.0391361105095
47.5464485098763
49.6106416759541
52.6866253926606
45.7004209243747
52.3320637096338
47.1645764618589
56.080407706983
52.2044994141041
48.5249296068066
60.3557125425644
53.4012823529591
51.1073819275386
46.0248029693871
47.0540451363677
53.6289084282355
49.0327477285955
46.9639183206215
45.6648594106827
49.4284080059693
60.4056259036079
52.1271186615198
52.3396777435341
54.9917907080817
45.6937667799999
56.2682113384125
50.1125883229116
48.1952081367238
65.3833634826838
51.7461185108393
46.7868218702844
53.6017889724607
48.8294467252655
56.764472899365
50.3215833813933
56.4607361688045
48.7720954074436
49.8227109846147
48.656124908966
56.4885873200039
51.9477982202137
48.5377521444935
60.2268612442709
52.3579945294183
42.4004084644397
48.564534643509
46.6779735110818
54.9303139190207
48.3083293983579
59.0407481892332
50.7361980573893
54.0552053674753
48.0779166774456
45.2275618934573
45.9034737459881
57.3906471361397
50.2053808085126
63.8660536839512
49.5004379315345
49.5535896941995
46.54124847635
51.3190076648605
45.4471921673479
49.4612611346852
48.51381741976
48.066865212679
44.7738879719571
49.975443832451
56.6108766412211
46.5957360786935
47.7584069821433
50.5637602482814
51.2492353386995
48.926026462229
51.3946082351182
54.9159103195425
48.1514223477951
56.0331775005346
55.0519811995793
51.0415959403587
52.8133960229244
58.4793555164274
53.5921443928796
56.3516880660825
48.3848433565758
49.9324602589168
54.9900386659879
47.6337144935182
45.5948423613684
48.2105818199933
43.9349961326124
44.923804175582
54.4701614628443
53.0060887526448
51.5819700736831
45.5917043940708
49.6510958800781
50.6180410008236
44.9905513649883
49.604961963756
62.2306913492512
50.5617582851019
51.3829836352559
46.0404372299267
50.439180085899
52.1295145839749
53.7873265415309
52.8078860139065
45.5076133299687
48.1823782384005
48.8035763961131
49.1497685887318
45.7464358347057
58.0822211810567
49.3933208464583
48.458898607508
47.1498500480256
48.7218835749694
45.5178186774383
49.6664624490242
45.871308536718
49.2600700275175
51.8977840879186
57.3760704470246
54.8857454475919
46.5096908523797
44.7160880800634
49.7953341872939
46.8433295736892
54.1178931405113
46.802151640301
56.6489365891109
45.1356545512516
47.148148326009
59.0688479593202
53.3836261124214
58.943729617827
52.1237123486761
48.036946729195
49.2716034503042
48.1472569051159
52.4741579690252
60.5033080521484
48.0866400616301
46.4083494460134
52.5503333461202
45.5157250103874
54.7318609768806
50.1534143541272
49.8758617103666
55.4010652695368
50.9098178198303
46.674157705282
59.1270609465955
46.4120907535685
48.1283056535492
55.8545554295687
58.4461777439913
54.5727146339341
52.1850148896483
44.6366373255605
50.7836405128755
50.3382112786125
55.0650143200506
45.1659753831591
52.5304753044598
46.4427721512499
49.0630557684729
54.9334431994904
43.6100995285648
49.5484343698691
49.4883269571902
55.9744323486319
50.4395609905794
59.4315786637348
51.7219867372921
56.1603829906967
46.0455158391511
49.0089896785606
48.5752949069164
51.4734714325649
48.4384665839986
51.5851304197481
51.7735357322397
48.3317372891551
53.2380912441465
49.6009556222414
51.1110965801343
46.961884535031
54.5493082472716
46.2864144480703
58.5750754082734
47.3544384689089
48.4391693703617
53.5818863825053
47.7167996927061
48.050055943124
45.2541925391026
44.0392055337467
46.8047393469411
47.5059386381081
46.2910914565648
44.9792387352741
45.5997116671658
54.3561217082183
56.1395613034164
47.7208271850378
47.5953166932495
51.9162888601951
50.9916825324842
46.5098294510308
49.7812375420866
58.3457472644356
49.4137530670975
45.6120210125571
52.6647472107439
49.9369339324557
46.5045066712506
60.624417746955
51.5948227278845
45.9894187201615
49.4130006404377
46.5739693058531
58.5488721859597
71.6159525336131
47.1856563495254
48.8603825450258
46.9447556938985
52.9824265283104
50.7339151878273
51.5447955465965
54.506951485812
46.8802189188894
49.3848621850976
44.2178031136009
49.8449405748373
55.8496653578367
48.9330555603179
54.0665935700577
45.5186419674257
54.9660444206447
47.9766748668146
51.2649883608154
46.9720160907714
48.6372424174638
49.2493442627572
47.8681368777279
54.3160028970926
53.1067097970937
44.8574392908089
51.5819702644355
49.3498372985253
46.2146605837209
48.9060006181591
45.6429528312284
54.91099466795
60.2176672744596
48.7561675688679
50.4213742269838
52.537230663859
50.8649909069218
50.6685988169993
52.6001533153855
54.8919861801449
57.4302370738977
49.6439581065961
51.6500302411717
49.2726947386386
49.3342695890368
57.5992496871072
60.4759837778262
49.9050434999896
50.6819596861795
43.9529855484567
53.1588777917491
59.8761436487404
46.6265363906152
50.8508697787765
45.7864493291127
46.158149185929
50.1072466152806
49.7840704172829
50.4459584423025
49.4341998722998
57.8711934217173
44.0963904838184
51.0201520423843
48.6996733118175
47.4600646357483
54.5555567964824
45.3910294855002
47.3767579037759
48.1701365194893
55.8791313288876
51.4124552280691
47.4949970790685
47.7061567461003
49.7454581701137
61.3446982226769
44.9067332616944
45.7472431634198
55.2096222329989
47.1850845952731
51.0912686741346
53.283527304265
46.8722214327789
48.4248947490109
53.7109124695471
48.631680072881
50.7788669928811
46.6257337104925
46.7267227836864
54.8700805456004
49.9939245729916
49.1769732948614
48.0757090325609
52.0176956554192
50.5994423326141
47.3977937084634
45.8544794523367
48.3442832573456
49.5947724513546
50.5599137690509
50.1639337185843
56.7542118681442
52.8732363614879
53.8459452275151
54.731705749486
50.0551227281851
50.4460320298538
52.9560982969442
49.5583655451809
46.2262465420382
49.1491969730655
49.4146164541982
44.7935496385166
43.0193525387581
45.2898476647476
50.2521361088334
47.7355646189077
52.8723909395049
51.387029981969
48.4093337745372
52.9169511332314
48.454046689855
45.6401463983313
51.1676954728345
49.0497949246992
47.8415469986151
54.54088334272
45.3125691869049
47.3534618128924
49.9710325174386
51.6348509892517
58.03809051106
49.1293976636018
47.8628236405299
56.0962984244951
47.8200418363693
48.8424453078962
47.6048280502848
44.7351035343548
49.8599032078943
44.9609905910211
50.1981319145497
54.1086914909139
50.543331588726
47.4458717862054
53.4649063526813
47.8883777039793
46.9250809586116
55.118640912737
46.1836910657478
41.9238762305616
47.8863679469365
46.0043996917939
48.4954540638784
50.3210638567749
48.3751028509796
50.9263548245803
58.3929928729089
44.3706695120942
50.2019810251048
51.0454929616017
48.101155152899
50.5350020927994
53.8187345430841
50.8041107729801
54.8714173925875
49.1513487937457
55.4474405821214
50.8559814392839
60.503230474603
49.6969431054442
53.787027274811
45.3232055916297
56.1403846065402
55.4029320552516
52.0076638710933
53.3309266423824
47.316737049508
56.5014642158982
50.0263325976436
50.5976078487172
49.2974489538525
52.1196825302586
48.4406828861917
55.5346212355922
46.6135502716645
49.9759149695888
50.9303120829602
45.6922894086234
46.3948884330086
50.5753603892109
59.2355455994228
53.7974635427734
46.7792494737627
47.6955077104301
49.0002983131018
59.9405788905205
55.2875651946582
48.0223175062726
52.9330010452763
49.4547393820559
51.2044918147117
48.3956622665701
50.4843982886847
49.7565852480063
49.222575013401
51.2230074670129
46.0570250359207
49.5347856893686
51.8655600815246
55.6324245476965
48.2321241130264
54.1629265182043
55.5949569218
58.0918057231439
47.603402415122
43.2414210737904
47.7440941727626
45.347902894873
46.1809325586821
63.2065684601713
51.5946140871265
54.243902397124
54.5757258592488
55.3325249515197
50.5131115214422
45.2699736405405
57.3440117339646
49.6024225225184
51.2174510766137
52.6336744812082
48.7974328987853
54.3688439686803
53.0994194799572
49.0940823701741
52.7640585075129
57.8609787382861
55.2141683848626
53.2854114086571
56.1053607010342
45.7047507322463
47.6773174320541
51.7149440106473
43.0416110610973
53.2106300573709
52.7553809109152
50.6010707637437
49.6187219170911
44.4827587316137
47.7038084202163
48.8505543699913
48.120192311172
55.5394538625917
51.5277185405555
54.5552379897554
53.303168107211
57.32172810733
50.347779305257
54.7721155929262
50.7135362508042
48.8146373574793
50.4515036833341
46.3422479843291
44.1488126461306
47.0297726027172
45.3779582380987
46.0937247835396
48.4788620528403
53.5449368551795
45.2018367792969
50.3237780843613
47.1941872728507
51.7739102290553
46.4515746190737
50.9747512031922
51.4085075406699
49.305922056123
51.01071800989
49.9052792835223
53.0574873921282
47.6766082026118
51.982655060417
51.2393291690148
53.3186463499688
53.5577075010738
45.3683105375464
47.2091492862245
46.1252494215646
47.5892275351411
51.1331648302177
48.4050605224914
50.3980682940673
48.427070115677
51.0388491319649
47.6665875559944
45.9622844582556
47.1785189634038
50.2213850522394
53.0040986228681
55.2553712125127
46.5750429942427
50.352260309462
52.4213420626258
55.1385114582339
44.6776853028953
46.2680185905209
44.9320287511326
47.4991537149282
58.4677515354942
57.5656723480164
49.012735855733
45.6688840289477
53.1805964612697
51.0904448403935
50.875419423254
47.3400718031601
51.3577979848975
54.2028890367121
50.2733826031338
51.0148860274815
46.108222027847
54.1121563546586
50.2357765896124
51.4043716028413
51.3844762219958
52.7516703648135
49.5663690630903
46.4949256186337
49.4988428464921
62.7501281775844
47.278361101136
47.836051554661
46.1984615060101
48.0383044434035
53.049318426591
56.7731571149322
52.5517806250812
46.9200790374322
44.3112163504704
48.8146818428929
49.1671073973036
53.7897525982167
49.5521256124587
46.240153176206
49.0011730598503
52.2483269341498
49.4024516830936
49.9188072241609
52.2794652295473
52.672353979283
44.3927600575115
44.6428568684466
49.1733910875833
46.8958744248868
48.2930126087566
49.8639502688379
56.30459805801
48.3869124321829
48.9606056525362
47.7178297286027
47.7293738478524
48.906767994357
49.8540991613353
48.6457646366762
55.8965088082955
53.3401702105801
51.210081446619
46.7247764015898
44.814226842714
47.1036202215784
50.8536835507733
48.5145573080606
50.3686666095964
55.8909108543716
51.6403369205451
56.1813777284475
44.9284436711653
55.2436388248335
48.1665886254243
53.6791950082791
54.3027424769826
48.6423302247774
50.8465269826294
49.9798486972261
50.7204397196991
53.8996040176173
49.1107701240523
47.8980894726175
51.0629884427482
48.7847980377005
56.6414517388239
48.6730866044202
45.9806040545334
48.9466133028428
49.5359730493128
44.4071946137457
45.0907702627042
47.2133527108197
49.0949063552083
44.0209154815425
56.4157025460408
52.380739945641
46.842727567251
45.5971432061881
53.5225287182128
54.3639174464091
52.9881729732317
42.8229629798507
45.9554140375072
65.1035781750762
46.6114730454278
49.6636425036937
48.4694726684297
49.0067217429589
52.5923678570528
60.6546493963694
52.7916682960041
54.9607492587703
45.6263134304496
50.5278647163103
48.0810719940665
49.446484110042
55.126666716811
50.0174251242106
43.9472917551146
56.5300821550168
53.4274115575337
58.4952070176231
48.7239138934509
49.4235966277533
47.7145046162839
52.5210667113586
48.4463597144534
57.0175334363686
51.0863151368044
48.9404399393353
49.2098480139637
51.5713665572565
50.5673513671503
47.3022910938168
53.7100570169517
53.4192361398164
49.9606636147004
55.2972988201063
54.124071315048
51.0418211191298
55.3928726042526
48.5275783058814
48.9623407036726
53.1971858015032
46.7604594267935
52.4249527695833
52.6991653964001
48.2114859849612
49.793021463761
54.9117310197944
50.0990121659018
49.3441273750938
47.1115110645409
53.0106170195016
51.9687278085395
52.4043762863581
56.3180723319011
45.048754710591
51.0934956549579
54.6938528717405
48.9530863262088
50.8310950888467
56.3663100443283
47.7498239196591
47.3527201636237
49.2667906102188
54.4255521944083
51.2933674787429
52.2501028457705
45.465333596579
52.9706081395646
55.2850283635044
52.8693682498682
48.0499288596886
53.4629576849781
45.817860532109
50.4262189869076
50.8909877087313
49.4026667234981
55.4473815448022
48.1346003863337
45.9813204838497
54.3768774957256
50.5908875427797
58.5666020227467
53.6485862769275
47.5520992733859
58.4645335341776
45.7014192317356
55.0114475394804
53.6204821624436
49.0373632357985
50.8343772172878
44.5311668497897
53.5869344312196
52.1583266938533
44.0091740046289
51.9948401439718
55.7548182314074
55.7560962985501
44.8554337801483
48.8297240728934
48.3561090271766
46.1760032121452
49.3767753507983
51.0647128655989
44.6945201211444
53.8955547828427
45.1550729514025
46.607160382468
57.0069434677142
59.9135561954733
52.0936521376159
47.6518952231797
52.1190499238156
49.7762992249083
47.8604150396267
47.3696555206845
49.3029243995425
51.5586436049323
53.5220299064942
50.380339355052
54.6920859193288
54.6307357684535
47.0958621347917
52.4120284293321
50.3614869084274
44.2946267790248
51.3934054780133
49.1364160253809
50.4764743970619
47.7039904520497
46.1203111890113
54.9797208345533
50.9459849182168
48.0920211874797
49.1032536118417
47.092595962113
47.91626071358
51.1628080255706
54.2710671891372
48.0824325581606
52.1145954366646
51.0438266712587
51.4514792342037
50.0584128790146
48.1328096978447
45.4427592631862
58.5543262961105
46.0795647203253
49.4019728230572
53.1413566147131
45.615255639634
46.5800853765922
55.2220192036799
52.269894564349
49.4098260753652
57.2688443188685
42.7783804176877
51.3538629116846
51.6519233792121
51.5281257796081
47.0892947928835
60.5326536231091
46.4804476808368
59.8571237974836
50.3639231571295
45.8486514903903
55.042425623894
48.630161466562
53.2067312602502
47.7108374359937
49.3267797696604
50.6221546377558
48.5821884938135
45.3303454087462
46.164632810585
58.1268250199906
50.1320859090101
48.0936198042063
46.7338810511887
45.9759605215496
50.1359734538358
53.1486485799274
47.6600801223186
45.5921284614745
46.23766856699
46.3421412378049
53.2925431323458
49.9477111855059
51.2433643456495
44.8446454391508
46.0043594072934
54.2124795033631
59.6914872157384
55.7976310843627
47.3026948016217
44.5035769107421
47.7231033471382
46.2233384090539
55.0773370807666
58.325012744819
48.9228257308061
55.7591599915877
52.4197797109252
50.1540934737678
52.6136095599607
54.1302320457917
46.9014956615649
51.3922860852104
50.5546670864482
55.2602843651828
56.7962591063106
48.4135832078033
51.0929886537539
48.0165660627599
47.6743016205124
53.5338044024193
50.3666557770649
47.6787363593904
52.0545372327571
46.525981812759
47.7958155028923
51.5148126267264
53.779324763478
47.2999778345348
52.5172434067406
48.4051560504246
51.1283317893109
47.0070114577931
50.0737885466267
52.127505050244
45.8554885905146
49.4803134622702
51.7618648647874
50.8127815772144
49.3265916146687
48.6039888728293
46.9011351901267
47.9357111115247
49.9516103857216
51.6834485155252
53.701509825459
46.5035868924117
49.0915326764752
52.1431118930073
47.2841999020162
58.1435947309952
54.6295703577193
49.1765381689142
55.7527975141694
46.7442363341745
54.2426988443893
56.2649911261215
45.4392030196834
51.5333710947358
51.2806394047394
47.3010349810621
57.1513826191705
48.740881938387
48.4766763657808
48.6615003602324
49.9031008398247
61.1045977652205
51.250452408975
48.6554452385537
