51.4616695525808
48.4823537438705
47.4969671372211
60.3894835350149
51.210647501426
50.6030333131401
47.2943123909525
49.0141602635032
52.5851556203315
49.6352102807071
48.676566037602
54.9181417150881
48.0855889745268
49.1048068236507
54.8640972425076
61.9625127232144
47.7908486401632
51.3569656031392
53.1344463489842
56.2104701242846
44.4289054855043
50.8509010379985
51.3160220592862
43.3385102374182
52.9196781158728
48.9128471936918
55.3134099713789
50.0811801384255
58.046885862125
47.7961048551064
55.3531579143577
52.1031454388532
45.6876879038216
45.0237711326128
47.3298726125644
51.4338541669351
52.3247114328003
48.1594162898911
51.1024670307599
44.5890486344721
61.0847072825523
49.3905300930034
48.6093553952845
52.7030667208147
49.4477080746394
53.9638562993927
52.6336363773368
53.1154135522694
56.2868819659608
49.8004270430338
46.8805351400187
60.4996872683576
47.7950639263694
49.3867863489132
62.2153290948525
53.7466410413095
44.2830903974032
48.9221275833722
53.4746556160857
54.3933959420557
51.3988381706432
53.621348131822
48.2830535152143
52.8660048362659
58.9825663269365
56.5159823782211
58.3048426932258
61.285707089842
55.2702506598514
55.8166737202905
54.3004610473362
48.2972354219786
53.4148317487086
54.1317767265899
48.2671174984468
45.5677947228978
44.9666627677151
53.5106000073522
53.3549551737364
56.0301777060979
50.8812323897491
51.9559649265724
57.9659645073768
56.6132024449797
58.8497726321915
46.0467973991445
47.6784939230111
55.6431871146506
49.3966900667765
48.6685377776951
47.9234767192399
48.3252117285374
47.4726766395938
51.3793580751994
61.2713035914581
44.7211574890258
49.9872227808624
61.9401773558672
57.0205536953876
49.7238295295853
49.442315939574
48.9340156878381
46.799425756539
49.3281670023856
45.5343954047301
55.5333801122391
56.1964702538318
47.5310337750854
45.8576120594177
44.9786217793024
50.9712633427496
62.639791510751
56.2074928095433
49.2062529865064
62.1207365932733
48.3631319305914
62.6365971704529
46.9518000568012
48.7632192054725
48.9374508871432
51.6162980870887
48.3970959248682
53.5657262397241
49.1230045954269
51.9439986882212
50.3748689986533
50.0752781329538
55.7134550472427
58.5681541615755
44.923591965257
52.072131778762
51.1249820853868
50.4930289978181
49.9678038008432
53.2492894504391
50.5099644960686
45.8092231109086
54.4449805202934
49.6209518947104
50.1427212828578
49.5735619760471
53.319392379971
48.2630296622123
46.8501365556058
57.7230160962846
49.7791271528544
49.1929422338823
53.282937640412
47.6849333582856
51.6014164077122
46.8153800878998
50.0638318348489
58.7625280007253
47.5267238823547
59.8925062067575
49.4088831743866
54.6684733187857
57.7145661527789
51.8760785069375
48.745614608116
62.3824183002201
49.9569668650962
54.8217896290083
57.8262808753955
50.5200422211583
50.1465468221669
43.8131538102995
56.2314719081177
45.2882082938644
43.2600969557623
45.6713810962727
45.2620726879963
49.0583862705963
49.3037996614363
52.1115297727795
49.2462334764307
43.0922931124978
50.9412353165774
57.9844799028889
47.0211831017947
50.1462311257968
48.4533781356082
56.9523137112482
51.4598051293566
44.7392271400066
45.1009305567754
57.1641756969555
65.0960024494583
54.6508488736311
56.1817591694283
51.425469320118
44.5061155514734
47.9577018068677
51.6794147889397
45.4837691932946
53.9198089361682
44.8936269359201
51.6980636877207
49.4470444580223
54.6172547995839
55.4400095482852
46.1031925674243
47.31944199405
52.567855783143
44.0948606442646
48.8811738694246
58.8283201216363
50.1473621465539
50.7317110842916
57.1564966048507
49.51794447874
52.631247288628
44.9367491298758
49.6350272332307
51.9549802128075
58.8933321955439
48.7671314249018
51.7839636596584
55.1751530593226
45.3205951367017
47.9028595307569
55.7093821202863
63.8420735181883
60.7232286898551
50.3151261628079
60.7973750152693
44.7299001642638
56.2294775417766
49.3671852850999
50.3145795046289
49.3583831243385
52.4509914937889
61.6468477564692
50.5727990702011
49.9685529886389
46.6948927491345
47.7367038215518
51.6239635810505
47.7741144229919
50.4236701066998
50.0421495224809
56.1733059317467
46.6397785463191
46.8399030637539
45.7966489431785
46.0581352799244
49.8215064970125
49.1735057409876
47.1143108981251
45.0962555278187
61.2632223270052
53.4212273170975
54.0239655881564
49.4386533654099
51.1423527766232
53.6161357112234
53.4902072453004
50.3094896013749
62.9731149800178
48.0478027525629
55.9438392145074
55.8513877465075
58.37401383138
46.1695700445333
56.6885282953691
48.5259497178033
51.7235728085162
44.8861969618531
45.7402111113208
50.0307725654538
50.2697771121522
52.5245904108113
49.928176203301
47.1267738274507
51.3037916008785
51.2327551740063
53.8487083249842
44.2690352022967
50.5730446147359
53.3119655299618
52.0273302879532
49.7083868521399
62.9333093868233
46.1989288578981
51.2718142590539
48.6928020281916
50.704183333518
53.567777169053
49.990241313023
49.4675051795846
56.753702031395
47.6140343141362
52.621848393558
55.1947012600252
50.3386399572592
50.3116892606418
51.1447461404576
48.8434742383701
51.1619368140202
48.8259763713541
48.2157445345549
47.5263019337648
51.6318790845398
46.0017614406805
54.2019023909248
51.4313195489968
60.2999789000667
52.2615898694202
52.28387582122
43.6718401877597
46.7233404190223
57.4332078733257
48.1217612472785
45.3993716640911
54.7177551492889
52.3325202332895
50.4754747269256
49.5406783972577
46.6962770025285
49.7602801284425
47.9729878554101
48.7224689875818
51.5200159415488
60.9848812124745
46.68334995905
52.731637066996
47.7791680320823
52.04507942145
53.1377931686164
46.6303322378276
47.7858322048469
47.1710446804235
54.5846128602102
57.7922310576895
46.5712303541339
50.7691890741413
54.513432230784
45.7461855269356
56.8001662319369
51.6464365666269
45.6275112615629
51.9866684443324
49.8567766737767
51.0410587919877
51.2380417089554
46.2521137526583
67.8352340834309
50.7249532000487
50.9251828670424
43.4966771161786
52.6914435325072
47.9706967396617
48.8257498738567
54.7032123956236
55.6959466793482
54.953506607886
48.8819965786453
50.1870491387664
50.060996285729
54.1145062505125
45.4509337195032
50.0626292084362
46.4449077054569
54.1655881990641
45.5637704931235
50.8751129163669
49.263994874718
54.1366177747278
52.8846289023638
50.2686260386125
53.333207945668
47.5708397485489
49.9684186117604
70.6478489757593
48.3470638925028
52.3825959888565
46.1081052645041
53.9386462712369
59.7205979431682
50.2362869872545
50.1516690844745
51.4271553129001
56.3624224776283
50.2995122268428
47.5704198475126
45.9012866798253
49.2337676099022
53.1661614477571
52.5912067503218
53.0800116004889
52.8335777832575
47.6150881732825
50.0896066455646
47.3577797508884
59.2058291419716
50.8402453910628
53.2488728066857
49.2982480279284
45.4299774549226
54.9720860642517
51.232062033285
48.0886339730797
45.5761896846516
48.0262002092913
44.8023932739199
48.0164616614984
48.2192367225279
53.8249051088418
54.4377045162259
47.5173858192224
46.5603336742898
47.5693545810374
56.8158969254236
53.0262315961707
49.4136764420822
56.729175025215
48.7384974633264
43.6201946394323
53.0274747742817
58.7532489175459
53.7051337259812
47.4963469793672
56.1116264037823
48.0957962749361
50.235559518287
46.0013009611359
50.7647946412749
45.1142358902168
47.8722010865715
45.732182481047
49.2459045402364
45.8004615655847
53.7849561385979
51.1487656551636
47.229051082855
51.714216336904
47.3477525682482
45.0522064528572
49.3967877478839
50.9664921436567
47.3929184889359
52.7257349894118
54.5822868927868
49.3406823408416
59.0659372335554
56.2208141449219
54.7213526999847
52.0927138331488
57.6106435352912
46.0273962798339
51.4509026068744
48.2301784876362
50.2624380951532
56.6123386568045
52.8033276127407
49.6239013089328
48.7390528402194
46.5133494127766
51.3559666308681
44.9849429643969
46.9080458696506
54.5715118686224
53.4978036362284
50.3589748507196
52.5478908026087
47.9234220160689
51.1322251028876
54.646511720154
49.1419693261299
53.3305671653668
49.2757646267353
44.9320432539477
53.8221677386914
56.7879938478609
49.775414275211
51.0945141333433
50.4926549058574
45.425623205569
51.7567422852945
51.4841113597049
45.6391658048174
51.3503238245726
48.558878166381
50.7824556525837
46.9501435474671
52.6557485263774
44.4229015307664
45.8578491355658
47.4730747746296
51.2887759801343
52.2407011916563
47.6595582323194
54.6481139147748
51.0817768572453
42.6610659151911
52.1834722086068
45.3254432876293
50.1688665137548
44.4654000114297
48.9512961181463
50.9480518052654
47.9982483459913
52.5072615606115
45.508738092358
50.9645903350605
46.3646066249155
46.5073447078522
50.9457390382541
50.3529669012985
47.8532282382908
50.2791336277282
56.166091602557
60.241481234729
45.6827662947064
48.739207141987
50.1194809001523
48.713823713396
48.4676373622218
50.5703578273853
52.2392885901903
53.6032484246547
47.0181892743595
45.7069077959175
50.4141778025241
54.0868360186647
49.0328039252877
56.6730035394019
46.8124131332015
50.6209058892224
45.0132756390681
52.6261731356401
61.7594571799162
50.3040738446521
46.7044102844125
48.2845948005059
50.1823589764386
52.043713499462
52.4244250065809
67.3317653405995
51.4643091104038
46.1559972665608
48.1010672115068
47.2195796497037
49.2075778703515
50.7463733504515
43.7874546765327
56.8700181588885
57.151288324904
51.4854829057681
52.0204442655255
56.4878961673666
50.9707816549562
61.0606057932488
49.0393828512667
51.6678033141519
57.3892934211989
47.1455650868957
57.8352901339921
45.1742931776057
51.1042508914899
52.1051386498791
50.3353604378445
62.4688308071148
44.5045393591593
51.0242833438454
48.7759000787551
57.633309507371
51.6464018205396
57.1687718604688
53.5205146835003
50.5199589645644
55.9221462119467
49.8481286173588
53.2398366768291
46.4134926819162
49.158678025018
51.044299137005
58.3804019291229
51.5533687426907
55.5258237850881
44.9452796896548
48.252270319058
53.061646793099
48.1594812599217
50.5595639235364
49.7133701958042
61.2307673790407
53.8527355476215
46.8863663327836
54.8141902139901
50.2601236488078
51.9687352085867
48.5282436625078
46.335834105722
57.4142512893005
53.4882818782739
58.7220681202995
52.3691256235575
46.0578466457147
50.2322980610793
53.9681947239394
51.8520901737423
47.1792739285928
49.5370403328197
53.5302758815066
59.2845778826347
49.8749722185242
56.8080770795667
53.2658809964697
49.8178184009845
50.0972217109817
52.2771006756105
52.446589521732
43.4647431487842
56.6423342574646
57.1440935133466
54.097738323219
47.5080005446785
54.5213837085928
48.341893067279
50.2159443378675
46.2099133031881
53.4667637566829
50.4248711290657
45.8120995767658
47.767896440933
56.75540958281
48.6211657756899
52.0801065319788
51.4166460983439
55.0150378524348
46.9507676019632
47.8957618608271
50.1224244156085
46.6500393379805
47.5144385410945
65.0804547447368
52.9802706469723
52.1431608091155
44.5415300603956
47.1857727071029
53.0326957445228
45.0190687458976
51.6920341649394
52.6877052606343
56.3505639674405
58.1328863066927
46.5610148830597
54.3409784504471
54.8867894338493
50.4539496402292
49.09167119006
48.6483939755688
51.886191320138
46.6712841328544
53.4216756301305
50.5131629637819
47.5745030086238
47.7320714351695
50.2081892048179
50.9803291449108
51.2777626271925
49.2836980047881
59.7944196563628
50.5494213891699
54.2261623736549
45.4587939608555
56.4792040151273
50.9814037744579
48.4718593706157
55.0855798560998
52.9223512748646
53.2973606408928
57.0670263980157
48.4513830952125
53.2906974375721
46.5410299584594
52.8952357211269
50.1933123499852
54.5535602405931
47.5703855989891
52.8644828888709
45.1318903928754
46.5469720795133
55.4367422521468
50.3988340361556
49.7519287891317
56.0122216854057
52.0478863005066
48.3588589655495
50.8013958134543
50.0334157431163
49.4739799660647
51.7795239962611
57.1802048345418
46.65362529359
44.0456830115604
46.6900791003676
56.8201750136348
47.0863345094645
56.215031690401
50.8532743813219
50.943117264562
48.6073804636052
47.5245939835103
45.9900300962416
47.7119026896023
62.0042465891772
52.5022108665752
52.966017584204
55.2856720722005
50.3615286141034
51.2821783505677
49.9506036604559
59.3960473881548
48.1175104104395
53.7329460998688
68.8328215350631
46.5759855697104
52.3756322917399
55.8191885900977
58.5566545976367
52.5892701809703
44.8408999271798
48.3845471472302
57.1333334069434
50.9724950818308
45.4453141341721
62.7730498232185
57.6301643725631
49.3116166213652
45.6921831601569
52.0991791819683
46.9891121304592
47.7515319082131
46.3730468679224
49.756138128897
61.0874808109135
48.9050991631167
45.5437479349728
48.5091840049033
58.1774508706078
53.1542139847106
53.0907125965785
46.6715154146817
59.1867129519686
47.0127802739098
45.5258094202921
49.942744985033
50.7158352354917
52.9285739509108
53.1908412858332
56.3638805786885
51.4149087248335
51.1795991742716
57.2539937431706
52.4957791761304
62.3603456909348
44.83450872074
51.5815851644183
57.4725940416056
57.5153059484344
64.4019161060916
51.2790850631419
55.4602780955679
53.8374151875375
51.0490920465133
55.6775824482873
48.5214267597327
53.7255312217161
56.1706565587926
51.464277845677
57.0461619746749
43.8655128142533
51.7085317860547
49.1367955435746
46.4480805209317
52.4026375241234
56.635951752636
45.1288543182097
63.0842954308364
47.7193593815527
48.3322327243775
48.5982067943043
57.553262386744
61.1965987635196
47.5575333283062
57.0513570374926
49.1253048083207
45.7711069953679
50.0987703990126
49.8109462309268
45.901392206203
51.2734951832684
54.9469253071786
50.5833382374577
53.5698285009482
46.0638338381298
56.9803500671313
53.0829144756972
53.4113192233909
49.8508547551519
48.6403335051819
58.8275842106105
49.1449276704327
59.8874279928319
48.6119470288979
57.1707265313596
45.5081831896813
46.3911814832845
66.6031677954222
48.9007910797393
44.0475410302365
43.706620967432
44.747289482103
48.9117680494901
53.0899642687642
48.5933545539011
52.0732433441602
54.2411381142138
44.9855357497377
49.3407214838609
51.6182229036064
50.5200337076903
50.1237072212602
46.4364363611741
51.4698347012196
52.9665995206177
51.515350983016
47.5447288607767
46.9017860624408
48.2229416071512
51.9268126743846
44.8270314514611
59.8801878996326
53.9978404535377
47.1215457229108
56.6979574164309
48.5025891697511
53.9180106550878
49.7810211215855
48.4328656645909
61.1016152918959
51.539618613786
55.6631849897428
52.3715304019569
57.2168038826204
48.0522199412994
46.3681241883058
50.9935533327331
47.5690549418134
54.5663761069783
56.3856422972764
48.3951182317479
44.6429033425665
56.8962875434324
47.3234507280324
45.8910126320207
51.1910061183992
46.979406720311
49.6804930469663
46.2881741105078
46.8652694853335
56.9789991316292
47.9845231397486
50.2940796146294
51.781667844753
49.6756400881637
48.8189642113981
53.3499908086631
50.0900550374334
52.3618024402671
47.5829767236416
49.4414116561381
49.7467577629525
48.9911688046278
46.3306871839457
48.2509668730991
53.7230899424847
47.0732987260185
45.2793323039282
51.1082125667184
54.0138581706081
48.8516490391034
49.1164752245428
54.882093014925
51.1879513088289
49.4689014688449
54.8445938437563
53.9313834776706
53.2625998367968
61.2938718189165
47.2114767843056
46.9335591464813
51.9100646682099
61.5149243021073
46.8625957182964
44.1401290742704
47.8133238760513
55.2178867817146
51.0270555723092
49.3109100283545
48.9436684232304
48.1363446892744
52.427984575802
50.7114318017204
56.8468716523822
48.4646266946062
52.5033780970798
53.1263932209812
47.6501387218123
48.8577445023158
53.0963027770183
54.4268985771681
49.5931547182599
48.4225386594078
45.2912719953588
56.7895514475162
55.1495511990957
63.4131801495832
50.7573434497995
53.5714892245095
46.998573003187
46.6566246885623
55.0387711597693
55.9647159411705
53.9025309269087
57.2821188098633
53.4703824675288
47.0052855513422
48.3316452466431
54.9396117795782
46.7756209540893
47.882576832849
54.5716264701747
45.378887549269
49.2978436264853
43.4703891239609
52.3122524445859
51.2440566810318
51.614843628007
42.698036176322
48.1682712645486
53.4243682692598
47.3382997267575
48.855345608278
48.1512701551337
47.1308286129604
56.1270436793532
47.8977458207055
48.066629336347
46.9346466850363
54.9392092247493
49.2723108420147
54.1692918016145
55.7123614268755
48.6913110469777
51.2572266447586
53.3369485169862
54.658159964018
53.3422589663986
47.6196495207824
49.9528562685702
48.6523710293958
47.2128736354284
46.7880705444852
55.3484278365197
51.8023814574667
48.4941564684986
47.8957986229823
53.8035150854587
47.4596130102212
51.2015124478265
55.5693236493373
51.1075031314637
49.4710156792909
52.603028950754
51.2494928964526
54.0884860209136
52.4510556195746
49.7797759650298
52.9531445742741
48.5067517881425
59.3383600947247
49.5309203496926
47.8715790922436
48.9321882127959
50.8743044840786
44.7847952069224
51.5990236156684
60.5975966740145
45.258092530132
48.5241822097688
51.0989681920296
49.6890898827053
60.7348728647236
50.3369341263705
47.7909051783269
50.2557898162142
54.5326192549454
49.0200556874078
46.2590881873191
49.3952326048013
51.108665722473
49.0023878937551
66.6731801810331
46.4373328214302
46.1132482891287
49.7876814771102
46.3314822184939
49.992698454102
52.0257138166785
46.9305175782708
46.4155747104055
47.2212956683192
55.6362979276485
50.2461793714271
49.681334808382
53.9729388092428
57.9119852300376
48.7389416120498
53.0815919762309
52.1853885198603
45.7949391663404
51.4171613362145
49.7694412954864
45.7116123130705
54.674258195824
56.482138539773
63.4520617257065
53.4229757977617
47.8149999438785
46.4877913350457
57.5489658724746
54.1341617744159
56.3325901132597
50.6251001924981
48.9902513667271
51.9536498362301
46.0666433654121
52.4460227919529
59.4120128084341
47.1543490193359
54.6499687227232
52.5661482702995
48.7517426214242
49.1989320206471
46.3349159614568
50.9514863990113
49.2051417247549
43.0892308130531
49.8175666141436
49.7189895875555
54.2939037829385
49.6481997370474
50.3802230694953
54.307303520367
48.8305608768403
44.3020132158824
51.6249904790578
55.7353701993271
50.5806081581398
51.4016333425465
48.16302788347
50.3598619087784
52.4315522583368
53.4149461075324
48.0355872755488
46.7427281174675
46.2904374927649
50.3465077615323
51.9710707332449
51.3322332179056
52.2026593072286
46.3962785771298
52.9678334671809
45.3324305109218
49.6337361758256
45.3029252686468
44.2947046126423
47.0149730886108
46.9720569514844
64.290414405824
48.5450735956925
54.2535863283984
47.2725505571861
59.3235074215785
53.0483839172687
50.7346078815839
48.2666091673514
54.3376222636254
48.9566247047866
56.1699021853511
49.7393579463709
55.941619897068
53.5991419920447
51.968661633072
54.5462037762373
48.4400398084364
58.5995319113068
45.3114948770881
60.9776163047927
51.196082903356
51.2570654392336
47.9025429725235
56.1409426770874
48.1524227752133
49.9311779472725
55.9118160208804
50.1039436004387
46.1872817587257
47.4028757575507
50.9190298101024
52.8756542050019
49.7783508620943
50.5945757881111
52.8514900623317
55.8315016683291
61.3362107806396
44.746932535034
46.7602658000445
45.9092269657779
55.8014358502062
46.9582669133874
48.7352945989318
53.6103042288871
48.5443834686808
53.8154611303528
48.1099827613436
51.4376451105273
51.4309530169463
49.1191591362264
53.323684321169
52.2734836061163
45.3997291090786
46.5127031178404
54.0666180608978
50.5403777384267
49.4287870226527
54.1010136644881
49.7826185939436
51.5655628347343
50.5734948773841
53.5952120445922
55.8449441893372
49.4519215332073
51.6578164301971
47.4675315342915
49.8636035198524
52.2999210371689
51.3124012852805
48.1339077034541
47.5469261670547
50.2878871228715
45.6637162538381
46.0945381371808
52.9600246868261
51.4845106207863
53.8999476584381
56.143115851732
48.0264017172669
56.8018186429302
59.7424655485918
48.5159451940167
51.1420445068079
53.9931313290545
62.3523867823098
54.096476579621
50.1261675037318
47.4657044355885
53.7205568647474
47.6539660917563
49.1404458856862
61.6135697178833
48.7001507556642
47.2654087261368
54.4920173090495
56.1796851662193
58.3475059290049
48.094117084399
52.1972797717648
55.6604997202873
51.6334697372619
55.3597875029562
49.1713462164656
50.7714137806721
46.3845280708959
54.8175918911791
47.6499250031142
54.5054353637473
52.9147985480335
51.7444145438518
48.9206956147217
54.4255781942454
47.5277817263413
51.4116660712582
50.4760939099467
47.4520309719091
49.9369363240993
47.8541297382093
46.5602004773969
51.7256355059427
50.2774383183327
50.3042836666515
49.0504948001341
57.3030157604169
48.7541284807952
50.9001735439613
45.2537174390413
49.0166562785663
47.9249137195988
43.7394657665444
56.2515984148146
53.8895885769267
61.1707946486419
51.9263648312773
47.5248234154394
47.5521556342327
46.6905293624423
51.0288990694783
51.4989108036586
55.2196071120768
51.1504809315813
53.0056863804657
47.2747028336156
46.1248522254719
60.8925344541272
48.0617983181607
56.1268965413329
51.2190299121462
48.8101716495625
49.6733351614691
59.9337426556247
53.551624124223
47.766252149421
48.8655164562051
52.7310406767639
46.6059678390475
47.4089811144962
54.0457371709259
49.2616166284281
50.0961976588799
46.2091568498382
50.1758155148099
59.3384150557775
49.7649962059879
53.0793649404462
50.1458666352435
57.7885157366842
45.8542469999223
47.5028039867901
46.100470918065
44.774657463964
51.3448074686605
47.7149168424496
57.9802018462363
48.8642982734606
49.6585478357982
54.2729846132294
50.5836322336986
52.7076627583509
51.0757950920085
57.0125283748336
45.3161163281819
50.5278991146893
48.3027845710336
48.499070156341
49.9004551623492
50.8628255432968
53.333051086356
47.7470980255006
53.697732398105
52.3041720394346
55.1025101952776
52.4436884608371
47.5651543759654
49.2985500240833
47.8717071944642
52.7979392221185
46.3716409753179
48.954948381481
47.5282228516843
52.6121751852728
50.3902598071648
54.4730459052361
51.5348009837974
50.2625474382888
47.9379422929915
49.4933675509568
47.305344621289
53.3349682616615
47.1407498069722
44.0775314131362
44.1897099982195
46.9454471733457
46.6865610097978
45.3446336043505
58.3951945367344
45.3768126289944
47.6358274914811
46.872660674701
49.8947826087516
48.9339164578274
50.4826853073006
49.6646076454662
56.2407037031484
44.9445646114704
47.5237677492087
47.464215204725
54.8183395953958
47.3200696543251
44.1568172356573
50.996396946821
49.0110090865181
53.1769326044483
48.3448963806771
61.9510842438504
54.942701140469
53.2117812577256
48.9412101005879
57.8866551358069
61.6150286086843
50.1824427668281
62.9052153702836
49.4643061706745
49.7113571844856
49.9103821554309
53.0539245640275
54.8397253620579
52.2403821749333
50.3291486272512
48.9855762574208
48.1154134931275
56.4053654221768
47.8619413862815
53.6717715282178
51.1735756615718
48.5245847652741
50.7458545424442
52.2609227242854
62.1432941805336
53.9917113686205
52.9562688211606
58.4808724815476
57.539325128941
54.4994260732012
47.7809628879907
54.1860971616702
53.6985020057269
49.7752767632502
57.7919472848481
54.9549622166372
62.5140907314319
49.1458611904914
55.7688144002442
46.3680062728442
47.7549097297034
50.0489524548226
51.2897420413168
52.7869915955791
49.7070329961717
48.3098245487119
57.5725686519918
45.3201397841032
55.0208672945065
47.8474970632329
46.349255430383
48.0872275692432
52.1140667703273
51.4436632059313
53.4895334473193
47.0888326020401
54.2008880205903
52.5890597212355
54.1795202089046
48.9500212919187
47.0603081478482
50.4709056524061
48.5298840424857
51.4379555530647
53.5166742306247
50.8391393866179
46.9436537843534
50.6419402654124
54.293778286658
48.0525696113769
60.5053675584978
50.4007369427011
46.7703601678965
51.9124555319725
49.8457836554285
53.1671858878353
65.1460140835805
54.2993917918391
50.9012093386995
60.6214548962611
53.3042494983144
52.9229958664568
49.0438065694911
55.3159621791795
52.8874956080131
50.1525243762229
48.6300731353723
51.0714144992516
56.8444493108099
48.3012051182055
52.9160164310125
48.0679792729969
50.7871151277443
52.0992778722904
59.0446820329296
50.75333819186
49.4599423499909
55.2493169983546
53.841369781937
56.8794264269055
51.5457781304583
48.9551429320129
54.3293536735321
50.5952998016302
46.5874757815843
44.6297046106374
55.2598849500666
52.1081330740144
58.1154010721251
50.5013667316478
53.0216707862922
60.393291880181
53.8607442934512
50.4818737779131
43.1267946972434
49.3028614580599
49.4293040952484
49.9272868559873
56.3402040782269
45.1021385825814
56.2241001495342
51.9984614004292
50.2464925667193
42.8929498673863
50.3767970879611
51.1967733372442
52.3230589117594
46.2846891020879
45.1518532801057
48.3786428782547
47.8905314046504
57.0349154045579
52.095707995523
50.2886339419623
51.0030969517447
53.095745587418
51.6557741973945
51.0484598039615
56.3336808561171
45.3779585436637
50.0874389239058
47.1753290388732
51.7999345624323
48.5409463023443
52.3559190386434
49.2495946362097
46.09378209828
47.5318923439483
50.6723233603185
48.9053949473523
58.937344318595
48.8444143370093
47.7565080597629
57.0498728230107
58.1722344485764
54.6225972562402
52.2322292741909
55.357867710674
50.8213444305893
55.4396839599991
53.0269106232307
51.9121039803184
50.220314447177
53.5988486771681
57.1681245145798
48.7426249230848
52.756512174404
52.9329566123371
52.0263522612281
46.0738891802762
44.352033093992
54.2254145857451
56.3656253849163
47.5228394012599
50.6388811169366
48.4896336734049
49.9808502910709
54.2147707186816
45.7807958336031
45.1590345293166
52.9186707051927
55.2393754811778
51.0663831601643
58.4120329486251
54.4570417505649
52.101725543072
52.0229755228078
46.1140258793376
57.098040680498
53.6359484608132
48.8306402184891
50.7422564353635
46.7896256014974
53.5753497104131
50.098408947817
52.7120163865052
47.8726033118223
60.8904185677992
47.0174408500299
53.9471275760466
51.7434578082624
55.9493909631364
48.7150451845721
44.1686913217094
51.8152971355414
47.7315676223015
58.8971929818064
46.8488722625237
50.9842298474286
48.7793202718163
46.997155692884
55.7233833169666
49.3216884629069
53.5308839204937
55.5812694285243
49.8195570793703
53.5869935305979
49.7323519909959
51.9420118884467
59.3271062499075
47.9782442556116
56.9039489901505
48.909172724258
52.9554666360129
54.7612727315396
51.7669778311174
51.7864030950397
52.3142374074012
50.0767651688945
51.8476009650891
52.7318433908906
51.907419164505
53.8929599040037
52.9063307701954
53.8210600713209
45.1969210003352
50.6634215596819
51.2306721685245
51.7759618306348
45.8563360100448
46.9194799825261
50.7249873538515
50.5929137555393
46.4315811066136
58.9129587714387
51.0457714883474
46.8478878455927
51.8712362067144
50.7975073121595
49.6830601341222
50.8711115881824
46.3253089701338
53.9746746321117
46.0707395752618
50.9569615413944
50.0013910554471
53.4874179034182
48.8352972947777
51.1872761310452
50.6179450620525
50.7578678236983
50.0549145391711
51.8110609599475
53.5138559164003
45.5562841839224
52.4521125392792
49.0987720101094
57.0777024502112
59.8615639673565
58.4305342729578
48.6805901111869
53.596535252419
53.6249451120667
48.916517909983
49.5103489258898
53.7449813733507
46.8488561486997
54.4511235499545
54.9215638707161
46.9528469766499
55.4352987568876
56.0122279212409
50.0363037951577
51.803616243212
54.9299130954144
60.7076025228768
46.2375065340765
52.2461988040002
53.8916851626974
47.7636726938454
50.5174638573623
59.7078639304037
52.5050394217321
49.6412492872087
47.0615258965074
49.5023530537092
47.9077917228651
45.4955706672933
45.090841101565
56.4712647469478
52.6397768949697
56.0399864255084
43.926265063124
53.133278084726
64.3690177605583
47.7383234212901
50.4573785461677
49.9817447788667
51.5049626896564
49.4012541197105
56.3575825633326
49.8517651988515
48.1793140485965
60.4397515005742
47.4691508346545
53.8783950360736
51.632454697877
47.0677526733701
51.8334332282293
53.3798073140831
46.1717323738601
48.2625265556861
47.5336458798678
49.0253796704227
52.8784036122626
50.0240925482597
60.9594156732719
56.5059138832714
45.7449294895701
53.8335453644863
46.5710926458902
54.6223893209788
59.0234440166031
55.4866612351532
46.2409257494745
47.2036080385325
52.6880177825937
48.4264037986908
52.1845941691835
55.7450681866249
49.0453970680395
50.876547142178
45.7518788929414
44.061441283726
46.6140024343566
49.9205899444583
59.6826693174208
46.0516989665959
61.1326801536929
47.6473216737583
51.3864292603023
54.0839208776213
46.5095374968648
58.2279895602254
48.8331325152206
46.6777952112536
46.2890100028483
55.8430575919879
53.8759942931693
48.9100029199484
51.1034844762614
58.1238294535046
46.468385384064
54.1248790522605
46.3757444680387
49.722409030131
53.008567329049
46.0090919964252
46.4161443304967
50.9134414939747
49.0699220053593
48.1227920159851
55.946658405703
53.191609235153
63.4403164365622
46.8539040890921
52.1701844292425
57.3581359732699
56.6256808451184
46.0619930917066
48.9956082777235
47.3316338366012
49.0620189969129
48.0775705436835
46.7522729002673
54.4963179339169
46.6725647202677
56.4097237666229
53.0757922471001
51.5255796520179
51.6471779724693
56.0750484230099
43.8596069966398
46.0402918241833
46.7435123874243
45.4800062601974
52.8390058082764
51.1041986130021
50.4837986283336
49.2399119034781
50.588558564958
52.108073867125
48.279244601092
48.5697714072467
44.7953819798552
53.2280737198207
53.0627409070991
54.7508032829927
51.9120263652517
47.9840176166016
49.5027806184806
49.5541365134353
49.6577831538825
55.1486503551393
52.2207108988898
55.4033230766304
49.5488610496376
53.738085296245
46.7612362656035
62.9492119949442
49.3879812257509
58.8172929857303
45.8580717709132
44.9913436454114
46.8005204688097
48.9215797194908
53.6693517561987
47.5550446719518
50.9374834002479
52.8002454267603
47.6910720746964
49.9567236305637
51.4736304157496
49.1848771252475
47.4554215027593
54.2283373309865
50.457537706339
53.5921116223793
48.299183368346
48.5073279521653
47.4942921763512
49.4883265178912
48.3889043121636
49.9692313575165
56.7841637262989
45.8782193438139
52.868923348547
52.6134124503693
47.9489438282558
46.0927995639257
51.0571640660907
47.3592159219065
48.5749752755167
54.1045348718496
49.1627835433702
49.3962170797072
49.729028679765
50.9998343175409
47.8443494387204
62.2853300700637
47.3324334990452
54.6470553794128
45.4524007636874
54.1659974758522
55.2603833938047
46.077481705341
52.5707195265311
46.7799476949349
48.2957869864052
52.2134728446026
47.3436353374374
50.4381782502915
50.8159249093676
47.6023047020231
46.1632404127383
45.4630934930239
54.2779976158154
50.2240153137519
52.2429852307807
48.2928256887544
52.2347840000863
47.6035255486128
52.3853524849181
48.1915615678393
62.0742235184345
56.6708095726312
54.2596380331637
53.3642660036607
53.1856458690771
51.3513593552741
54.5922084712371
48.9954618374156
51.8701426853143
56.8142914828356
49.0945805245864
49.7815550107597
48.828631159083
50.7231440147099
51.8921015949774
52.9414581070399
49.0746546427324
52.1788634715292
51.1184403127241
60.7835564900009
54.0683447516871
47.633309735724
52.370393608946
64.8336778353777
46.5985109910949
52.8145480371067
50.4072978376271
52.0932959861178
55.5268867644931
56.9664067729392
51.5452808850238
54.7229593065262
46.0950467185033
52.2301116307545
48.8888635064406
45.5400724564794
53.7178707663394
57.4924116442019
57.0399844191415
54.6095892168145
49.1114301587099
46.3617643977505
47.9548261019075
52.6473333603882
56.7734761915325
50.3369225416143
50.9459652733458
51.1107110502185
47.9758403151853
46.0676733087087
57.2486809330395
54.1766955658678
51.6183248320579
55.5712459519326
52.9373360182444
53.0479286183995
45.4385238368366
54.9210400309762
46.3808038214591
53.8061049800948
50.1326140097624
48.7354910256017
54.4151037138316
49.9024254630004
49.5810392553143
56.4450270797547
53.2479392673456
47.1449851655676
48.2932487591563
55.6313167659488
49.7995962486414
50.3745883033567
51.3321850155753
53.4879004497754
45.5536645178462
46.5079136347421
50.8527375111522
51.717331887545
46.8704538086499
52.5974049911228
51.9274608197496
55.6366038538236
50.0221944707286
60.3010449428801
45.6995818526135
46.506949941745
52.1409123528464
51.1783609677085
44.5827233513887
73.5967378159784
48.4059367833686
51.8017306989159
59.6051657937829
46.8104314616415
46.3089310953942
48.7136800919633
48.0310485842454
51.3360382217394
53.7454693654445
48.9353861032235
54.8682612482502
47.3747037587884
48.2872061234973
51.3079692824644
58.6302371757461
57.8193047647554
46.9950594429063
55.2465829901998
59.9077415311295
53.3368581294636
47.4638743713802
46.8337709652008
43.771450137075
45.9443420139564
45.8675248939922
52.4359697953122
48.7066786717648
54.5550111217229
47.3234604009383
45.5259632926691
56.0533936530987
50.4881364660716
53.0482560738879
47.4695350720819
52.0991201619544
47.6359096672615
55.3042862612335
47.3878126198074
52.520913434153
50.5212905828486
48.1853380923115
57.1988759685029
51.2298174378902
58.5877608684899
45.6867829242977
54.0750672739686
46.9394395758233
47.5893817085679
45.1303327626279
50.9269420234409
49.4537593365718
52.5485434358961
49.554666106709
50.8662284464286
58.6780681449863
45.4041285797682
48.8156282226875
48.0001755290233
47.8350701500348
44.7045846529026
48.6804362299008
46.9361602284057
52.139378528713
53.0449933881174
46.5237020655478
47.1698561707305
51.6218813861012
55.8945464372824
54.436938524329
52.8039611831947
48.3573501672802
51.2672979294188
48.182484589463
44.7318870736093
49.5460949381267
48.1538547445531
52.977509674475
48.9077031868006
48.7803076587927
61.2786936118773
50.1843539143754
49.2478783560585
62.9508007376544
46.9711706215216
48.9249470794042
46.8366799522826
49.0807109922225
49.7157420989995
49.8303176322306
48.820745033057
48.9680418592769
46.0021967867435
51.6172772099181
53.6552886244027
43.5698472673899
44.5099509025261
51.4224027295901
48.3579634199755
48.1878867514652
44.4736804427834
46.8389263795187
54.2234459644618
48.4129287724511
47.0440124286496
52.04317330905
55.220007312415
45.9840086153977
59.8532637305515
50.3321162168461
48.6682497238986
51.2151114662096
50.9392291260411
57.9322764871098
52.3966883662263
44.2663694487694
48.7146565962767
55.3354639421404
52.179942261321
47.4955865797191
49.0880690833772
62.7363785974878
53.4543899389206
55.5013509807428
52.3533706621328
49.1246573621356
50.1171650243506
46.9226169397864
54.9216698704506
51.5391903350274
63.2927328282172
50.9918798583807
52.2870016656888
48.3213648139689
52.1482188775143
50.9702717740987
48.374816180024
51.1225225660222
49.9075399169944
47.7614391416721
50.3221172584401
53.779961339014
49.8195527576068
50.2999037290308
56.8226121464176
50.0782435835735
50.2187204502721
48.1577542083443
54.6799949757825
47.3155182647971
53.7140193169136
43.4734057958386
52.2853247753775
48.5344129765912
51.4256196427235
48.6715106991489
45.0098888428605
54.9126892515643
50.6250476079541
53.8930158371492
50.5899199073007
44.2304100977859
60.0402071949258
47.8100126139877
45.4705483946666
44.2901261092282
53.7203628207554
49.4689671076546
48.855538970806
45.8004872002526
51.0676237134242
48.1451800287968
53.6754108171778
52.2752583419664
52.6094847657197
55.334149296146
56.4124365787968
48.1585111935835
50.6768403419505
50.4950271854408
46.8010500664823
50.7523914802344
55.6917516548073
68.4380233274039
48.9961690779449
44.0216632818199
48.1048052069986
51.5665804715711
51.4212082262584
53.6544031978164
56.0032541690469
47.1167621509052
47.0193054646586
51.1252342360778
61.3865737308362
55.6276535799169
47.5540482431336
48.5164888191282
47.7716239300944
57.2782443227342
46.5128380290445
49.2505961587714
57.4632947885036
48.2333457423122
56.4644259476395
51.1070941523795
52.0447472152217
48.6575080287831
49.4389371885883
47.2093263956173
53.9734519449985
53.0682372912617
48.331818143026
46.333570600327
43.9500980699624
46.7659632904681
60.8425612376702
49.561789838025
50.229351945257
46.6152984488898
46.6231626818282
53.4796342141615
43.8488806463584
55.5861775465909
48.7358318423182
49.864542651756
48.7068047374244
47.6922277078025
52.193666961537
55.4297561235048
50.2200017831305
49.861075408958
46.2921934742395
57.2967250958003
46.8325122392887
56.8322273189611
53.4943255899749
46.2431514553872
53.1838313233546
55.4431857934516
50.1016295946714
48.0568566098195
55.3697710245216
49.9229107557355
54.948625243903
57.7167217048025
50.832307161494
52.6577898540197
59.7916706657908
51.6354334063545
56.0571257439976
45.5254554101299
59.7549919883594
45.7445123585888
46.3707530473358
44.9314332205253
57.0444808717054
44.568214531417
54.1568125743714
42.5557358345359
51.2664727554529
51.8700917415981
52.3944099370534
48.1074401576199
48.7168174922926
49.701448850295
51.9470692369935
64.2651119273905
50.4302688090162
57.8623934200999
50.3227117182204
44.3761995318594
49.5152725477324
51.0631830950496
50.4432495410301
48.6378822989392
48.9553036777873
55.9986649911586
56.8031257123775
51.5134976226558
56.2800655715661
49.5306578787279
48.6914217011152
51.3391407059426
50.757642826915
48.6517315278126
47.2167079753281
48.9891850656765
46.8996515774471
59.5511523416678
49.2760959444826
53.9756425864288
45.8233412621738
45.355587769205
46.0815416118361
50.0704878368342
47.7286899886654
46.6358426064751
51.6308510424845
46.9712041179946
55.0569162143878
55.2222276597406
52.9309237756924
51.6388824767209
53.6190263755672
51.0497340166232
50.6190841348865
50.133026765897
52.8639284131019
55.397739831922
47.478967069623
58.1563243789182
47.5862890115315
45.044863934863
50.5769569135031
51.4191649408262
56.0452473420182
53.5845971522176
54.6425710417252
49.2488416301792
57.480132183881
54.3155735604234
47.616369890987
54.1897167141989
52.0802773821857
51.6929335005259
49.1268145785294
52.2448016644219
55.1783911179052
55.6388177994176
51.5033016643052
58.2992745083649
44.8942383608942
51.9043474047424
53.2169381415276
49.5596799238025
45.4011853555845
54.6938708610032
53.6620961297436
51.3150337305587
55.7408134175284
51.0082407262277
53.8587737628375
59.6199395546018
49.9590519938727
47.6013349501858
53.4996107956248
49.8302742133416
47.5895935418392
60.4795227973606
55.0554056369137
53.6445771000317
52.2492473716976
47.6435025676575
45.0338831523954
56.3499207445356
47.6275910436521
57.5232329915005
56.5676555021622
46.9722871373568
52.7843563043403
52.1351003925641
55.2725320926648
45.7093314578722
50.9863857457281
46.8311725193059
46.543278180958
47.4792662667872
49.1738523666574
45.0413984348226
52.8816745294574
47.5282715885362
52.4396296032538
52.3549296386533
52.6140920225277
47.1139435308824
45.7759513091049
51.6440838631923
48.532928950275
56.0133916578739
48.7560566358472
48.7740478591936
58.6100221453752
48.7066377900433
54.1243998452957
47.6757338484413
52.3364572359621
55.3134984517949
53.3842893634418
52.4719260367992
49.2555579340754
55.2870072905365
48.2709886025283
58.9823819564179
50.3626080013792
48.0467396181158
57.6965049992139
55.6113437855306
52.4647633539605
47.7037442057902
54.994607422788
49.5776337972774
47.7517301364649
61.451913384146
51.9155254806529
59.9012600779567
56.3979082267555
53.9953811435745
45.7213349183182
46.7226785572073
51.8472979660693
55.2532844579022
47.6164814358172
64.6516729044295
51.9824657728363
53.1330292455524
43.9897943639787
48.3444607745508
45.5387882599417
55.9124033199449
52.8739617475408
51.972855668675
57.4872897954258
47.2515387769386
53.8195818782853
54.5568591804176
53.2325320557812
48.9135982973137
47.6124885611945
46.9315752691615
47.2814444036167
48.975647556483
51.816639953796
51.8817514181771
53.9840446321859
46.1222101358166
48.7939123252904
46.8264620415084
56.7153192840786
49.4209657621271
57.9802838934067
50.0610275362331
49.0231864788993
54.8890010425264
44.6572764658973
59.7532695358111
47.7648151164206
49.7474768250027
52.6833328924243
47.6842809175646
47.5661022130667
49.5409623953256
50.6717548690177
50.1836847116299
53.9260674352361
58.4826629064839
47.8637765926096
56.9242033548553
45.8221559109515
53.5624947536485
53.3996986935318
46.9496218254796
55.250080060231
51.3859112583562
47.6354014468371
48.5725928514369
49.3699604153541
45.8149842994208
48.6728310585437
59.8454136342341
56.2647862001443
50.2123843736265
53.8770621409536
53.4218027773942
49.904002902827
47.7963660701927
52.5830516476893
43.8598429298658
46.6582776602351
50.953853635463
49.0498540825488
50.6435577716284
49.7343791467353
50.6533574354486
46.334281874998
47.7532741651547
48.5248041383559
48.411225459403
60.5775288789532
49.3872535845597
61.9019458884213
60.8057200767
52.3656552597356
53.3891419049049
56.4504721954253
50.5729881868043
56.9208891766605
50.9844266925922
54.0544259152754
65.2888986502726
55.8072284542369
48.8664653812941
48.9408477276917
44.4924426037926
51.0313427566744
45.0444068383772
49.6165731701131
56.3485056867097
48.5189381348145
57.7549888289374
50.5620681772501
46.5690123129108
54.5922579963989
47.2692767360853
49.6487991242564
56.8887834774488
53.7420813607839
54.4357047858541
46.6123250146949
48.2220116066749
51.1673044248776
44.4008599626893
59.7670226779024
58.2045069660443
49.1051795119616
59.3918102034479
48.8741302836176
55.1594717019904
46.7383412285399
49.3142774870488
54.7229584345236
51.3165688521714
44.8940153437445
54.0278796425536
49.9663025823274
55.4627182552317
53.1227479418005
49.9180590078591
50.8797698672052
43.7567848970391
45.9651624869618
49.563162957071
47.7963677518468
46.6753382423676
43.0107956803186
59.2834517787286
48.4737652071028
44.1549746774941
51.1221784072515
47.3525287337468
51.6879353685187
58.5891745700897
48.6371183277106
57.9378763752542
53.2094804362322
48.2586766616881
46.2195279907435
50.0718087292944
48.7460594948244
56.0094996776019
48.6168860682789
45.7605587438532
44.718511826727
47.7138177873483
51.3337248997992
64.0728268713443
52.7989554881509
55.1230127919952
49.9236319257353
47.955424339525
48.7680661332381
59.401914393319
49.1867043842104
55.2741165776671
58.948796934484
45.4929172491902
63.7834682431403
50.5076100885475
48.2488121887576
58.9285479853036
55.7451142038086
58.002285008111
47.5876693465844
46.7048742409494
49.4214967194013
51.7027528166033
50.8276474578962
45.032943549012
48.7798276262502
57.752157844537
46.7231156915892
48.7969337074251
50.3170983972725
48.3724118120319
48.8837863659987
61.0617511236804
54.6268364456955
48.8202542374025
48.6040746807722
47.4938725350036
49.331323675973
44.7441806669771
52.4957078265227
55.3341768363047
53.2563499416073
53.0522418006624
54.2387283360897
49.2147875391433
48.1188841646623
54.4933498188623
56.9590141269738
50.2140270710556
54.45583232138
54.079681366374
48.5558660882646
45.8827189232617
50.4314132034653
52.3176170502225
48.5494639729065
58.9548933754333
45.8582786265123
51.1256426386004
47.8129055777905
47.9872678465189
49.4431227621165
52.8099122076478
50.8229186599395
45.5858397750491
52.5061540716071
52.5029168236165
52.3018693607148
54.0041208467648
49.8645640878534
53.8943603714197
48.2344855924853
50.3174509775238
48.9041403533154
53.9461666598971
59.2249908530719
45.671116128669
51.2957238919281
59.1049520908783
48.9709543391225
50.7498281111022
49.6155620732019
47.380071731367
48.2435794043143
50.516344532341
49.0636945920851
49.8063084298223
56.3659491645186
49.5630341853739
49.0569250083141
49.4972203545649
49.5431845050418
45.147551537439
48.8940658975133
55.6131063184313
60.1947310571651
46.0698674160534
45.207133283373
50.9657302756761
49.1305150819799
45.7922415069825
50.0999521222144
51.7246806341926
49.7323224820658
47.7680271431629
50.6327447157443
49.7425680837832
66.1108517372107
50.7205283946099
53.3343943443051
50.86977638945
46.9569635044326
51.5944938206819
46.223146419359
47.2354102206875
49.4374848305909
52.1856809960224
55.586353041639
51.9510456189463
45.0241358851313
44.7609686184487
44.985154205849
48.8419116695222
49.3529168976252
56.9836065832038
60.9098417121579
48.2179239956717
51.1795753234175
54.3579373473954
48.9118206312237
50.2335414806841
48.3778918163493
46.7052344222299
53.1255164005626
48.769569483489
51.0439816083667
53.8476431337047
49.1388369674989
50.710303413406
55.5231354257696
53.4818984101896
51.6679175149054
54.836129434337
55.953234727768
51.3665624299287
52.0201382084614
46.7029325444413
50.3761377948549
47.9202334443699
53.646743861562
50.0146318665211
45.1320349518632
51.846133703246
55.139202112965
45.5884616465666
50.6629559381851
50.0278325659296
47.8138522004515
62.2403355886626
48.2097658586463
49.3806818810472
52.6947774236744
45.8511445712082
46.5346992563469
47.5364202184535
44.6725206630634
56.4266355439057
57.2476886762695
53.9706914566059
48.5995593204083
50.7701957694232
53.4677177098834
47.7920268236881
54.9263524283916
46.838240336852
54.1259162464223
54.8785270043409
51.8966211592427
53.4522574481078
53.3693320479698
56.3377404921332
45.8744555432723
52.5646630277158
46.020166583604
46.044215197487
49.9920190974881
48.5337349608326
57.352841958431
51.5972762517345
60.0312689878498
64.55457344174
47.187156135484
51.5168163244052
53.3789622584033
51.973346572564
46.8135381649123
48.7388408116557
55.7285968491149
52.6507818962621
49.5351975520832
47.351914019654
57.5376117095582
50.7731128597008
49.7569746497712
49.5196753160655
57.9137783192769
48.7625482008737
46.8586534467023
42.808917189833
48.1701799382128
55.5720298893168
50.8800735775856
55.8715973699904
49.0312680034123
46.5829516414631
52.4514819309918
45.6201248401013
46.7179408393702
56.2334614198568
51.0816189301652
50.4677581173147
50.5486081075479
53.7454603375716
45.1038686271574
54.8845943553491
45.3854332151362
48.3738186320279
54.8977827685249
49.7788980602486
44.7015705037211
56.9310974286726
46.9020371575457
52.498668138271
52.0660848335872
46.0212668617015
50.7316833581192
54.0256348595878
51.0065313108924
46.4428386018981
53.4153364535008
52.4674314289734
47.0837750809729
49.3412921162376
50.9587481577376
48.752652599915
54.3697143867666
49.5333987492634
49.2628381731674
53.346295239545
54.104539412401
54.8113598719951
51.6241223519755
46.1028771130532
45.8303577952927
55.5052140228708
48.2879663486257
49.5197644185972
45.7883046743293
46.2883670962058
65.9450760568855
51.9363458559128
50.4199981977804
50.9274994736848
49.1202374936784
45.7955935259465
63.0443007628704
50.4140717750882
49.1397465238353
52.1070250177227
45.6558882066673
54.0918527397882
52.5272639646097
55.8222970165518
53.1866911485461
56.7618939770593
49.5183626906802
49.9282710110922
52.6354060414948
55.8130386382631
54.8967809652595
52.2595719636028
55.5489422963313
53.1869401109405
47.7069623819349
51.5147518450043
44.577152834894
46.8298147354483
54.5250716134384
50.7275830085563
47.3734759169747
53.1604681992682
48.9978607920085
52.6898699104737
49.4459915745316
46.0047788683839
51.618928765026
55.4681714647894
53.8421055153738
53.0040334389685
59.0693299810119
48.2150790844111
45.6918126843837
47.1909776290054
52.4142025661416
54.0664761132835
56.7768358685866
51.3771614025361
52.1963547551668
48.1496517282114
46.4823572043673
56.8918642656209
55.558630304496
54.8058319370531
62.2991490285823
46.4548735722625
54.2500462068739
50.1954279625709
51.0025209977338
55.9454560465144
52.6977310850012
45.2333530931982
47.6075116985526
51.656627274887
50.6414011482958
56.7205165746993
51.5803089686631
53.3122523669049
50.5143377403681
47.5482690163171
58.1467947785835
52.2233266739173
49.9210924578197
55.6405154188907
51.4019803934391
53.8080593284774
45.5496850002369
54.8683584626365
45.8015269197296
54.0900149177082
51.1976624767369
51.8650595090631
48.9594121215347
53.4562895990602
43.1248199246112
47.4152995485163
46.6997434662324
50.6143207122175
51.8077448653286
51.5269749269832
45.5016314908494
46.2292003441848
44.1907662612675
48.0754098842525
53.3854824130044
51.4989891256639
53.994247401486
50.9724424153923
49.2283016999789
59.6624348641613
43.5210116855027
50.256114705912
58.4486606683544
53.2180607889847
55.7471591000036
61.7700797116789
48.6004473879755
48.651403130135
62.2108761192486
52.1995780922679
46.026310707375
54.4748526256904
50.6990953742482
49.5187950053643
49.8903746477495
55.7597877463605
48.917480373013
50.334134663362
47.4258147805194
50.9095433284412
53.8752884833416
58.8288681156256
51.4630173908027
51.0624046138305
52.466911444215
50.9594513878013
56.1450699435513
49.0226816961773
55.3609002011308
55.3114631003676
49.231795158973
49.0779253610744
50.258586113042
50.3380661965857
56.6834739337254
58.4724395256196
46.157696360005
55.3163278977907
48.0801212184026
49.4096454527684
51.6792627424776
49.4516125954844
51.1625306669746
50.8020804667862
53.6690733249285
48.8096848834898
53.4613131390184
47.6246656405922
47.822188363755
50.3437349524092
58.5949391512995
50.0471909393633
51.8934082648179
62.426042654783
57.7453884370977
45.9549325314099
49.7324218774949
49.1199824141421
53.6760878656981
45.0084183275013
57.6063387299543
54.263172722242
49.5697402598018
57.1404915648942
52.2269667504849
52.8086719923081
53.1283186749256
54.8983271908995
50.7723894391844
51.5606074044434
46.0425956235428
48.2877108226944
47.7985456354512
45.4046147009455
49.0579790443029
57.238365448273
50.5461224987225
46.0079037188648
58.8902296553479
49.2717629399022
52.5229772763345
47.5386264835985
55.3740117335209
50.0004866688484
43.8121753024004
48.8119490537535
54.1701368012975
51.9429213569507
53.1747051504594
45.7083570387564
47.3395663279069
49.6960728914857
60.8310211937769
43.6864503774343
42.3137861325905
49.4312984297109
48.4775491705825
51.93273870316
48.9208816959889
52.1837901849959
45.5624359105836
48.3560100615772
52.6934986344127
51.5037722311704
51.2925881147447
50.3067745874132
56.9643084173117
52.0336831310753
48.9332973945355
47.559815978929
47.9414068939957
56.1172389999119
46.9559901005068
46.9951131218335
55.946806508164
51.1772274917177
42.7549092801321
52.7198911597366
47.8976482353183
48.6861175875193
47.1543440840621
47.1075141924313
58.6796783113594
46.229874775389
48.3721772803808
51.6117275509971
45.3720467570463
57.2649539133655
48.4709787170859
52.2780496610063
53.2428569365704
45.7094092580353
48.9288221130621
51.0441829434336
51.4972712404375
48.8371139151723
54.6185852690352
51.2275796643498
45.3836371185376
48.0663144944574
49.5445162884527
46.2226293808621
49.3933585515118
48.3050739219066
45.8372260652143
44.2471520449956
52.7127347444598
49.4437378301459
46.6931785087391
49.5361822119296
43.4043282756685
54.7817722021793
59.2600200045807
44.6524198763005
49.8546482854741
48.4119276268968
51.440159112874
58.452249511004
52.0899668352628
57.5037539616277
44.6670152437902
51.8823468055286
52.6690384018223
50.7752127751844
47.1034153994447
55.5117756133166
50.0085025985684
49.4202628951055
52.9586259869572
46.9173985978532
54.142387149011
46.489694274647
54.6772099752498
52.1347199288274
48.8993288491562
51.4083871265086
47.7630999631465
49.4686478812612
54.0755185052253
47.958819443477
50.554650902133
50.4056459325494
50.9438498664238
43.582474064253
49.7166833338164
49.6389379593397
49.6422365818711
48.1505906797411
48.0848130322986
