0.545200794505772
0.306030717296838
0.47947245653753
0.437107254696763
0.529318802826101
0.779178966855132
1.17386814084739
0.746688737094872
0.83820419295073
0.398305511214757
0.431145891930647
0.652891167821664
0.739973162274805
0.338811529797294
0.367729843427098
1.1625985043254
1.32984238829302
0.48733842831134
0.581137397947121
0.78471690897627
0.476506535866571
0.793419928811712
0.646807777258365
0.515842275987685
0.566389020305927
0.5962740975702
0.852164735385471
0.660408937250747
0.470839568746753
0.624698609930063
0.36148225212747
0.783893277345731
0.476803252988464
0.416703896390621
0.727858108146147
0.913520649279775
0.603609270315447
0.545880258036102
0.260428645097993
0.955283658040698
1.40301710006549
0.422598810281568
0.527313267573659
0.808391492631412
0.912766461638113
1.23143538165646
1.10675361354646
0.875079750224747
0.590466835713573
1.06036958462374
0.471638131682306
0.42331569517887
0.69425892767081
0.424056216112481
0.693093707487483
0.513182545852696
0.584704510595076
0.406701006103129
0.693423534013441
0.471346648287798
0.456736741322062
0.41127097337699
0.967836323660122
0.61245172332314
1.88943968466884
0.594491167104313
0.81072751479897
0.46432778330154
0.235830335093684
1.20420697788515
0.805736587343528
0.799035851298841
0.913354261222998
0.70220805390936
0.352662291896896
0.692096825275661
0.869690018831035
0.982166240542831
0.857564766137686
0.920313000877553
0.756138114695633
0.493151734560777
0.649183272156409
1.21031963200822
0.560522198774862
0.352693358363532
0.638213566236493
0.666651724563558
1.33749904551924
1.28858481771611
0.419732091540677
0.668324286827016
0.353150811858516
0.525459437731849
0.789421105055359
0.511538516727563
0.734226503844275
1.24501897162108
3.25987349232397
0.750821781822816
0.982312600296312
0.583650911854637
0.686009646129871
0.601052655111082
0.574136771555497
0.395955772248994
0.60154910824288
0.254901663192444
0.756929597048278
0.464749377918465
0.444917650021978
1.68407344884664
1.43656948991436
1.13092792847997
0.511274090269258
0.316874436381975
0.584341695620936
1.20677565619061
0.583170196237752
0.614080650097394
1.17933814908286
0.440583276597143
0.508434026998674
0.633320069224802
0.368557258756387
0.860445640610786
0.9025474373296
0.24808851030568
0.742068917274518
0.619341103124157
0.461278713556492
0.362761730076584
0.515864491105565
0.452187275073992
0.572491782316018
0.389023005776786
1.35824530178381
0.584966217903187
1.80606157322638
1.32155100951528
0.795880258459695
0.589791875800925
1.06380451470057
0.716380294617339
1.22043050312442
0.458545926444413
1.05068825418983
0.596676303542286
3.24966429204029
0.79752868672837
0.994078019251154
0.52106227849575
0.765596781577656
0.579418306233523
0.476780536630278
0.433153194910749
0.327511457144763
0.780639447238715
0.804931929082973
0.637019186576998
0.511899117987924
0.314948688909814
0.601589770035949
0.630299502987693
0.436212582444801
0.756636874966117
0.752495262336518
1.0641044387497
0.461259511080383
0.64534160230789
0.769148365694429
0.62109132177932
0.652885006819008
0.464625985960652
1.00334694901206
1.70754514549911
0.460494703204323
1.11889709657146
0.463903057091321
0.927949029562328
1.18027103789224
0.387201933201924
0.684802742977809
0.660842447863687
0.537184404669515
0.577394916167336
0.332123026848745
0.611357789726973
1.31613486526393
0.776200346655452
0.888562281483649
1.23157556156981
2.0772441671612
0.444616319264411
0.436472166100508
0.579927836267422
0.648610628719105
0.756220357734621
0.604753488763546
0.779934967835027
0.982049454051917
0.876104070397403
0.960680678447343
0.66546158364328
1.02249833764714
0.975090654551895
0.452693951924578
0.754384424930785
1.03790181349391
0.496462638886222
0.803155752747309
0.745837068200844
0.951271205540515
1.13216407278392
0.592033772256278
0.431181041003975
0.461958644739786
0.715847995937772
0.592954476155815
0.60685894370662
0.429337027540007
0.412234996572492
0.513287503902183
0.810550705727464
0.558661521202374
0.926435064112133
1.04908905900759
0.906833724192838
0.637587949404929
0.748497440035556
0.383246988378712
0.57524663373623
0.553263218073102
1.20842940656811
0.867140000068062
0.803626501399202
0.875623309047406
0.652908674423799
0.895509738947814
0.752055424548022
0.364165307545177
0.40063833433054
0.373990223543383
0.510650023205311
0.468083095240228
1.37290652214625
1.14217106552027
1.40211990182668
0.642309814264375
0.518774167479617
1.16154528325875
0.990531921525099
0.80505301131721
0.392414524614556
1.0412318815885
0.53158401565113
0.535419637684265
0.253876935001216
0.876461012338332
0.730452632812675
0.818366778629417
0.660662840937841
0.90226835005378
0.386820224480843
0.299535244352347
0.302768972475599
0.68996701295435
0.67453748771029
0.536982225322597
0.610405535193669
0.734518680218063
0.909665782157352
0.32791090761903
0.698033459485395
0.450944126996933
1.24534070175739
0.555064837280292
0.615653578370968
0.523042032614772
0.607945726281678
1.80159487891417
0.740773730173378
0.858153939423361
0.481078645552001
1.5041165274035
0.737470707000397
0.503492270759856
0.737611250730434
0.521470796781632
0.596891764488249
1.33448373411221
0.351026330551462
0.636929218179868
1.30856142610946
0.848086623310224
0.53284109428539
0.84470986538016
0.367619864582205
0.284950923256814
0.820234989464807
0.630227090839759
2.01605441922658
0.344248830077885
0.397707518646089
0.608534147515269
0.582782169284798
0.625625148047497
0.675113417191955
0.702499845322802
0.519497358726245
0.639096957934995
0.66790232324238
0.346605523858126
0.971847221310412
0.535506279117838
0.974028831086389
1.20494919850896
0.515612676607598
0.889031841671132
0.480948854111825
0.727653649573684
0.59059862073636
0.449034714363435
0.45506377308477
0.717062295492422
0.933162841604787
0.580710741852525
0.266410115270833
0.543378292731217
0.513339699802884
0.585323005352118
1.4077842955997
0.284706664495938
0.630419957118463
0.609502476395499
0.662708003652203
0.762350075710377
0.377781639728516
0.708854026091021
0.460742386770909
0.789253044286141
1.02258281993136
0.547603715086281
0.750328420150233
1.06160286958959
0.533310992300109
1.2696170616964
0.466335185589877
1.36601438010036
0.398857452187574
0.676914072209691
0.980718786998237
0.442932422052062
0.500814032700843
0.561657063979671
0.378029287435745
0.657877808302247
0.638095660771799
0.448102212114333
0.985054364944118
0.645149526329324
0.369482775088124
0.676194773753939
0.959299516618944
0.563765853227586
0.358200039789308
0.376213725246418
0.646070009876558
0.964147107552844
0.250808512718127
0.651640827325595
1.03025207628768
0.50072889383725
0.333581327830261
0.748089930143469
0.818993022769965
0.680664048025235
0.641745540043764
0.565278716423542
0.587556145392881
0.774133699106602
0.576474719091091
0.853614882104167
0.294566382513905
0.808475055181945
1.20106589165177
0.45341522299531
0.849521166940367
0.766569134811705
0.834000044251638
0.448217408068969
1.71824016273729
0.866314482546361
0.61472304120964
0.496659318692802
1.11349738934127
1.08743643135531
0.301925778684623
0.73465774311853
0.353496115691813
0.271921007464962
0.357839359976405
0.768618750969046
0.473213266913831
0.383420135760265
0.793910809299631
0.879331787840636
0.473726428702468
0.498285862607791
0.487767301340628
0.506406187601262
0.877614605009376
0.392301250286334
0.723469056898547
1.06335718720931
0.419933034077314
0.60944749499775
1.69251451406505
0.669368328837065
0.389626202836974
0.545394142513976
1.75162632922317
0.49262001594742
0.359250545009076
0.518060271589457
0.803241174601228
0.595737786328263
0.607468725858258
0.934262192338277
0.669855307787449
0.420180974374737
0.469040458818268
1.07975160743022
0.522197262686137
0.466417622979675
0.958352666974659
0.616501931070845
1.15113281718768
0.852820954850595
0.916664146280257
0.98363179906895
1.00569588286444
0.826603806280671
0.526561126365613
1.06062645571516
0.651494204133195
0.818872211056747
1.62879233925584
0.695419913509009
1.00023070653568
0.50850740851629
0.657412721721858
0.28229196789263
0.543382445993136
1.41338150601661
0.758946522288423
1.07071901163173
1.13508471788241
0.482534286926194
0.499535426189764
0.624867176642695
0.725750720963528
0.921317080073031
0.904471452376231
0.69944128258051
0.276095531193793
1.38577615010827
0.683663894446512
0.397005371209165
0.29894394981842
0.451660513566567
1.05407294549865
0.99195105177888
0.301125305531696
0.584882669649671
1.33635730131551
1.04594405501698
0.5177777120167
0.484484701253754
0.611947232428884
0.312997802791093
0.276251872243927
0.676465098061408
0.456805856182716
0.579851591505593
0.52377576487168
1.08978663501427
0.805801132214256
0.839513391006361
0.492798272716758
0.498499951631717
0.85530196583064
0.624425381967389
0.572803900053125
0.589536269038679
0.406627398657858
3.13056071682271
0.359729271855163
0.308014856711136
0.435564772100322
0.427215677110866
0.289930781105069
0.730590090537191
0.911116959410979
0.840072822847526
0.632372242948228
0.740995393595818
0.473598538224335
0.789152213125899
0.596902598817023
0.83814755216333
0.426709189301826
0.503283281893266
0.519415678670445
0.369178786867693
0.589220084560386
0.433954772613837
1.02527951607559
0.278099031001705
0.551672583365952
0.780469140482962
0.500479514831923
1.117635193014
0.612838882767485
0.46296738472049
0.434695319597245
0.782637957977147
0.672393697863597
1.00173362386019
0.553884082861248
0.813513236835841
0.426805637040054
0.524150047958449
0.618906727694847
0.749193532673472
0.713691930752104
0.498705768871314
0.427924327256512
0.67675208956207
0.924485380711728
0.934675274557533
0.706566553967619
0.992558705336759
0.523879154103346
0.532550775286219
1.08387060412114
2.04552442956311
0.988633419304147
0.444729530173356
1.40374065669491
0.288620209554691
0.471688434516233
0.821654009030869
0.521226526825248
0.488782588923262
0.986968931392981
0.381936931436402
0.465158374301508
0.981803044705794
0.73299918455197
0.699072672531335
0.881353015910459
0.604092564841086
1.11719932707917
0.937664534172648
0.501745275516977
0.406363780797271
0.867286230942028
0.520629258433452
0.844389386620177
2.10559387314168
0.742721033791272
1.19542858669612
0.568861942960395
0.641766380441694
0.820014941348707
0.481589818270127
1.79356867337242
0.702061111282649
0.550295364042118
0.295548585099834
1.15215834132366
0.55779023077834
0.541881300833356
0.962134200738215
0.871974299869346
0.914799642800498
0.567030047609676
0.728970173312839
0.369363033005459
0.839211151442323
0.792931733361586
0.758426371370264
0.438917274813955
0.841377736289501
0.320009121910089
0.601617704899912
0.443749495110349
0.347789187136768
0.590736126759759
0.494187324066481
0.569206946074152
0.383490989548054
0.274338518339535
0.794996390897003
0.373200796660909
0.550167012211599
0.662804862823935
1.23798469566789
0.593084281125108
0.501644782880163
0.731714099879044
0.907794453636207
0.452012144066337
0.890206280714233
0.637677620813163
0.76472593911392
0.378426392030111
0.771986869850808
0.903400295961504
0.606175368244363
1.03539917682817
0.40709407549956
1.20440167314193
1.04326522533357
0.623728843446173
0.776094228762748
0.24425792527498
0.509047101491604
0.401674177561896
0.855846130942323
0.584586127245053
1.37597690605483
0.455133449934374
0.830819048531466
1.69216447542622
0.643199532712741
0.407128106141579
0.338255302285906
0.764869791530845
1.19114474466003
0.386173567270348
0.326124034385118
0.603016370833128
1.01009940791542
0.709085252965469
0.548563896345089
0.491933073043616
0.329549926772967
0.515408431831061
0.712387644386913
0.599426043017089
0.661269617590906
0.68591522630706
0.880761654444064
0.913627871221949
0.475029398527499
0.447291667004304
0.499989072952724
0.371894033142263
0.573195812004658
0.883907031899109
0.825514106416031
0.901589341451461
0.500467193187902
0.333363271252211
1.13540909702391
1.19538565025686
0.422671844908849
0.462647803980834
0.597310565539255
0.582485937406333
1.73473515028859
0.825230948648253
0.701862668776884
1.27670259720578
1.12990258381479
0.60424415189957
0.642167827156077
1.12563822038673
0.459436796728608
0.809085000959332
0.402781855280147
0.630887516597183
0.643964418176476
0.578572788789894
0.946982669391026
0.619435874168105
0.602107287649949
1.30211628279273
0.895204016526738
0.594421360646196
0.379881457305229
0.723986449226488
1.18690640210561
0.637632014048658
1.41455576912499
0.741215587165174
0.938976363965885
0.328121984199156
0.488283432530724
0.4427747122035
0.467674945891248
0.733353318460575
0.675764452017976
0.502924900692742
0.732052754690352
0.990136620127957
0.555711031831418
0.698060829835193
1.13850462510327
0.295166371316812
0.545894204804953
0.397652040198376
0.34847399091677
0.752422178985159
0.872742544496296
0.478214610432469
0.541151665606196
0.598202844887409
0.774917373828108
0.871036823926497
0.637375393366278
0.851560421261396
0.492661115948081
1.328275929554
0.864457340280789
0.931079780088581
0.790024170932195
0.49368387298066
1.10924185104599
0.741300468530172
0.303579945118072
1.10296282556179
1.07250451179744
1.22863608259545
1.12951683331989
1.1921166018244
0.369115015000371
0.736665336509978
0.451452923027207
0.400910742285089
0.574507059472253
0.669296436086445
0.859091308372861
0.605230706831357
0.993957661621579
1.11997276115892
0.820690709051732
0.882971538695997
0.953909352167763
0.752217263639427
0.817446192415908
0.334582451802362
0.761171059153978
0.333225423367632
0.67622885588788
0.940392836103059
0.433595576570485
0.927388150405373
0.670227116569713
0.440619163847182
0.517241868002093
1.06010582282256
0.59974391695593
1.35520786918836
0.649873947560044
0.224509095003769
0.539466833842397
0.541681856291958
0.502969832470505
0.896230050938338
0.676176715676198
0.407160097803759
0.869090773061993
0.319582413004734
0.559799169017961
0.489856975767101
0.587008183682684
0.959828456798809
0.490287113783309
0.449630754715938
0.493385729325569
0.460805557152159
0.880478758918608
0.435489513498921
0.332782851397286
0.673615135043241
0.636640781458253
0.600989415595185
1.34900705727066
1.4867658726144
0.421762968696027
1.37187938993726
0.562008875079424
0.751564538166739
1.33216280218791
0.624328128730377
0.517171159418897
0.401734835748925
0.933266880486439
0.435247423722562
0.428467191232624
0.809332087242806
1.36324886820324
0.565658221080793
0.517603613448187
0.429969262811093
0.847489012934109
1.39337441662758
0.630924232951743
1.44306897607811
0.848012850728614
0.445602423068594
0.920620588483931
0.660410625249139
0.624953481802028
0.436401248221141
0.465606371619654
0.435546986486666
0.492890982283927
0.258426977825502
0.528491186569598
0.593072534766318
0.369434394612071
0.716733860987759
0.271651944168453
0.898342417890309
0.503010342994707
1.01415568655725
1.11793377531009
0.757038488056387
0.346321378930683
0.876484707218713
1.39247077825565
0.268213624760782
0.614919867830372
0.471422367252427
0.387768519697563
0.450660802223508
0.427688771750157
1.22330512406543
0.675116525915591
0.969837569464003
1.31337913771241
0.507337681466242
0.649740815218237
0.88710948434422
0.580698444568198
0.840410932947278
0.983433858704578
0.707761529425342
3.01918209273456
0.487553227712362
0.423240293621602
0.585978601813709
0.871003847305153
1.25008849951769
0.524415300221629
0.504997700107111
0.682627855236173
0.366464514962586
0.327835232479127
2.03343225724331
1.64212773498447
0.857496069085812
0.964603471670295
0.765195810280091
0.631535781108348
0.541807580774724
0.724874896740638
0.466336160956701
1.01679693173324
0.629571163882463
0.580200790438059
0.472392237319949
0.455596309721474
0.758359710451739
0.854353629060744
0.679199546340604
0.305285655045402
0.663410790698239
0.399991939030621
0.77993504069173
0.285880599352533
0.414646757580048
0.956681419618524
0.562777675449639
0.381837064277724
0.588990229103193
1.01107168772772
0.823766427163856
1.01134204176226
0.459409349097386
0.589262376351482
0.688697180194286
0.780957882607934
0.772179604976235
0.415021515756247
0.680912200999939
0.412928929599403
0.395735271076896
0.493186261823413
0.632333028526065
0.609541331523456
0.406817910536152
0.529483050474276
0.360479363557674
0.362044982970408
0.291229476194394
1.9187776428086
1.2519163286529
0.787952663969415
0.643559713686491
0.739109458519306
0.774464377436695
0.886893481237225
0.637230123842914
0.855507344288879
0.38997455876568
1.05865970276179
0.870314474956965
0.798196899636886
0.446368915437459
0.753705003268937
0.972258578234168
0.699433824172428
0.556175454579115
0.522080226762631
0.765275371468972
0.44326246456581
0.827667683158736
0.589844545706455
1.06069233193814
0.561599796211158
0.374761673574737
0.58347173844781
0.718526479395442
0.625113048205366
0.333800178188888
0.603055340786734
1.40396071110381
0.686070580713492
0.508708132695081
0.838844602316136
0.72617061428825
1.32967235451949
0.671939654204682
0.487094646927866
0.822184070970582
1.64615617568135
0.39889129919377
0.759290943099896
0.549601322422887
0.801350562052076
0.466354371005344
0.379487083726593
0.917846805553242
0.971686342428241
0.96050522155042
0.626628479253233
1.27555531401296
0.523989283600493
1.15194609824699
0.673253363187183
0.60774125759369
0.565933098545784
0.583767757563849
0.511831716879086
1.12571328651995
0.696055124988059
0.450712817883613
1.08493753158127
0.643243856770372
0.395454994533667
0.786351004296722
0.632983788092216
0.326887824915536
0.568113104962658
0.757670168020954
0.665780223122951
1.24572679390712
1.12649000014773
0.971331421036542
0.77532342617014
0.773379952455583
0.583094113510854
0.317644928294646
0.742818965639171
0.708173478759067
0.50410438910746
1.26805196599442
0.58892513866924
0.446260786606121
0.605744780146464
0.968235785450484
0.519058082211794
0.975862898051135
0.571145296843995
0.968953449950788
0.459273177576326
0.46564140063407
1.70661459002738
0.640244850904426
0.585223535367832
0.690214930487595
1.24491974645756
0.416312070601651
0.661827990156296
1.19024080564446
1.20697310363779
0.64589487997057
0.467795858361512
0.497028030437087
0.877216075785577
0.468224632068995
0.795871034708906
0.734576016276137
0.533661328944616
0.719145191108962
0.400637804807902
0.562663526817461
0.445407029136307
0.515937407956751
0.526622848209818
0.703614498634878
0.609180294219806
0.51816274838174
1.01934566544903
0.62343551617233
0.77934320305658
0.563861172400364
0.595577425268359
0.403291684646715
0.423559281204191
0.632913035003238
0.350403888456056
0.766014850002994
0.850557324242798
0.555471013246317
0.904283347646647
0.623784508000452
0.793103169289217
0.965093685066734
0.99105739164224
1.21266178930129
0.505163246897425
0.317558097173261
0.57314897794552
0.811333761202607
0.86728331073393
0.653903560502678
0.812886438536877
0.457068275809399
0.937291374310234
0.329724511508347
0.408103879608439
0.65725040865438
0.553660492597547
1.22084820085598
0.378838446872094
0.834513236976947
0.696144007772669
0.955434255505294
0.793523339024892
0.742978627524657
0.663217840743015
0.806522922568608
0.467701442943088
0.389267270666184
1.130765579372
1.12711268210309
0.317288208509537
0.543430742368274
0.423923758730551
0.306025234057679
0.259979386433166
0.593764759457627
0.57621802466929
0.561833096224918
0.42917350298999
0.57401594121601
0.496253095818974
0.475162230614371
0.449071775860796
1.47062898198701
0.678322693597743
0.462786693074882
0.718709834855087
0.649603733278424
0.609308932374764
0.877240761532412
0.629446821018057
1.22523892010464
2.15212116473379
0.6174910293501
0.599746805994598
0.67453608538051
0.353504035996863
0.838331331491281
0.645173954740717
0.641385899953538
0.513709300172971
0.368430566695885
1.43481325653643
0.694301704244664
1.51946730099902
0.500102439915159
0.836953610688244
0.500216830696445
0.768542604776529
0.38747326451411
0.438691166537654
0.551965547164672
0.297585691871297
0.46755624016076
0.548557263805722
0.766036137451428
1.03746605604443
0.804657884499691
0.468942068768917
0.567304238352372
0.900694905965168
0.527061556189517
0.682898880956915
0.575198674295806
0.520732076012495
0.334235711921969
1.53050618884725
0.432359353417414
0.60071059686897
0.647226093280231
1.02312137286187
0.715243276608709
0.614605538033927
0.825755612106363
0.647322581873092
0.798143011245743
0.552060871247402
0.756179243510114
0.919529178054693
0.591202726967661
0.446844649989988
0.830631680189255
0.52740595673462
0.876834526156275
0.752777543332978
0.624922789129149
1.49134247715117
0.527701951723098
0.836551368287579
0.798492272110791
0.54585422213411
0.819873018345399
0.646479854827043
0.674027675806108
0.873295505894655
0.665723385199275
0.606932503324827
0.581706640171111
0.29723153421017
0.465182615884634
0.513498675372482
0.738213550404997
0.628185443735691
0.680510383442108
0.417659547873301
0.48736402856291
0.768347310178126
0.946461936985154
0.489234893207893
0.504312640712832
0.672045284955645
1.17244948360062
0.683359268481239
0.301859919755785
0.846842209612713
0.336300380909021
1.2841337838597
0.982649366911931
1.08990719531353
0.606496494747968
1.26950783721506
0.535148861119649
0.608347024334162
0.32257626692026
0.665451804130096
0.415689258131352
0.482880589263231
0.561019349677893
0.974175993935067
0.446957987004614
0.955967317997306
0.622073973129252
0.594403994212805
0.647934626807212
0.549847540801721
0.873089031269729
1.57675714268231
0.559550517693122
0.667178838596911
0.759580569581053
0.858614082749927
0.859378593925927
0.486177810565684
1.07684615393693
0.430679882340193
0.434796363104317
0.685533640167515
0.425812459819385
0.483014692113971
1.09830398823848
0.733990862254543
0.934416831482673
0.47602003846404
0.484027471965878
1.28915041050536
0.551229252890137
0.772373476415575
0.554961873464749
0.43239768353349
1.26300071514246
0.937493051307408
1.16272640147555
0.456926672713509
1.2609239705828
0.574268254443715
0.51951173888888
0.45011801872653
1.05594048170165
0.786972524261456
0.593225033789661
1.505397765774
0.779688883848687
1.12598728233249
0.468778863877193
0.837105620601184
0.68582925912758
0.68400559817375
0.467164121636592
0.551447855130292
0.417670214966024
0.660848565372323
0.709181674561764
0.268723745226127
2.18505846024946
0.431026669389539
0.914687640157268
0.314818419010712
0.683796486729038
1.44813097621099
0.878897385237168
1.6420026512051
0.485707274586106
0.702152913850769
0.69887785962274
0.522518660117731
0.356191965641107
0.552557930362328
0.628970108416183
0.980061341510629
0.252605372433051
0.454595606379715
0.93764585401812
0.828414526321047
0.549300731485412
0.726694041434487
0.807352099233191
0.562241426532902
0.979838321100554
0.31741646380036
1.29921946516645
0.77183640754607
0.773246750243813
0.406079274867092
0.75179185126841
0.582111025968027
0.714219002859055
0.510997780262655
0.379695666901086
0.756446089021373
0.480637334071636
0.663553600262362
0.704167792298686
1.26363539647035
0.54854462452357
0.384230059805871
0.828425662709265
0.983308111548654
1.62121612048248
0.534842762448434
0.273875884678117
1.23298150659079
0.7457611157978
1.27584396259555
0.704896993923302
0.371022289925565
0.387799337173075
0.444206785218707
0.982792891804251
0.705715106810369
0.516377879125051
0.63291947586745
0.402792559756666
0.490004431983896
0.464547357336101
0.563598714600932
0.619158030383343
0.771176861884911
0.62017557336732
0.647623290790513
0.361114372042386
0.661834086628653
1.05483473053989
1.13359298068976
0.904501190251356
0.925707612690458
0.386065398770731
0.590814401543468
0.631050822714468
0.653339854194618
0.396909641252347
0.517706964875293
0.246240703155246
0.456328986293334
0.575788425600944
0.796236931133981
0.724802303903638
0.557552425733629
0.934164817854093
0.522076614875586
0.575018701481467
0.521631191494463
1.25840060161091
0.769976166999907
0.507345586471985
0.595950383176142
1.11009269500316
0.46761933385628
0.683167306296169
0.596440881224856
0.700865192597897
0.396128021475858
0.417831359101444
0.735650968752601
1.12497280173453
1.02880299599309
0.50846594695729
0.556358500118564
0.604177030709591
0.66102880718798
0.675635302896133
0.725768730207398
0.69004318816889
0.997387270904866
0.573138124051223
0.655966380698517
0.251388656253693
1.00925757787877
0.570899822025992
0.497443477572228
0.41124702364302
0.563728969015824
0.60924192992064
0.429057096025056
0.55712482438035
0.368460553804554
0.507107408161759
0.536711764566266
0.539707187995345
0.425512790462353
0.493704144277479
0.363184678007667
0.62398023387861
0.553102372753933
1.13921134703076
0.645552676462116
0.648062277932227
0.500724536919659
0.429924775676433
0.257041554449767
0.506898326268325
0.76884747916957
0.49847235077602
0.414355331653411
0.496504801700947
1.19931389833202
0.902486848788027
0.577030280240977
0.612343939604876
0.337639836743213
0.356184615772272
0.642794663798138
0.511788380792668
0.449695135126699
0.57910518365474
0.428753732309654
1.01620439515417
0.460963988570633
0.427636420466633
1.30750755936375
0.434545363327556
0.487390186759516
1.16713904160012
1.25601497180965
1.00406433500502
0.986910342077826
1.0718514532718
0.702426821634846
0.598346014327363
0.882689054724704
0.513863805207749
0.975073811516769
0.910631963182704
0.672276551265239
0.957856106424951
0.991585132591329
0.315458238070342
0.581546141362152
0.877329195223961
0.77677627340117
0.666519778732251
0.4228468071148
0.70753088459067
1.48922802613026
0.642838303814346
0.217527553945218
0.638927882503377
1.29979650530863
1.61225664728648
0.79507950579963
1.57709921001464
0.374446552830242
0.486113981892586
0.579240773394709
0.613374906316287
0.88798787077528
0.508864365452973
1.03844132980861
0.291920990157974
0.52490131596974
0.369813487763456
0.811271908215724
0.58462523114965
0.624697942601836
0.6294568373012
0.701827682573056
0.43941010352893
0.576548810870356
0.332844462226674
0.57485838216438
0.535469036874276
0.995760631372317
0.741473836753016
0.938460136279917
0.712734681398034
0.947423269139196
0.960663956192063
0.753367101754206
1.69140489039689
0.813290842919934
1.16771851110993
0.88820375320881
0.771210915469478
0.635041083568968
1.99947331801624
2.09832079843035
2.21347429297428
2.41340480698615
0.76646064739295
0.785138947885076
0.39538198783651
0.859477985079025
0.853299264358874
0.519423223741445
0.362548676338712
0.666409861694893
0.479549357957231
0.686067284663757
1.8382276143509
1.01529938846181
0.705113487216723
0.290025164811518
0.715739647035778
0.384773584583291
0.61673702421595
0.572663032546871
0.592612544655538
0.216396330478259
0.60455643166749
1.10860893151068
0.572626080163723
0.478585550813015
0.528091510936938
0.722241868767114
1.3156786858874
0.35462267084539
1.71781297343989
0.464733946636844
0.267089919993637
0.285953652932341
1.17817313508116
0.724477354489573
0.464090796089235
0.716924185012338
0.555280936078871
1.40737604134592
1.36832732547375
0.388746264155202
1.22312263453424
0.725259064629129
0.516408464801623
0.619294075423416
0.994057075836116
0.398481079956406
0.635997596301678
0.765208653659056
0.879782906021914
0.310752418810536
0.647838238287098
0.428898133692614
0.841170074411165
0.662700553678096
1.67495075845852
0.49287404937975
0.739640261724689
1.20032918910759
0.866239706308963
0.599950994722519
0.225324772573317
0.634235137042285
0.945272440698906
0.657041134355042
1.25836947840216
0.525287627832822
0.715107135888583
0.424247118684396
0.418220078486348
1.12913539978564
0.747174237786087
0.529196311453952
0.309235157124554
0.932229492172959
1.44742561630001
0.349654720999127
0.832634134741555
0.641064129002669
0.367335930571279
0.530837363228569
0.613394812821332
0.626346573333352
0.528682450770085
0.690047391436672
0.609280268599142
0.455585055794618
0.35416654328192
0.93760417724591
0.354978018874971
0.502640306072453
0.636680620491791
0.414234256548348
0.998136549019553
1.34942656425872
0.812956537536198
0.848277808301979
0.449196394740276
0.824193683188521
0.67331030387445
0.273053376297378
0.40663601914978
0.632156595994112
0.951626229158399
0.316635406659252
0.569397111895751
0.751923537634852
0.815431658836864
1.34712999805657
0.293064062026108
0.481367168419857
0.362745696721075
1.35577803378643
0.489730895731784
0.542364485718473
0.815208684845672
0.789093561256789
0.921573396770375
0.739329679330783
0.45433423475507
1.59600582386128
1.03967634254682
0.582368332886762
0.401959287829263
0.948131599367152
0.675334888885312
0.336591875237532
0.440814498621118
0.482139092753004
0.439837583171779
0.409856140737216
0.738514564889165
0.991432755084111
1.80684645493806
0.436787304465095
0.654726294815326
0.497980992928973
0.636481770668199
0.459434363949152
1.37263712495548
0.515637100204948
0.370816417513326
1.00545351455241
1.10644432280706
0.373424948822984
0.405803992116882
0.659561283513193
1.2084407082096
1.1747416936185
0.501171451390215
1.19823561802549
0.628496331530616
0.9468570202731
1.01307406232365
0.798194398636955
0.686192586434672
0.710053722398543
2.18676735883354
1.01572162250888
0.835434393086729
0.489426093051344
0.715036271881019
0.470615300234736
1.04844668614829
0.963278803556963
0.814608576947748
0.752923959269246
0.750611242831859
0.587438060896019
0.56421801509527
1.12161645014176
0.582586427430097
0.569866156789899
0.544109363312183
0.619860461188358
0.651646165709758
0.580394828307333
0.858811786115536
0.979092048184354
0.607766907655477
0.75303488689742
0.368024268386288
0.961116266386588
0.537612740338438
1.06771866817597
1.00034437059113
0.355241939503791
1.09470231574014
0.656406567696083
0.629962690161396
0.972272027977141
0.625109575753944
1.56363755685885
1.01904507420503
0.639226401201248
1.15779221581523
0.450973655370434
0.605566557049683
0.546941167830251
0.514420669583926
0.649889449395134
0.643031087011415
0.512538838166446
0.601911703006811
0.727888929659459
0.568478064788687
1.12999396829449
0.331175929261396
0.343960919850585
0.835705812748203
0.91776987819602
0.758626420208737
0.379216882059782
0.535907264307486
0.371888047567139
0.343936087321071
0.91284862332146
0.9761955863776
1.21011555211364
0.927688745854032
0.83085456639563
0.538194438348087
0.389551482925367
0.523340126679279
0.932850912512277
0.66194776278787
1.15493134404679
0.406292125479051
0.606625765444441
0.414238720248725
0.552446870120143
0.926820993690823
1.00011784496198
0.909698120446109
0.581835499071795
0.184030887462174
1.03850684859005
1.53400067681656
0.374757104030879
0.724212510631147
1.15411603961383
1.44671844212487
1.06273893790613
0.658151332377397
0.521131828740408
0.545744255755821
0.762777750373852
0.390838947999561
0.929956275330272
0.383840996873923
1.03890361287822
0.560390975270094
0.643729319332766
0.618716561629428
0.617087326634123
0.67588832969605
1.54695239329163
0.81618181191253
0.457466394524273
0.275067727102251
0.37785612129768
0.588630949840385
0.461008812549157
0.566779085481889
0.677684241495446
0.592808598372692
0.461238057698063
0.465344246427062
0.581323431616316
0.374262065734045
0.457342129643025
0.407887820962391
0.332653206301486
0.814461003326381
0.51862566150271
1.94515028000985
0.781594253515755
0.625589648695595
0.551889767486484
0.925078920343809
0.329756347532168
0.516946859668186
0.838240632970878
0.601118672445782
0.655953289737127
0.658726544355676
0.463139091333575
0.635022648406296
0.708127676486443
0.786451301499781
0.825927873603592
1.07039468260612
1.01422895348181
0.506635015407317
0.993016168953629
0.725652642995806
1.00167156457842
1.05429825888829
1.10688437642862
0.709274790318015
1.6595130570179
0.387799241249268
0.670708876679906
0.647474100692185
0.559486730969656
0.598661277459158
1.53305066267388
1.27464739129357
0.516916393237431
0.426918873907246
0.708833888861801
0.90891519578232
0.432297901449216
0.94430574624976
0.996628762101223
0.852432661466915
0.328305585321476
0.56824205135341
0.769952405779493
0.796507045170405
0.879227839390661
1.30914042522761
0.552582669443604
0.54199355877424
0.910103750625934
0.537480707058408
0.604799195458722
0.775159204778129
0.506883400377898
0.799448957627069
0.474768195795177
0.487058852803309
0.635220009964739
1.32392597103267
0.582972661440286
0.263114799720104
0.483446700521425
0.578955265077627
0.709358228535038
0.881823918376428
0.329055789677258
1.06530925517074
0.668458709556424
0.32275582064141
0.501840122806378
0.57165986195285
0.477095989666813
0.549571890686177
0.218231734902088
1.05701875728418
0.658060256712963
0.43888224463555
1.0457595165601
2.55665562841809
0.711572977647462
0.746790712953535
0.677452823749878
0.499944020830904
0.600188533612186
0.638541358419358
0.364970164905641
0.483191429540197
0.74157247582671
0.836312721206578
0.730875372996455
0.432408114569387
1.18406491537184
1.00747505473512
0.759363276457593
0.534678647809733
0.684030717178314
0.496422248741527
0.718023201752275
0.640374159120008
1.05300115157782
1.11641277754523
0.459300030864441
0.562012355753064
0.316874871767626
0.354827691415257
0.554671346233792
0.887170717721868
1.06507988846787
0.479735429430478
0.429718731902325
0.499566994266552
1.00904288989463
0.376993263472836
0.856888428505052
0.672970902184516
0.285021966884893
1.01485556118807
0.563168791655791
0.380006925862757
0.451829304456441
0.502253853667401
0.524158694064335
0.76457537127982
0.916768794467081
0.966007255520238
0.532749878089223
0.602080843513872
0.889765902873753
0.748162901193901
0.424662953189589
0.176679736878525
0.391945203426764
0.547095349483406
0.547731685412992
0.565280641930771
0.809200668444559
0.584770708016795
1.20787514731287
0.700595375034779
0.555040626756156
0.674340237883222
0.449220569748629
0.486364404058596
0.468067223823815
1.23106724785869
0.831869610688615
0.364534933096514
0.384630290885021
0.423667106097425
0.659294347428921
1.0229456925814
0.892465027838686
0.379948579026105
0.555535224785098
0.410761092852264
0.691411002866944
0.455924052176286
0.222470405664646
0.972250253316826
1.16812571202586
0.339006631553324
0.558428033621768
0.614095946134591
0.529058234312214
0.594107478647047
0.558968073948135
0.421788170114572
0.470085655055156
0.265179632071019
0.306065858686999
0.554918136891827
0.42841940934362
0.615246786744204
0.665555873248289
0.581800932661729
0.452921612313396
0.709419674223127
0.581313939630375
0.427021629110878
1.04193393781939
1.10858751088184
0.678128403028934
1.99084311631048
0.858423361931352
1.16912155400933
0.954735804690613
0.952643036914015
0.4403117939347
0.514984140919222
0.563820154104128
0.411028753681485
0.951830003800279
0.670592549723382
0.569349177394417
0.448689902250896
0.857143586506082
0.771557552316893
0.801752438756377
0.426806149494113
1.12988790209878
0.834850142389216
0.48003971818237
0.573797787811102
0.955232677757359
0.616814171933724
1.1134215484121
0.571328576174482
1.16938372311034
0.591907085628799
0.260966266000607
0.742050508481186
0.891926261097323
1.05505457651594
1.26480090922085
0.534945532755326
0.421856356699174
0.990619758004802
0.366548447257885
0.570283412983092
0.600136796241712
0.904407839457009
0.940208936831444
0.446344086729276
0.703989481976324
0.415495797736356
0.460224784910426
0.627410778671001
0.634900418572864
0.71824316041839
0.674687424989725
0.462375488411136
0.876457326122238
0.547227912859069
0.508428805974351
0.578140771238255
0.551532655649682
0.677065411873866
0.630672718021068
0.234666202034198
0.799706195867671
0.629435508463888
0.456382321188426
0.356328491894262
0.477927425368536
2.00576164795667
0.419245810571902
0.31872274214646
0.692650140521914
0.276952642861201
0.783316249230901
0.44620644730583
1.0491203659885
1.0169091428484
0.743755455228052
0.56392754923826
0.252133132611858
0.909284216930377
0.671949407162091
0.775939005326077
0.693814506654913
0.517500241223003
0.51341305975062
0.817750127888029
0.425605481643101
0.42696138370211
0.683962358674231
0.668310785346289
0.951083262960537
0.442996439190903
0.809284063642926
0.964628727060587
0.350689063851367
0.975793025377712
0.305678565490122
0.887026740107772
0.570412503410209
0.523952325494442
1.98888705850346
0.624274161337532
0.957186378815989
0.333501259354346
0.611065509993368
0.904857639534646
0.909104793639896
0.837665805675877
0.595354147305487
0.890668156285213
1.37573237696366
0.557180683038083
0.570014178503245
0.944615774336745
1.18005997500103
0.749912146968784
0.821008258599904
0.894222815747948
0.923967973990055
0.460484468964913
0.424915208719436
0.71491393616044
0.591641101967332
0.327526917953413
0.866174729337258
0.659814798568052
0.474524425903364
0.570079729730198
0.628839091945714
0.620842943137892
0.819208495367702
0.46320946377836
0.581585299655898
0.419539626835024
1.56297963283722
1.2638346696034
0.66633346195775
0.97848445201606
0.572005699772168
0.303155891893225
0.731511247701971
1.51910364904828
1.36392890795662
0.477631636284321
0.614961882713125
0.765070522380156
0.447791417302835
1.07928446697302
0.723760844874536
1.31921966955603
0.615309624528197
0.547151937674109
0.489181625160195
0.605589546595358
0.518835604818739
1.08001951396346
0.679606408639383
0.539709012443821
0.620797773241787
0.320179785564487
0.42214100815766
0.937865103458996
0.886164661840181
0.705356354003795
0.960132019040858
1.11367431279809
0.546140339230569
0.491370516809384
0.58986500291985
0.85294642393824
0.881574492767975
1.14614064449766
0.367918006567513
0.810192553991364
0.437922901967864
0.620460593013779
0.306169214952976
0.785855058948363
0.569842437497291
0.511553966999731
0.505513700336017
0.651964691406236
0.360329504094072
0.695809760364883
0.405262762919924
0.389797839284737
0.659317865650599
0.637814017693521
0.54068672356624
0.211035466094214
0.639627003034212
0.705623448892073
0.889633082532415
0.603871378790559
0.583337190031815
0.549445868909632
1.72239923927291
0.4748179727909
0.573989187228031
1.44999895148071
0.869413567872159
0.739530007936683
0.520505312538285
1.39274206517268
1.36534236343961
0.46145956706179
0.238268502348668
0.522435385645163
1.43272533225796
0.499103755860295
0.834363185857423
0.771110980158014
0.685525644720343
0.630806634000115
1.558444227961
0.335495792649247
0.930328316885279
0.769398775404095
1.11824947242233
0.570166246788624
0.708522646788758
0.75999300834345
0.915127782346702
0.927081733061521
0.724683043728116
0.515963215375463
0.368345154625599
0.242055224600708
0.607881577171812
0.901879234060428
0.819971299402951
1.19267715058702
1.20432762461038
0.583435474639088
0.98434599701247
0.611534308266419
0.916741940366697
1.47104452826305
0.362089173006362
1.16408807064278
0.806926873069711
0.758535997057757
1.05689994492664
0.722853176579386
1.11902493255598
0.443365015694091
0.568835990952341
0.844131660781847
0.3757317549475
0.527296480957998
0.596751568359614
1.21581466686566
0.704038241936903
0.504129322512924
0.744853929271278
0.870177740938638
0.834240421880502
0.883611866832899
0.452559398357133
0.717786225101548
1.07589497333217
0.633021414482902
0.556189420474075
1.48655305271873
0.879234931166516
0.472085874964913
0.520583637994929
0.760931248278431
0.888245210500389
0.635458098334717
0.653928930381324
1.02976199326793
1.05432099324346
0.572318270753282
0.468371882506525
1.30210593839138
0.981927989484102
0.339801052271326
0.31469471672927
0.315109725075763
1.1027678064845
0.772657500773281
0.654104360197916
0.577248207044773
0.607478879324047
0.428439376960687
0.353665813639717
0.840631658844568
0.417916525109789
0.420753518973501
0.676938383061686
0.688470997873085
0.709526004056099
1.33849486936181
0.532073639961443
0.417930648026392
0.848585655157987
0.442251053304713
1.08469167660427
0.65069298016549
0.29037326527324
0.363599405818033
0.599410012566825
0.35581810942654
0.45413018555088
0.542124995054136
1.23083807443379
0.602224209932831
0.426754116127687
0.461968833414596
0.790138784296139
0.41521996789893
0.706611253026201
0.761661488619581
0.626656660444145
1.25027448024047
0.836313814101052
1.40048863505815
0.831746265991914
0.30964776801229
0.921461748764987
0.464657074295678
0.482371726358954
0.739400797732292
0.690946742537087
0.446194340523667
1.18695462792038
0.505163623853432
0.595854239134958
0.816920911910127
0.490905692544063
0.440539621483115
1.29373546038885
1.29312382583278
0.458379492721552
0.753314489551319
0.970357500710371
0.389149674295143
0.274307337131664
0.413123705037169
0.545722053970303
0.473409877266225
0.803632954616714
1.13889054989697
1.00907971909931
1.72832548140517
0.45555676460044
0.770641195340081
1.23074420742011
0.342729312134773
0.692656329908379
0.478897740627262
0.53234487296754
0.474765318191952
0.655314746324267
0.89347461670105
0.52085060593054
1.04994073310366
0.990585976293769
0.630176024099821
0.413022624051976
0.339801154025215
1.17743094301993
0.680575264793681
0.688586106343853
2.09138432008532
0.513874921718
0.0879585202786151
1.25712140101841
1.17575531481084
0.398750303473455
0.731471807352831
0.963355193582991
0.422882170854725
1.79939306500579
0.545041348149711
0.616418095776196
0.57854302212729
0.453151654065086
2.35006519747058
0.491211024367711
0.821711794297874
0.458859127993057
1.04342106113799
0.45972598417799
0.757809884149865
0.567710770536867
1.03752527182505
1.91391703841086
1.0819329067708
1.26044246430967
0.645401415083725
0.238022599233631
0.752422729426986
0.427563262531603
0.572402733231827
0.420085837528132
1.00474206627085
0.741865590693681
0.460001069515245
0.834455494947043
2.74981291193756
0.389981098247298
0.974936304989787
0.51221612233023
0.560071083385288
0.383125168013386
0.781338001365089
1.20917665451392
0.457549620870396
0.72709631036981
0.227474878181943
0.838127918843193
0.553361916707529
1.11877077189022
0.805755928008864
0.595071098796505
0.581865487002569
0.429332521230733
0.725626293936771
0.819567714227769
0.577873522636704
0.533329628027187
0.439753520010209
0.542828705569603
0.639420945941942
0.451526541983526
0.585709018301932
1.13173525748335
0.933510152052682
0.582881204217338
0.397110976114674
0.429168839427709
1.60517099297891
0.866186478983876
0.824752937146914
0.6842307052638
0.626930531617132
0.383239271055051
0.470465259137155
0.723756299861365
0.315361696924159
0.399642990130263
0.52542635479498
0.389811952676586
0.514669834941341
0.756558473088196
0.462499019921408
0.536122206947425
0.281964789085382
0.704730013634344
0.273290048774013
0.363124382873537
0.411252221741566
0.936063127993077
0.938225371004197
0.379383793578635
0.636072114984384
1.28958580967185
0.525446898808782
0.902453292446892
0.816933363105249
0.532423937467334
0.22294365624658
0.796003210522662
1.11570301631084
0.833901614893974
0.376820456634308
1.16744230104353
0.895585010341169
0.328677958950313
0.917648486484142
0.799978488846483
0.614872824931577
0.621449348330271
0.56780130366821
0.622320941172917
0.617846140955713
0.626647409708786
0.537341597024837
0.91229151025661
0.877557506734607
0.599071011228873
0.641043168455456
0.659266646703793
0.873701919601875
1.06678680117559
1.00636666155534
1.04827115104951
0.733277601999009
0.703850740027727
0.545621860143427
1.24763061373122
0.676156675417332
0.623691705084742
0.85459154392328
0.915235805875609
0.832871133139162
0.533223314092839
0.453792051258068
0.588499983760603
1.03573617520729
0.606059462986346
0.430517467386917
1.2457234231105
1.19753662138567
0.691036529015455
1.07280448520264
0.526563753221632
1.00470481673571
0.492922431286502
0.309059833853065
0.53920737449
0.423003128720806
0.56105379471514
1.43661524188471
1.00752066083116
0.578933595441827
0.48574047776659
0.721845390648771
0.398337525338666
1.02623127178565
0.504652310427523
0.638718518245977
0.333430391584706
0.865489476877914
0.367531680497087
0.401067183979137
0.79991558980267
0.312781634480873
0.927118073384438
1.82274559661677
0.986048766417845
0.722603405449344
0.417871904432016
0.921041376023871
0.504505902959263
0.685449549850155
0.821699252815515
0.340647023881549
0.546927117295114
0.444912088438152
0.997698861246617
0.439292183839003
0.401007545850383
0.679122083358892
0.289704017088292
0.631349824259638
0.500922189079442
0.718308400620726
1.14844037758706
0.523227086678141
0.407859753187392
0.593683077411065
0.623435878824897
0.918057314257988
0.551400252536915
0.943430098183538
0.50267968060008
0.272958424793542
0.872526415792443
0.683616252554864
0.942506015347205
0.470760099457805
0.4339956283758
0.466518334527199
0.966208216644391
2.24006538054434
1.31711797792863
0.732298269666712
0.820918349547079
0.653929456585286
0.841488444163978
0.508682443461685
1.04609984718768
0.736752158029208
0.887324111697395
0.418226467134662
0.401610420153003
0.551550382596372
0.449044735911562
0.974804049444135
1.27271813771773
0.620559018273862
0.35392994343288
0.311844854873528
0.358542265807411
0.595004670677061
0.486173423221638
0.569028537481293
0.528690173336671
1.12673322459982
0.624354512925382
0.381989907769219
0.40788463827434
0.718094650060867
0.798714531653682
1.04324218441787
0.929358118084545
0.379450660755481
1.00430084925707
0.930609957683998
0.687505860719866
0.517308115642909
0.604928417860421
1.49690289434042
0.921423147349137
0.591947062664332
0.655296424750234
0.415219873305807
0.885201976904552
0.347936375803602
0.417301846695429
0.437393269839702
0.469641268313552
1.0727298298296
1.05818533611502
0.348613325343637
0.683489315477834
0.837680750485978
0.389769445760771
0.562393564415772
0.335652347816536
0.389365262511871
0.670020674940774
2.35235791322899
0.568305580483431
0.762283375428674
1.87622206215864
2.13580309474846
0.523405065906563
0.585608879527697
0.55893620496094
0.50013602726161
0.55490522377808
1.06918444001685
0.430035678620199
0.893566891674327
0.998774815286309
1.04338353905426
0.689475430046413
0.987464603525698
1.42587454389621
1.44174721987672
0.693658411545373
0.697047636642071
0.354310588152195
0.51303815071095
0.872354186447768
0.84587094926357
1.09677960124121
0.672310904854231
0.93057992333097
1.16698426874474
0.630199810920186
0.569200024885687
0.912115042706011
0.582535072761956
0.781018747456804
0.835992554400139
0.659872669797559
0.472677842814875
1.09680810760117
0.881687570011799
0.447933106203193
1.25035215602728
1.10020385458515
0.8580578309887
0.736357857408732
0.301339402683128
0.718771185504163
1.03161558711735
0.462937148000593
0.749291333312587
1.36323232804942
0.662414559451648
1.06857657609976
0.753171793948994
0.683043025165922
0.953127625128177
0.300688025440981
1.09101129440488
0.895990498547058
0.428614317090729
0.541868692775915
0.321997344793329
0.374456681446218
0.694755624096859
0.71389131425435
0.887917363460011
1.37829200565385
1.34361295791798
0.894743750842688
0.468078750143518
0.684663801344819
0.950497174429059
0.52132411577541
1.4252527742457
0.722515640056263
0.638744660120692
0.455410010876516
0.538766138756129
0.925803419798318
0.409728840586181
0.274839167127772
0.484995780623475
0.159372331453376
0.536677589693438
0.878067012792373
1.2938041445765
0.856162849908142
0.904884426963404
0.655552011807428
0.487271039414982
0.966057453643456
1.15889929292629
0.400924005387193
0.354920576993596
1.23546115219496
0.618057706931538
1.3812963569716
0.720141817832926
0.77349016480831
0.552188680629318
1.06018016999175
0.724111632646697
0.554067494105577
0.516286772321131
0.89473052904671
0.621247542110923
1.15808053610093
0.665503679922407
0.644946955022647
0.815127424177095
0.422551115353955
0.574048901688232
0.872680105074136
0.483471548659658
0.474130600001431
1.29632536742835
1.24301005779784
0.252131104221824
0.61911920785435
0.426703483761909
0.403715771838479
0.631214278344906
0.484127370625557
0.303264073794463
0.951542184488956
1.06312373504818
0.662180536249147
0.268259783441776
1.76325786813143
0.329974509890947
0.539914123230527
0.911055531868458
0.377083333170015
0.646088485022721
1.14166384384751
0.832122106212829
0.469683734250856
0.778529077472923
0.342694450526019
0.600200966792685
0.885996423453889
0.573163053246964
0.784739060189438
0.972894699489439
0.41180360684524
0.449009132713521
0.363557097215644
1.67909180154295
0.97918096650798
0.55194329233838
0.475852207923363
0.878866163315592
1.24250989494642
0.59090077443716
0.487178614614846
0.716626081049813
0.630323092340106
0.668419648563033
0.586065020188784
0.911404835398891
0.753168439852051
0.627814051479934
0.842364342291481
0.538982688136483
0.742381961055076
0.553975465219252
0.642114613862901
0.605057425590998
0.476678400821859
0.349009106330804
0.605062012667138
0.610148647415884
0.503342628571866
0.393423701440982
0.395601526045543
0.467747561780641
0.508003431358654
1.48355207085272
0.861121363086828
0.519224535057028
0.444285707270333
0.491859258653378
0.726038229164398
0.723715727431915
0.783389285366082
0.558704943019388
0.529175495002598
0.359230282975209
0.823358474618491
0.445021929477399
0.292790519091116
0.881675612991988
0.573185043210878
0.410281174033893
0.778337634469273
1.40045280133731
0.597895703789246
0.851663434992014
0.502665862547981
1.19502356021
1.28662891055088
0.515034202846744
0.443739416642382
0.586850712833686
0.729446208366697
0.452162276149714
0.616549799906943
0.733839548537331
1.08098233417199
0.345980895762337
1.09836657077263
0.361223066131078
1.09209721820587
0.233099571579049
0.487731115036459
0.376761030809674
0.820620699819663
0.600108154433609
0.612653185186594
0.910774771682324
0.917867258869476
0.368792574321729
0.688291242679997
0.471408833763523
0.508743466740819
1.25403504452408
0.704677452312451
0.876054549000186
0.599629251714597
0.414467774182421
0.633543125204547
0.780578625639473
0.708209869180019
0.647126368107765
0.518906429183501
0.478868133743979
0.771162093402751
0.645822025304633
0.377408433577971
0.306948006336045
0.818874215953637
0.807024021581836
0.493292667362693
0.358963546207767
1.18827424169128
0.34190987988359
1.18623514561168
0.889660800174116
0.34615737566323
0.582472476836767
0.693298769774768
0.616452876058094
0.753355038733087
0.993077160755223
0.352103685834362
0.617334760166167
0.846695786982693
0.593093782021781
0.407264022409156
0.891889708944398
0.58735955623061
0.485463173999496
0.908329535858796
0.497142112263213
0.757616592834959
0.514415734003414
0.583791457348792
0.866935865091449
0.547402126390263
0.876683937261483
0.361266268542256
1.07838738136382
0.440067812025261
0.772648229938885
0.504207036420791
0.601997565205295
1.22126919297271
0.699008155270634
0.354506976112864
0.634223466469733
0.40108766257599
0.856901307376249
0.772057763731362
0.934661838750077
0.400503926687311
0.626985673112509
0.916817861482314
0.873711065285688
0.651446116530282
0.757241776916457
0.397045469421122
0.667424766485326
0.227609078827436
0.424855385108349
0.677372554415656
0.603446965788292
0.83099881142179
0.578651889913384
0.372554632093097
0.688113224409373
0.597139358805474
0.849970848109155
1.37309707135083
2.89706073031272
2.00158137358071
1.08193122470534
0.53104349991133
0.93152358778104
0.621368377393536
0.526171320158997
0.463117903386631
0.793290361477596
0.556668590370143
0.348942801476873
0.871971917566202
1.06686410266463
0.635497895726138
0.578790971121031
1.04750830403535
1.25458109303044
0.92893009905283
1.06737599656027
0.630935426334343
0.704365011294513
0.682613961819133
0.568017359915929
0.179755790822159
0.379353659903268
2.76447123499519
0.984890012024149
0.471773821847349
0.392958877050079
0.488491768361354
0.943275259637879
0.822374008115297
0.866454396521336
0.351737755552445
0.748951569149366
0.937921752297797
0.825289195258162
0.554581190825242
0.442107412806707
0.875137095868775
0.518256580430196
0.399132938860106
0.740381051714932
0.849414680159965
0.772493138324457
1.21316185583438
1.18157089358453
1.26703099029793
0.48534842870375
0.982182931702193
0.575160213090772
0.274206295419642
0.796895847986762
0.920864716248117
0.498030257283759
0.741282815030088
0.43413566476142
0.391509216871665
0.422280183969303
0.518758933498582
0.677839750551004
0.36949742478394
0.573328015086851
1.1778053733353
0.418711839826669
0.514586801988228
0.564079229646069
0.698158976372142
0.473720123015808
1.0516610048978
1.39973708310303
0.397455369889773
0.882265311649755
1.1059053977153
0.436435957352169
0.471545132822463
0.513470539263003
0.796216078760512
1.13548363661333
0.595593807822093
1.36056362130913
1.06901421491621
0.712168816762573
0.479228651345679
0.558335094572893
0.932225914360365
0.413615418763645
0.523738383437868
0.605678682300823
0.775346043389214
0.201394734990758
0.711669081489617
0.405099398858047
0.832356110652405
0.694830071339134
0.402670374977896
0.349467797154583
0.682767203830165
0.777297679269966
0.567806142255643
0.581826916815941
0.804285259917056
0.796794724550132
0.572124163761593
0.278454944724327
0.562515710057638
0.600671946126281
0.888087090706162
0.467850343540094
0.661419356974853
0.800719577732908
1.29132613597581
0.886714768700887
0.318205353107267
0.93899229356385
0.804657058210643
1.28755629516581
0.760526683083617
0.85335926867435
1.41371096016993
0.964135983041477
1.39546497703976
0.574698329984486
0.489746350224332
0.663195844406266
0.69745705664662
0.844417148525577
0.7529175163131
0.881948423222295
0.815710957448543
0.503041093783227
0.596155368658698
1.13027721536188
0.653811638121141
1.00865783032605
0.752722725223683
0.933635890695316
1.17466816926386
0.406615832252749
0.56587568627062
0.511819832755311
0.624651442405831
0.881833607863218
0.66811385990817
0.918842756633892
0.758920188194429
1.24553674323147
0.690564406461483
0.572898626028613
0.63903189621782
0.327280429476905
0.895375259202825
1.06432395232642
