51.2393415985634
46.3022191469734
48.1124309706739
48.1118567268196
47.3942579415219
50.5141119224807
50.8256119083906
48.5253765433067
56.4556192748049
44.5124342284568
46.4461394132256
55.7799540340692
57.4458666687386
50.4882027921153
51.4001231293589
50.3205642554995
56.3882536113276
55.5343117632368
45.3553833595287
59.3429195483776
45.7480730294722
50.9816210470666
54.4148814991527
57.470276068052
47.0356053096832
43.4740190714466
51.6927103771879
50.1358227242064
56.6597782096309
46.8206960726564
51.2621195689873
53.7195957618809
48.1630709756915
53.9729407770096
56.9738181054598
55.8818706866215
52.5151997518279
59.1320445062649
48.4756690013257
48.799907357745
55.6873465706055
48.5076994567228
50.2264971789123
53.0551131883517
50.2307774064987
48.9671891687704
50.2254662976304
48.1492842100897
52.1023061996763
47.8821721186171
45.9388326774664
56.3138265486053
54.3785176168148
50.1168764326571
48.7201209530039
48.5471879927918
46.7963274313739
50.0018977257446
51.7580791759937
51.8983692930253
57.618865867947
58.9704511143701
46.0732802553864
45.9794100131657
52.3847173521578
53.7715508895315
53.2293915171747
57.2164308733318
51.8454141518298
49.661411217536
43.7881350808179
51.163778633581
54.6221156542266
43.7235165834044
48.7464231586004
49.8690488023059
45.2285609638963
50.9148539810452
49.1930363569558
45.8980870568273
49.5930719961525
53.2490664890945
46.8545774207862
48.0828665839489
49.8955455861607
47.0853170485355
43.5566388747021
47.4973665274263
52.3084664411379
50.5543038874957
49.3743037101158
55.7342758657595
57.1286656549616
48.4583629428368
52.919283409861
50.9316376225296
54.5272904844179
53.2453291911089
59.0944387603219
53.0361695905469
45.4883707541915
44.9215732938298
53.3675126040833
50.3635978421931
54.342433082603
43.5709661291209
50.1690051040777
43.8886432812836
45.0944351289189
48.4158946057223
48.6204734710036
46.593501669254
59.2210121069819
46.1313865423257
48.8272015054674
55.8682957907021
51.7720516819101
53.2239156143981
52.0104388675085
45.8318921840789
59.3350802264785
53.6094844912436
45.3631664371348
50.4681350785333
50.4917723890179
56.8480362685991
51.2188451238956
51.1597314818116
49.5143695679993
52.1437889690327
48.406966692663
46.2244763775468
48.0873770990904
55.4939746941132
50.3251154624043
48.2315124218647
54.7261841012064
51.0647787131869
49.3282002601488
57.7913793012702
47.7361517742547
52.6260367485184
58.2491356593908
46.8490599635081
47.113835638735
45.2492482900213
43.8762277058415
49.074322580794
47.8964577529548
50.3883288381859
50.6835883656956
51.2409881101613
46.1723140535146
58.2409247709636
57.898406248971
46.1922278082035
49.4524104601162
51.9235989172066
44.1219609168269
46.6429269859855
44.9778549157105
67.5779898344432
51.6299090356277
48.5457029588066
47.1260395752528
57.7793302706545
47.8721238198568
58.6651407060478
52.8034895749718
51.7834475490188
50.7205435796688
47.5582643389692
48.1484327210749
48.1935969468301
57.8187045735042
50.0731729815172
50.7929529186887
57.168146560707
45.1058485541085
56.5729247319794
48.6718273943062
51.841515531531
46.0638119251077
70.5534350173536
46.5683711311807
50.9105853497558
45.3514519992618
45.3199442263988
62.4930148824122
49.309635561263
50.5000288435764
50.8200884972726
48.4970670936262
44.5509319619134
53.7402879068184
60.9623321108782
50.3283447489124
52.9880904259597
51.5274030602744
52.6657215953934
47.0795331499936
59.263419548625
45.8355044862317
45.8330457331139
54.4897442820314
48.0883651290318
44.0490200679737
60.2106350846478
55.1597317464424
49.079372942425
49.7692717009036
60.6544921674654
50.6578007062912
53.6768580188898
53.9917249219932
56.8691388303624
52.259832817104
43.9106693257453
47.9589549866971
52.9160193377305
49.0383873051812
45.5678307211633
49.7245699970422
47.2924870506096
46.7162927827474
51.0985911301391
52.5513538206699
49.4148000981666
52.5437747151701
49.1467904930702
53.9404953553668
51.7285594023505
53.9637381429135
54.3628607381283
48.7073185969349
49.4554650392111
47.9934506420314
47.9035807853485
57.5737206095255
43.3739595700524
61.5740434779796
54.5873121291069
48.2625473048649
47.5470528194849
56.4482638477893
48.482764007334
45.5607737222335
50.1525195730288
43.7773177026738
54.4385421899946
54.8526721630136
47.5553034005379
46.3804146413178
57.3004075519021
50.946527048453
48.9908444576243
48.0088507344876
50.7166440390426
54.1286853316201
50.52184518092
50.2923630894353
49.028108341318
49.6542159539704
50.5219497966968
44.7602371275273
50.0425916157273
45.7788310618474
49.6890580846772
59.3990070674952
47.2386051327191
50.5770633340153
49.563034090952
48.5945053996755
51.5000913039607
59.8205558351879
44.8478093876474
50.6211854977904
47.7407194300026
53.3642346875213
48.9776266084784
45.9911212348785
49.4759880272123
46.7756758378112
56.9189290811273
46.0624305088043
50.3193580677715
49.5478125465328
52.1698846690092
63.7262872995007
48.243418702793
47.4999065057763
53.9180775250864
50.480370652098
52.2643273422754
53.0619564967987
58.4162625961851
44.7744139860846
54.8648331217173
50.6819139567873
56.3523747890304
46.9525482487561
52.6642583918889
53.6363835510553
49.7522222435579
56.5043863505913
49.4716152803173
56.2199555947583
52.4612855030594
46.5778354493442
48.5475633537951
62.4982818397908
51.2199201213592
50.390503754802
44.1152120622285
48.9754628360662
45.2396842052702
46.9344827025293
54.3414297432446
46.6621154085487
48.6702437525782
61.3474655133437
49.9049970171827
53.9334334720641
51.079431754161
47.7112577358691
52.1211693867105
51.7334863789927
52.0910603321484
54.4142927084885
51.525679311155
50.3867992588407
47.9091612056785
48.7111717627339
55.0268906862097
55.5110783354222
55.7640539287363
56.4142127952057
44.3295214430346
54.8895356325152
58.7917237670723
66.7600953557356
54.239399507508
46.767320524576
49.7756606036605
55.1427500537591
58.9889674325673
51.0050378221771
48.087944290913
57.6177070804096
58.5180108256079
53.8490715904341
51.5824985633987
50.7276484105236
52.4178439464649
48.9700429810874
57.4336868020021
48.1213391582077
54.4544938662788
57.1667978533934
43.9201045801004
50.04293127292
49.5029648819576
48.6769032082553
53.8395804199504
44.3663130118392
47.4964427570637
56.1160736119625
53.2160355809351
47.9999862459201
44.43217636267
48.1946837326082
52.0523657765411
59.388889865479
46.7865447210144
53.4163373787228
58.0787055959379
50.3048039634188
45.5686638597774
46.6766846751417
52.1743759991616
58.122644544807
63.4625570080227
61.9060909761939
47.2638325520091
44.9711861459971
54.6008417028986
52.6619595580272
46.6104824198711
51.8183598867122
49.8697436129802
55.4560408175209
47.6765434904897
45.8327585655928
46.1086495516528
49.7449309328664
51.411014992729
44.5687577092256
57.4678258182476
57.3423339701306
57.7060089979929
52.0143568700977
51.4376790690457
53.6066975970607
48.3329650045153
46.0472507382003
51.5932560177689
48.6512460702061
53.7885851374612
50.7673522060508
52.8070117316644
48.7741481410638
51.7822500472392
47.8614351669298
44.0329009425899
49.2348599462094
49.9734068995311
45.4023286320423
49.4546361878863
48.7799516045247
57.3690534991295
46.7800421286391
46.872666980766
50.1342838279606
53.2701878380939
63.2637366455178
47.2819909655429
57.6955490062006
46.5201958018197
57.551557878161
59.9299850572907
53.8781217723869
48.0777149493418
47.7665340489539
53.8000465308217
51.8611196792
49.7500382207269
50.9858013426191
53.3734778813583
52.3982143554843
47.5742416538115
48.5018241291938
53.3977227528082
45.8515818036656
45.1046267649343
48.4875242577264
48.7057223414299
49.7755926023034
59.3334804305329
63.3769636366335
44.8157702592716
57.0980083719605
49.9772586550796
51.4556491150075
46.5906756005069
49.7771758760982
48.38042994667
45.8983436020811
48.1966757279249
51.0739420090976
57.907409184736
47.4707470093353
49.7883166405376
62.6698233826441
51.9111191552584
51.5575180073933
54.341513480083
48.7943972995133
58.2215934841651
51.5014573798662
47.2685102587438
47.697531529164
50.0208292112251
54.4831194734407
45.6525372867317
45.3223538385087
51.3692136001348
51.6017263364171
51.695833881043
57.2480825058342
58.5672371718652
51.7422078962049
52.3896395887582
53.4163239222584
50.2652677423165
64.4818755217815
53.8973710413146
51.5376217501164
48.5959925640879
48.408005664404
60.5205356755946
53.1894779005069
48.0788830359634
47.0689150790645
47.6860048220278
48.0424726210704
52.5318116576865
51.7711564995832
47.8241093973131
47.3924708140114
50.1604412271729
45.7235672175728
51.7414959246597
56.3947082774183
45.3432455331716
53.1597305699903
51.7584710181271
50.2099215018631
49.0506656201619
48.4492495616661
54.238488532987
45.2147170335694
49.1316402855951
49.7815990324475
52.3507006443954
48.2688750255972
49.3443070204162
45.833274185833
58.3808618539613
52.1595483545404
47.1977606111658
51.534181607348
52.1254120465975
50.3460433903919
46.1457103447089
44.5691172456106
53.4236571237268
60.2596067255485
48.6463883117892
48.2447639946318
43.8294504429235
55.9835559917935
47.6879360510954
49.1010672806757
45.0989532194735
57.6821790578436
51.2657302720795
52.178516761587
45.3737804590278
55.2635039460513
52.3795091738097
53.6803813379036
53.5375038189687
50.4607273402946
54.7722125279886
42.7716371283094
48.1978389753325
48.7323959558366
54.0817773443538
48.4086074140393
58.1287883171489
49.6320225057959
51.3072376753325
54.6796268241567
50.2507932722372
50.3033074330316
48.473352810357
50.2283887763034
55.7367248141423
46.1873776012672
50.9930106464979
60.9007258035801
43.6512548052956
46.3590956117298
52.7308679291211
46.6055552435981
47.3352671580148
52.293593020409
47.6845779346411
47.7279753295688
50.6198104889118
51.2699668054795
51.567227239728
46.139169727874
51.4806573274684
49.9991978465886
51.0139554803909
48.3917217411292
46.9198843044094
49.0488354272626
52.0829587539815
47.9690322510032
56.4847297071867
51.572238769774
53.4318521088139
48.7840741502933
51.7628835105802
50.6709538707991
51.9117806928855
48.4355651780541
46.9022973043069
54.825511035562
45.7819921906167
50.4499708637672
44.9941570313632
49.6528762352352
49.3805112660132
43.4382923836511
47.4798436782977
48.1856938052635
56.6180397000601
50.0782275029451
47.3692629255097
57.6683259485066
51.5510528898354
45.4514380984853
47.4704568234851
53.5047586717478
54.6538324234791
49.4735771551577
46.0698068890549
48.5338574826122
52.0760899737282
49.5145024242949
47.3916070051238
47.1833683353898
54.7288046889548
45.3222881852603
46.8285329460969
48.766535719053
51.3956744265212
48.5425134249094
49.5374954870548
48.0065558471014
55.8619168224285
46.1433528670808
50.3148120197263
50.4598142190692
50.6932894020425
53.9949398845816
50.9591228357721
48.3949196450351
49.2789829501068
62.8347764523417
58.3347289898606
48.6112477301984
48.4382441604941
48.9110742643331
50.6088057041922
45.3877132082037
50.8364616060657
47.644908172257
46.8615361512073
45.200839435719
53.2981013474073
43.7889972161158
48.0043734383402
50.2477484149844
59.8389645816147
47.1611418742867
46.8738950225038
51.50331506257
51.8810805526283
57.0023513721138
57.15704384918
59.1117157225845
62.5073148843504
50.8250799164292
49.3266692873245
59.2346062531659
60.2865139973335
45.8981790566913
52.4774667819418
45.7889539667562
49.0437883121051
48.0932714866566
46.113848502831
52.4585948677335
49.1618574938547
47.1451989621056
50.2702201138607
46.6702508992072
48.2985466695622
54.0761883334647
60.2344906709724
60.7527965625958
47.808209410006
43.4836773388654
48.031174430016
53.7085715579262
52.3334056043281
49.8864548467091
55.2504779130377
49.8149390817078
55.0145047602579
55.2422046591907
53.2782898813324
49.8627775063501
50.5100526713121
45.3227547680021
54.5815942387594
52.6082026289068
51.1965524568305
56.9370909331542
53.9535660089113
54.1193078035156
52.3858961603097
49.6516647208969
52.417716879219
51.000146537476
52.6610528874598
47.1903477110247
49.9510572230686
52.1234398014486
48.4997597223383
56.3000954993612
59.9179162142191
51.3426775207789
51.0117520064844
50.2560222091556
51.8758019341338
43.3925132668449
49.4759671568526
53.5644229703344
65.9267863206198
49.9250940974341
59.7773385199512
49.4223010028207
48.1093484162398
50.8459247569743
53.1468999021956
50.7463252979502
57.9125860833017
48.4599288486187
45.9124126461187
45.4876750224888
46.312143889457
52.2113442208702
54.2291895778029
55.1940552055607
54.0577697117627
47.8553304989871
46.1894927468682
53.6957880310487
48.3177757739286
53.2282413826617
47.8587809862502
52.6774609792555
56.8286666240711
50.5613689285972
53.8134655190466
47.7069488783807
48.0398787580361
48.0016768483141
50.3709505211036
54.4031425346588
57.9172982300655
44.4442826082024
45.4547230816382
47.9487669106816
55.4333539367306
50.311132294288
53.8333347490013
54.474523846905
48.0675921099542
50.6729597803171
49.4837634827533
52.144543389169
54.6055892403033
48.7783413374125
46.400762396058
45.50561783542
52.6166724439391
59.6916210283395
52.8551675657152
62.5857591829148
56.0125268167789
49.5518172172066
53.3055213981007
44.1973128181795
45.1070927701392
48.4715195699536
59.2916330260483
48.0277902948118
52.3519420040521
58.9360573967484
47.3128822708028
46.4459862377782
51.3220054126406
59.5693571138846
53.2009003318272
48.9355149192384
46.6385177002
47.8591158034263
49.5068111685209
53.850882443932
49.6351825778639
63.4626545705814
48.3815662802324
63.1592246754195
46.7647892511713
51.6491371483358
49.7013173357241
49.5825654225645
49.18991723986
45.5045007212515
51.1054441733854
59.4104322862417
50.4564570821124
46.8601084109068
51.3203457926239
47.1060237656105
59.1573668051611
59.8892264229184
47.2190145751697
51.2430159483939
48.5838146582672
52.0844710088027
58.7450033430985
55.3937210523845
58.3551437733252
50.5753678293099
55.710470679895
43.8890424753049
49.8899440586298
47.3876308068571
51.9111540890712
48.8922788046335
53.6935905832956
48.7351244620397
53.4262804254242
59.7946903160437
57.7186189716478
53.7127284892145
49.4645313755898
48.9623072423718
54.7351777156048
47.3687630004307
48.2399321081206
48.0519010178294
59.1435325792115
46.6758482793852
53.4044706624717
49.1242862621731
62.5205706408764
44.9318978186582
48.3249074265615
54.3718635314791
49.1448751976669
48.448333616731
51.6034112157847
56.1168417723663
46.4426074133638
55.0612894732658
51.2002904048085
50.7989796697994
46.3978113115114
50.3547302604734
46.8427975789419
51.8247791335327
45.3343727632327
49.7712391996386
56.5070409831615
55.2871533177914
47.7501617164821
49.7318362576986
46.1689324882775
55.0122656694063
51.7974937688508
51.957952719082
48.4830001517823
53.2944009960177
59.8462343348316
50.8423204422607
53.2733273531209
44.2568738475343
53.6386242044969
49.14004590277
47.9265951380559
48.5639078949297
49.0604619135746
47.6653053526247
51.2076945124583
56.6508581534299
50.2652817163391
51.0285960050177
46.4634360070789
50.8823482070712
55.0336294454736
49.9159454208796
47.6034818459608
43.5129003179602
53.5078168465305
46.0257277407985
53.072445138709
47.4578609852056
46.3812162542109
47.4860423766867
52.9440023981312
46.8914101168596
51.030481520094
53.8483185403034
49.7101245960486
50.2302563058587
50.1485522371821
54.129522007107
47.7153938129706
49.1564217741727
48.060026847637
45.3531682199539
48.2209494334551
50.6913752013276
54.0467275860532
52.5278911416101
49.5374584686985
52.9267692652349
58.8126028478926
45.7718024303542
52.7698265810469
50.9097403701508
53.4922449504621
47.2117124526994
50.6241506551107
51.8030912852075
49.4297516736402
49.4057750632175
47.0207702765254
52.2046872279828
46.6415488183535
61.2307231657585
49.1227821376331
51.4758628947591
45.0504589043389
47.5395411426199
55.1479136587587
48.5938890804554
47.7225274161211
52.8442168753345
48.1997225244286
52.610968534322
53.1640356453712
51.6742430329462
52.4274932906817
54.6729255522399
48.6884551437662
49.8620245935741
51.8399117142035
48.923947411251
47.6828122491944
51.0518090677394
53.8672742794607
54.4533355653074
47.9028859452554
51.8039335530093
45.3082976360581
49.3530251526168
55.6044177716283
47.3793075736825
44.7951882259808
54.9385731142962
49.4436383924966
57.5968276861328
49.0006970667444
56.6999886270482
45.8569821356189
44.4560065759619
50.2053383657445
50.1470283295783
45.3962254072365
51.282167079284
49.289232281739
51.1631077248526
51.959965400276
52.5345609031463
59.3191699232034
51.5433700664673
50.0371694301179
46.9094892729435
52.6698769789566
47.4209453408453
49.8078153663122
55.5533098090413
48.8477517360683
46.7638369114256
53.2722686921881
52.9905827627227
47.3996206632924
45.6637036152715
49.7454164941242
50.4694507604703
48.8756292533827
50.9844510656013
50.6317160784465
49.8521350386337
61.3651964889797
45.6160798293554
43.8457326491304
48.675042865689
50.6592646539487
62.5846142940514
49.2989234674842
50.8203967583768
50.176564426395
48.775247619311
56.3585011093805
52.9769559254162
59.4458363030776
54.4266804076599
52.8084790839551
52.3530301386366
47.0386619773681
48.7784627838555
45.0848144375793
49.0380504646068
46.3455779432028
47.8423724372636
48.183196116353
55.5406672141994
56.3583401459605
56.4666502342857
51.1433715661226
49.3781708889389
46.0513505305897
48.1484672112281
50.6892325242708
48.5250054795251
45.480826938073
50.8346681633876
51.6531332286717
49.4792403389872
49.6464218265141
52.1938111404064
54.3249797431747
49.561041505362
54.883653668365
54.0266574645867
49.283792991483
51.6869808050083
48.9124801145966
53.8367578636536
57.2422363801877
47.4004579544379
54.8486095963888
45.9916101895445
45.1695497371365
54.1396135539126
41.85194104759
46.6762469802536
56.3131410189351
45.9826738159072
49.2585755993662
50.2532474596102
50.5270935173395
49.7664937609059
45.8445615384125
45.487331568782
56.029284059515
48.5987564285002
63.5058509752072
51.2761046671872
54.9795021942728
54.3292470829469
48.6077306149455
49.5343914723964
49.3601138310672
47.2077766929227
48.2197259118381
48.3816769257913
48.9691966797903
58.9099618676346
50.524971502072
49.2083695229693
54.1698553399606
48.6120362200579
51.9925093392613
50.0339028772678
45.4771675164577
50.8993812446112
45.2164801020382
53.0679628110605
43.0240166834285
44.9667053571269
56.255243492073
46.7135788430315
48.528294597423
50.7708445621141
46.4137099251894
44.1010097299697
55.9037788050912
46.2716259539096
45.0979695794134
66.6864519354954
43.6089333453182
59.8718236653178
53.5951746639397
49.7333003374946
53.4477526874262
52.8168734572334
51.6105047389996
52.9726007934436
56.3079927753993
45.2321325598011
49.2083190859498
47.4655151016745
50.1062501571093
60.0260396822937
51.3034337518634
51.2670294195192
50.7930232535466
58.859003967581
54.525732397808
60.5527506351712
58.7800331178447
48.1336873491701
45.9845003403482
55.4556344798799
52.8539386087898
43.7331631011881
48.9044559393986
57.6427092112764
45.0256856446294
50.3107838224832
58.6816908818965
48.4716516643101
48.4949712818029
53.3507865690201
46.434952527541
45.8347263183844
50.5495243052497
58.1977770815509
44.4261977725671
45.0376983835273
49.0553643374358
48.021389956644
49.5542517481063
69.854543659921
50.2232474477507
49.4014489798081
52.140479002234
45.8958241200089
47.5254353659137
47.6618313563138
47.882131397654
50.9029398163179
58.3355222199907
53.8192263307125
49.9926969471971
49.1583686154534
54.585252749728
45.4627006553214
49.8568418360913
51.5782277346896
54.4929447847676
47.1699539652078
44.6184686164914
51.5827993467551
42.414112731845
58.9856033081766
45.8968092044915
46.4191237967101
47.0982037517195
49.4738396269512
44.3254292607383
48.3892000449056
49.1589606405767
50.6377765995376
53.624718667158
53.6130382874877
49.2097419432147
47.1619348234073
55.6570433982896
50.8494387023344
51.5005727390257
60.9972821398676
46.8513210862609
48.5837894321514
53.640254682167
51.9562619946637
51.7170302433853
49.2423160664644
51.4403824905411
51.6181120291482
46.4598713465987
50.1014418840143
48.299277217701
47.950522531132
50.9089419885131
45.1040232622925
50.5772924967579
49.5873535665316
47.010339368495
52.3039394547183
52.3032657769664
50.4037780121681
50.9325574820814
56.9389302780094
48.4442709379341
48.9230633620129
54.6733301360819
52.060063527264
55.9943478269996
50.4064727373515
50.757972623137
52.29759350387
51.379723056125
49.3260586031619
47.1645106011599
56.5182980398788
52.3840268275837
48.1654187765782
50.8985426728929
56.6557905708708
47.2866788479798
46.2333988671439
47.6343034709409
53.6011240072527
62.6632764342355
50.7679184575993
47.7431255403279
53.744970193386
48.0072257396538
46.2929271735088
56.7707594601552
49.9412523655512
59.0358790975668
50.7380251768885
52.674168010416
51.12778352722
51.8505390225498
44.5712530710598
50.9896847486737
46.4780536935744
49.9650879466266
48.6934402405623
50.0479587504094
51.2948138991761
49.9682000188806
48.9873675054956
59.1971602821392
42.9631109487568
56.3161606509938
49.5677876816358
55.1710301525223
57.4543849413926
51.3657394413818
49.8595668859629
44.2571135681288
49.6753798675665
59.1045815318664
55.8996655614794
46.6807861155488
49.4578028104262
46.1046974555604
48.5518909288157
56.0190547171706
47.9360883821815
46.9298772868978
55.7726275730247
43.1002087979375
48.0247363340048
52.6244572143709
45.7585865129825
50.9983885239582
48.6683029633438
57.4970932919006
43.9328968115646
46.659143138824
45.0114635619544
56.7418871011942
47.5036248678528
46.4043191851569
52.207188002653
46.6328316949517
47.089401376959
56.082042593296
59.6447821362172
49.1624054261334
47.0474840898037
46.7774543961704
48.7672978787657
54.0046283101198
53.9891896658064
44.2916628826282
48.7214862227048
54.7091763803179
43.9213849527149
48.5320618936411
48.731167295059
52.3994989071008
49.9647478133981
46.2416786061831
50.1803709502702
51.9987662535288
50.0255943237258
44.7686045469526
59.0969445030561
52.6675499184453
49.0247635318383
47.7310265222658
54.365334235446
47.4717752224777
49.9022001487472
47.1063237863833
55.7386726810558
56.3991479697375
52.4573023469728
50.2058140294892
49.4821053852402
52.8052399167116
53.618505388356
52.0358855309002
56.7681346367372
49.6441531091328
51.0189046057694
43.0014415871597
54.0161221109423
46.078785798642
51.3390685971844
48.3364798025726
59.3625195703805
56.6372707437821
47.4298292387372
51.2609120319472
46.1270419669174
45.525393582076
44.8846072167839
47.3777497154363
43.6634219047764
49.3493812997507
52.5806080091106
47.4518095589647
52.299463695788
49.3079896762393
55.6409271920412
50.0873684430907
51.1849386481169
46.9862207377239
61.6060647223446
51.498543276694
47.9562893344686
46.1558157546527
49.5930718036176
48.909628873752
52.0850052727283
46.7960307906379
47.7509674823835
58.0210988315049
64.9658724165566
46.4368153052283
49.7898059308354
56.7730307795823
50.4158644925603
61.8790839625177
46.7060388273761
49.7492245056181
53.528070052933
57.7066615672351
54.0579832009715
55.8161125279796
49.0523474601021
50.0490572014927
48.5600828769069
46.9890179921
51.6510433717496
50.8228927075113
49.656028822683
47.844221490681
51.1911753845673
53.4244257154208
50.3548879391453
47.9771054603268
54.5060264110606
50.5512505031
46.8400414144948
48.8300541349991
43.8920264398901
49.3681784046304
47.7743518642945
49.7115633646751
49.9296957780598
54.9072084942258
47.7977828666486
56.3280353315054
51.1922291593201
52.362104048531
44.2951005111351
48.8808909179739
47.8969988362179
48.9963251313191
53.9313207637113
47.9599752735764
45.6430560651064
49.3384222036463
44.3666500314303
46.3485718494665
53.2650166632336
49.355731997552
48.8338112133811
46.9497171998023
47.7426322440809
51.0069675619082
46.1671475053191
46.4981931388004
47.2370797402689
48.4607674901977
45.2050686518259
48.8072026328832
54.0440985573296
53.2241949000716
48.0287323351488
44.9875524767916
46.2795217998634
52.5669823773591
49.0993408252671
55.9997099664388
49.8091088573537
55.3920895902648
49.6978570027494
47.9284047025587
55.7590730746728
57.9199378761066
55.0772797680781
51.6045856440408
56.53501096181
53.7861877157425
51.2017474745357
64.6796139732736
49.0702026103504
57.3322051423906
42.9472186804214
50.1394220147236
44.1735983799243
51.9235107530214
55.7385974364945
46.2827932588585
47.1988761267113
44.0728475329558
46.5591375570244
48.1534381922582
47.471095413827
48.6467186106213
46.9063496836199
46.6007756257254
54.7359452700749
50.7145966218243
50.9210801476176
49.0059923785506
52.2030313395164
49.9346222052743
49.2272296637578
53.0993786371877
51.0332585525653
55.8192518593413
46.1054220450109
55.7642070098835
62.2383032958742
53.5761154458214
48.8184702870079
45.6603276030376
57.6518437251067
52.0363974478918
51.6921505675628
57.8812061024747
62.1676257738153
49.9648307589038
48.4145981029238
49.6259022834651
48.0046207030406
47.3549622086399
63.302937556106
47.5120094910424
44.8864736949623
52.3229511170335
55.144295219522
61.3233200060951
52.1550614213066
43.1053191546535
50.1781573391241
52.9034469009199
51.5164437801393
43.6114894338554
49.5003812610294
55.6979701909192
47.3399312930361
50.0645495611693
55.9145260201927
55.6935993243424
49.0503912516273
48.1562446775681
56.1165699412937
52.4514234243023
57.6493120404165
46.821153067649
51.2831966911425
45.741483693109
51.1807048170932
49.6575241296076
56.651130372976
52.9814464173276
50.464472957424
42.9424934347502
58.0200629422915
48.0313022209727
50.8414012356974
55.9902366870542
50.2176617788806
55.1499672143366
45.3175796955395
43.3622757769306
46.2484507641654
47.7714843290148
52.107739134494
43.6753094377337
49.5508757651003
46.5519637662953
50.0828179437993
47.2983307589102
43.9857768897795
52.7981775267093
58.3792382672394
53.7551815592127
51.3697420339815
54.0870093671248
43.7047899351119
46.0461142924515
47.2632143642551
53.8313300903676
48.9912539833732
60.7617925257219
45.6888735307706
50.902708012565
48.8339305422072
49.9080894313102
46.3123489387058
50.4038951229834
46.7896160472258
57.3839992386988
47.606752110863
59.5565181295588
49.1973992957793
45.2669703121406
47.8640946611347
48.9452795863984
41.6168978693664
47.8899785894909
48.7041356519355
45.4522892509585
49.3155954072994
57.3811176491597
51.9074236771907
55.5433264152861
48.1329513016143
46.3066438377257
48.9516089550464
52.5698510459342
48.5278889875237
50.4320808678678
50.4907386353038
53.8829242422182
56.3662366931358
60.9280683653163
48.8416573351468
49.212431529198
45.9181996206757
49.7157246032344
51.0668890135833
48.2438801200641
50.3074448801117
52.0566350671234
56.3445105251891
51.304652289874
49.2865082350278
49.2115304936196
50.5172210202185
45.3957474724523
46.4757085158722
48.7578348950236
45.1718017803044
47.3112481734829
47.4652100783662
44.5390672277589
51.5728777785394
46.8995239611892
44.1367930554098
47.5386028426414
47.3051584106479
58.387292020988
49.5510982392735
45.0396833208723
49.8006941529993
54.1444068538057
53.9466134354732
53.962684204157
52.4465079511309
52.7484151178471
48.9042337311298
62.572321834091
46.8338832745597
51.0785895551054
50.3383329618924
54.7107823799094
48.9611724035694
49.0739555511661
47.0770592380449
49.1331747295092
49.8743411084178
47.5560462274462
51.4748289101951
53.877916264243
49.6589737396443
48.4087073889309
45.2490842253957
47.2264059272404
47.4446961613679
56.9225325214601
54.2826304578066
47.8903283592929
65.5798307241164
46.3697922236388
51.8061545453926
55.806426313051
50.3158542777124
52.6583535330776
47.394953677307
46.7843292922524
47.910971534753
52.5284586452806
47.3415962510219
50.83388680822
48.7398128448205
46.7497607435933
47.9389960163147
49.8113694580731
51.6116725070953
44.701272438961
57.494223262059
45.0421593364018
49.9263513289474
48.6826491447852
45.0759598458954
53.0217500973846
46.1214109912537
52.0128223175467
53.2132177540324
57.9401426669653
53.508246287284
49.8085085648864
51.1277212452779
50.7639301355418
47.3359347831959
45.7371372424912
46.8270828641734
50.2405707069577
56.086369036869
46.1817793303416
58.1395832305511
45.6161367035752
64.3171631788534
50.8846972430031
52.4236460411718
45.787188749998
45.791633249062
56.5725071997002
54.8345993058551
50.3353290162949
45.3889019195665
48.6643808802208
50.0194616100113
50.8134663017207
54.4713759423841
48.6982632101741
47.3371791369119
46.8628513321624
44.8586206247759
51.9732742381586
50.1359914011625
43.1746309624883
45.5280416621353
45.8129939840479
52.506524569264
54.5409979637848
56.5358759739357
54.3947739800671
50.3059244914227
61.3282353222036
56.3771372481832
51.2095507941053
52.5870662019175
59.7827139992943
48.7769737298755
53.0376516767631
54.610314829246
46.1722908945207
56.8170247222172
50.3187136428709
44.9289112984683
48.5815438045221
49.3919299770999
51.9986642188703
50.2378332180868
54.9329188699963
46.1379866932083
50.3897301361363
47.6440770971363
56.3789116190378
49.4526419086459
47.0557805878706
45.5733945229163
49.2452579038479
50.6743791156403
48.8396986611858
63.1042446599128
50.3471207611333
44.2310878449097
50.9015350579416
45.977310033751
46.3829617764684
56.9092542809391
46.8044916273038
44.9817421074252
51.3022040193817
49.7768846647683
49.7184564316708
51.7530825100607
51.541030562063
46.0975747359332
43.8949704699116
52.503923675313
45.5726404892034
50.6179561119642
48.1631259472654
49.0979144385679
70.5516550640673
54.324558517163
48.9245417855498
52.9419008042419
48.2883440154966
47.3726597838944
52.0635335725699
45.668732315818
48.8412881754601
52.0717300790098
48.4066824186888
48.7801745820616
57.215097407558
48.144390238662
48.8839366459524
47.3258355744559
45.6667048710696
49.1004320947459
52.3420186667973
44.9081976252468
47.085126561137
44.9624148671935
57.6197620073103
47.8116861189945
47.3690710959647
52.403125147102
48.1807712393035
48.1085631611502
54.1965220305771
48.9834737609427
53.9775566971787
50.2653161736037
53.2731250993461
46.389835697577
49.2278959877703
48.8322959383027
57.1239757785212
49.4216057493366
50.9290019069902
51.3748876383002
47.3744373170547
54.0495035266149
52.4945241807679
54.4301882875874
50.4781616894201
51.0207074130392
45.6959558310618
46.033735902531
47.0034913099512
48.7895654602501
56.4164375973075
56.9006055485485
50.9489205306315
48.8689039019999
50.4728618195166
44.6558602548594
45.0902117393633
57.8602967660054
44.7186523990021
55.66263439432
50.1834906544241
50.7695903107906
55.1142998752831
50.2189907176517
47.7873319487846
49.4975873535011
47.7709673763005
49.9322813611361
49.8300632759246
50.8828942123258
48.3876617915546
45.1323438598367
49.4780251034933
46.9889767863343
46.2373288259035
50.925435176397
59.619862979709
51.8523978946307
50.5306980943594
44.9338122781849
53.748087771897
45.2133902254995
51.7541825105806
49.0590613534299
57.4000508740686
49.2924053329807
50.8415218606172
51.0435634203476
46.4087855866775
55.2566495618997
52.9603198412793
57.0754767775189
48.7491707830599
52.8146632848245
52.6550692628358
59.8735989323307
55.5767193135241
50.5759493672979
46.1572129220485
46.5116952812969
52.8238009062872
45.7091317721237
45.9737862763953
51.0782867276988
52.2779031668336
46.5802038023866
53.992840586025
55.2185494550152
57.7127385980752
51.082335841552
53.7591555810447
47.5017930601382
50.7042382759605
51.2818774598471
54.8308682407856
48.0721842670313
53.723496354001
45.8374703437318
44.1812995499202
47.2565489123446
50.4810500814714
58.1722826185749
51.5067302624859
52.5919795180532
53.6063361724816
47.4623142863719
53.4006876933554
50.8152408054653
53.9350820037895
46.8389085252971
45.8548577643475
43.2867990470811
49.3160314710514
51.6772442153542
49.8515800911832
52.3862110590352
54.167681530426
52.8057215719781
46.9841620608938
49.4030598901289
53.9619289711289
45.3989633475577
51.2627938008575
44.6091429547232
50.9681667710598
57.4736835000898
44.8975874644409
51.0041481168732
50.7391738063337
45.9527486454681
49.8676656460967
47.7541729768705
59.7099874490999
48.1985634884785
53.5972213055476
43.921787501812
45.7325004813764
46.0828793387328
52.1417909502797
46.9067788449647
48.5715946372891
60.4385065068266
52.377976612939
48.3104145846637
52.9204227022236
49.3570193971261
53.6022247220284
66.1317250627383
46.5942195462742
46.2812930416086
48.9905134071312
52.8062013664872
45.1030558579398
47.2785735391312
45.1299639661312
48.4603055338142
60.1692505282018
50.9077161029742
57.7849072265625
45.020296089957
48.2741102731932
51.4372305184139
44.7529664043379
56.0328369691995
52.0984520350285
53.0335011747821
55.1722367460498
48.9315146979197
53.3576950913391
48.6897821708475
57.685519663629
48.1502033681859
43.8317067924989
57.0997750680799
53.6911153558798
59.8635384748611
47.400021011699
47.810758681948
48.0720727049243
56.1302067818464
58.2224366341937
47.8026555233116
50.1508999714598
48.0332833573586
45.6350527787382
44.6510649262845
56.5381419778835
52.4652241385782
49.2152691448514
59.0754953297269
51.0868532175273
57.6862216002721
45.8835154033688
44.1296574801616
51.2228658784059
51.9433407639864
49.170919136477
49.960705484734
51.4765275124417
47.2395971043543
59.263400718411
50.96874116469
55.7113013208356
49.4474235201431
52.49201698989
52.3877596793663
49.9855124722929
52.0139773092734
47.0858891490509
51.3731711858582
52.4946389580072
45.3050142637725
47.68148715622
47.2217456504467
58.4854735111895
54.9233342045574
50.5704776156095
49.9818830163976
50.664868736126
43.7891870002759
53.3807380280301
54.3418596756414
48.9713456934269
46.6516265058049
48.1977013640179
63.2854808002749
47.6565768545035
53.5931566167079
46.1980400138155
47.9780287557042
52.2614719256748
49.6429692336398
49.493621107189
47.8622690127719
52.9964177832683
48.8588010466861
55.380216479302
51.8585233266534
57.0316128300648
52.0068989640782
51.6683593314075
43.2557910800667
55.2954546368528
48.212946952333
50.4972236081013
46.2128630122803
50.9806756362159
57.0164781638529
45.7198535497672
52.2393624240852
49.7332122679401
45.289906297247
51.5411769930918
46.9548819771072
54.1826710098345
51.1596328679264
47.5214692600182
46.639058212728
51.8453144878977
54.1466257408764
42.330108983076
51.7019202444611
53.4543057813467
53.9334315402827
45.8127722053523
55.0921813802773
50.8657064668173
48.3203737217241
58.6302069529429
46.0771387466663
52.9888924135852
53.4958145050414
50.1907301742314
52.3886062520989
53.2713512645109
60.8671009607243
44.4631197063268
47.0777254342503
53.6020057918154
51.7739325440911
50.0530654032861
49.4472250479337
52.9408983109998
55.9560178633729
50.9527131239644
47.5525356823668
53.421916423941
50.1885733498715
50.8636146533245
45.2419975636688
46.4838215707739
46.5695549233123
44.3355733088206
51.9019146786511
55.1761742999547
47.5197040176203
49.1965508013376
44.2402304627788
45.818287316922
49.5010849172411
52.5481197610834
56.6981501444964
59.2210468008322
56.7774899762514
59.1404292422428
59.5117029007308
49.6480801663839
47.1762063959284
45.4220626855944
53.0966959036487
45.6506882088601
45.9617283027256
43.150649989005
46.0325363129526
57.5187000859321
45.0125599171954
52.9969602129396
48.7128330352691
47.8134971595115
46.7412778371509
46.7065900768669
47.7838440123886
54.779746007808
48.8190680052388
43.8229837616586
50.4091204048324
49.3260900412272
48.1430611260685
50.9079351951105
52.1165834712878
54.373294986051
46.9741804724898
46.1991215235695
59.0994184567288
45.1783813824728
46.9237559803466
51.8569752173929
50.9318043280802
45.0043094348865
57.6404517834915
43.605425984621
49.6278761605711
54.7564866089989
53.1218357555665
54.1090874264274
49.6393337762735
49.8371992348732
45.4980131771778
50.1603124749027
52.5338794124014
55.79340177716
57.6049457746469
52.7154081944317
52.5409892770142
44.6125120512187
56.7942412739732
48.6545788758603
52.021659867645
47.4947248428668
50.4952812599326
53.2120715569561
51.202666607424
46.4267547347415
48.8547435984807
49.7251348332076
48.7542286364603
44.1799670446074
54.6569329525389
50.4941816666606
56.4282022455766
62.3460613917207
51.2983787919781
47.813353037776
47.788158931633
50.1538050382218
48.2006696253235
49.2272384797435
45.2029598616481
45.4924972405453
55.4419896675524
53.4556335574169
50.2104773995338
52.762723612794
47.6398928077825
50.0134260742695
46.5248500448297
49.7153154414469
50.8502586644662
46.8013845565598
52.8720707595277
50.3226916376364
53.4356973829316
63.4630051682272
45.8652126356133
51.5776578575064
46.5240070243991
46.9839379419456
46.5745267385105
47.6008178466009
47.5801532238244
46.1201293444983
48.4699309672354
49.7629546849581
53.7473748239263
46.6352542268268
50.5677285542296
49.7552592234446
46.99459455091
50.6893261178209
45.5085778780219
62.0148901275058
48.2698803470456
60.6755484756705
48.8335507024126
50.1394941149084
50.0691053789556
45.1876120319211
47.2971171309903
49.9658542413262
55.8719044759354
44.2124207016973
61.8237296770134
59.0776400028136
49.7001673440387
49.8102976809452
46.9939297004802
47.6300464956924
52.943116346196
55.0782511818168
56.8170415937693
49.6324227367345
46.5715623714276
53.2276469061084
55.8479615788283
52.3487193168274
53.4537635123838
54.81533285412
48.8762171917231
44.9853989855398
53.441336298736
55.1520196548475
58.5120947308492
50.0382613382108
48.8471362243994
52.3600951152966
51.7760964299782
45.4896268003385
53.4489984950682
47.2546110795283
48.6389611968353
63.3693957519694
43.7226890101236
48.2152738415511
48.190007076392
44.1201958308153
50.0309561743962
56.6565424359274
47.9476261399618
48.4348331794267
45.3511495735204
49.2619426107095
48.0456278824571
48.3467846264495
54.4636646626898
46.2488310391636
48.5310094579507
45.2739291501568
49.5309202960861
50.2163495631833
56.7250567418359
49.7498836450918
45.8209290561414
61.3708946218454
49.9415526415841
47.1710795390006
50.0370981740121
46.8553418532821
50.4314311693779
49.6684615959707
44.9231801150008
47.3847956487076
50.606570918174
54.2929565022936
51.1704327648218
49.8228206136475
55.651704712824
48.6989755240214
45.9349087378279
45.1972750437782
52.6507027701657
46.9888081355126
56.5337916156581
56.3169314168848
51.9804491747795
50.3574295869363
47.1320752677492
56.0425639522652
49.7443396198501
45.957680422321
53.9467717370028
44.5551673965045
58.6637348854532
52.4814555140625
48.9544242286872
43.9951913994118
52.7785307287493
53.7887558662323
47.7770195820823
46.0623383275654
52.9191404565845
42.1684850722519
51.3089228554012
49.0160579316073
54.0233160519628
49.0256650817177
48.4179592207319
48.5992940991163
51.4484645114423
56.317036210309
51.2876254781506
48.0258389474443
56.0695397117207
45.1567129041992
51.8253651829742
48.57285131419
43.3193914210472
50.7546918047557
51.2595454572791
47.5999331051446
57.928221137129
46.5788594451638
49.0666424916708
47.3036347976972
45.0623184532255
50.0236958574432
55.4314074575545
56.0926449386166
56.25521667632
54.831892877039
48.2253989020046
48.147438410251
54.974735504915
52.3817366126912
67.5383417987119
52.840763229593
51.6140414522921
51.5651353845454
50.5026135384901
45.8608446695682
46.9499121458738
50.8279639044608
51.6824891065596
47.2798793131374
52.0490457875609
48.6759978450024
51.8418621893642
46.6590187349324
49.9761560266478
49.8877861497777
61.535397446303
50.2912019549743
50.3637399727349
60.552879472704
59.7014282334415
44.5651561104641
43.566927805078
55.6682043810349
45.2134335602692
50.5695624348393
52.5431844957099
53.9655979433236
45.4031784121319
47.7679719156592
56.7421876671752
46.8783661408936
49.6679433891232
49.7654314462707
51.2880566500859
47.7739675822186
62.5518500008158
48.5106377835666
44.9017328001475
56.1971990888041
45.2404855208526
50.3757510931924
46.8166771318388
51.1581791249987
49.1824459878228
47.1092383426462
48.5090910469275
52.2053985864881
69.8920243765443
42.1649414693223
52.9496136102941
45.3230076253187
53.9166560979624
57.2047383566667
43.3062088127394
51.7181475156949
52.4364630774953
51.9566093618419
61.5834173386048
54.1644474755246
55.6050353701563
48.7106492739737
55.243368745015
53.8507207348586
58.3126717628201
53.0693068687542
55.463247014912
48.5996991568645
56.6954285250213
46.5996333627563
51.5108388408702
47.0778054316577
49.1910480792509
53.1970791730776
50.3596824764464
50.3596437061591
52.3398993082036
53.5474116809351
46.1430374866615
54.4375286651933
51.7888828630118
49.4081286254574
54.7239879965338
49.1176832152518
61.5049380816903
46.0667462422948
51.2842596055243
55.828085272048
51.696263205279
53.715497473979
49.996143147126
49.9072117155307
54.7829805273459
44.2457891816824
47.9937734055894
49.2247230099115
53.3270160085528
64.4441400061874
49.4388556460346
49.623494005204
53.8073613637255
49.8057037715207
48.6967867084398
52.2642030801796
53.4855581445774
47.2720154243905
49.3631116072948
48.4628082268153
51.4936440413174
52.5723547549204
49.1104252004091
52.7813759941122
69.2980455592297
51.4909227920405
51.7419019672086
47.4938456220734
47.9782265117388
47.5321873524018
59.0994385322945
47.3910936537876
56.2683838784459
57.4605618864157
52.6636219307466
53.9836841946571
49.7857038045715
54.9415068049224
45.6172945880948
55.3352520835421
51.489542665177
55.0092494829455
47.3217319371748
44.809987487976
46.43729867824
49.6798683579665
47.2215691974913
47.269065392601
43.8015662982231
52.2764841408877
47.8677896381507
51.3862965280323
51.4589934611829
58.6121521682951
51.6672891523259
48.931204467574
45.8181016862005
48.6085747104796
45.1420806749454
55.0475155796207
56.8610437786829
48.848912323452
61.2433223235758
46.1845192753559
50.4465675773667
56.2122573910646
51.8320253794781
50.5955060684627
58.0866025978125
45.3192695668115
51.3117418466522
53.5955411741219
48.0644929852941
48.235927855961
47.5851456386902
49.2300605962184
56.6485357617778
50.9348800868145
47.0457801445018
53.6887904471359
61.0370298032323
49.1758037195224
58.7532393137461
46.185277090412
50.3893891494423
51.5031011700986
47.3293860503879
45.6271108951525
55.5522600049116
50.2740128328689
50.3130468564813
46.7541706642295
54.9845868289696
52.9756618798084
54.4597614654033
51.836831925767
55.8408003184437
46.6147135033249
48.4178781836172
48.477985777358
50.3445400437738
50.347743017266
52.9765774663548
66.9135828649856
49.9463630865755
52.7919405570977
46.3770497090257
52.1990772531494
47.6955599124077
61.3994174564808
51.4178116895337
51.7298557640603
57.1666015988706
48.2723085846107
49.9477350177043
48.6027630069552
47.2227691399847
43.653186791399
52.9886998208434
44.727544950594
44.9805680668832
49.2894562746855
47.3507402478301
49.9071412943377
63.9786103073763
47.5304776387865
49.6402717580252
51.3956759135495
49.2850866580162
46.9956176093814
55.1541278817729
47.8969245331339
47.7217838139234
45.5891019323083
46.8357432240119
48.3649807345479
54.7643327172758
53.1708269754371
48.4593960742151
54.939217117471
45.5775846481413
48.0394280813554
52.1527258168358
52.7521318776365
49.5681887729195
48.2101015145953
59.5683679301405
51.5287542845263
49.7100559978908
54.1841055588933
52.0184173758644
43.9407754893518
53.5681961855348
53.9284576266277
47.0864927826919
54.2238401587562
49.0356269554361
51.5066076183786
46.6694192864777
47.4585316027759
51.3037935213471
50.1606993529121
50.0087192647005
49.9257849660413
49.9101066019349
45.495157910934
45.3646953325701
46.645941121776
45.8641469444903
45.8803337755325
46.9043640736877
52.978334295985
46.8382025276701
46.7130006424534
42.6154920946697
46.7548922358576
53.0824792121647
53.7806056761678
48.4712042936131
48.6949596819134
49.5386259084578
48.5262163916783
50.0017043414122
50.0149874389486
58.1992728032312
48.6409908836642
46.41207594787
48.4572792443331
47.359342879291
47.8860322516715
54.397354861707
45.0219081575655
50.9753175491768
50.3598023103131
48.6266259557513
44.4552846787444
49.3352962806892
46.2378878843897
49.4410899958054
48.5581827495646
51.9092233645827
52.0976877256058
49.8100286068067
49.5183652058136
49.593588171807
48.955151618384
45.4539351307334
47.5408994204017
52.4288260325844
45.3025361551399
46.8731584048169
47.6810022140138
50.6490868291845
49.2059047085343
46.5950283133908
49.5410475783831
49.0934628375989
49.0210386631599
61.2608616936039
57.0184467823865
44.1779562511438
48.4334004783479
49.8455153613925
59.8245950546122
47.0370343173451
52.0424063427774
49.0538849270205
46.8468404945929
53.948931353826
50.2640447401836
49.3170302938239
53.8796519179396
55.852927663962
52.7619533039211
66.9778430633345
50.215212882623
48.9993097082211
50.7904107105074
48.3187465756782
49.3837967704221
57.8104217236292
50.1202517524409
48.4233385849651
48.5609903903619
50.9236377532113
46.0480854249907
54.0307327484344
45.3032577848411
46.8751061415408
50.292185688854
50.4276229290814
44.9887297523778
52.3052815637782
45.9488260280906
50.6695094735314
55.1459656888176
47.0919342921309
44.8258264696796
53.6002270755979
45.7606534451791
52.3474215327075
48.782907004556
57.9986442331946
45.5503082783437
54.7883157220517
46.15000833048
47.1826410816812
49.7810002469022
46.8691467579625
57.0986048404731
55.730650759927
50.8502029851672
49.2000542233653
45.7805225792148
53.8049288381783
47.5031665013127
52.7059211824255
47.6919652662799
51.1476942487124
50.4960926662833
51.7873706520091
48.2240148646185
44.9282558822579
48.8288592994337
55.0730800505679
47.8017731040015
46.4966731054124
49.5148205475184
60.1996019772566
51.9706460207655
45.4688500153377
46.5641224861857
46.7372155231949
45.8986448279704
48.7858684689949
45.4947041721993
51.2151826831494
50.4817630523308
52.7758115134962
50.1260293748168
51.8877853948648
48.2111387811831
43.8006690680101
52.0875949774584
54.6087953704308
47.1249361327207
48.1509515773081
47.4500039950443
45.5968001632927
48.464430150601
52.2427308700461
47.9802069772685
49.3186930550426
48.8953062529147
50.2075657985417
52.2870197305884
42.8646120449074
46.5608872068065
46.7427138171094
46.2550377439427
53.9586602855601
48.6293039133332
44.4438059319611
57.2105113720123
55.087872589894
56.2442121776665
51.1127860781399
51.7659103631574
48.3649332496995
44.3079341735262
47.341408624644
50.7839124000568
46.428409378555
51.5289522069933
47.7580234839694
61.5847021360013
50.0878897175398
47.3945394138029
48.2937945778402
60.6468584003139
51.4966243580216
49.7959508699574
51.3318606761426
45.176477313993
50.2849339602855
52.2181264688953
57.7422676766357
49.9708007813037
48.3229681184008
48.6585955026028
53.580641153289
46.3812558318251
51.2465787738369
47.5218683934222
53.0432342485872
56.4100036469772
45.3246149494526
46.2966706080332
48.1373490798521
52.864537179256
49.6544783967872
54.2959763807442
55.9128983449427
49.8255846695979
45.8341124279133
50.7315227308731
45.4146629057813
48.4540360643583
47.9066733954044
46.9999846724921
52.7418165354536
51.8213901425039
52.6125029871908
53.3606620413902
54.7036365472116
52.9025860743567
48.1701853984662
48.2677536171717
46.267991063232
46.3453711857045
48.1261997784821
44.2106458935968
47.4583372050311
50.4970842650753
54.9718285922629
49.8690565675316
49.1079007067637
49.1952633345284
52.6275214973305
49.1539083838798
49.7620686854146
50.3994139781612
47.9559867604378
53.3765180630594
48.1670612385171
51.1011844285564
45.2914268162733
53.5828684619213
44.5705690719145
44.0199062967789
52.4619523927805
46.0396889805258
52.9835689477189
52.4451021058199
46.6471050925113
50.6383481758368
58.1961023539125
47.5857345719208
46.6589597215185
49.3092990932406
48.5780667701728
51.0508041905529
50.9433904588723
53.9529223664056
58.8066522243924
44.7752675349095
58.7903381296401
45.9381288584045
47.6669628033358
47.4303918084348
53.3589634095825
47.3361324538327
49.3759231814249
50.2932813314953
55.2366665803974
46.2819526914436
46.9432455454321
47.2546458228559
53.5334540220392
44.6517331149176
57.4786982852869
47.382523946216
52.2351702579768
51.8654344862094
44.7361550184494
54.1081335442286
55.5064388299239
50.0276482319689
48.5679353425183
57.9401673655975
46.2261288505302
43.0314751009824
52.7372749323295
51.9738807561133
46.0703163699891
53.744077871449
58.2031376453952
53.268918549332
47.9464002960135
47.8744154804808
44.6590736848184
47.1521149824077
56.0967825562502
47.8264901481712
46.0158050974783
49.9300236886059
56.7388412901172
68.5426655095609
54.0576135250261
54.2395242121496
50.1345432773714
55.6922689305801
47.6320926403561
47.1870764016013
47.9888068969773
47.8650028311974
46.9127842996876
53.7461488748925
54.1841455510452
60.2650377602964
46.051457377047
41.2862326313763
50.216106050048
46.0770054970029
48.0397255466576
47.9701698208068
49.9222788878296
49.404695889528
49.0580174843923
48.382569666976
57.6192394929218
52.6384907999103
55.6568922472099
46.6894335492984
48.0063254027588
53.8199601229734
57.8063662543664
45.6810476764988
50.0210821845296
50.8219280310948
57.0859610689114
49.416219806725
54.7261158900501
50.6398220028443
43.7287961481192
56.3316585879921
60.1027713079332
46.8468954262253
55.0856345658456
57.2666600227915
58.3893604633477
45.7255452051084
49.5946496131627
45.7129007215637
49.3838028995475
46.1560267696119
54.4731882414749
54.3188499328547
47.2427816808805
53.1229252106233
50.1531921382247
48.4079520457797
50.3606371133997
48.5856560725962
50.5214321519717
49.0703661021464
47.1814659220884
49.6957711709026
53.2184217548058
50.7169740529356
51.4624441348998
51.193030216593
45.8006660099167
47.7636517910967
54.3158014829343
46.8207019635483
56.0977617780404
51.3814201382409
53.526364517389
47.5274414633772
54.1378123710071
59.6573984235014
59.6671608111346
47.5658400609348
44.9602710173008
49.6956094514979
46.8598778122643
49.4484701686075
47.4777623816689
45.2006149593772
45.2599081127488
43.1186275144965
55.9035344060804
52.2276617052761
49.2225222069039
56.422873699313
54.4397206492913
50.3883893801614
51.4710237382613
46.2686796247961
53.3326216233141
46.9692005581773
46.127467329281
53.9087463783532
46.8568856993997
56.3059159075882
51.8094621493468
48.3581801080207
46.0336415504423
57.5505776576616
46.5830097430432
52.0120111315887
44.9430392529507
53.3282684646538
49.9717577036407
51.508028149741
49.9933781733828
52.8064758539385
55.7427053522665
44.2539309366671
54.9989405002603
44.9591477843845
49.8345571773909
48.2434931439785
50.7490587819863
47.5466052930539
47.4953680219309
43.4445353614899
51.9384482445112
60.0889309465175
48.5795156613094
45.3301140828709
54.2631762635063
47.8704695044536
49.656337365443
48.480135145152
47.0981988347411
58.0971300794134
49.0586418239598
46.5945303724044
50.9504820221625
50.3659708018184
43.9338489243533
50.8368970461839
57.186079319619
49.5154381179929
43.9250363149875
49.6435824073657
45.6669235032047
46.8776791093729
46.9855353416535
48.6007097158411
47.276824023322
47.1762575975474
53.8162037715264
48.6257015659034
48.6452474227755
48.5471528742056
48.7320389050742
54.2852287188599
46.5521081559337
46.5896344266781
46.0404839735031
45.2943400369377
47.5209537716837
49.2802015834243
51.7065862853029
43.7648859674426
53.8121121207345
51.6211637288486
46.2012747535278
55.1039522486863
55.017070928758
55.2716693488891
44.3179350036343
52.8631264646105
55.5755925952382
55.0459145310908
