50.9817509704688
46.7846904877725
51.9410039185778
55.1231212261429
45.3596924313137
55.7708772609556
52.3054880037589
49.0167282915554
48.3704588359258
47.1071419610986
47.3844769681448
45.9067958497367
52.6492522619963
53.977517716034
47.8788670103388
47.7819077114359
54.4672955646022
49.1296050581106
46.7287030920023
49.600369065606
52.8928655323064
50.8653011051814
60.4136038154398
52.3838228492149
47.4680878604259
47.041412450771
51.0493131528962
58.5063121031148
50.0018876132668
51.8280113424686
47.0535824508679
52.9577797943156
42.6414774814272
51.8386802505099
44.7411463386047
46.8418066618052
47.8875650015113
50.7294905382633
49.232666377184
51.0415024569038
60.9693616317001
50.2227796945321
61.3324654930765
47.1505296254179
50.681252762287
54.3241279124752
45.4033022683946
54.6911951092333
45.2176586022223
49.6893306028766
51.185747891935
49.1808841298141
51.231022497468
46.749712197464
50.5335936030039
47.5564381868518
48.7635097659003
55.9702785724846
45.7381133050148
54.6415607416669
47.8884377499232
68.6914059036598
54.6515646278852
56.5984577214582
52.6920428381801
48.2262487443801
50.4556168979244
54.8724140899998
44.0128112930186
51.9050938732453
48.0664681418878
56.8957883929536
56.0441008336212
51.6750995600068
46.2250168238563
48.0873790861137
50.4892193045581
55.6207079658448
56.1342504767461
45.2046600528318
46.5342497386287
47.778379334201
64.4244361428339
51.0504465722849
48.9076703669826
52.8578797607752
49.4428543146329
52.0134087348781
48.6708007912844
51.7062146143173
52.4506100640642
56.3005357051174
50.3850377287332
49.6470847207733
46.0000080809981
45.38939121446
47.6445805482131
52.022294625368
54.3545196328994
54.3624380791178
49.6013851741388
51.2467703475987
44.0051444727717
63.615895708705
47.4729733437422
50.7481072024676
66.075333232634
50.5093901800133
59.9137360187848
51.056117347409
50.9853839125662
48.8278108475359
46.011319919348
47.6324771168682
51.9527596896258
53.4097096099919
42.3629152752298
46.0424083743599
46.7586854408883
42.956832291712
58.1163240583152
49.2324672236291
51.7478085066052
48.7750077489824
51.9221778134039
47.4055506362562
54.2405456394879
49.6553360342836
55.7301389604972
48.212632166185
53.1192969563185
45.3591919830767
50.2499286005632
50.5900295956086
54.0975510799027
48.4533898417501
50.7694871049887
44.4767298814936
44.1051911858302
49.9979333229713
51.1714419150744
52.3281304255047
48.133787976629
43.819763470103
49.1256129215656
43.8997899547579
53.3479828814298
44.702166646517
46.3023498399748
52.9118610898625
56.4846385369255
51.8342180365996
51.7825052526097
50.2791795143948
49.8552782696214
59.2110209049627
51.8406610796209
46.8788983503999
50.4386161909335
56.5204250953388
49.648790638173
45.2126191934429
49.4504606100259
53.5008074731043
53.8165569731577
51.4389551331969
45.458339045875
54.0482232967803
48.4665857696761
51.6006006944368
50.6441355441799
49.2802650493696
53.5685146955898
42.9671430138245
44.2433899579972
46.9980844830949
45.1671339447546
49.5797471533223
49.1928450715435
44.9492722806516
48.0323977562741
45.9953149955558
53.3326873096615
44.745163809091
47.2883264343443
47.0615227681184
45.4378939747904
48.446951026925
52.3544184675368
45.1978490643043
45.0240552127851
45.7506839495565
50.3637150310198
51.3764617650491
45.7570940763454
49.7306133085828
50.9856360715165
52.4599185081808
47.226328898035
52.7265095691619
47.8202022567989
46.889813142834
44.9147515816204
49.2744010517064
48.4644684686386
44.7566580703941
46.2314508381226
50.8221657002924
50.0245067140078
44.7011910034188
52.5017271745212
57.3771078887713
51.7488862860716
46.2154803242797
46.8859481136889
51.5603150824732
56.4032719498571
47.3148239204044
51.0105255630483
46.0092100394116
52.4502423269882
45.4261360570288
53.0636649501881
49.8598305447331
47.5332300615051
45.1929835588051
53.3530185397343
48.6316228760286
47.0162615946211
43.0052877720543
56.8402579749686
46.9253297596554
51.1819036150671
52.9084457462114
54.6522572584868
54.3022931371539
48.7895113967735
44.1285934041901
46.1939479972296
51.786543571277
44.1580684279728
51.0371032910719
58.673704994356
44.5414582137877
56.2140364044462
49.1022280736267
60.7780261649543
48.6410205448099
51.1721726978401
52.9571354541081
51.2731543277066
46.9382283982893
53.9347735392432
46.8390835817999
44.7311618882727
47.1274231627096
45.8664252352681
50.6491176965682
43.2934715910439
49.6567859176891
48.8797057696876
56.3145502584826
51.0492161684848
44.7358731763114
47.4646565744082
49.6965234945918
51.2982196186865
49.3169038634122
55.8914485218802
52.758551490932
46.3836848440391
47.0799258835893
52.7812423248504
45.4720323457736
47.31422167439
61.9039832415323
50.394390710715
50.5166201683983
57.0213287256188
61.9789451235159
54.8160110868373
53.6351263490585
56.4382605836236
47.6746253759296
47.1268044976922
48.7123334545052
52.39104946627
46.5533021228013
49.8962654011331
47.1207956342304
49.1229679660915
50.2213028459467
47.0807031731591
46.4669747990445
49.0333978895975
50.1674426103777
47.0626419600341
48.6388588004555
51.4530106540016
54.4991723729189
48.4192880750712
56.7108059704019
44.5572975981225
44.3083904918286
50.0844387054297
44.4555671745395
57.7663014921124
58.3153361690824
50.5665394753584
55.1238565116502
48.4637779407941
52.9726763236041
46.8595593318624
47.9596191262966
48.9521945556705
49.4469372475511
49.0532496671407
55.713368145203
48.3128257427699
46.6569959148838
55.4807688373807
42.6454358234103
46.0517210199683
60.116697312435
44.1610748145476
45.8730120020655
51.639859357175
44.9650055859496
45.1688986430724
47.1084642126164
52.7084806871031
46.6174558728141
53.8787351793433
51.0676891236483
47.3942603935465
48.3724320342984
47.7985118987958
45.1627455458051
48.952867752803
45.5243571303477
51.1199449779045
50.9161973166796
43.6788417816996
53.5847118596435
54.8949407970326
50.0650749250904
50.436553175181
55.3209198550691
47.430409401922
51.7127541306824
47.0032233600677
53.2664238399903
49.2808107826987
46.1159485643072
49.5890706496907
47.6930076449119
50.6691967149036
47.9007612866443
51.1511137615186
50.5726516689646
51.3302897440576
44.814981773918
47.2783478035451
49.3868989739832
46.8024618939657
54.2585799658685
45.5038546779536
53.4551911509261
57.0969322142211
50.3497235278986
47.4276077710645
47.7996395770856
46.6049582187182
43.9280554473614
52.8969769990075
53.7702824948421
52.2505787896077
46.0508605326838
49.8903987852555
44.6984669965121
51.2123356152994
46.5021141686444
45.449063381391
48.6846115360713
51.1374538273408
47.4329308364474
45.130543536773
50.7671562704775
50.0472180664691
51.4294604734816
50.5875692200259
44.1478535296478
52.6029586425129
45.1317505655044
45.1648053261753
50.1204292233396
45.8018888263775
53.798214398832
46.0926922406306
42.9181290395794
46.0115875680863
47.0478027173052
54.7038229999174
54.9496275973097
46.1905738192549
54.0567660499425
48.9612022534904
43.4752598937567
56.8278853564535
49.6003519219572
46.5409487839778
43.4431887310722
45.0302172784865
47.2570316158209
46.5649240674458
49.9604396235679
44.5116305026469
52.2291306608595
52.5288514659776
53.6903909468778
52.5061462826161
45.2526370300156
48.4944341265434
52.8653944273989
50.9382796436398
52.6978030019834
48.2484338490592
44.6263079814496
45.9098486080859
54.5207297445222
43.991465192745
49.8901263243812
46.737064239533
47.2591682365162
51.2297074820423
45.2332280957986
49.7202892200268
48.7008695398265
53.8698933273668
47.647920214614
53.0100897855082
54.573515456148
48.9268487071291
53.1853593555719
54.7616564466659
51.4092276364808
52.5814823482386
46.0557791831665
47.2461923700665
52.266397308276
47.3041404967086
47.3236566856954
55.793050571637
52.8671819394333
52.4823938589091
49.339406729672
47.123048579217
47.4720522357543
51.451517051547
53.0997908899399
52.9272256130289
43.4260522969179
52.4319268502267
44.3916913587551
53.6140828294179
49.1143137754778
53.7418112385339
50.5463642989172
50.1953038882075
53.4505694113774
55.5363956220692
55.0635095099983
49.0063340259349
58.4714811529058
47.4034277271572
50.9703553039668
54.0073723717089
53.2720052827966
54.1436307087072
52.675244573304
52.0284556961678
50.7259113025578
48.4678474860973
45.1825328373483
48.3893028348148
56.7682361697893
52.7781502937122
52.9478828336348
54.6259825037916
48.9694737189529
51.9871748860762
42.6502610154527
48.8097871490324
45.8957813672431
51.7398808034577
59.442195349296
48.5811136665203
50.1625413566467
50.1185599422344
43.4045716384363
51.122032836712
46.015637331208
47.9339239519516
50.0481436248586
49.2998042125583
49.3655472882379
50.0206393173519
52.6373521636774
45.6896020855769
51.8341242159703
50.7836057176347
53.1233051444189
47.441110017976
45.2911208237603
48.2329037959901
48.4426070709393
47.9931316600769
48.8978321045747
49.7599363092264
48.8037514742987
46.1838629862194
49.5312751988725
47.8322327868444
51.0924927938881
47.3433044319665
48.0886585309655
50.6827271459434
44.4378382952149
56.0926733578831
55.2749516647774
47.8262899143112
48.5563290475387
49.1523140319369
57.2612914094934
52.2186202288934
45.4513867989008
59.9699004847975
57.9508451245096
48.3909983233983
49.4303173737616
47.3963076721278
47.7746805085494
45.362299318704
52.0867631851924
44.7528936661879
49.8548403690805
45.5019977192775
48.0446986019662
46.7175215732171
63.4181890359169
49.0435424153056
44.2400042675346
58.2753652480456
44.8371490113858
53.4267962300765
53.1276471627146
52.6993519550348
47.0229595801133
51.1580512994269
46.4867479450497
45.2194807762847
47.1655768893916
47.7522889364229
50.8830434399582
47.1787535458568
45.8977987868309
53.1148927438787
48.6714518093879
52.2157452701932
49.9433758838315
48.5878135798501
52.6322305840448
49.0148053250974
49.17019468598
54.5833544332695
44.1073062561088
46.4972441231751
54.6925350089662
48.3259623212927
46.6880836062798
45.6812881025398
50.3025218474534
46.3613445697959
51.9579490352248
52.6142926366844
50.8551629326664
49.3025846429348
56.1217037732103
51.9541503402966
48.1478440698453
52.867332958291
50.6264161659159
48.2840009000679
55.1240288442779
45.3770144831341
45.0343931931314
53.5964838049343
45.6436890090383
55.1883825981207
51.9461048900617
56.309054039234
48.1979392960054
51.7270115209569
53.6540176294088
49.2926223914933
44.7670158145525
43.7510876149569
44.1740008906263
47.7909670279072
56.9158913440042
45.526425013993
47.4428381119311
43.9679777223885
57.4702868000224
53.8134346420815
57.2087542302386
43.6487470443915
50.0880135355938
51.6949350642343
51.8592928952565
48.777955999708
55.410635042668
51.3593388420175
52.8474250264891
45.9190731063985
48.6833651572214
51.3632882657446
45.9793958210273
54.8110646066227
48.8799626048165
51.2770872668983
49.4933972813762
46.7476378319169
49.4517277501656
56.3464437458379
49.616962836255
56.5574413748438
48.5519433441771
46.5821509221404
52.4287689740666
47.5897799190836
46.293823394052
45.1882062240879
46.0396756988674
57.0951750759203
46.3480256349117
63.0206779023258
55.2874848169199
54.1460435036561
50.6156623132397
50.2772637395515
50.1011217591613
45.4345467095356
45.0857008534987
51.2870419761886
45.1823630087042
45.9104907254169
53.4204199993876
52.3611038580512
46.6445904124758
57.8364917211633
49.1400161407759
59.6722508816298
51.4849542367637
49.089793239824
47.3717427379597
53.087079953601
52.8340865300281
49.4785307845884
46.5502371099874
50.1460668905416
49.989528791357
46.8029560931592
49.5687265629079
47.3942796380676
52.1837405277709
49.1760901993813
53.4936120996082
48.1687481215399
47.1387851655518
45.9305103673841
53.3053444433083
50.7129964948284
52.1211709248443
52.9050892506323
52.193134282813
46.2964280090194
50.5051809114804
45.6487041413992
56.7690875055259
55.2164625998859
52.2999284694018
50.2544277392849
47.6375878223142
50.0801992409819
53.2187833954727
47.2251808873586
49.3303181618675
51.8675551310021
47.7566959422505
53.0920224896596
49.3111602166344
53.7252791581504
51.8012646248546
44.0642349880207
48.17313184892
50.3705679315706
50.6662520259817
48.8645931377543
57.3105311284702
45.5548602243961
55.7874020384261
49.9240872553663
52.7634426702273
52.5595416621172
48.6285133069005
43.9534182339246
49.8324321529797
47.2210559150607
46.7274418642535
46.0281008132272
43.2554042733365
50.598650380903
53.7845352361672
55.1028521969847
43.3433393826464
49.088728320432
43.7661342506597
58.6756372108757
50.5305727169564
45.2284235572023
56.3190044231306
45.4072968721253
52.7216996489754
49.4769131743195
51.0813171182671
45.4229304983199
44.392565587549
50.6613910503807
53.6090129182204
62.3629178961012
59.4340847957061
55.3267417603746
54.1793951071893
53.0533606891835
57.3204549838045
45.8506585761764
44.6192082435986
47.3402060556163
48.2314973635778
48.9480382145152
55.4222938962265
50.7908615104917
49.9004398287561
59.0855158590546
47.9942729315761
53.1643310992098
50.378078120912
52.6025861385143
55.6460283163365
49.7148451569334
43.1593756500588
48.6863651526728
47.4413202231798
49.9190654722929
50.6067089694907
47.7237952128877
47.026792630413
51.6460934173444
53.55281676035
47.2624361790005
52.9909288855136
42.1986621020864
48.7142333804298
50.7401126908003
47.3734989672437
45.5750233754407
45.7327506485159
54.6115531970076
50.367779185941
48.9815042257903
52.0108293083665
51.0666244459662
46.1331637132119
51.2175303160313
59.3221632175116
46.6351071296357
44.946314097023
50.2540879565392
47.076407442551
59.9111321017249
52.4168854074384
45.9594564364334
51.6259695255836
47.8790720692736
52.9968384108201
55.031631944224
51.2017109449703
52.2555604199425
43.5389708623114
43.6750252508864
58.5716567684917
49.0546480132644
54.9945161433239
50.4873041300724
47.5486600206441
46.3079020873386
47.5600465226425
46.6598706028334
55.9430445021158
45.1519498912179
50.8976304390429
47.5230200483582
54.852917937432
54.4572533206729
59.0193263535624
51.4331440795518
47.9235575582903
49.3598945716221
52.5621258279988
48.1077032155306
47.8558837486568
52.3728425304584
51.1212323214485
58.762985280648
51.3986105102013
51.4928980345882
55.778746849589
46.301218616977
53.4869901003128
45.3427115253831
49.9962464255827
50.2150006604625
48.7812787841537
47.9548077341509
52.5874005598071
52.67850649786
43.847259895917
48.1610258903117
48.7950913482749
47.3304903036598
49.607436080822
48.9126122986721
53.8238569311728
48.5715199548462
46.3553070046773
52.4378397174186
51.3086399694462
42.3496908084062
52.6558356252177
49.3681080920744
50.43340424238
48.4749727639916
52.3756176652427
58.6663623140134
47.1803279447411
56.1956033853444
50.7490171982304
44.3872237700185
48.3381384326075
47.4928463061613
49.1715549435728
54.0196774543326
43.1776713142058
47.5975163595193
48.8998483678781
46.7887111035022
49.2650622248215
48.0417057906996
48.2145499159367
57.5938578595922
53.0999135892606
47.5668478263541
58.8154605205378
45.4729213870186
54.8896899955817
52.412754122037
49.378947117903
69.8424619496969
55.4155278815566
53.2857004908402
50.9639193251622
51.2645947817513
51.7973931318937
45.0911477235667
52.3114803948404
56.2722999587297
49.5499556281939
49.3016039966514
48.0622736867356
55.0281391714908
46.8863467216091
48.1271611181377
52.4739832345367
47.3306270654541
48.4470700247318
47.8603104607609
45.5714941415295
52.6316475714314
48.842159264977
47.6257786095465
46.2083517829675
48.4758233046282
51.519020055199
44.4403505571502
48.8143755901599
62.6032178090965
49.6337168171192
53.2462448662571
51.5536473716568
47.8833065148412
54.3916748379638
49.9710499764474
47.0401567689956
48.8924965085047
50.9876599667436
50.5024145789915
51.310590648396
46.1974338114609
50.3071291767714
46.2631055359509
49.2889676505258
45.6792848320097
50.4355247818997
46.0470739064795
53.0273154901213
53.3434832320547
43.246796061999
57.6855609591271
47.6690362246505
48.0147704024953
46.6582395253268
49.3401115035382
47.6344274685421
51.3386400022753
56.1812235247367
49.9458201383326
48.0805683230917
51.3717405369493
46.2952437239271
60.1340484585218
46.1481563944518
59.5136448508226
49.6096672914025
51.0886110105748
51.4454727674376
50.2481528959599
55.0518154011932
52.3788562696714
49.5608234511973
53.5766085369723
48.9291803017871
48.2704904107725
51.2444397503485
52.7118793122015
48.4662327714844
43.780809904786
47.761459668652
46.8407603471265
53.2135122519678
48.2662222690551
63.3553610171904
50.1272021122348
52.0259663955044
48.2179348928134
48.8120337740799
47.5103697591323
46.1250920404231
53.4614617653527
48.6613246841126
51.2101316299081
50.7410915270236
50.2721495642057
47.2779330486922
47.2111072586676
49.5190915800801
45.5023245389788
57.6710618776307
55.0382359340879
51.9759885691033
52.8336946612391
56.3061801201624
52.1466566886507
52.1308500946631
47.8069837439055
52.1332927951762
57.0530625431893
49.744029356309
48.5460511463083
43.1325388557828
47.5329803641072
50.8771959136263
46.8253191250874
55.6704559822932
49.2631724457829
48.2522128538106
46.1185137537989
49.5460661811999
48.3592367849151
48.1727167417216
47.7128152394985
59.1671574929631
64.406510814648
47.6631871698092
51.749846123582
55.2970209037124
45.7931085615285
52.1995400122899
45.8535980116583
62.1344187979082
49.0579018074006
50.9331626298105
49.0842061137214
53.6196733660707
47.0778361698896
49.9717275508888
51.1901736569793
58.0097858626216
49.5700648677086
46.0346083256591
51.6896352024049
56.4040087618084
45.7693220127715
49.6340705434021
48.7715217381178
44.4618381607531
48.2001274763334
44.8760988259392
48.6341238832001
51.741465853365
47.7031918230376
52.2823491443707
52.4874242427276
50.9807355392498
50.572755875051
59.8436041801746
48.1455529578095
48.6370159638001
46.6930082521079
47.2986187896088
47.1306734190508
47.9523788896656
55.0060841925994
50.3327830587425
46.3281295787387
50.0100203252849
50.9361985865056
49.0066714129094
45.1004097924958
53.3258985715142
48.8350496677575
51.4246037111083
49.9101616698707
49.7737543153893
51.0565125384158
53.011824327693
56.8351992007738
50.5201143699262
54.8056673414558
49.1746145270196
44.0694286803389
45.745576656394
48.6744273263941
58.245742260823
46.5426980512566
59.3727907209642
49.4772905465506
55.1203660810834
56.8229766641735
49.3790808560688
48.1777201019665
49.7026556501017
43.791077774986
49.3426694521579
52.5140764069548
48.2399518290564
50.7180237682325
50.698754870301
49.6178440371661
50.8997175891653
51.1074542747074
46.6728892073247
44.4397822710511
46.1614036275657
42.6721969288469
54.6721576185705
53.917783933709
52.1799189274271
50.0853699781006
51.5673326948383
48.7752035735503
50.421801408366
48.357709294029
56.5591574567687
50.2817072035597
49.8069587105705
60.7285251991234
48.6935378642379
53.7626848037804
46.8040933666657
52.5731240414244
49.3910051420811
44.6956509903199
58.5210953642306
52.2678181124584
45.9502638087382
46.1431338250758
56.0111348146091
56.4725054723529
46.930685722306
45.9505465526118
53.3239674439599
45.563486417125
50.18990416824
53.6517538141288
53.8686706630385
47.9742196089246
46.5993691407124
46.6732577144612
50.8334318527519
49.6120614527147
55.0020126787754
48.8854094959297
52.1900414919151
51.5238017702867
48.7623367608313
49.0671017070743
52.6356340026956
53.1937455188404
43.9513414621454
45.7474697616488
54.0283115506236
43.076845193366
52.285604082473
43.9988994850325
48.6337526439449
47.1584535000117
49.6967090081616
50.7562479555616
54.3779126441854
47.8481712475008
54.3499747557782
49.8213313960961
47.9926024117729
47.7890110960912
49.8982120915686
48.1721257853576
45.2612726606409
49.9737788517034
48.7631204071393
49.0869389082724
48.1525570809386
50.1219205721377
46.0253105291841
49.5416069941988
49.7835481946877
47.9061540504504
50.2316209220247
50.9349299967147
46.8455298082607
49.9505283318835
49.9133084689474
46.073886735072
50.5649084794947
49.3030013364097
51.7666711090425
55.3445347554496
46.9845260466269
45.5800452456142
57.557860646196
51.982458853871
53.8308560399267
49.6186015309411
57.2731762999562
47.989057762853
51.9982728193649
50.1300403693368
50.6372873162148
50.8522760250112
46.2180874125679
53.0568011459018
50.4014540491681
45.1994472468162
50.0895797061784
50.755346554846
49.3277397983631
56.4169620781094
49.4288610987526
50.5580806961902
47.5960324294168
51.0126068999025
57.4531897478721
50.4953582675074
53.6587042646579
46.4815561329165
54.1518114838379
46.2404115312103
49.3011472743418
55.0917065965108
48.4339290069073
56.8918558438221
51.1544018859122
48.6235323201538
46.7244941640294
45.0243408020493
45.7200698482922
48.7571798024357
51.749465900541
42.7591426691227
49.4918154434801
57.9535573962473
46.5024567262866
56.5002498951697
44.7646982457808
51.5209833562216
50.9267682093165
50.3175879389899
50.3475504787474
48.2766676831759
48.6322934467409
52.5138300464167
48.8896816010996
46.8711621941191
53.5491765155443
53.6339622869554
55.8337334958383
57.6648995082994
49.6434558790435
50.276175292983
50.2834551855017
47.954103224422
49.9048988052004
52.10537505506
48.3628208094974
45.3756511584998
47.2146701012855
49.7903177467761
50.5800350095505
47.6646055696931
47.5655018023913
53.2835419651198
48.596982762208
47.3709249279102
51.3568913741515
54.5563140746321
50.946011384157
47.5171172278247
61.2498804478452
44.7286082967522
48.2876722440295
45.8864613228456
54.1343465710194
51.2610805977374
49.8734045900998
45.211286592247
52.1583536008994
46.8058067796962
48.4868252638438
50.3660745359538
49.899082380117
49.0626557654763
51.7357530478802
48.7725858448618
49.3561595228049
48.3643113959077
45.6874284037328
52.3882981861719
53.9667339113826
60.5415938138829
58.313879628633
46.7525671992072
48.2233044927851
50.2499692646428
45.8436387450599
57.0606407695063
42.5647646059656
44.0213182891048
47.3053357961752
46.8304309547947
43.149224810994
49.9462887069575
49.3423810817596
48.899741914821
50.9831186217718
44.0869939765457
44.5155868843242
51.7900977925433
50.1488175909126
51.8938722208625
45.0264013211968
50.0189248992953
51.18070119598
53.4627260982052
47.4137306389634
45.7514132205514
47.9479912442136
53.7093938561002
55.0408760137379
45.403213817558
50.6891208707819
46.5012866632026
47.4477880307303
47.449576675716
47.4467699183231
54.0434453947476
53.2389156071419
57.8200665384735
50.2485387792393
47.0723770204144
46.9904763478089
53.7467130565334
48.8664630094257
47.4854783525664
50.0397629038431
48.9398365613006
51.3039917537808
46.560412555784
53.0453509383454
54.3743414441485
47.1548013689274
58.993404859604
48.5903507557877
46.4699634430294
52.6625983802131
46.5289552610665
45.5655013906559
53.1409514482075
45.9313492993939
55.0576990922226
47.7355695383635
47.0863356884266
46.0359456085065
49.3577915396667
43.7437912305325
44.6048787816554
44.9735749776592
51.8494997594565
51.9281736458478
46.2275152647442
46.3035711867623
49.5773270945892
51.5384287684995
42.1755631433515
48.3476509682673
45.8885825311905
44.8261292868452
48.5198025066405
69.387916542108
54.7786401832485
44.6683903014534
48.6760466015423
50.3221940625905
54.9712545990787
47.2712482560402
51.7212414262597
52.2920543297263
47.8807667979811
55.8721782832356
49.7908582145588
52.0021532163665
45.0026746204768
52.3560053798869
50.5023407414022
48.4935661100068
48.0846474283472
50.2280254296188
44.7117169438385
46.2917782261302
50.330943292976
55.0378849136348
46.7002291329578
43.1044036049973
51.1255554389614
53.0256346980061
50.2612923632713
59.161077047435
46.3783500337384
48.2063262124982
53.4971300198392
49.115201753541
44.6515786570973
50.1135568492595
44.3989070400092
50.7626129932678
47.6969174535434
52.4179284345379
46.3750259533671
48.6694945952005
49.7005613538678
49.7520767773577
46.9414161127766
47.8823938129735
47.1471017997797
46.4200687920536
45.4219765102312
52.8273648159842
46.0388304200564
47.8287225258131
44.6027137944053
50.5025496095031
46.0493258619515
45.6285123693335
49.4946855145657
55.5092721432202
48.5618768170535
49.4441257312396
53.8665596530067
49.4540209461021
43.2544143820686
46.7941588108854
48.9273807265105
59.5500466907385
51.3750249856347
57.5087103065589
54.6226966881651
51.3864795728361
61.2668712362829
51.5950029365811
51.5581510162615
46.4470340352745
45.8313511432743
48.1708474375287
52.0560244987253
47.3611762861311
55.2335699770862
50.2950904673801
46.2108518004312
52.2782451199171
48.5518546681004
56.5281508121785
56.4887543162058
48.5471217798268
51.2950060136446
50.6940524552573
47.0769697822137
47.1969459752221
49.9660712101358
50.1283147682273
49.198040775193
50.4714719384333
47.0735294221456
49.5682134189385
55.2387250578468
50.0883485643631
52.2271220836905
44.6139624703859
45.6723581338438
48.9099093825757
48.1372549459421
55.4607426900253
48.7406756734326
50.1668286763037
45.8806518033193
59.5195045843886
44.2751145371931
46.6833619086636
51.7430527436456
44.6968919175006
48.8931492881178
46.0171932128224
50.008135557486
50.0515942572084
45.5295072584755
47.489068752283
51.8927833704138
48.7849111210968
48.5406082380146
51.9205655881042
48.2282905356161
48.2058007868392
49.535732542217
50.1613058937524
58.6655908918352
59.6613360516886
48.7304257511803
46.4202224732297
53.0726869715591
46.7930291867116
46.4097213526296
49.1045934725717
47.4897683318043
52.1299862773728
50.9657656753258
51.9438566197916
44.7710962519147
55.8122497204233
47.2138202264654
49.0696878053073
54.5348449844587
44.9620923561741
48.5262224084303
49.1608850969995
48.0584473084528
46.1482987645932
46.2296704969174
48.4410102121743
54.0253328659969
47.1528863219881
46.26814511426
53.2296152964363
48.0095646712655
49.7623340173506
50.0981533248364
46.6097176725465
46.2107503009716
50.8860061616173
45.2971518231482
44.9993956655229
63.9313040356938
49.773706983012
45.302285843861
51.25274075281
50.8152088226065
47.9324548331371
43.2085868087763
47.6342603130121
55.2831440262956
48.7157662492017
50.9242026982001
50.4989166773764
52.6434964387469
42.2538039980891
46.9436317516232
47.5110241503051
48.7495456231631
48.2919083459191
47.4569049449246
49.9876474437581
51.9237046481336
46.8557975404952
48.2921906687072
45.2362294565835
55.1164413087184
52.5048470987843
45.5330099422192
45.4714514613112
54.0613436802047
51.8781723913
64.7195868743999
44.0287003886263
52.8249040716847
54.366751011756
53.9825507766787
52.0843086414348
59.3951247489672
48.6949804760193
50.3111880934407
48.2737764876562
49.6954774376088
43.7551883266267
55.7145224294115
60.9127323872555
43.6493996370969
57.4166808012005
51.4468787246621
47.7836386364114
54.1028292038608
45.8114741104285
47.7967404602207
46.1429313599086
45.5991917565046
56.180107955728
58.711769850013
42.9588258254335
53.8564156720764
55.2219900842522
51.1873545036272
47.6548155222562
47.2771606809966
49.6428558603855
50.7513559665919
53.2746044172168
47.7285684769621
50.1437915559022
56.5498780816616
50.8344060209333
47.1722094063283
49.0198732486697
55.1713107301358
50.2013316589637
51.197702184958
45.3077175184965
50.3191233792287
47.8113545399358
48.373328347438
47.9065113392121
48.1478854133127
58.3736287711518
43.2966157627025
52.8541935257257
47.2630056411479
47.1802146933094
51.4524825904935
49.849883482942
45.6436205106163
45.1632548122295
52.3135571026686
50.800315865049
48.613966642287
45.4731337072421
49.2728410655397
50.5798825768484
65.6179280563326
50.7990669457327
47.3129395302841
47.5682855043663
53.1344346902431
53.3878421839188
49.21430145182
49.2477032508366
48.8480467853266
54.6712790999377
46.6621048844653
47.2804538678365
48.7682233198816
44.9851074341098
47.2926480001358
47.3940970516446
51.3908227541008
51.5331614812184
50.1829635090043
49.9609900702277
48.7134308665526
52.6053120231247
44.3724863767738
49.3311516041011
47.458195833864
45.0683474186685
47.6734195032767
49.5362600284326
50.0499408850788
47.4429021125402
48.8050637542375
44.9043585279464
47.074390199033
45.0820184247752
48.1928686384029
54.9146005997456
47.7227799511455
45.1736206000271
43.6565411380529
49.5057535785964
48.2102567048271
45.6562118929197
44.517351617968
45.0117334096864
52.4583382478075
51.6423186738665
50.1343960132956
43.3361815584426
55.0148033034251
52.2119410875137
49.6895524829811
48.8076606203837
48.8273010153965
47.3673787865687
47.049343557682
45.8169802002969
46.2512920360272
53.6632703796426
47.1840048997047
52.9525510288236
54.2419889770851
54.92532665959
53.3333802256434
52.1886526946864
49.3788024715787
53.8663394366056
55.6132504799118
60.4462779938727
57.0067125420629
53.2587915697371
45.3224486193147
51.6013135800942
47.473281139188
46.5563650515236
47.0017806187338
48.0638236867791
54.7118923962391
54.6006131980151
54.4064487605419
50.9722885120053
48.8253523846884
51.5896108685955
46.6116686513713
49.9497664678409
50.1573082211213
45.9695930342147
50.4803690394438
45.8708746108586
46.568635929071
50.03511630064
51.6844936414841
59.2259633971033
52.1256654926067
45.0742536670099
48.2840934460558
52.8738828943787
55.5780548613793
51.8472859209937
59.2447049615625
49.3902676067956
58.9818036234274
42.8620834338738
49.5841397668261
50.2041082412962
52.9699096632571
54.2794106719425
48.6644439165211
51.7143921360428
46.9151786628602
42.5699920839776
51.2777656856431
47.7983777608085
45.7972630125359
50.7827051576315
47.5282583182228
46.3945993421096
52.7547071140057
45.3796450310874
52.5794028002954
46.755714191909
49.3333892137083
51.5911084051788
43.9290908600919
53.0093252557186
44.21330195072
48.5126246695963
46.7039503849342
46.5187071849017
49.4899349352322
43.2571332902978
53.4455831615479
55.7328892710838
49.0303381496126
50.7569770899989
47.7328011906311
46.6196177946441
51.3748711667469
48.7483872314501
45.6813877563176
46.7479329919283
45.3598570162868
48.4990878079851
54.6435196365279
44.5791291850781
58.9360739159908
52.8890587588269
53.0423049160839
52.1659687433604
48.4039187815071
59.6417339632194
55.1235389598085
46.0285611199721
53.6887414009516
53.7062691193075
45.6062916204233
49.9287085269002
50.1579607158268
47.8714439170974
48.1579748917277
45.7924340079516
60.6958293459869
43.5993563050481
50.2126803550783
50.1057924247367
49.686548054476
51.2547345018347
46.1132922299803
55.1629162442897
54.0612932446287
48.8656172734145
44.1554493068595
47.6157790294037
47.8930885737875
47.8763895056583
47.1713956976741
52.4756411834874
51.7633524950145
47.1873910034311
53.4757219504369
46.6628758358672
48.2747146678367
58.2019424101906
53.6668037530792
52.6618620552988
60.7802434546537
58.1752975121256
47.6702368171007
50.7986705943483
47.394259159164
44.6036835834771
44.4370607060636
46.045023855453
53.4632802768887
47.1290593489778
55.0931354373448
55.0987232508275
49.1723865165054
47.5973933706092
48.7252209477742
55.5117052632112
55.0311812530385
46.9643314372182
52.7498489314024
49.6161813190719
44.9960613298836
47.7924061914358
48.5173068832609
52.5302911841194
46.0973071049983
42.4022012540371
46.223121783048
50.8062250963208
49.5937863841197
44.6906882469342
46.8622975361209
56.2731392587687
49.0892822957072
52.2639005628183
47.9889962644104
48.5443901751446
45.7823595810294
53.0100739065248
60.0277320058292
49.8807280419077
60.5369512226067
49.2771969592784
45.1332600211996
49.0932286842196
51.344960837437
42.9168300127588
46.7678737678376
49.5732872415741
48.781331922106
49.2209722279642
45.1759061455756
44.9100868817408
49.2828545903606
54.1026567811946
56.988716751362
47.5298594055579
52.8271449461912
49.7149112094612
45.7038492781792
47.1199094461111
51.6931181421636
48.3632364700984
53.0089697850101
43.0509602244156
48.6528965501276
45.9944126453856
50.0079854324131
51.0097957375401
58.5703376259504
50.6362244932567
45.5028074218211
46.7375097303097
47.4080269440447
55.5851949708706
51.2564103839627
52.1477699973664
45.0445963059374
47.2511037889182
52.1152675828844
50.5410168712936
49.7387672291696
48.5912154037222
49.5724041796941
56.0542644122972
47.3650777402465
53.5080123154526
44.611686836676
51.1698518536491
52.4154071844523
51.9214019723402
50.3634227148554
47.4446574689423
42.2841909020581
53.4402902533129
51.4642798805621
56.1916149704405
49.2365458989563
52.9391171841965
43.9628756608879
44.8094506201386
49.9047282624207
48.8077637471421
47.8588776482068
52.2679888163764
51.0120180156298
52.5658471019575
44.6530574637361
63.0116000861175
50.3473141386086
50.5023226872369
50.0982451995602
45.1283874164947
49.2410294486737
53.9769873176879
55.5339209780827
48.750855205597
53.2219735629659
45.7865606778928
48.7332372357005
49.0356211060507
48.2824233800538
45.4494735757735
53.187101863694
47.6428613084185
44.6214122205321
47.5847617582324
51.7513333468618
46.4984229898396
49.6760514881467
48.4783918982245
50.2140856573246
57.2566188427527
43.3055344038811
49.9063617647197
53.2739936614567
62.0743726953348
49.3994427825909
47.2713916638514
43.0759857227208
49.0362881651097
44.395242174372
53.098921249147
48.9406865539036
48.5073528277483
53.9250350991206
46.0409293450015
56.3172158861539
53.1987806789792
60.1606025601891
44.4578587348234
48.2171255637634
49.2822684640043
48.2211595865328
45.7037928070695
48.8513484281043
59.9432037392704
56.3046284049943
49.4407597146149
47.8180440315829
50.6853053086392
50.5527117711317
45.655461928717
43.538709986337
47.1990963960605
55.9044799055371
49.8120987098767
44.2981904796055
55.0922616496641
49.1015169277467
47.3758821031036
46.6096139113076
44.948408530845
57.9334394318599
50.2708480188017
48.6116227748959
53.9228170534946
46.775745341848
46.8643166015072
46.730090817572
54.2664608851579
46.5503026469189
53.9557050766698
52.7348157425018
55.796699741962
47.5624293024896
45.1262971065657
52.4387901543739
46.7502005696855
47.1338406352751
48.5766075486174
47.1960711723251
53.420616010354
46.3485974076658
48.586536880897
58.1151300693036
50.0134312703801
61.2813271175264
48.7611316578285
48.1568337345541
61.1839291136527
53.2444897547574
54.1651814162937
51.2721461901623
57.9497454128428
48.0231395241249
57.4664722961735
46.9173223769526
45.5472375334949
47.3600464889198
55.1635523426393
45.0652549964167
50.0021724896131
48.3836372224747
52.7934462496482
49.8902518873718
46.443536854429
46.9583218102454
46.6377487856027
47.8637542159339
44.0619989725547
49.4099249545689
47.8380184712799
48.1750249777301
48.1162702855988
53.3404566578934
52.9196849090645
46.0065568520349
52.5166698571639
53.4860119597873
46.9947736121081
47.0396437662275
51.768043612804
58.1297461073164
50.3252969921613
53.5815036531202
44.1899386071337
46.505691348643
46.3324530617586
46.3598941967877
46.8946682467705
47.919990103803
56.8205453703616
46.6732586441245
46.3347173553072
43.8103666947551
51.7320597229982
61.0387084343505
51.2166544776061
53.0129679133614
46.5235425609996
55.172892268781
51.1490759083697
46.2265389851168
48.4410899745634
48.8008445681019
51.3783576679723
46.9301477757486
46.6269647826915
46.5229837438001
47.7137762155846
46.9552453906514
45.3591391268665
46.7242131986383
50.709998219272
44.7496448630358
46.0306214480531
49.7947591975426
55.4890965378418
50.2900448751011
50.1762108576662
49.9910370409355
45.0887144039479
58.3297063156059
51.4450485984344
53.1313334963169
48.2707139641569
50.2809626840771
49.2225722168075
47.2144240617803
52.1260569496035
54.9181988148476
58.9047816216625
46.1472831272539
49.4964222666935
51.4792137346384
51.9773800962135
47.6527123096691
50.1745889477516
45.1031057516871
52.4298783932352
48.2111201052253
44.8436110322301
48.4839032916717
48.8570745247244
48.7857171065829
46.8375077052267
48.3510697989556
49.3552910068249
46.0444098683992
45.7973522868695
44.455310786638
51.4670598252957
63.0352227888132
47.3545646043781
46.0632539122399
47.3880446817432
48.8732970815504
45.904265833539
46.2934554759803
49.1484334016542
49.8293191137888
47.4596169588376
50.6253071261951
46.216767767922
57.642784478229
48.6666013324858
49.7739323490258
49.8721736479852
46.4333220185602
44.8813071055802
52.2115550959551
50.8669102012971
49.1976397632851
46.4705204560404
54.7834457186101
45.3475583174953
56.427924209452
57.4894442369907
53.0840836252654
45.789743271575
46.6368434379773
51.961566217007
53.7009718634704
45.8423626606229
46.8278984627083
48.5156478635293
45.667446554914
52.6792797641041
46.4364908698092
54.9800458013722
53.2489289079483
52.5247212003478
49.4147226097936
50.7278518120166
54.1411045482828
49.6766539675654
45.7215939507818
46.8228955510665
47.4171188767785
51.5174213680708
50.9786162546325
48.242242933988
48.0829224366128
45.5250826118056
44.8995973992397
51.0979003843867
60.7951154926246
44.5683017594846
53.5350177930307
47.1375678262089
46.1340950351149
50.4838525666992
51.5679015255571
46.2326037615829
51.8575511860778
45.613015821898
57.6646129245672
58.7840237444814
53.0978000184894
47.8839645220184
49.7346675179886
52.987342781183
45.1719399445513
44.7534283845442
52.3539358622659
52.243502447401
48.1910041567553
45.0818555997008
50.5650520749153
54.2158084355555
48.1889329936865
47.0848605015076
55.9764618295309
47.5616423156895
51.3746823006758
45.7785075084138
47.4697658321378
46.738930736336
45.1796162644189
48.7607941458418
44.1270051239699
49.0225709037348
53.4125816705237
48.2058595854386
49.7415798299426
47.1596620244143
46.8840234455985
47.5258832820062
48.8802114724507
47.8420874279774
49.9170188290953
52.6641391338469
46.8292308927585
55.8597231734588
51.1555978759049
47.0342466940281
59.0195506869265
52.6145226688302
51.5964082821913
50.0929339431666
48.1167012538614
56.9157786548955
52.5878816358947
48.2111199945047
50.750824439744
53.1270528700434
46.352387736593
52.0316908220049
46.5808583303535
51.4083308884514
43.4801121698268
54.8492415369805
51.5412296628863
46.1765808122633
47.54738706751
47.791336554042
46.1621728588992
49.9911721860294
60.2567058906193
50.7353763242726
45.6825491108811
44.4080026693099
53.2732763477941
52.7225651347142
48.9420398290841
44.7878583592969
50.3590317891242
51.0905218755045
45.4896649380654
55.7610201280073
43.9163434744352
56.5605154478992
51.8645036393275
56.6686215928701
51.2460803908752
50.3182323025978
50.3042124088089
43.5075473705489
49.7040287450216
51.8699666462608
47.9704573122429
47.8477367788311
50.3956191267646
46.0162723489759
58.5750527454573
50.3824360801064
53.8171308742944
55.4150756684994
54.2920594180228
44.8315151287402
51.4414300953355
45.5643896790245
50.7746995798491
47.6294423482743
50.7960530439061
50.9875602958258
59.4195841270309
51.7787544451213
49.3518775673434
50.8961079650466
56.1884185404888
50.4076742611814
50.1413613819452
51.6143369849528
49.0138627529138
47.6514738719541
44.3551946049605
58.0856256989593
47.1118531478003
44.8095083488091
47.9510067282743
49.9066296977039
50.9470121871075
47.1941149989383
45.8326909751336
48.7067851076541
43.5041848012822
51.7772393859161
54.8058923462822
48.7835109854749
41.412615610629
43.877048391697
52.2393540315178
52.9364954868679
51.1102085547866
42.5490244864583
46.1919980676424
48.2209251299008
61.3256090634814
45.3498094153422
52.6983007844372
49.1843670889257
52.5034282212253
49.6267963985367
46.9855873753126
45.8499817852693
49.021187062651
46.4654245607673
44.3360918533524
47.6150715712491
46.3641804294522
54.4375383069943
48.445510220624
47.2581923935106
59.0204292091911
47.0417945323056
49.0554348452121
46.8123076671652
52.4762692364936
47.9059443814742
53.3675882828185
51.455321158937
47.8263690092225
45.2217577504807
42.6424563466259
44.5403112946044
48.4938302189414
47.8887204781228
50.7590451233492
55.5514607208035
53.4591207373928
56.9468851875206
52.2365610839963
45.9386512637074
44.1864639955118
54.8140019813295
47.7810447302829
44.9989785006939
46.1486366247148
48.4723401749679
45.9176203033186
50.1189169382853
50.9505214173789
44.5800747434306
51.4220467453787
51.3061137544504
54.5636540407456
49.5390569494417
52.7747807153448
53.1265583079485
52.1891599228692
48.0573542088993
54.2192971861167
52.9215971945887
53.2127169327601
49.2060857602496
53.548153737273
48.3611635868176
59.2943537329957
48.5634987475006
50.6481274044076
57.3401732744684
45.3015271014516
48.8133870730114
52.3160807744263
49.8845197660968
46.9145799435997
45.1375514985494
56.609268563459
52.3391234848401
60.9452202225648
48.6472894262007
47.0223373621654
54.7624877516823
50.5487782129123
43.7022717180698
54.9907791968564
47.0222526220983
46.4043637787603
47.6885348172074
49.9711020921979
53.9166318806903
46.14544119798
50.2097958116065
49.2003856566836
53.7239881883909
51.3833203537867
49.9796597202727
49.657101860007
52.8341346555802
49.8750983565931
51.1305162654669
49.1762562053674
61.0656363932857
56.7952637478345
52.9887628292799
50.6721433555727
48.7556039223298
47.4256876757754
49.1877491330497
48.1953714003585
48.1697228135064
49.4728940433349
48.5226989984111
52.9726985697294
49.9862659666786
47.6792301636839
42.7018164696957
51.3087388817324
51.6988262031145
49.0642345855031
48.5131382306903
54.2367939354578
50.4964707436494
43.0802231923044
51.8702651921722
59.5331147330048
59.9753536632992
47.8711334964868
48.696481914919
58.0063227852814
57.981766877494
51.4460467440795
52.911370576496
48.7784544739548
45.9684742524477
46.2003597525636
49.2171451750898
54.9340144433187
48.6976000806289
44.4819527589928
50.3525994338229
48.5481578305776
50.3170002384679
51.2269801420724
48.0815574013275
44.9475327031339
44.1685758326981
51.1020908440375
48.8990897029927
49.9550622453555
48.527132235942
48.4002852129462
47.6526953289272
56.8858412596575
54.6418921086031
45.7997907954343
48.8451874264343
49.8060441280998
49.9652588592597
48.3751271668565
50.1358011537443
51.3148201639458
43.2316451099177
45.0908290933808
46.3206650916301
46.9768791017424
57.8595366096196
50.2537932114293
45.5741002442567
54.3351917416407
52.1432366962791
51.23514355533
48.7007544818709
45.4692052762054
54.0231905101668
46.2757428208623
48.9769347063253
51.2530718137627
46.7971145106984
49.2632325686637
55.8870575892209
57.7215935719867
46.6646460067261
53.8179943172773
59.8260514580906
47.2306984720725
49.8783554713696
54.2431784045188
53.4961450267277
50.1198029322465
51.0646354615696
51.8272264054792
53.8465793406715
43.9994133791679
52.5813705755311
49.2115548969375
50.250737792615
54.4591676058401
44.3489337523076
44.1933920146527
52.1740112797764
44.6723670062094
53.3321112408596
49.0360566444836
46.807364688024
47.5828211198036
50.559455180675
48.9952461929905
49.3492808840789
46.9462207846942
54.065678182148
48.2521725502354
47.9440225548545
58.1265635123863
47.399757787169
53.3471330142565
46.1964481533449
49.3073838957676
44.0904203081892
51.7866049318095
54.2763951525882
48.3543922636073
60.5368876265847
46.8406119114857
62.0782639488624
52.4248840958433
63.0255605244974
47.4848437009051
48.5087376872605
49.0515816616235
51.9829370399598
44.387114562082
47.0109684600026
58.6639361449751
53.8746042300561
45.6229783103063
44.0604189885456
46.4373881935743
52.8669400227293
56.5232460081807
54.5410479816955
51.1612749104216
47.2763332195724
43.0851972916197
46.2343289821555
45.7005868146741
49.2211399213315
49.2105879368322
57.2638829390646
55.3674762970593
57.2621367496238
46.5098731464973
59.3716738266635
54.4176153498519
54.5906258617745
57.1547054066222
45.9340848757852
48.5339167898274
46.8509097323101
53.9959099307199
52.7620046738626
46.8682356284715
47.5172570060569
62.6144121239383
51.9681348240204
46.8896720425998
48.6106353481057
47.817901654926
48.9392944867356
44.6494298122545
52.2392452609066
48.4292239688169
53.154082260914
53.7181677725739
47.9187771093691
51.7850556780953
44.7940715819221
51.9614694130143
43.9281336096687
50.0646534066426
47.0925763131758
47.1471576767122
60.5338754057136
48.9548409165382
49.451236465965
45.1989869905617
53.9890908192476
56.7279656980294
49.8160076552476
52.1158206931441
49.4800047309756
50.7976162409519
52.5377942977961
48.4520212346947
44.0929367033553
46.5794001446227
49.8218258428288
53.4068120991309
53.4493695144608
47.8033758870339
53.410079137243
54.7692373787139
50.1700187467986
46.4086616023721
49.702761657958
47.7580516052224
45.6682863057868
53.5415431371556
52.570601582076
50.3558176058036
47.270619227602
46.784787561214
44.8872560630433
48.8448935927606
48.3064699623492
47.2251876407532
51.0387374156067
44.5630216358621
46.6030610846799
45.7596668487501
54.9442515772094
57.6935490073141
51.3305919134482
54.0914441973719
48.0119470469131
60.5357616729731
54.5189019840754
47.2765680787319
48.7661412819272
47.7364879131057
45.9105650212075
44.4990411405426
50.2999683114371
49.3659717865332
46.5006253179565
48.5224364499408
47.1925027749028
49.0502302752056
51.9751821022986
50.3920850825804
46.2053757261741
48.5604834901172
52.5655011276187
46.1575875088153
49.7213941182676
52.478190855166
53.2801732762776
46.3822612001639
46.4395353572572
51.0044680940755
46.2403297787462
46.9136326372107
46.3942148686298
58.041384299313
49.366403153101
46.5270779562933
52.4707120555508
45.881611252515
55.8810456975223
45.7311700014499
46.7933387850689
45.986697439975
45.7883072367093
45.4574846894334
63.6141975509082
48.3485126401515
50.8721364048952
45.3831127474858
49.9294674990657
50.1855173681621
44.4269950200162
50.4759106565916
57.6965690649453
45.5217051530639
53.6501549263312
48.4923179013599
53.6859826943825
47.1432172445514
50.6678933151728
46.7901759411659
48.4253792175402
47.267962796017
47.5820207285099
51.2730955060657
49.0215633617567
48.8649036494441
46.6571328161542
47.7061089382518
57.5761971250577
48.657124904048
49.2129206312599
48.6820943566396
49.8471696872846
44.2062974011242
46.9975173641357
50.586239916918
47.1855061413641
52.3414028547864
50.7030935338333
50.7465338882298
49.4768300893084
44.8462847428134
47.7600321859852
52.925812945284
47.8245585405112
49.3620931021715
50.1905560662744
47.179522776588
47.6282729592632
55.9610181531974
49.3643079809553
51.1895610407081
53.1630832162773
52.123226382043
52.3116016744431
45.5532987791462
48.4904032637802
44.7562778393912
47.6678261252615
45.3891308067676
50.0172968527468
52.1573191683574
46.9235430076831
50.6038861414746
57.2797890144985
55.5789828137409
54.6047407477434
44.2203803907769
46.98432852183
56.3954277864113
50.9696972593308
43.6549181620266
52.6365796491899
54.5683712774598
56.4539969377842
47.6230201975512
48.7962246790067
56.8257773827115
50.3004230249278
45.6650601019016
65.690170203447
50.6412439518431
48.8360341812789
48.7512216823468
49.5320407627397
49.3862818574094
45.5914758925481
52.8809413841735
50.4790789794014
46.7124488767204
47.3055796898259
44.0509964215278
54.3997671818193
48.9805557299069
45.3037085770053
48.1783076373694
46.7414617669469
47.187801276836
63.6572815814162
52.3183977487558
59.3165116409436
49.5711115716289
45.833800781889
43.541274875489
50.2655344716617
47.1897768168841
48.7926808054837
61.5097334762975
49.3561276839517
49.6545675224353
45.9095746636752
50.6556775134947
49.8124659033485
46.1913736785585
45.2901282926407
54.4018594947313
54.4419875842033
48.5380187064033
50.8607835184183
55.3278673755705
46.7144659661072
44.5177856412682
49.5650466934583
51.7062590764724
52.0878349370121
73.9964278480473
52.4119859067232
48.3264258683948
50.6465600559171
49.8465664436733
56.5599151701129
47.0168349215522
46.5394756057577
50.6393192379536
49.8512013574948
50.3981028013517
55.2872511031466
46.8615415191253
46.6106198910018
51.7967176637344
50.6674431069172
49.6963788505573
49.8107323880731
50.832139761516
56.3429769859745
48.1552820542604
55.1539542219503
49.2334833195957
49.8524461307682
55.6045387731218
45.9059375669838
49.8076698216261
44.5823485004803
51.5657795063901
47.0638535700349
47.462150627594
47.3466705913256
46.9150666682836
46.4526713004887
51.4145371391725
44.7199675685628
54.4972137122817
57.3553395437518
47.9877266954766
46.8926103029553
53.6543366235995
49.275287221797
63.7568538363306
52.840921457892
56.5332079477282
48.3316971516991
44.7955180911765
54.9984393214893
46.7088904334296
49.9760265446074
50.2295743827136
50.5677360238514
45.7071301708677
45.9485848707013
47.6148369924022
48.1501622834617
56.9897763870909
45.1020331565871
52.9378413820138
51.1295558538186
45.1638790423577
52.3594960541535
49.4800049412956
47.2353214403184
48.4660642093813
49.2873029530312
51.2808808160324
49.362352939646
49.7686923353668
46.4545791344832
45.0631028290925
45.8922889290314
47.8491710726184
53.3480022466382
54.5851054469671
44.3403740579999
56.4887635390652
52.0740684527249
50.2596467124795
50.0352395454134
49.6098761312488
50.2435302089351
48.9772723039784
46.9236112389811
51.8575270681614
43.993178336807
47.3978965579746
47.5080027616869
49.3010859601856
62.1234492136325
51.3789688348121
47.4287256792168
51.255820569785
49.0545729973949
43.9217118052572
48.7938429300132
46.7072742016809
52.4438283009907
46.9504663270983
52.3560275547859
50.159633083516
50.0305846100542
47.2402814222176
51.9884333683069
48.0235110974011
49.3226773474291
48.4476198417668
46.6090855271709
50.3474752908822
55.359745031297
49.1760549410625
52.228960483549
45.0605461642258
45.5501291844751
47.7718158066631
54.3542270917437
49.2143612749697
45.802763392157
51.8089441542187
48.9446944093786
55.1966870055572
50.7063840799908
47.2501419055476
52.4501849248386
64.8024558547031
48.8014772416062
45.9757982912895
51.9847274310413
47.5881283612661
63.0384874539721
54.6547772730055
54.0283614149738
54.2448440084148
52.6785328848841
45.4810508380972
46.1051767846985
46.420066052776
44.4174161536986
46.8098444412342
51.0551053642988
50.3763309055161
51.2258599386453
53.3399358368583
46.4249736664331
44.2520597840829
47.4705894235148
51.5328722883489
46.3457041432942
45.7163947943184
48.8317329223599
44.113415259652
49.8476695248282
47.1170548536912
49.8612527758137
45.5474235200327
55.5278724989488
47.604623664441
50.0699049202582
59.6313912933189
45.4379303372819
53.1787743282724
51.6331675114739
49.1866397226588
54.4335093015361
47.433911880215
53.9737356211519
46.9954184789201
51.2298062946467
51.4642295300024
58.6159009637931
48.3431835736967
50.8586787297243
48.9362939573434
53.1595502035699
52.6550148961617
51.4311802617384
50.587714312704
49.3112804724885
53.6486461031459
55.2182200119942
58.2240212347062
58.8594661269546
44.2097336165901
43.802611010219
46.741433251681
50.2746557244512
44.824246414385
54.2074874805836
45.9459565930243
56.4466073937458
43.6819545693614
49.8041473303098
51.0020471609873
46.5267008246675
51.8431272776991
50.3911427867199
51.1114234425583
45.2779836323291
48.7223818202005
56.4892346997441
48.2910255529653
47.9311405406351
46.7645120238508
52.5563464184259
57.3236315894021
51.4020077724052
48.63365814724
57.6979128252416
56.4444843582178
48.4939137712465
49.7438769608732
50.3626045782112
53.6992905508454
41.9283079729595
47.8579536856164
50.375513743649
50.5011411903139
47.1074852551627
47.7750095568602
48.5285503443069
49.8569155645417
44.6997211320205
51.6460995897686
47.8809715126392
62.029924920487
54.8831749969294
57.8254729165997
50.0345571606171
49.400939526571
50.1975362159199
46.8724188347061
45.3687812266052
50.7142526306244
55.5569980666656
49.2890441440285
51.0857835275787
51.8333510453345
48.1131680681513
