0.194330182211088
0.517234082772554
0.585913030606412
0.746983539204578
0.455616987909604
2.53362389114298
0.390752370886801
1.72675815013636
0.717761582240828
0.63190294770551
0.434613261450215
0.48675342815502
0.285665651211573
0.412264875160599
0.281574751043974
0.963859326996021
0.692450695875967
0.298666752882453
0.44256095677321
0.487194913893346
0.444146326490184
0.745580679407539
0.358383543212534
0.317652824423275
0.53224457491472
1.10202328252201
0.805174018689822
1.16523814275967
0.505248000681776
0.504294604040943
1.65178040394731
0.749751448567135
0.518502461339176
0.618539319640311
0.331172046525017
0.2898434628018
0.467884339132057
0.81049594212152
0.294341533919822
0.539270537124427
0.581769825416611
0.629467358036116
1.06012832898915
0.766658668823417
0.452588092739621
0.746419578783089
0.358575516167558
0.343542201443309
0.420195783660875
0.152780652333168
0.380004640024471
0.426142987816792
0.663293179534498
0.602219277707626
0.856581594338186
0.36690542744382
0.214733812932616
0.465330640890117
0.89807130458045
0.760849970414446
0.286755724367147
0.358120376595269
0.987660056796718
0.471426948919391
0.785475440970164
0.593363960333002
0.46534351792308
0.434710324055144
0.715108538087582
1.12562368040535
0.181191486675194
0.68349089955072
0.62270319793497
0.257252925799494
0.377626934615932
0.97684055071208
0.539972676910212
0.636419309638842
1.12812447666835
0.505819427951265
1.04077922845815
0.918402720894811
0.554021085766237
0.4442737571189
0.775562386181567
0.625379060599818
0.76958361710329
0.672803862658083
0.434937456723466
1.08435690910994
0.50570030934417
0.748780913150913
0.66409413880722
0.770907458024632
0.961307946169236
0.558225812340993
0.539383897826311
0.194104742602859
0.746699237777337
0.500006717207618
0.30889908966625
0.451048612466061
0.30068832140739
0.294664961898432
0.353016999280783
0.472195846426698
0.492190649850534
0.260230356355673
1.74050097763503
1.99254403031642
1.06335058056473
0.702507064887106
0.365656517598091
0.517526700011048
0.449452703958331
0.431719865737743
0.87209181198414
0.747394969451794
0.347451281157316
0.382100016212021
0.331770038853882
0.640675639391133
0.275606571113888
0.6392979800929
0.279470079283269
0.310722810943958
0.305865458020397
0.575575281475583
0.15296852291419
0.460233624718303
0.51851441113873
0.584958626429858
0.494971363148732
1.54505745969505
0.389790389406522
0.518029907313139
0.820120043026038
0.514780982071174
0.777893640208299
0.36314152349446
0.741621978700509
0.914418349100705
0.577877817221677
0.253544919997042
0.818495389018639
0.945278511114162
0.637501241288762
0.353099467516886
1.53123195206747
0.681343939287757
1.71622898166586
0.790352748068147
1.24360452693905
0.279289661921806
0.406141793871148
0.348446781291739
0.422836743794198
0.445506858771827
0.770631711306332
0.411494318441153
0.297934885193484
0.402009214565586
0.334928443285
0.748658759574913
0.546133594326189
0.892183714839167
0.281728063768192
0.294579072051157
0.505352177143735
0.478973687121964
0.783779770594822
0.865512132050617
0.967469835441033
0.372478274763688
0.388780765165651
0.508512006327053
0.611424708733329
0.623661137688432
1.24757933780443
0.631855952557442
0.907376707953727
0.575777891021645
0.603555774591866
0.308445257556638
0.420512001418645
0.475579597608026
0.685517638296979
0.796840578744924
0.654035521562413
0.453468969753606
0.271604126544294
0.343270227880421
0.403856981202821
0.303597261077182
0.30818195514502
0.625122982611077
0.284124022962611
0.305094156841455
0.321187357198788
0.488112740994948
0.386742160032586
1.63308948862032
0.938453733922719
0.778799949818106
0.692016195238476
0.407872343470689
0.915627906604945
0.475006337520916
0.675123308109086
0.469975036748839
0.694467382069726
0.535821742474087
0.444816165956589
0.560775093664518
0.619335151439544
0.487059694167875
0.9972468036106
0.430228719776813
0.326971833431695
0.450667015467772
0.428639135360783
0.96589965873109
0.458899460037359
0.25210495885078
0.384534368948047
0.894108814520379
0.291741466020942
0.447738385507353
1.5979675898316
0.413732607254784
0.734898501015959
0.378877722903436
0.350393987283848
0.453973582005635
0.31186022660925
0.190984166096682
0.439614535219387
0.550721721197898
0.827028215076474
0.846840189531345
0.875637893066138
1.11192796304272
0.97241878298537
0.432746024868217
0.832153353286622
0.724712085453707
0.34686687897058
0.420350878723777
0.37955052250569
0.323415260503948
0.381650278536257
0.720652874729219
0.395656337035811
0.6176379972696
0.268807206149201
0.374331939511529
0.869872050749993
0.215953207054725
0.821561370219698
0.616573620141358
0.920536205507671
0.254094526472182
1.06347156265354
1.13175956644228
1.03735896037088
0.555601395147272
1.28779467110509
0.510709486704757
0.541869638557437
0.564541083906851
0.426179772992647
0.471749639464049
0.428903404891266
0.954820442461927
0.447918730285387
0.994356811009268
0.463945882627134
0.517270875490631
0.484172159386145
0.60078334314379
1.33136098475246
0.986310012447206
0.986310706994224
0.551688697248195
0.404608570992702
0.585369517507941
0.354742123000622
0.409204018602765
1.10661619982084
0.544620509432551
0.498205789851579
0.302046571467149
1.25319467191892
0.222442511222517
0.477862188389813
0.488235296786844
0.386468590980343
0.1402941930778
0.41784149554774
1.14850934868886
1.00095215427723
0.487164259449416
0.352278365114267
0.42816748695295
0.601930982152809
0.604511906225311
0.606994712481502
0.801764122819423
0.553439151926297
0.800181947459315
0.366139623696163
0.334686550700281
0.372489670771135
1.35517889363807
1.06269695750212
0.173517791797795
0.742364898902229
1.7836778679103
0.43336965412563
0.639369819193157
0.777270538609486
0.542301646114432
0.758971416869472
0.528636274442994
0.291701626975501
0.458389090800548
0.300225782638255
1.15876097254241
1.00092536589904
0.473157387723314
0.476111019071142
1.07695601195989
0.585726890719937
0.94080338861465
0.604131682703824
0.403599105027308
0.132752566535182
1.3034289082766
0.595532590080832
0.550528530797181
0.377704966062016
0.499560580369351
0.577397762436892
0.389719104721634
0.42670315678192
0.540028931999576
0.426824764137693
0.30080647906123
0.707196549910715
0.565159547113267
0.489651045719733
0.457636283803949
0.484023641135219
1.08623291923192
0.347967074966469
0.438379508764504
0.340459663274236
0.377688473061429
0.628454643500571
0.371279286285175
0.374285784405368
0.87502606388439
0.797834686787451
0.673486671991148
0.568028464812396
0.928383438375584
0.526780248495183
0.520704156049683
0.311274016581383
0.426792550905541
0.990427174318164
0.754414996045808
0.498794878188746
0.494734960664056
0.724518770023867
0.298455878713726
0.486780708160686
0.5820515436112
0.438439603597777
0.833696041764687
0.364331001169941
0.855795509745544
0.830604552833654
0.342050915545521
0.335580650776544
0.966390905548088
0.53874361168691
0.307613204280141
0.988368822021178
0.808336101624688
0.357238952387868
0.308559938153786
0.285202399188375
0.362814179697247
0.479550722713787
0.133311425056827
0.366108399821254
0.97696213194147
0.612917332497244
0.815016741759963
0.519669249529719
0.302205253831996
0.390475443804057
0.26661702853804
0.430645795936178
0.440614038532631
0.43114068219854
0.711410710173158
0.733263167006192
0.541658827369507
0.454480443396974
0.368477038246811
0.574976571204309
0.635899638992455
0.377801563337958
0.202689555431219
0.25960258030098
0.481223924235981
0.468429057783427
0.332573101747292
0.716042282815358
0.541663225903635
0.484433281070093
0.106560026845861
0.290609499309957
0.484215345166788
0.49414330967188
0.456130844461669
0.495198001554715
0.350380223174653
0.444699229031282
0.387564104114023
0.297466467580539
0.485836181418538
0.796232230080166
0.454594197573411
0.755870069596325
0.941549920371517
0.787300249876716
0.288140715512535
0.459508059229738
0.604946291429723
0.398872104150863
0.901804263123303
0.294077570383124
0.652716806003791
1.10601199954439
0.895723720517655
0.487489470692727
0.334213191321757
0.171171282202424
0.268349257072501
0.561581567140645
0.538124302474656
0.373114252269088
0.42150790871893
0.482187165187378
0.360969521654277
0.291479573677447
0.698206368798315
0.443093997092686
0.575274037145823
0.464060496857949
0.459835161989683
0.379577101021431
0.609697533717374
0.614835101094555
0.52662313628183
0.352065926675216
0.377851685425011
0.503388296358506
0.576905220707845
0.451062719178316
0.358820239222945
0.314873707955626
0.39365727992104
0.750719004605403
0.375107023123388
0.552581876878871
0.552307645241602
0.616743946218564
0.484882483070361
0.579594247267046
0.796184904637152
0.211860833769436
1.11073444244114
0.569291589053524
0.411650157321171
0.76635044725571
0.881439917608964
0.603708250420458
0.249079431055598
0.266979133094009
0.616970271203028
0.271305117845477
0.436185251793947
0.294685551356786
0.575669974971159
0.648010016429488
0.659644714372972
0.941245580052631
0.298056746444469
0.646389479744305
0.183309691556267
0.747174353178323
0.380251671889571
0.464115878688632
0.298835791761888
0.519428098088061
0.903747387835457
0.718095257674741
1.14272517853549
0.424102566007592
0.652602662439683
0.803567303651879
0.766152616636982
0.321298741626738
0.387207727495011
0.706371802962224
0.606370824800924
0.177755309654336
0.10909223496531
0.310114660301602
0.409518075621978
0.323018229930102
0.441506499906382
0.809741868174771
0.174621193448782
0.416366644900046
0.613549749453932
0.348274173112081
0.295357490096391
0.312663660930793
0.417227463670514
0.523608383873843
0.532953001051369
0.682713332428019
0.616732440509484
0.853101316874333
0.310512676984947
0.403434945874394
0.721658106668448
0.518244119829186
0.684800116274719
0.405340960592751
0.448033350427227
0.338249969184483
0.987475746176365
0.419540943205946
0.721621249270144
0.260346053741667
0.656203622741874
0.624109879344568
0.295710930547218
0.240530419393469
0.724556244749246
0.418472136333355
0.149847451982724
0.534152826427746
0.63986286270193
0.377027874859221
0.544286533599898
0.359791719415656
0.518517457486079
0.386717475072019
0.747381714310059
1.6204386789676
0.420180159457835
2.56294050452414
0.525555681212415
0.951136394389591
0.258703975413457
0.234120334344236
0.737104317028955
0.402220424639552
0.291851351746567
1.53149005314368
1.15824345173263
0.710459729457944
0.247795202384615
0.296596403276222
1.12924514564613
0.310868749899057
1.21852365913767
0.49446184951869
0.55862327292573
0.811863976084815
0.312356176521367
0.254059229983956
0.743304150487657
0.502675899626847
0.328774166207546
0.423864066503648
0.38150091306915
0.485649407502411
1.35299050699335
0.694168373659539
1.04746359051869
0.76037790879075
0.814139903050646
0.524297088633126
0.620105629072864
1.5888156656371
0.00300113536969022
0.459039074218447
1.71671411353674
0.589849847429876
0.390700127878231
0.600608955902058
0.524680085055843
0.342416721402677
0.851614704311665
0.688172268596349
0.331360365261524
0.550191078589358
0.51311241146118
0.458522474365603
0.711061849448889
0.71002295022982
0.604744708629134
0.425815846194296
0.630059772033734
0.382313355481112
0.503944665366497
0.35409904662321
0.974960521085455
0.478021138479955
0.52076473406936
0.859652031005303
0.60245630346591
0.664351248535244
0.652961315884378
0.639532314748038
0.706348521879412
0.21386218806657
0.386765513939045
0.576618672396899
0.449830716646997
1.28818546009536
0.800230815295802
0.499236130722165
0.339216039943121
0.258259182733513
0.317679878489362
2.23893247605166
0.616310352982046
0.386369290894632
0.679015794594134
0.436906880256137
0.401628012984152
0.563958725832268
0.469426180236224
1.00664034950705
0.639218432637425
0.779277830328518
0.7866617041505
0.238566333927185
0.336408777987165
0.46915931975896
0.628816462926482
0.447774647933037
0.279831448639045
0.381891849304912
0.365387217867545
0.326161203909213
0.547218202633094
0.746692211271233
0.617672418822553
0.412271439329256
0.266932496225236
0.472768729385663
0.908658439864326
0.406178877496749
0.453827007788234
0.414631847687686
0.545886881614231
0.66433774505851
0.635392248235933
0.467378858317421
0.45820063693618
0.453484564745101
0.58451118818151
0.460730104623502
0.543383998943802
0.932893015393646
1.1539606644875
0.521558430782177
0.505091859991545
0.65005238807296
0.615825510663564
0.278881951744244
0.301929716805294
0.902510347448842
0.633002753905125
0.453951275542334
0.648661100824479
0.94203844245223
0.46564319251001
0.650728213114571
0.949232717119817
0.34789585324306
0.851406774358144
0.49029506222514
0.841274260168168
0.322162457463982
0.784552188776282
0.381156460807147
0.613030686596883
0.489497632962883
0.7722141513
0.529480377782563
0.340908863149073
0.599230286724145
0.328550144897314
0.684743891500215
0.539874008387436
0.805200346096487
0.870459103804205
0.966254605862252
0.655959248749117
0.568011962573268
0.498779315122895
0.342086959852537
0.803407095166678
0.441713030481345
0.842815163820663
0.568804050356294
0.404576812342435
0.458871509488961
0.595199438722015
0.793713098445347
0.363742200847091
0.392310979472857
0.544858765617684
0.700635835378852
0.833857277879263
0.292523592603215
0.439707344476019
0.221577577691134
0.339841453534225
0.563090408942498
0.397554569497733
0.446479242762584
0.4651916416726
0.883333333906239
0.592506952161875
0.458489259892825
0.350073061826294
0.282607725326807
1.06355931326313
0.406301696198681
0.492785296464138
1.02263183534567
0.353134542628736
0.354910885488708
0.5132459303519
0.180582332861365
0.453013379312015
0.391475201108351
0.18257847103521
0.669941142498746
0.253965339135045
0.391041821454416
0.351521975265829
0.369726352134035
0.47107698759479
0.476697463116064
0.20184624471442
0.39900060355379
0.292249356354106
0.431165434775385
1.04380967604404
0.0958326513202577
0.442738496941771
0.605653665827992
0.427815512358174
0.181695352003213
0.333678260600927
0.758565443005696
0.393316165446433
0.416374161781006
0.708337260396453
0.335395180025872
0.544580418202949
1.00334105370802
0.776825193611865
0.789018115800686
0.399178525920133
1.31462409931576
0.758044707477829
0.646005166318726
0.609612521216154
1.02900721009032
0.323551669404647
0.672716430253532
0.436684769101368
0.403090935503957
0.65817426394959
0.369387699352728
0.841461932557373
0.411403602756363
0.314281070466049
0.231171451487866
0.510519462127138
0.352158789329056
0.867937196343773
0.651428075210431
0.492439135336936
0.148117415819428
0.405383765210105
0.153109794609857
0.680789755312824
0.418801063009401
0.389464167081452
0.547419916264227
0.506396586305693
0.367849835067068
1.14131136782142
0.590849023662811
0.447156622562583
0.6567899517399
0.666785670325723
0.426645526020972
0.171783326144397
0.368626262383519
0.55191168626865
0.34980178971059
0.256924514348084
0.600051817879113
0.365315308102703
1.38651093345267
0.339655856298052
0.177520145642387
0.842876937244924
0.148615528973846
0.82017262634339
0.627647074532851
0.737958628273113
0.619931364820513
0.394504353951428
0.584907489331877
0.407748735411094
1.08537967500695
0.621862050677236
0.580425136652048
0.48688056470183
0.235529371422284
0.191232866779349
0.448027348879572
0.656266457539515
0.363684136326331
0.191178098423458
0.0933301463305549
0.64947169024832
1.1809951996699
0.5005032683462
0.289666543306489
0.632136969485219
0.48086755836406
0.429154955597092
0.650379527626202
0.589235827980478
1.37967268703922
0.903217040988951
1.02346511026213
0.460801988859615
0.280153286455864
0.889737964526288
0.654742109139549
0.475047824112606
0.688207204386799
0.394714650794447
0.55201876647907
0.408784126701674
0.662809027458914
0.517727768618397
0.375329664520779
0.960653607513732
0.31441627084769
0.560068464138727
1.06872413098099
0.588034155761922
0.476057443989261
0.268957558401141
0.413814035578845
0.358373973007423
1.32298994481772
0.568863879186235
0.717462611204249
1.19032718611313
0.442986373385655
0.49895975478765
0.347922745586482
0.756641776735239
0.89140165367306
0.338948284765297
1.2131731585882
0.5701256330742
0.260538247234467
0.380173830399559
0.560849873372041
0.604248694184203
0.262503194160441
0.675701964355893
0.593843110495946
0.476471121693379
0.732995100178622
0.378084823405111
0.848117978205841
0.412648590321917
0.610078517636132
1.82213033546688
0.535445349493801
0.350367648279827
0.535622213256709
0.616243066620709
0.628009482863996
0.874637377800153
0.443010014106152
0.547218075058245
0.461241179894827
0.552637028813889
1.20998674511335
0.253503092963879
1.32159859584204
1.06779106522209
0.17821222901434
0.575769586638265
0.6415573233594
0.658212831978034
1.1666099396078
0.682422047426325
0.508309825003081
0.283136696054237
0.472719038130618
1.09454905678996
0.394029919263048
0.23544231782677
0.727109589171958
0.996468756388458
0.520632743149251
0.387786521930163
0.312490378508764
0.51234495488939
0.472128462336717
0.699167400233347
0.431193301379111
0.63536390383873
0.415055904910799
0.351728613276073
0.969326305561791
0.546727022738364
1.00946730937334
1.09984552439275
0.678347871042166
0.238190601522972
0.505502271674718
0.791937500167749
0.391786078889917
0.413668062855363
0.4808369498488
0.382086088480285
1.24991758124899
0.448272128975924
0.395437161173196
0.452823817027302
1.16680471449085
0.84023443544319
1.19864832012049
0.330753466507874
0.51525628874164
0.699897321096619
0.3310588653734
1.08840718371154
0.693127740319286
0.344300000996559
0.764562269641308
0.5110161362379
0.43980515874266
0.359204352395656
0.437870908895099
0.650316484981713
0.709917163909922
0.324323735816246
0.515232482048974
0.390221266021571
0.697182596883543
0.443305298716785
0.530505397216036
0.755622435555005
0.427167522981594
0.327942593822022
0.504620853818518
1.11231990819051
0.555514983424713
0.190530746853835
0.37641607404031
0.393086778559494
0.583395501177982
0.381457016525271
0.759912948025911
0.331071332687442
0.429786067016265
0.326463300043321
0.388128466620253
0.659777481407851
0.404251898634046
0.415227433923495
0.565708598914848
0.609411664447875
0.351552242145434
1.07732932159083
0.696484653328311
0.386282612374257
0.567027848541184
0.566892788811517
0.409027831466932
0.515721468944359
0.387980208506171
0.339091101379078
0.391922720656716
1.07572909140726
0.776340102841377
1.19420054977247
0.757555409657213
0.695097245856197
0.794054242745946
0.926299391581789
0.505702188877616
0.241290560132181
0.380082369320452
0.388255151013919
0.525871371484864
0.396864456407902
0.683190942083997
0.506454725031331
0.340285594905198
0.532528491791722
0.885623680888566
0.333520240468505
0.595218952710505
0.291259267781843
0.355122747449558
0.951205883628385
0.739296816326688
0.499848285684479
0.358167784202797
1.0898982213625
0.684496595795102
0.41770398268664
1.22112122094258
0.538837199051364
0.393609338445164
0.481010804064453
0.233739358712212
0.209112102925128
0.263131393256888
0.376550688028175
0.380849681139882
0.505100770583003
0.57202064168299
0.889090809970705
0.299845020283533
0.418075545634694
0.250431641606015
0.398150296396993
0.433279959345613
1.11382150649796
0.363296178731606
1.04616026812053
0.470563065309806
0.547816846871587
0.464926832470254
0.6783482234206
0.460807788038324
0.551345290641066
0.834639950616389
0.317580357161055
0.49379506150014
0.523964351729973
0.35749665941349
1.36061663742003
0.560068247678048
0.492925726654303
0.535088337375542
0.385645327663521
0.779871439891227
0.760523449210633
0.418108712019738
0.414450437338313
0.178575039346825
0.491391031826031
0.519002289432986
1.16237877613838
0.654374846425899
0.237292452799187
0.404889706455587
0.47775201672765
0.747130985138943
0.267943790073801
0.401791779908216
0.703692432678053
0.252467971114837
0.37605420028859
0.385851786862992
0.371182766284575
0.335663973972967
0.572192498141961
0.683468134062669
0.183717661316839
0.486792300207657
0.360904222398442
0.849487496005158
0.684695996484418
0.990737480456748
0.600517642856292
0.619967690095898
1.17057925446936
0.394215619734193
0.355326178791361
0.640584372411164
0.56082190482867
0.403286970419861
0.28481002375354
0.484604103279176
0.569274825639681
0.00290406944114964
0.376869381770356
0.27661937534492
0.411506975518108
0.627746744898848
0.473419383000123
0.694803590076623
0.812142725603673
0.438938655923047
0.840977561089223
0.683575999156244
0.627005196653747
0.715714207215957
0.311941002163918
0.208164170494155
0.556291591569088
0.254242983114794
0.269419013722362
0.61477746745797
0.786588885819828
1.06493285108831
0.247273613115858
0.231231069141276
0.584406937591563
0.510181535635971
0.559519412087385
0.893508662119932
0.663628125221089
0.529183586054217
0.282659626296085
0.560355085076427
0.42128154757878
1.23955539720382
0.708779548120832
0.991302273616171
0.516636273518733
0.457028249565793
0.460121896219444
1.02413946002353
0.661432508637437
0.541295051685421
0.324134685075539
0.337442010213813
0.3763761668325
0.295030151032743
0.446217300343173
0.187865187613426
0.356134231183524
0.468408595073039
0.68217724250839
0.52511913907535
0.534907628238434
0.526692406826103
0.744761357632186
0.512754554562783
0.445564470870711
1.07231936468122
0.225221218550155
0.871073637276029
0.835894038566963
0.607500758628973
0.431663663524726
0.411660725050248
0.672618792471087
0.344738757739791
0.423418989013463
0.254641731640847
0.348266026532448
0.979883994873843
0.603498835181413
0.573658586263496
0.379481248022069
0.437032307187561
0.59010052630227
0.464531578659762
0.218412633646773
0.585213196070018
0.825106828021421
0.47465146660824
0.172567716127104
1.2584283548291
1.24785045508376
0.481401937003994
0.270506201404865
0.533621285232914
0.663144457946483
0.446100084833139
0.9705584384649
0.372464068994251
0.350904553509729
0.362298746312392
0.715867652920572
0.209561288920246
0.562255819022176
0.400654281531617
0.187128385301447
0.410461610719075
0.381833569041818
0.354195189919862
0.376979158682343
0.55229080381748
0.335039034523399
0.911904114663846
0.27859665115971
0.885121031118236
0.336342584569787
0.462055384703888
0.445689502057655
0.37977679798171
0.388186328329616
0.414386762489998
0.26398674872315
0.654924619334186
0.500932503453335
0.401929148284862
0.632015958097881
0.889019070124062
0.546405654811299
1.09279573681066
0.200787739927017
1.07086696641878
0.411536514406123
0.265437938685352
0.611783444584488
0.612910227916355
0.476122957656933
0.377392786533388
1.719213992297
0.796096365292321
0.503930834230314
0.329850216910879
0.509028142318895
0.778979446306976
0.553153946584418
0.670916001583361
0.408878569072102
0.71142060881073
0.789683635076723
0.972524762402959
0.582230092604449
0.2907227207125
0.585042504459632
0.606437723308499
0.838521380944326
0.760801010702988
0.789458358898371
0.261883337089593
0.388927918170326
0.430801900636576
0.332516617587325
0.514023425948269
0.197482875399505
0.75969390485216
0.203494245564203
0.566603083054129
0.226686386527912
0.424092616831675
0.292175349474888
0.554312230109103
0.548122566008058
0.742841163151073
0.630135554914695
0.4314200305377
0.389911038829678
0.558048215348645
0.986310352311401
0.35199088204864
0.67830748955332
0.43782315216959
0.482423890344933
0.393966955797623
0.378042379543036
0.199085284021255
0.540170988931991
0.70097433037854
0.693409423718884
0.427237847661406
0.514862462992662
0.361661364231124
0.404950111779065
0.527313780513798
0.165837848816756
0.649150086688467
0.426408619220116
0.255834386678832
0.472774377011807
0.439402710994383
0.370502363567265
0.617546511808257
0.410144861978815
0.370335464268266
0.348416193742455
0.442463867276515
1.14273861320785
0.45076379550637
0.267448338035398
0.645619034465729
0.525281445213849
0.324757679928062
0.929539874274329
1.09142825103504
0.640121063567398
0.67048003398909
1.02949907664465
0.474292752127167
1.45750047285305
0.506579114742544
0.432091333439686
0.481449123428576
0.241907913768781
0.536106007530295
0.912254168457129
0.563461434844122
0.538489177519634
0.754806020825125
0.51565015718527
0.586424286769198
0.347488119622884
0.392852869312822
0.394482791271391
0.191485826132527
0.249838687905163
0.379206269023528
0.727911154033144
0.389712970328936
0.949199675925695
0.793991369100286
0.559887364907163
0.791084924983327
0.856213554837569
0.887012199210569
0.616198568434145
0.446285366845594
0.338183295651071
0.497743333962606
0.721072033666282
0.658542853384839
0.717626994581787
0.4045230854701
0.208481347289531
0.530372486084592
0.561122917173948
0.884301317269956
0.943231465374856
0.773358153746939
0.413637997706534
0.318833057974196
0.354437978232798
0.36302588148704
0.533689567299841
0.273985236898345
0.430325191804289
0.769231062388029
0.474837124158943
0.493072783897688
0.695579481032279
1.2568078022576
0.480550209939152
0.620511745008356
0.232760744240604
0.39706140524723
0.496013227532415
0.395347655810465
0.402966638769568
0.597693578467793
0.411143603256033
0.499708592900229
0.705694802606368
0.707137884864816
0.609828592035801
1.00091080986535
0.638386234280416
0.342263549320947
0.574286171519013
0.44271046832061
0.351163683266098
0.17947514285305
0.331909118721044
0.409628772403734
0.548305607260064
0.440923940143966
0.311731739835593
0.944064416080512
0.556910496444672
1.15336870565219
0.69205007393826
0.406614475895233
0.407577153726239
0.461004054159459
0.233237956791708
0.474840489583273
0.571491885286953
0.479422027283723
0.522989373600991
0.823415232945924
0.480489698918778
0.507173745701012
0.510038462624109
0.47274868631404
0.795257506667996
0.30831124828009
0.37064039993657
0.651592704162438
0.595362139282375
0.527262804711292
0.519687821681967
0.347525895618271
0.765026384293838
0.467781495061437
0.656329253894501
0.385344549864535
0.633571176517545
0.269199049395233
0.51421717546421
0.254522408401571
0.42680875879387
0.133964572537665
0.638833812062279
0.928981528876247
0.372013717430026
0.865258795676453
0.842079979433566
0.701346558118749
0.418441279774832
0.596688289411599
0.638237844837711
0.436759252684416
0.446871380171983
0.437620274314782
0.451981147920189
0.448054050716514
0.474529897084571
0.73311535964894
0.676694264142022
0.541010468367431
0.580326547813968
0.496743269938461
0.391269870126834
0.596800094079771
0.352774235483457
0.974970048577678
0.362075393777013
0.316544819893115
0.364553110230794
0.464099368884179
0.840881017268652
1.52514963925487
1.02454749711717
0.490456180399601
0.711194226020928
0.532309350181386
0.864565309844845
0.508699385847472
0.443816077062704
0.337751577446575
0.187262439872112
0.482572613391926
0.436229611552341
0.274446162828341
0.324309066179678
0.303456068361583
0.311484962663065
1.1625605242351
0.569274050967066
0.488960106178092
0.318410304284934
0.502642500785033
0.561732982230512
0.47615219618188
0.4165502251367
0.48395308105336
1.23676773461044
0.697465289612028
0.482412388422353
1.20041889717748
0.514078121720504
0.307599968295655
0.224450832641505
0.964514580855064
0.351204407621021
0.274179867159189
0.688172993691634
0.65091218559799
0.583285828668703
0.55003507324672
0.688653507064903
0.379531541961903
0.288356906492063
0.255755825481959
0.786234245944768
0.496303556334393
0.320628797415967
0.399339545629761
0.674804979943642
0.417405562829983
0.420639267830128
0.848155899223457
0.674508893106502
0.357080668948481
0.698589630591884
0.352329597664135
0.771823474026902
0.855599077153814
1.07347608517184
0.533597764291981
0.781382946325134
0.3370709927725
0.651870072033671
0.398756956169821
0.261964605843478
0.582112732381188
0.48006078079091
0.870909350375435
0.455687855921043
0.65534448761917
0.321587262575719
0.801728706817866
0.682438458602922
0.299904458971378
0.412765488121099
0.557817645910713
0.519819923621828
0.45671881149442
0.725537284187712
0.326865142567577
0.306959470909094
0.314255499134376
0.483095881441097
0.505322513615023
0.461504995951654
0.521487872748364
0.367876455064282
1.1874920652822
0.795267239105466
0.421023335757581
0.993377353657173
0.488498970050947
0.419014671921941
0.331343559157144
0.447754016397852
0.559237010306545
0.315517282188713
0.201029886501667
0.539260882139626
0.256467911229047
0.403263445200109
0.372663491889929
0.364141047594253
0.519387115705396
0.411170456137494
0.550865659660773
0.336575839742904
0.473789948209977
0.403861665164199
0.688639704748444
1.14481844251807
0.944763215867322
0.506388958216661
0.462295206559625
0.371576433408617
0.716752769143175
0.588738448582895
0.500772476950021
0.667754296943933
0.593934553056397
0.326592778386151
1.01951102271427
0.913444309367588
0.389149386796173
0.785927396312994
0.393314821881092
0.217803338936114
0.737358397804366
0.722731077523703
1.44958835408478
0.293650272991524
1.44484924424848
0.243753854719142
0.350128460951231
0.450585919554331
0.78569118232235
0.590312345115933
0.839997063681562
0.354891818116506
0.681281690489507
0.30296895952226
0.528245896492865
0.653775585573573
0.3766499239443
0.520627134628746
0.376574576655136
0.9795845432423
0.198236670896724
0.495716820823282
0.340013688897023
0.663363432890696
1.16499636290237
0.695877231281049
0.29402309222519
0.619796763150797
0.664061723636182
0.507545150726643
0.384002738464497
1.82405154197933
0.632099379544051
0.838198194216161
0.72901718430525
0.595030228104052
1.15922264206089
0.506839909733776
0.494218938298455
0.758378922485885
0.219231585429295
0.429496085845146
0.453657151709135
0.575904397642193
0.429778215286358
0.434534786497672
0.435860983097319
0.386680664466346
0.927163019510051
0.626021178665366
0.565076594333903
0.206044539634881
0.63258125808794
0.599597669441876
0.662224296705395
0.577692850194492
0.49105828272312
0.688780635209342
0.381484015889021
0.439604588846216
0.619920420401349
0.479004625666589
1.37229575333293
0.685574876903768
0.575081584286412
0.513690601854986
0.696945275052872
1.25363787193089
0.678478972679789
0.715485123789734
0.808770164689815
0.263090671867531
0.363493857108351
0.602609076895414
0.0412393292173494
0.49253185312272
0.292742591046482
0.265583532604024
0.893722259669233
0.749993725207371
0.614522582107129
0.492479007726396
1.08861185050566
0.248851759535036
0.306746162907329
0.315421258313209
1.35613050087625
0.598606728915105
0.844593541385608
0.244491014133933
0.512822110817129
0.716316366589437
0.357220720284007
0.742861916526097
0.332042132759738
0.350835436667663
0.440884810238938
0.328432934768939
0.892177284049686
0.817064364789758
0.672331579399849
0.70165815069434
0.615683770830731
0.308319355655807
0.953628970857287
0.674271399065278
0.553413998773785
0.433778332274941
0.53837677687839
0.294838081118713
0.24041132198828
0.590881127851866
0.806112172997135
0.403052048593963
0.65301141513671
0.571326289966506
0.41718181442625
0.391408200087394
1.04617259744763
0.545671393780414
0.529321600137345
0.681327284387459
0.632304382280637
0.713258376382701
0.624837628022529
0.990429121443944
0.347450516590069
0.609542756382362
1.0438270820917
1.14844650827987
0.483951248619405
0.713248658873362
0.566213638802431
0.266094311539514
0.707852342265347
1.16234960494214
0.653751749223288
0.199034141276701
0.466231265605134
0.500097830276907
0.364342934924036
0.567139662633416
1.36585768041214
1.27340593073275
0.55615827634403
1.07184341132005
0.545570950278126
0.456170512634692
0.505390334819531
0.281434490088528
0.432972878178388
0.85932962610258
0.348388969970348
0.369889377896214
0.240538540442091
0.367050028484226
0.243104001295845
0.51422854141452
0.304783143318077
0.545231064636567
0.588727132008781
0.706923778033814
0.30414879022272
0.664489047583307
0.762518291422708
0.487807197306763
0.584711940110145
0.354674785082454
0.465222773448596
0.561541512435036
0.260343374351694
0.472644781436652
0.283744121670294
0.701185151819222
0.561811625655291
1.31228625173416
0.534431501528279
1.15946523281448
0.700836006006457
0.471606628243721
0.344644499952158
0.519070012129333
0.536953498100016
0.351274837044232
0.450222745051505
0.534811621565907
0.46499592606728
0.656783673398027
0.447879701958331
0.558625645854771
1.09792637347518
0.449722184231107
0.364426914696352
0.491085741546472
0.244923715748704
0.686040374858284
0.460381527263521
0.355547132543102
0.466120281706461
0.213243000116719
0.323672285055211
0.570618812268687
0.49241266161141
1.17218651401986
0.449494791234605
0.767379693682521
0.38721338653011
0.942153335872018
0.491199913182663
1.08897732457412
0.572868791750159
0.833643152778463
0.466853374051469
0.361234883558038
0.367695184676719
0.593824009479744
0.575885583404033
0.930239612701027
0.262149037117489
0.504343579448915
0.522794077158623
0.368978027581197
0.656536724577511
0.389997228325025
0.647735403373004
0.711439375598558
0.681005804756468
0.783384961098416
0.758623473342531
1.84893559976754
0.861355782807383
0.893727676907436
0.469970543786919
0.484818646828224
0.364184710540672
0.449990303747007
0.528920748634763
0.208984759996315
0.389134067379225
0.229057365533166
0.925118242221348
0.792942582450918
0.738136555191877
0.627551619459749
0.870310189832173
0.364786156169424
0.4745697694657
0.1968777539682
0.801242323023719
0.660041419323339
1.12587730048645
0.496201276417081
0.58205709784618
0.746624407621329
0.306288958600082
0.360173768144603
0.961584076048297
0.631769272645972
0.370377253441879
0.242579550535735
0.550751260727513
0.707369580646187
1.09344357633002
0.765317940454502
1.42636596920955
0.454016821410207
1.16196327751087
0.868939708168361
0.566891380325559
0.748652638044107
0.60411084413679
1.04546421909133
0.512984814433906
0.320445196229025
0.779702756023291
0.765917018267093
0.935592331262454
0.594943081737385
0.265677254055831
0.672681994313858
0.567406025498124
0.559336875671941
0.760760428277911
0.451374222832486
0.910417186399092
0.986103806059516
0.230757972247713
0.321138866742465
0.793624651647713
0.505553012355073
0.891818912296019
0.699260824010615
0.643988464931543
0.4970385275408
0.307284538521214
0.272697131374406
0.648416009697252
0.856658692224044
1.21386048878593
0.330205697460224
0.437583629545434
0.316945328385404
0.393069481764362
0.509435407097436
0.921053813238996
0.763581280579098
0.413484881136286
0.369880618821755
0.551428001715117
0.60256020319745
0.345582257079656
0.0194991882786459
0.639721812671894
0.501769391688444
0.40652470529758
0.708241348101009
2.45039287969153
0.424652647704608
0.342674474650809
1.13057543249004
0.26976694948376
0.312667767779936
0.276293163443431
0.6376346323672
0.727132715745055
0.521348082971749
0.197938868814648
0.566365999416936
0.413941254348143
0.380071365741719
0.515910012601381
1.17343658158984
0.347936101660226
0.543062690756056
1.0404048078082
0.35357737179255
0.685014576608991
0.35261821609998
0.617879677089095
0.388610780963632
1.06284727120683
0.299817362525712
0.926308616645226
0.607287573049542
1.47072162868748
0.928546310870243
0.356694895552235
0.261527151076467
0.567007550558078
0.376976891739206
0.51355028362714
0.362881337489361
0.29990048650052
0.705831799137725
0.449721681646238
0.0529048037070743
0.482407536768
0.799655228990359
0.320504361855506
0.496663204481642
0.296253269838983
0.608877994343273
0.564562796554535
0.961941334520042
0.158465746669464
0.528744862286572
0.673346454797364
0.368774643306399
0.856234207025759
0.52943361254334
0.336547100430745
0.381478808251914
0.475211027006048
0.207528167576021
0.336716089526491
0.98155682913673
0.428383047664456
0.597212454385094
0.644706651969373
0.322287435770423
0.540078530784936
0.483262994035157
0.199117585751321
0.570086570651505
1.0752692261965
1.15345830464588
0.715092688623727
0.428574744681367
0.719166139466643
0.571034524227082
0.5601159356801
0.558624774634641
0.407545576041786
0.869086060116686
0.844381734288475
0.322668007920733
0.647382137029963
0.695929544733829
0.672197937112162
0.3596075781956
0.778742934075315
0.215691429380286
0.321628193462278
0.639488577494549
0.350418295803303
0.314488577133547
0.531587025691179
0.605433589649662
0.481057002454187
0.562409353029248
0.176917178671102
0.712517192670517
0.573606771106985
1.14872531118266
0.397247523721422
1.00722386144339
0.706337958363446
0.406521632813679
0.769217508284238
0.429738722921725
0.470194823315703
0.816381209759263
0.284951556048308
0.450894822453972
0.521202213734398
0.507857769715992
1.08330559935673
0.151616375893595
0.357445504481617
0.932221716660993
0.42858275613275
0.426915676988252
0.803727694452916
0.399086447713872
0.605579337359509
0.70185290936595
0.701045379358735
0.746427057197975
0.489318991777178
1.06819242340084
0.507689269762152
0.786669532522293
0.732336625662124
1.02932568230551
0.456101493574241
0.356407382005801
0.554107014629225
0.361536546320432
0.257921059168641
0.710718356308975
0.28948800646934
0.37811995715776
0.365644797466122
0.320911965518799
0.294169496968507
0.661291622367909
0.41540167027073
0.392802667543271
0.441550077017795
0.350185988594997
0.171408420948075
0.159328923714288
0.502800221593816
1.172584325664
0.831436804609892
0.849179244420896
0.267880876494577
0.296674436920661
0.571216605108416
0.805875034482243
0.750525109004829
0.237451825078231
0.3837481240954
0.793364315523932
0.893309965552784
0.89006730872952
0.660757532394526
0.745495154153451
0.525457227139126
0.477747623330696
1.03322959011106
0.116023281659657
0.331615364247381
1.08972339808288
0.58879313288527
0.728448262990472
0.736673677649743
0.381443391386607
0.220167520647032
0.690528962697897
0.412669799760602
0.406882251694141
0.372298031330047
0.697794949159026
0.754082904597479
0.686269004830401
0.778142027074905
0.508546349757446
1.31961296011726
0.537735624460509
0.739050323665113
0.24678532857393
0.662991805173847
0.312476097665656
0.292856637969595
0.475043718477546
0.78347702182611
0.67927671474913
0.588609889215245
1.13105451361716
0.888426640918719
0.425521409678581
0.577246546090798
0.813600780481635
0.511337958664512
0.639179959747247
0.24960306554438
0.246984457130933
0.513678817113145
1.10978465573494
1.07383843104435
1.40576871558351
0.350507326486481
0.290862730489284
0.713277795682926
0.492410936090535
1.32999643324309
0.933864122683588
0.539351325519853
0.725069140426814
0.875245369568736
0.636991059276484
0.367240216204242
0.826614685827479
0.792438717031596
1.13058860149058
1.0204369933819
0.558871878042368
0.464377514224692
0.782885346455656
0.475331197137902
0.291481004969239
0.411775983770111
0.574510569277233
1.35235390932554
0.297635480860703
0.462039383467069
0.811101903532428
0.589028525849493
0.337191217658395
0.717664098855483
0.329045106348194
0.721642380880863
0.777338043107064
0.456570753108021
0.412148607400323
0.607949027921327
0.459465217962284
0.296276056925132
0.567667008036845
1.06176262507597
0.550094592595288
0.559017789370039
0.180564469288065
1.08863191012629
0.59309450975827
0.214914211587216
0.462763342746107
0.337886084260032
0.526403018007249
0.435399650354684
0.484324539137762
0.284723160072682
0.854979537746922
0.493125099501935
0.602295499089972
0.35999914629386
0.268420585062072
0.556504772429998
0.320923705886653
0.758206429342145
0.593821472395385
0.527408308755348
0.556361374152918
1.90047903681916
0.370742112578491
0.389635328196641
0.478966678498385
0.61077054220645
0.549140366906343
0.547148262347375
0.407607983420908
0.432580722650778
0.291873338494131
0.254687639260859
0.265301774772371
0.36907780497355
0.500086102670168
0.367450282014954
0.158899909978971
0.492144299811068
0.362922132174425
0.351872558814331
0.324142164573719
0.875557493739988
0.397203217170861
0.102147088493885
0.467024686210659
0.362138085305257
0.909979912404668
0.150694652167542
0.255303433603923
0.345584944320516
0.856633777238731
0.578210954824366
0.532622216596079
1.39595669451723
0.211495194617223
0.609292619802968
0.481101692892605
0.521373491780359
1.08453545770533
0.466395742559159
0.446705999396904
1.38049137491689
1.47242325406468
0.246622515106881
0.780131343086722
0.539522375590749
0.549074719063289
0.167838034354977
0.744553958423876
0.187289742044199
0.587690993861812
0.224733736922062
0.234753471335746
0.408061209985992
0.675801183781857
0.817722548787933
0.645694514395191
0.53472003290855
0.307968666867722
0.276755075249105
0.676631256961359
0.456094008838042
0.0625978015503789
0.722555447530357
0.841105705815797
0.399594192052345
0.28232871251116
0.469673215296967
0.81069275757923
0.746772605962828
0.545630349075734
0.594187555197077
0.153334832662711
0.282416683257804
0.558488589268543
0.483466602598436
0.935909022256844
0.632097907262931
0.625528372807109
1.11209730102032
0.800791247758367
0.851841430054463
0.627280276038981
0.231958490881648
0.270969334552217
0.596527914431617
0.637567737901987
0.69416626835587
0.488748727208017
0.205125587234729
0.822703382243193
0.570148520793692
0.409306108093222
0.502017147391482
0.677745531009416
0.446045790811835
0.738280017931586
0.780369224106659
0.424105267849347
0.772514719628512
0.437954251263324
1.02871016755754
0.318139717565372
0.79054224331838
0.319658577828711
0.744808153752817
0.261578389340763
0.54794139030539
0.647510913945157
1.0119042576735
0.419727560072674
0.478925383711285
0.312853159028508
0.348630287460159
0.880170156526754
0.290414567355875
0.609862131083056
0.447670693991343
0.532537000130341
0.524745543928151
1.41640673568849
0.450273362677169
0.606688275522769
0.637193505370496
0.459629341609711
0.178740875962371
0.826681569256755
0.881262984396501
0.762626578478806
0.307937010568036
0.736630303543119
0.409489035332397
0.470184190489766
0.435198639418537
1.24456354821447
0.782574328920207
0.338751296134009
0.285584096271765
0.820090722626884
0.884871754303804
0.451999009342498
0.560423546878198
0.356615735882151
0.542718956194499
1.32536576651942
0.716381296665017
0.318355125599464
0.372028778745685
0.500310581948684
0.815485571152733
0.415100564417588
0.275433236195616
0.548028265900034
0.595952845993628
0.60115279380565
0.357905998715666
0.521581948326635
0.343501159157975
0.524865385259041
0.347797718737976
0.92095786223686
0.637545182112672
0.695081434676653
1.39343843574059
0.532774178657782
0.995451157551392
0.921946336117209
0.403852902561173
0.722853608506548
0.238327305423243
0.281454643413903
0.233582862983536
0.907974251110454
0.523434831853822
0.394979656195352
0.438529458236653
0.600676791940705
0.805039464065605
0.355014192660478
0.318194927292413
0.337151904054588
0.265443216656046
0.361965830296089
0.533732124711505
0.331094717367208
0.238305539080597
0.188352139144973
0.301201254402864
0.835262698535183
0.323868521855876
0.374463472194361
0.893988614214378
0.868500673276017
0.541753084224403
0.598986078536935
0.333168675025484
0.358233896609526
1.56906878899925
0.502187657741244
0.31320264669775
0.348410210617208
0.677497295788177
0.705284329864672
0.215509689223355
0.270892063279514
0.405517368294966
0.50838582037727
0.356586946862521
0.917258017092259
0.451375197744778
0.345084268386171
0.802615767956713
0.564789125850185
0.214121825580423
0.535502906797383
0.698575315948593
1.07028063165683
0.366035579680881
0.271191507847987
0.727841184040338
0.44667368789617
0.884320380416599
0.281247299134344
0.925190792606382
0.948864690715781
0.600084751739166
0.882282315041101
0.436834584951736
0.512728348977991
0.308453578822731
0.447053781250085
0.570942006298507
0.443390080947163
0.283777307984406
0.461698733749882
0.907877612413768
0.572703912562631
0.684514217698811
0.927714852298239
0.68927412601847
0.694296557531918
0.574981938600326
0.754395146988402
0.328283126144376
0.275404878429907
0.56914722022219
0.90074746463722
1.45652171035825
0.648880162163278
0.632500779685093
1.17382899433506
0.4575619927805
0.372506681818134
0.643880467305274
0.52676852585216
0.324650661322102
0.598604800884349
0.478514028678454
0.246663312062953
0.539192076887603
0.753133538894709
0.366645564399167
0.546422684504015
0.710431199581455
0.901153501528122
0.317899253067092
0.564799399977664
0.822887582133507
0.227956949021974
0.516981080162915
0.617131621017876
0.738345066393561
0.467743843423919
0.87902639433024
0.47318231953163
0.24458166447726
1.28076978748701
0.566640257203557
0.253979228727041
0.518398977754132
0.791697383883707
0.871523983152563
0.691348089273758
0.16383660052739
0.29329092915584
0.296088461650947
0.257651324329356
1.21502830618923
0.759281306443516
0.417080368369753
0.400020196871864
0.758342776346319
0.815790785228559
0.483484118361158
0.66844290012759
0.481053112284061
0.719224882285528
0.509455867662469
0.499297276948413
0.491111475894967
0.320505002299567
0.395343308957627
0.722589082334863
0.253112357726465
1.05252809139465
0.641793724500336
0.541027597020538
0.222336304105035
0.760210768037984
0.23017025881183
0.45630848041901
0.500483469978382
0.528644728964732
0.594147604927014
0.481189715871999
0.926197825273096
0.490514594408943
0.356864778646261
0.664409235051859
0.176639330558957
0.394951768232035
0.739054328190869
0.81834794082279
0.393741275800491
0.717839454679728
0.463100513396936
0.536557375295361
0.655125575749334
0.501988348848635
0.578378311314107
0.958006537321379
0.58514427781857
0.624783780526756
0.486670990777129
0.642702041938837
0.379444790402234
0.569340349723001
0.150208920018714
0.29233154368946
0.91104412187473
0.412588302514597
0.753913322471777
0.598053705854067
0.313503685972948
0.634838314691207
0.839525166042795
0.839401376893614
0.605315191049587
0.627005105829987
0.322637431589704
0.541008866327614
0.606137370088762
0.501617060159898
0.778459497682379
0.375926331697255
0.213836532124986
0.816771482575324
0.462313681844855
0.373883557001284
0.285717544420931
0.753238973992969
0.886523108422698
0.693634902560868
0.160682387966387
1.27983462195275
0.328267834533455
0.586006651098867
0.668841795452559
0.321472583368678
0.391339945094796
0.402525508924521
0.863969670685764
0.308624987689459
0.900119629760076
0.634766986228685
0.719398603262437
0.862099204280475
0.48093335130631
0.579334136683392
0.522119788321243
0.431591159876436
0.650769553227806
0.10856067246418
0.408276936343528
0.518827578896304
0.353735070664435
0.672759520833388
0.744751088942591
0.707644950979243
0.804336188208862
0.688064872992253
0.365032036514061
0.633880798207009
0.247560386790937
0.23846556465856
0.349468022015883
0.294547552384647
0.38914520772565
0.676814386490979
0.457130546865754
0.49747917277727
0.422437526779774
0.375058524063518
0.82121282226361
0.494228477942857
0.555469215022189
0.321476650849097
0.563891543943035
0.726925921581413
0.349455478169752
0.313084173552929
0.562300250534238
1.26636479509214
1.19145053767631
0.258393359733657
1.09667962647858
0.291982370206172
0.19010482275034
0.437518658224746
0.2102757052313
0.294865536388785
0.17323891610651
0.3218397304661
0.809678195195635
0.489698384530013
0.498611788138986
0.386776387282903
0.404966015009732
0.474651080715691
0.495752522691776
0.420816589006565
0.486472165469754
0.810023175021119
0.628784073839821
1.393088242733
0.286797896991176
0.435760922928888
0.277192345635913
0.402911566189351
0.304221197120278
0.6443948691179
0.414391056888254
0.358399589124229
0.862536789686386
1.10402220477634
0.324549141114371
0.611226875333223
0.431418024277048
0.618778797283243
0.556996131752116
0.520809698119424
0.656363755519225
0.638815903922485
0.367219960513213
0.143223024905719
0.636016108796121
0.352901190046064
0.698291188413411
0.837238486621447
0.698514798608823
0.468871029264724
0.3690418295008
0.425886637297169
0.921837568711236
0.65973244832224
0.7923323444623
0.259513778958223
0.746100610434405
0.654203785839282
0.739052286845888
0.66908047487482
0.491435915054691
0.403837891416881
0.620758716437915
0.499850747948791
0.270304834320046
0.389772058302136
0.804848932757196
0.803715736743968
0.397914278973386
0.534852028456269
0.806489211801229
0.400442933869026
0.370172045317824
0.205967638857487
0.622443405890257
0.527082451569121
0.330843576444949
0.605734780690082
0.44812184453679
0.47443586217082
0.852593158616262
0.661834068227515
0.379376515112489
0.702953710643247
0.688596304910841
0.285340331210008
0.619306415379334
0.398496372274992
0.305715494652957
0.377519896040969
0.278627710605541
0.621575720503981
0.368133835940929
0.3668664825432
0.655931213630117
1.0379820911544
0.369948262672558
0.515896480823086
0.744384400022546
0.322517347240342
0.401387162062026
0.640074821655808
0.5372921772595
0.42275390055928
0.854118294014162
0.317212585444453
0.51163237647535
1.02898521306514
0.439984172606021
1.24644392509745
0.360905617886499
0.331610275274917
0.443236754455912
0.670206425950204
0.273897727132485
0.336783606220091
0.634523704926554
0.58263016606766
0.670039447566655
0.432950936414806
0.447541252869693
0.328933533463349
0.989571308458671
0.492133550505782
0.475245048711682
0.238399351021731
0.611038923217604
0.19280894966318
0.339761288323128
0.318285769512391
0.419642006276435
0.359769198439689
0.617673715208125
0.283209591436372
0.495822099210491
0.183616960283272
0.734938863671307
1.27188360357201
0.388607148517567
0.737387615006374
0.513283114753242
0.725046829242357
0.564766829417775
0.337458145653494
0.56684117556701
0.621890091180043
0.483858888521257
0.942081311286915
0.696796102726952
1.50516181305244
1.15211227058415
0.734644671223208
0.449238352566892
0.441467202340528
0.456448126335011
0.317445112658853
0.664961350610208
0.371322092810764
0.600307190295979
0.717107791222663
0.623635789964673
0.918456078007731
0.188565911675688
1.28742546846307
0.617030178140065
0.855872790982621
0.387276032049896
0.203608818102305
0.925063316025884
0.454916511673614
0.615076405234273
0.534745498468674
0.401584643341265
0.694370741537325
0.298515064527961
0.818854001362081
0.576409597761186
0.739249854322908
0.611141298976541
0.611085954108054
0.379212569278482
0.635621448055042
0.200076911693381
0.474818720288139
0.60512121320691
0.784304733512091
0.637426209678293
0.476769837262028
0.675647446386777
0.209363127601332
0.768249528388043
0.223854429018023
0.429427827539313
0.626979425106625
0.461927460117263
0.54189017887071
0.5323261796987
0.51616103187568
0.400267451309274
0.30028952706131
0.341994651389432
1.04398276181681
0.810524419740715
0.909895030325831
0.308630040896845
0.942794452536054
0.432828767536803
0.423818541501481
0.64875611306464
1.09400077477829
0.56982806832857
1.19271812407653
0.354606305801491
0.564282833468856
0.329871218361688
0.392670153255042
0.692947263988798
0.832931907350188
0.606464284382406
0.454871050805053
0.331032570137986
0.388410587642375
0.434209279656732
0.406337411525293
0.345670815438356
0.659282022273504
0.661062987497302
0.507007310016492
0.920203136966749
0.977225578626501
0.743259053479409
0.629734985289844
0.374285202609471
0.394994458544223
0.478637497995614
0.217206525625525
0.598336632767831
0.676341390092775
0.666151232606369
0.448350981749405
0.551553645876856
0.414951487525797
0.95419909302798
0.55374406412247
0.437709561905775
1.28046155720008
0.57634204841656
0.560399660351785
0.505724221948982
0.992678531604801
0.340734747944262
1.26618188852428
0.633869634175541
0.264146809661439
0.52652937161041
0.411802963231444
0.252418898645368
0.56402919444521
0.410396902600872
1.0116606159941
0.250281965741753
0.754452011418358
0.364978437332784
1.17773132100729
0.652671880792075
0.802426668022374
0.527852834543771
0.504318178038372
0.319039816668852
0.534569271226781
0.219212740956763
0.33710855162422
0.319588932031237
0.3395767318198
0.633591950779426
0.170395609838917
0.435574816274677
0.407231538019986
0.428886452603164
0.685782695875337
0.810218374734304
0.630367659885887
0.594589109989449
0.66599998903911
0.348629180631067
0.393588897124469
0.755853999429613
0.59470792725927
0.431593662900784
0.53937853027434
0.431260218552714
0.354311808881452
0.483532010841498
0.36923814333564
0.134744566786312
0.230111431295603
0.58722389512668
0.443812305758938
0.623503885040639
0.302364321651181
0.120873814301781
0.387243188038111
0.649963405816533
0.196306986431974
0.771364284142848
0.459704968690591
0.291469139012514
0.630979525414359
0.63200730565415
0.242101108416454
0.821299410088361
0.622885160192762
0.269981329311774
0.82136385453023
0.407174587208926
0.576385547686205
0.294965038316132
1.14108800072588
0.223340679970737
0.78925605993325
0.344931578722579
0.369489275074795
0.536575589880077
0.410917178010888
0.214951397794098
0.529856153851432
0.422283382588672
0.497770289373723
0.610221060551466
0.761697658630555
0.936807502847169
0.418356270392881
0.528578329950075
0.19760511226968
0.728438743099323
0.747619123790472
0.459258998847518
0.650775246446783
0.431311729158311
0.5464329939615
0.407624679196375
0.383883457115668
0.734912643847276
0.519876222073596
0.255531907431195
0.861065806971984
0.316288973190677
0.692561315375538
0.493175370190709
0.576622602972574
0.41438305968389
0.966038991302278
0.406598813114864
0.729992094639824
0.222323199052143
0.480953974761042
0.50751400951057
0.615489611537255
0.50161106153138
0.387807252512634
0.305040606584491
0.404112166079055
0.488009732521945
0.307760008907912
0.404501537042824
0.436417139116374
0.498092104869253
0.503677997233305
0.540428810324383
0.265346180613822
0.610839751585177
0.535349662382783
0.747152600200338
0.414560897066326
0.785306938993186
0.882040690074913
0.654434845949944
0.608586609395867
0.58803451963539
0.768442939037486
0.11968447592779
1.00615750994026
0.213190007285923
1.08657889492714
0.657277072560313
1.19315017140808
0.463034110517008
0.959345821988751
0.741398135717916
0.421056917962527
0.988072292372275
1.42275408259179
0.372799521314557
0.422729740187081
0.556097032755805
0.317535958359083
0.300338236491999
0.340592777437198
0.477628515464751
0.26500919023855
0.444756802500418
0.29293300910901
0.492560609745987
0.478478855259828
0.584887681326242
0.423931443795489
0.211362691422864
0.456534755714592
