56.1863549810771
46.2831540616575
56.57428597666
45.3685490413209
49.6160133137964
48.4948794983903
47.8980703830985
44.9104232898545
51.8374630357427
47.6251370897095
48.606074782657
45.2780044343123
52.7867594074432
50.3052064172501
44.2808050432001
47.3762101643943
48.480789830715
47.9833750490482
48.5375180476584
48.627852864403
51.2924831983776
52.9311621216096
46.0524945490927
47.6603952780764
45.9459863333045
57.0046723163961
51.5456071029938
47.5651869322681
46.807412819453
50.7052748890344
49.362309698837
50.3192364406373
51.7678706542502
56.4010153942365
51.6008724387406
53.6522105237633
44.8113190001606
55.8043543899207
50.865529219783
50.7777192133322
57.7314829066148
47.1949544095837
47.5802174187252
54.0700292839171
51.0890694107611
45.1012480660955
46.2053854716542
48.0173282397986
47.3818067650373
45.4572115398278
44.2069823186904
45.0665110948401
44.9097002369476
48.7365301068277
45.9661446188149
49.6468098767151
48.851318417902
45.6119100119896
49.6059109979175
51.2663343474116
46.7998179713241
49.3229658093062
50.0923807868786
44.9092884672528
43.7819230439425
44.8740099240776
54.5442065514067
46.8449546950717
41.7694796790948
46.107211736966
48.6822811711166
47.8590471810125
45.7572546825717
53.4057128366308
47.837811355221
44.2993908889577
48.1936350805252
42.3384001294908
47.231803477507
49.9159710791013
46.7095067912502
46.5894652845052
47.4818177145694
48.4062350103817
50.5127355122805
52.1775259233718
46.4914017673015
45.418804706124
54.2541107302181
44.914959630606
53.6236887033245
44.6049626847927
49.7408690313536
45.6883447504788
43.5137007481941
45.8423362546183
44.7607272078126
44.0110460845744
50.9058914630226
48.2591921233407
45.4431758876263
50.3672328057351
47.1845184357636
49.7957487791115
46.1376016087594
43.1758354311915
48.8265915741186
53.3439998484486
47.3724163495405
54.8383056226661
49.3836357424882
48.2012477016152
53.8887800854625
52.4528202400224
46.4604888763249
44.5716804569749
44.0988442223656
51.2879125836625
48.7878423703259
56.2473203406729
51.6719590666739
45.6519523893256
45.9268774830767
48.0463212522707
57.3681697405363
44.8515160677849
46.5199599420243
50.1321051807845
48.6345714783818
48.1593854736094
49.620227950298
47.9417701784462
54.2195813319173
50.2416231032566
44.9287015514169
50.8511781373309
46.8879266087493
57.9613192255596
46.6398329356804
49.7251379119219
41.3395911267759
46.3975981683571
48.1532263081199
50.4879314068117
45.1129108541264
48.1985853494503
55.2422567679741
46.9662150992181
49.4560598159891
47.1617197944973
49.1244649315356
46.8371820519496
46.0920062446527
49.0166158358667
46.9222956642543
49.1359617496
47.7706429509873
47.4463904110436
46.8384379613604
43.9408590862474
48.2692728589459
49.1420224391334
45.9918017906248
50.068452549791
51.9147954633146
49.3591128404324
46.2986037752764
48.4679449510394
47.6609828185198
46.9686851531063
48.1656512984279
49.3298165659939
50.0846803640675
50.3154707451389
48.9243330728473
53.8725165541297
49.1328783346881
50.7045131566774
45.7929988035052
43.9124775972836
47.5816868029787
53.8485299202667
47.7585633757423
49.3210534740964
43.6386412595051
51.7121950023748
48.6292133871421
48.2777315565764
48.5389288033116
46.6381211330499
47.6343427424518
47.9398180935788
48.5201779331542
49.2627069762134
50.6996723223812
51.5404335700244
52.0420178538382
49.0053910172338
48.157768433168
46.1200065457384
49.9376814229953
48.8383362059796
47.2668490065098
46.5508344131822
49.9786681321371
45.8400767175929
47.6701821744999
47.9032152014481
54.3459695402541
49.9402455266998
43.5632283939294
53.1134448803218
47.9675639722077
45.5608226996269
49.557559387253
49.0037741781549
47.0220084046604
48.3104729607626
49.1891645495275
47.2858095782833
48.4815901682933
45.2347141537322
46.5339512506196
50.2584578650918
47.0212969643401
42.7382048628772
51.6613831866413
49.0293197301831
54.6199871360221
46.5100976410287
43.3188107153274
50.6031068498122
52.1334305387022
46.9129975259611
45.0152129380733
47.6896935977242
47.5077952527047
45.3171569293393
45.2141573008418
47.6499077401172
45.539299432289
46.6184428409087
48.3819939978517
54.7861717787916
46.6909745730515
45.8032604725557
46.7120428438925
46.779965979053
47.6473478098466
48.0660831336485
45.4982341837248
51.4168695330487
48.6722820377751
45.0133789909605
50.554045121742
45.6387437322701
47.162316911301
45.0660117761604
54.3712339200088
42.9442077900824
50.5639529178104
45.8810418661753
44.913527530415
50.9493431234233
53.0626271515484
45.5655812724337
58.4170941347594
48.0456328958199
50.0362001602753
55.395405417151
48.1830621063959
56.3557757470607
48.6025273828252
44.6380170268236
45.6222133291785
46.9088183411944
50.0921353740467
44.9061073291563
47.098609791944
51.8545673467559
52.1702454480747
48.0930219076388
48.0356596983875
51.8798221996464
50.8971123629958
48.7151696135727
45.7716912139718
45.644009731308
45.9908785357545
49.0001875912415
49.4168129920407
46.5052551136051
50.5633310033898
46.4501734006556
50.6569804276543
52.791565239525
50.1474336605045
45.2262504913169
50.2557190290578
44.7879869305313
56.2234299509992
53.4204339757819
50.500383790418
48.358480903565
42.928114253464
52.6270758376491
47.816973419411
62.3650595638414
42.8320547241066
45.5500383218955
46.1787876546046
49.8552525536319
41.7687069833592
49.6034605498737
47.7900967388097
52.2348084931719
47.4903537429246
46.5432430653713
48.8235807446517
49.7577384724026
53.972286904508
46.0603670191579
46.7071334192552
57.4420712403199
47.6707249538521
50.4052173471864
44.2414741978534
49.8274016401416
54.0639879812924
48.7157178962181
50.4308634205865
47.7821578765519
46.549343327043
52.154376616684
45.4615802844109
46.5770105627836
53.6065206398166
47.5338289393256
44.8999836328368
51.9666380904212
57.2047092730656
50.9084706682624
47.1275644762674
50.3565670357201
52.7094307865865
54.921191964657
55.8726052781517
47.6398327348013
45.767395087307
47.7710530339591
46.0199101707813
44.6811530796356
43.2000797582501
57.1778039207495
47.9332353516962
47.781242071413
48.4270950465353
49.20517826582
44.9364039036099
43.9824096960149
52.0434775838539
51.5895791921898
51.6243208197271
50.5392506318598
54.4329781126136
49.1079411820871
49.116834491879
44.5086460980382
47.1434578005928
49.5094665029459
53.4425615542437
47.4180682511001
53.2129216892584
46.7489865523018
48.6967030146163
45.1024061086538
45.9597402212346
47.4037663420317
47.0423000183952
48.1857847805276
56.2123436433614
50.5591799989396
51.7790398940417
44.6763065059278
49.8821533455355
57.953870592778
46.9553030312297
44.2008075491444
47.3897711939585
46.6015786539684
43.7620384825421
48.2904608068452
46.6230396652069
47.7454759862949
45.286319469681
48.0212478483055
56.2323502961313
47.0666755772729
48.8715699449401
49.0502629962417
49.3247952194731
45.1149808964075
48.8293109216426
47.5256607034318
50.819194829771
50.1287846280801
47.1844006694669
49.336195717917
46.9013267771965
46.6497976826887
44.9659303863368
47.4834320001701
50.7198268468082
46.5707937743759
46.270703232356
50.7619573789877
54.7587603179877
50.0229983524455
47.7507905710204
55.1912223334454
47.008424244608
46.6112860488326
46.9143664822566
48.7105117405049
51.2495969848229
52.645220264154
50.1060370735192
52.7357327116001
52.4057911399832
50.3025727940275
45.4224311433989
50.1634888156867
45.4223754365292
44.1887480205384
47.5863387224374
45.646310247779
49.0113169377931
47.2181858487799
58.7419033613892
47.0886463290356
48.8443981867697
44.1100588141594
50.7643677947148
46.8680850646448
47.0518626647797
48.6200332539095
46.9111731566009
49.6051405063992
46.0214511557866
50.5610825584568
48.2465501449472
50.3401785085222
55.7807672482475
46.3708490860149
49.135974289512
52.4445644652012
49.9167502458737
42.9562222901166
43.9762615462068
49.4749652073421
45.9903062781365
48.8987201453071
49.7151447250878
47.8722484046349
49.4340609683032
49.0395490368629
48.8432123715751
52.6525883019458
49.3112166607605
50.210055282578
47.8058141141593
46.8778928938251
46.4846965101062
45.5865141297251
44.597969254236
51.2230903200978
44.9524535323244
54.3037148033813
45.4170968377253
50.7915130639131
51.3229379550191
44.879432744966
47.6158928724519
49.6816627313801
45.1495212664109
44.5830428945385
50.8088490130768
49.1241426315473
51.4188196792733
53.5320092107864
49.385907580117
48.8599306387062
48.3786892822197
45.0256529927179
49.4978984682598
43.7559040013221
48.4131268316663
45.8295142449285
45.8759941848799
52.1609915610825
45.7614604761761
49.5998672315646
48.2769808992074
49.0638334237337
49.0829434462062
47.4646022737139
53.5643119564216
45.0678425078034
51.4600587495285
44.295000300789
46.3949284675434
50.2971249193533
45.3020855098501
46.5967926672037
57.7066450728024
48.5937820003044
50.3724083353171
43.5793059827848
48.6900317244293
46.9370644919468
44.3975003570037
49.511487819929
44.3174049430759
51.4570168129798
49.5748709203255
46.4426203664735
47.7854890563469
51.7429453794569
44.3154372352349
45.9682867897512
54.2915790251506
46.7407045871849
46.6637938089305
47.1995002322411
44.1772827263902
45.5585434149803
45.2444836479175
45.7413018033797
43.4664070223816
56.7139266240207
49.7171507382488
50.8649191146231
49.7593003970883
48.4931622188317
44.0271475576063
48.892429342929
56.3888303995641
46.8108969155337
49.6952283572408
51.3945508229649
47.6143015073684
49.2002280358209
52.8467715614236
49.1552349858166
47.1669222883914
45.4166073788167
48.6976615696154
46.7278317985753
46.3237039712919
45.3737413702457
51.2343588374077
50.5984359601593
45.0223920288119
46.9533970396587
44.772548100255
47.8920363123329
45.5677833019758
43.2308920494819
44.4564730095278
47.0674109675199
48.0966658792627
50.0916006741379
45.3412178928602
46.239216147681
46.3244036412893
48.5231189183499
47.126816818709
58.3172382997908
44.6883188567574
43.9895069076704
44.0859540281496
48.6367037549179
48.7122663061453
48.9680705167072
50.4472912136947
50.2367206479718
48.4379746477956
47.472527605365
43.6948583943279
44.6609577711686
55.8958494896136
49.963375738478
50.6190120919384
51.1887249273494
48.4365736095463
53.6711249742563
50.1188403058183
62.6033444641127
51.0493946526913
48.9190076894306
43.3407715526164
45.7783519002142
47.0098009849932
46.3183232043342
50.8763399905019
46.2288486905567
47.7126129263381
43.0161542833709
48.9364440829497
52.4288147437941
50.3064639116242
48.4012752282225
49.9279480408071
44.6906020205201
49.4272669103606
49.0046604144978
48.7292095088654
47.7012097278667
51.5467396659634
49.456127647471
49.975354538451
50.6295641663697
50.128226454984
44.8505821270039
45.7059652471887
51.4088490787386
46.5131769065317
48.6651390404836
51.8842600142334
48.6953282988175
47.706082379961
46.2761859097335
46.1528297663066
51.480274969502
46.5270256377435
49.9069845545723
57.3653534756419
48.1808697929167
47.1998657901599
45.2471120972634
52.7478720297678
47.7413885750557
50.7311400689089
48.8800404622693
46.0624142568506
44.931327562763
46.8532821505006
45.7017937525174
50.418440175296
52.0397449241583
47.8729635140309
47.1881923611804
46.5089045322444
52.3803342302229
49.6623011587547
56.3058710604429
52.9521205907808
49.2666810705108
58.6706315559624
46.0132939939102
48.1000161137279
49.9477648100585
49.1620229877412
43.7980551686276
48.8656295385545
45.6361519143176
53.0016100452781
48.0771111203462
53.0265328717258
48.2891891410771
49.1531149583789
53.1431849234422
55.7104905157719
48.1654872418839
45.6545222025041
51.6468727315944
51.7209451575804
55.3742736863472
43.4427817161897
47.7624218703991
53.3941104094322
50.6330568647087
47.4934872197989
49.9865702649161
49.8997697013647
48.8456078335861
47.5142466371991
49.5874378200062
44.2429370010599
44.7677811873195
44.9849580836469
43.4783920076021
44.6015238834785
46.896285138578
50.0160284045368
44.0270359585067
46.9443795377547
55.5670353606775
48.4847334267212
48.8398893038779
46.8766161213914
49.8461200124319
47.0208427000767
49.1981239548247
48.4997310131731
44.3337553736235
50.9650129312624
49.8314319978401
50.1821573279809
42.8720048136289
44.467159614065
42.7862976741562
46.9061213557341
46.9248105484005
48.7681810749711
47.2285340774809
49.501831908169
57.8420271416449
52.2041669644795
58.0204909183238
50.1112841277124
50.6712035427426
49.333399144554
55.5381073002304
51.7694928334616
47.2699249786113
47.5520827436525
44.8243187702852
46.1654909858088
45.6673530116072
45.2102538268825
44.9865157053446
56.3168961790443
46.7091092852001
46.4634567690207
49.5178672338335
47.3218028430865
53.2664072984535
52.6476831745112
46.0455501893374
48.6564005816218
48.4663811800478
43.6025837387001
47.8672528092329
49.8215053848178
48.2361433926253
46.7942859699694
46.1625928751943
47.1926815022721
44.3034536842833
58.2074348647821
56.0667788302025
45.4340923686423
49.8418010481489
49.8195082572287
46.9145003000275
55.297696557739
45.7167473168574
57.1836445442888
52.0791235562641
50.1239880291042
45.9028106597945
53.7296790861353
51.634716996503
50.7322193790069
48.9123112901513
50.3477842384702
43.1551292440372
51.1879584770387
44.1801511833748
49.1104293649966
48.218468841772
52.4814594466608
56.8985213939794
53.6904975092007
51.1189590786735
45.907137911504
46.7906649079053
48.501820107437
46.3689104133969
47.146073975077
46.9802374254782
46.5132362079904
51.0008502874444
49.0800135406112
53.9385018790084
46.5407118051502
55.262854247258
47.1167192383376
47.0455860671106
49.4441767886963
44.9645454680228
46.4692942230144
46.1658300567524
48.0903209005968
51.8788393035889
49.664499156577
48.8563156135626
48.4828138404914
42.9227532710143
47.1945027557149
52.2199567416427
47.6341356872595
49.7798398871301
54.6782774802059
51.2227450548381
46.9311594360444
45.0415124263076
46.7809965201166
49.5683289927573
49.7282126929003
46.4077282647021
47.6548498757966
46.9806413745462
57.692913037944
53.0910599637109
45.9473647913972
45.9051659470201
47.6451931573503
45.192017874194
49.8234533082046
45.012203838718
47.4898541387208
48.2732623860666
46.283916906276
52.537778493474
47.4342818972866
46.7325158436092
51.929634099662
47.9152257590354
49.213527432965
46.7807409470151
44.3580877396393
44.322923287022
47.0173702551391
50.4688823698013
51.8669222260909
44.3170383561232
44.3004164003916
47.7380760676498
44.7048847083751
49.7460851369083
47.7389509074423
43.1774748944317
45.4655123315108
51.6837611136822
49.1571151694711
49.4548987736758
49.7665534909707
45.4498123317255
46.2619022308784
50.803963872586
46.1333268864476
62.6696862435732
55.5500265794553
46.438266288051
55.008957194754
46.4136282911781
53.1446204399865
50.4243754503659
49.4751049583326
47.8405285959571
52.253307681687
42.8905981859739
44.2993803273831
47.8420690384049
48.2378045786896
46.2714268781889
45.2182221941727
47.3092401892983
46.1918417210206
44.6412922798364
46.8371333124273
47.8008035840874
48.7410174298515
44.6550712007242
48.5807263426563
45.0182494404371
47.8827003813564
47.2277267499393
48.5588904218234
54.5291681004403
47.5875388961205
54.1458141583978
49.9131234752679
49.8513416024768
49.7499308677577
45.6804126482304
47.7204290086075
47.189549153404
46.9290367808235
47.0019011247867
48.8797988292171
58.5646409757716
44.9042513484186
51.3753585567635
43.4806267745277
45.7473984196572
42.6179286531488
49.7886534249315
44.6026392826001
46.9884013112242
46.114785371523
47.4959043029835
45.4714246119019
45.7226866758006
47.7935546952225
50.4529913513074
46.3818249136329
50.7170265134252
46.2966951354431
52.6107437177411
46.2147093346961
47.5680778753365
46.7178190142067
47.9534297838439
49.306898494484
48.4692328404202
50.1652091078314
47.1647851182946
44.966878644581
47.8208243354785
46.7054524368834
45.828698070797
44.4748090028057
46.5250237786918
46.7368519167728
48.7196048943748
48.3702446320588
47.901197558919
47.5688849184195
46.2728382055604
51.2939436327078
47.0271928785662
45.1977140540889
48.8247019267789
49.874799216386
47.0965383988188
50.4395888466985
53.7136946330515
48.1790448410771
47.3801592164791
48.4676556903961
49.0730401028789
44.3725545449685
47.4531176612335
45.296295387318
51.3474199179129
46.99813222443
45.5265706769301
49.8196381016958
57.4000159032779
46.796140028323
48.1186689118489
51.9788697085952
50.71555132795
46.326648829513
45.5086448853518
51.26218636796
51.1002909199175
47.1716988353978
48.3402827186241
45.8187964709838
48.3611864490274
53.338599267958
47.9695921305284
53.2038863537374
48.1021720606904
47.8667616727231
49.8359321174452
50.0618704300931
45.3176106999833
45.2414788683968
52.1429661878314
54.0931546413912
45.1830573230907
50.6346976181913
47.2546443249956
46.8082594262476
53.0492480884072
51.0462388263924
46.7816127059329
46.0849291867516
50.1924205208754
45.7020823596816
60.1331874140997
48.3823095367974
45.0345082266562
48.4141701417234
47.1802723925693
43.4453317582981
46.1773837019821
54.2085205141581
52.410420250316
48.9648404824008
46.414047370398
46.638414519786
55.3681817082961
48.7911966941691
47.1546823790199
46.8434383173337
46.3400352841407
49.3661597023525
54.4057582453443
47.599139468244
51.1047555781424
43.8069143921408
52.2469052594494
51.2161031707693
49.7708686689695
49.3731871212625
46.7941096418899
58.3975715544786
53.4936536152363
46.7302428629057
48.5169129220799
50.0952790470809
47.2202806686336
46.7394789104579
43.977367347079
47.4274581156425
51.4162564666098
45.8896007890014
45.1382332696219
49.8252583399594
46.6637730158653
46.0464099760428
49.0435122594799
50.7149370223189
45.6798179434817
48.9097297896528
44.0966776273393
45.8082488870486
45.2192629627044
50.7637210091735
48.8608553360759
46.1711427631443
49.4563838563056
49.5358130535525
55.0899005179371
43.5354128569119
46.2071709276295
44.6452260698934
48.304629755512
54.2147494999559
46.4377052270131
51.5894677142289
46.5034526101307
48.8589589065031
47.8592498433369
47.4254853443402
45.6240315363557
48.5211646007568
50.9202758356805
46.2578143016929
46.3453213568599
46.3443540024715
50.6424087580887
52.5102420328273
48.005833458848
45.6797930143096
52.7653796845822
48.5815667627098
51.1988205168246
47.1286276600666
49.2268763016845
48.5872548338975
47.5539262215561
49.3449512633619
48.4422639117018
52.2036106437437
47.4111193037922
44.0638862497212
63.8719321363054
51.1226408324421
44.0424347910501
51.3580511831398
50.153570477703
45.003240461485
51.3778082483187
52.7040598644338
47.3957116201463
49.0810444754566
49.9307348583906
50.5673149888927
47.6947145423739
49.0027937686911
46.7516781945398
53.0120663760428
43.7508377460738
47.7322871804248
50.9928620354253
53.3497753180756
44.7459272688522
43.8467216410203
47.2660850261034
54.0942395923701
49.6512524267517
55.3197182738633
51.729306624229
51.8076405840448
50.0863358303704
50.0810023376134
48.8190564765398
46.0553523331573
57.2648702880387
54.1267106990453
51.5690300668602
55.5806422804546
47.3629183649071
52.120142120035
45.5354532721739
47.0067313364881
46.8315316837416
48.6887308057229
48.3891687822324
47.466255263653
49.1172067812416
45.0354632763027
56.4286375147982
51.1051973300073
47.2361343675553
50.4282874282155
47.7284393237155
57.5641872223509
46.791586828126
43.867910881903
45.663617273457
50.5264154733921
54.5557011750229
51.4492903435191
45.5944507186905
47.2757230129938
47.0351233554811
42.4752855094754
43.9741836087236
44.2816592322404
48.3877768888081
48.125000567839
43.5094193382373
53.646478873946
49.5960417176066
51.4647869016127
45.6044298167504
48.2629407928894
48.2978741226635
45.2978067192083
42.1759647782276
48.1115625966532
46.9746557252047
43.284535695082
51.294007137752
44.9463945276725
50.2870083364443
48.0285009215743
52.3943198768228
49.6696148989354
46.6282066836038
46.0577434305728
45.402913286323
50.2150160639279
49.7747954357617
51.5006740023577
48.2948117283381
48.4984665388598
54.5185988758662
48.4126614216133
48.7431108653049
46.4900992217406
51.1098807478628
50.3301616173058
43.6005262516743
50.4493672490137
43.0441107078442
59.8362778784252
47.9110765057045
46.2943133073406
46.8713843723845
52.8941915022609
54.3068736388741
47.3818043278025
48.1345483776928
47.5094794711017
45.9387070667681
50.5217430597966
47.3129242767029
45.0292822865432
47.697400234414
50.7294336347773
43.4709134683962
46.1281771548882
46.4737795884136
49.7506553870757
46.2937654180787
49.1605409919385
54.308298227473
52.6279030665526
50.4170768820986
47.2761138128353
48.8167524755916
43.4176857557564
55.1696829585845
49.3206718496821
45.7290914571642
48.7273752764209
47.6587376493948
49.887179304874
46.0386936441394
51.31078956796
45.2133868875223
48.0557292446411
43.695467718131
43.6091889829599
50.4933415590018
44.5158319457395
46.9640624026531
47.9533180449378
46.0467432869773
46.473614193813
46.2488124704298
45.2696435347953
47.775067908022
46.9140001270353
45.3530559565985
48.2637137174249
50.5826075630063
49.9021325488177
51.8885323246865
49.1080377198529
51.2151164196667
47.4350769039161
48.4652257876442
47.2933419934092
51.7127713260187
52.5523802198
51.621435522229
45.3523925314782
48.5287987303525
46.7033435937524
44.6641974680681
46.1029910208439
49.053364042402
49.8168015812512
44.0609694108631
44.8489382182445
49.8125662115461
47.6788327624763
50.22415314569
47.415841155019
44.7108452898678
50.0768615379903
48.7112264219557
46.1178434634581
49.967855259269
48.0072561671084
48.3471092792053
45.4260208740314
49.7667978378908
53.8962625396077
46.7965029374728
48.201423161052
46.5844739115682
49.0414998517199
47.3906732405752
50.3874365875606
43.0954858971264
44.5862300443668
48.6234065344981
46.7134570870783
48.5225726745593
47.9280702989659
50.4199735166573
52.859992322201
49.0259229720463
45.0387707364656
44.0324319349557
49.6855525876371
49.1984298985628
47.3968932041932
45.788096960721
46.1186378235488
52.8650441636522
47.354850587284
47.1409569941356
49.8809171814135
50.3804326694055
48.7432404599394
48.4238068946227
49.3549153183038
49.8078682542111
48.6690883189744
52.426674044943
48.4752117963084
49.1514023082671
48.2535598705265
47.3277232623303
47.9775062260334
47.6668751719465
49.8592510298078
59.6097009700091
51.3456823008809
47.7791057009317
48.2769718017363
53.0736085746637
48.3693230134031
46.7299371136151
47.3672197715762
48.7616658152051
46.7738571997877
46.5143411404617
48.2199166305455
49.7948658419543
47.2866335645099
48.251902388596
52.0074411672122
48.8521735688737
47.3334236512898
45.0079975814146
47.3004901610426
48.6170179347815
45.7815839028732
46.7616794086797
48.2512662349197
48.7494030084152
45.8752216726502
47.45786306819
46.6203625288064
47.1490540940396
49.8925233889778
45.7256948596499
47.1670955107403
46.7069493835938
52.342220127226
47.1999286904072
44.7963159807916
46.713962097234
49.3130696320567
47.6755224870443
45.6280900039849
45.3369531966932
49.4320467371128
45.9315584625743
45.3672198357791
46.3073083035308
45.5090374904471
51.4649861704787
43.7137293231535
49.0478861591008
45.9969176632496
47.2773023968958
46.9433984995766
48.2065668578835
52.6409250240023
50.9987579517421
46.5102733029077
53.8194325256425
43.4634583731881
51.5791265555147
48.0076978338579
51.6281133519514
53.6728367644673
47.5056198483115
46.6503592768593
50.6978625872813
46.6374006890305
43.1705354003441
43.7564184196371
45.2526252254719
46.773436212771
52.120554809489
49.7114632886913
48.3255714417702
52.0067536989062
47.7326820727619
46.9152902342236
46.6893817746176
46.6876423842192
47.4959276647203
47.6055591058063
45.1214706701527
55.1260530279322
48.093461802604
50.1025466050427
46.3860902629773
52.8146653436113
47.8004240577973
47.7850674246801
46.4661573155236
45.2811791099418
47.6329804585074
45.196263461451
52.3740061989411
44.4531338026389
48.6684883124644
49.393998035699
42.9937457583008
48.4272571443854
44.648487155246
46.4719958200469
50.2132520708999
46.092490913696
50.8390493270105
45.5085513249566
44.2335018111452
47.8028862017973
50.2992025340741
50.8448058814706
50.3073170033386
51.0381249687601
49.1997916248873
49.2713097076406
49.1663261699453
47.30898262484
53.9729121782857
44.0426495940471
51.523613283418
43.146898135007
46.707130644737
47.8771876904427
59.1886806044222
52.0180680842313
50.4679546925484
47.4300128684048
47.6956529183208
45.8942611257795
48.8209496672585
49.0144871189718
45.9527009784751
47.9682949010214
47.371126496048
43.2180363169456
51.1104793937783
50.3488413581718
49.3983604788708
47.3058426131281
49.1180694803455
48.7457322141996
47.7632349333482
49.17696483876
46.2658693542151
46.6026204955957
49.9952897173376
53.7115883672627
44.4276295713126
51.1159685188886
47.428442086499
45.9488621859634
45.4129066312806
46.1026326806244
43.7945364151803
46.445123696638
48.4507970518901
52.0908869383176
47.7071195259023
55.0639898602567
45.4693170328272
45.6990541518551
45.0344427009157
48.5170687548802
51.8415201196137
45.9397139484985
47.6745227742217
44.4893705881855
48.670078274665
47.027323916491
49.3450943855695
51.3076938264018
48.4467268064135
52.4130202155557
50.3169033511941
46.3808261663147
49.8233027195704
48.0447040910101
48.9842065166154
46.0461868117212
44.3600110898865
50.3864145982791
49.2599514704101
46.5558812866584
49.1661103160768
43.1595793599984
48.2573579862479
45.7558114618611
48.157597513555
45.0049276873314
54.912615577916
44.4613614028068
47.7729182884496
51.834070769589
46.0690556303141
59.2417451271031
44.3943282147324
48.8475386486245
48.5555586872267
44.917726313212
43.4535652160316
47.3081047418401
55.8768832584308
49.3463112586597
46.9057630977723
43.8692336121689
51.6358500120034
47.1323440134615
47.4985551865367
43.6499817061337
47.6136814972111
45.9447290605811
46.3344959562323
50.8223639734452
47.3431976820805
51.6045141617887
46.5113774058586
47.5017824829841
46.4514661219378
54.6220013594576
53.3112309666642
48.6607923918009
42.6406163595362
48.6669868281548
45.522094800386
49.6452285768305
49.9572634781315
44.4450052924622
52.2376750776039
48.4560193885849
45.2286806528389
48.4461440522029
46.7725124449847
47.1936250442736
46.2049980566474
45.6698567124878
47.0581372031699
54.3262151961896
46.9066841164135
48.3178587010309
51.1216438018285
45.0072280802806
47.5360147981241
48.8970434729486
52.2388065291693
43.2642113230239
49.2308739570273
49.6216489532876
44.6231082914903
46.6093007027246
52.1314192840981
53.5083430950937
49.1283342084722
49.0553796828579
49.3844762501674
55.8604006114056
46.7280865138293
47.6296694476496
46.5567988697969
43.5986944143261
50.6536078045665
50.274193215974
50.7229471120809
49.4398395759278
44.468816133727
50.645640604833
45.5716734977864
51.254665990979
51.6504141955548
48.1602900105386
51.1822405357779
46.8463056952898
47.8925808974949
48.6738098004978
55.681988433862
46.1832138003751
51.3990466755034
42.411253986625
49.8633460123293
44.3345345263478
51.3711477741486
52.7165662337871
48.7650468463109
46.2690774871433
48.6656477572023
47.4189587879067
50.0432153883504
51.0379402460894
44.8606581494205
50.6154752184561
47.3532882768312
46.9138938062777
48.2918527856708
46.3044736469033
47.1118555435043
46.2481636050332
51.9076255802838
47.6528041230655
51.663087499615
45.795210861813
52.7548715780804
47.3723996234939
50.6198400158919
51.7505562970671
44.4090208758112
42.6843433899278
50.7194883794342
45.3229384880489
48.419385092071
46.6773719723639
48.8326315891867
53.2958757803354
50.8107830222502
45.3680415079263
50.8120775324399
49.1513525292525
49.466340841113
49.4238204173598
50.3815585436344
52.001655601039
47.5604667629157
48.2060825702502
48.784828482824
46.534945865164
55.5548201761584
44.52616853611
53.8957491861575
49.1161279385178
48.882207314715
46.4939953062089
46.0363383277804
49.2147670585121
44.9871005726134
49.7014351589036
45.985024228552
49.6809205063421
45.9662690575747
48.0947950401243
45.3544355794018
43.8300206141862
46.4433147473298
50.7002139620815
50.4632774628469
46.81201930774
47.2943976267515
44.5027472050621
47.7623244842326
43.2226292131985
45.7729485189396
48.9861608838028
46.3739057661738
52.6973013697004
50.1920045967554
53.0068940633818
43.9943909733754
45.3443250707464
43.5907126415999
47.9660783343631
44.6265365848459
45.5597280481112
48.3767171080081
51.0097337201066
47.2631184374071
47.9153517753532
52.3762894500628
57.0163504431691
45.7288426535189
52.0866699131785
47.3104544327762
44.9105110907812
49.3818870039653
48.3090755874437
52.9676483386305
50.4593323676355
45.8683877559604
48.121410235089
45.1927691629577
43.7988039232978
46.873889506457
50.9602088416922
43.9302501420991
51.4214131276639
49.5309006391734
47.4791709036484
47.4445622125976
48.4312798300582
46.6986840550075
46.6469960304996
46.6716490052664
51.240453341815
48.5764307226466
41.6416016757129
57.4880461430415
48.5285519885033
46.8639174174818
52.6314602844263
47.7818763117697
51.7598304498447
50.2110003443159
47.5825255105181
58.205108845269
45.4381729263288
55.051998588495
49.0998209255967
48.0160356732116
45.2408910205821
55.9492425859559
48.2936550027838
48.9017301629998
47.5392983888831
46.4367866365046
51.7046710522971
52.0971826609532
44.5636243547568
47.2996474201114
50.7059578627667
47.3822602908391
46.0016750341103
60.5286267303908
44.4093962324685
46.9442773626143
46.8029195579766
51.9835267987306
45.788712889056
45.7340347860876
53.742796320526
47.9101194272547
46.7152555427609
46.9022634857095
45.7339613426879
47.692194603989
57.7534688323493
49.4399421043452
54.0443886328951
51.3569112074875
43.6693661815668
48.2586524737727
47.4229978303795
50.3121199938256
50.271630713274
46.5901623371731
47.8153199061817
53.857815144164
47.3769020280985
47.7542688116585
45.6074739508405
45.0614854141424
46.6203622930959
47.8758415795971
49.4088134780157
46.6636811463152
49.4685411327547
47.1014457502994
46.2200428537582
46.0946506682008
47.6579585576623
48.5424844323156
52.757475842467
48.1356476089836
45.116724229445
48.1867875906857
46.620196846815
48.7711726760583
48.2371628029984
45.6364738725589
53.4900627726227
51.7204252441192
49.0883844073339
47.4351666117486
51.181143067191
47.969038690563
49.6705047793194
45.827750985001
48.1776301117351
47.1503726038981
47.7341805613194
48.7165671762715
45.0773941201873
52.0709181113726
51.5366648931279
46.3623025084761
56.3448905711549
51.8706931666832
49.3748699493197
49.0436722177586
50.665994143932
45.1450381113055
52.9589040597734
49.6224682902776
52.0443642298582
48.3956646068635
46.5531797276133
46.4858803253181
48.2502657075558
46.0847850209103
43.1814450769031
44.328713476089
49.4812775724175
50.6341348638961
48.2182081884104
48.6968432664501
53.4373560161219
48.7875668912126
48.4767489904701
47.3810550022216
48.5812877568964
46.4014864614522
55.0241445310061
52.0996001520091
49.7271664879719
45.2204134857303
46.8357451656167
50.4686467918892
49.0849051421164
45.5516340215715
54.9556204955417
43.9724212850037
51.7156720062343
47.416809998939
51.5903113548113
52.2193871632302
53.7458318411816
46.7031201535346
43.4157258054978
46.0830835779771
49.4482467119893
45.8814647646221
51.877598170461
53.1614316874663
43.806792258087
53.7304390595355
49.4337327633658
49.058771979162
61.5563537489354
48.0952718195786
45.2343993104723
48.3372585382686
51.5718913021345
49.1724906185609
49.9057551830086
46.5493602996491
46.4889065563769
50.3859612675768
44.617020220869
47.8452896212689
53.5244465986113
52.0921954684024
50.6331611563422
44.3001918317861
52.1458361549549
47.4505466296115
55.9562793356755
48.5597289809506
54.5535705124477
43.5300993144224
47.0895827611518
49.7014012745833
48.8081153673296
52.0885405772785
49.3205217922452
52.7821293371653
45.7300298051709
49.3350651358788
42.2502278012876
47.7319955187963
47.8856221440792
50.3758234644666
44.449380596092
50.1207521534485
46.4736726905993
49.6394841665744
52.8600734102964
52.2889244247968
47.017459635743
50.2730880063629
48.4547952720204
45.1225280592022
48.6365068564676
46.8645897809666
44.8079151160052
56.5794692904698
47.9143918515197
50.0636064553439
45.2918559667634
58.4628077894325
46.9934502488749
44.2096301895998
51.4548173883877
48.3290952533982
42.0373858344388
45.3312292733142
46.8835472451406
44.9518386919894
52.6900559239706
55.9067232236006
46.2235748816123
54.3699607598623
48.3679477997484
44.8330559967449
51.6227420582568
51.7857569483628
47.9909650010091
54.7654877398179
48.9463359613321
53.6836839374362
44.3506136533285
46.423946685482
48.5696593248046
47.1417709085458
47.7605835360028
48.5125554163102
48.2105736425512
51.6049742752999
51.6218373708823
47.8591153197601
48.5781948214323
49.0036402906472
56.9942023560863
46.9853036839539
44.5578589470664
48.5853689251086
46.8597411981652
55.9398328767566
50.112011686473
47.428392421573
42.7988050582068
48.0605005942858
48.4312484655895
46.5430492320909
46.2557286019921
47.1374624421296
50.4329668069252
55.054017220049
50.3789525036874
49.4963553698471
47.1954254003138
43.0303834921736
47.3206842306727
46.1957189498098
44.8627027720319
44.3286423157267
48.6141829729954
52.291979304311
43.7586723096169
45.0466949045677
50.0576793263973
53.139209116517
51.3453852063363
50.4628206201463
47.9710579318853
50.0797065995361
46.046050655002
45.458466261265
49.4232957623026
45.3835637267642
46.7062535108803
47.8743857650728
47.7364777548314
48.8250905498265
43.5841611464272
48.6251161650906
48.6828446089978
51.2217302155515
44.0565864749001
49.9372019110428
43.5132975845551
45.8190757489303
45.2317887131194
52.5324354544197
52.6880832167059
55.965952191174
50.4249936841323
50.5110995617958
47.0190535864002
44.1981954854033
48.2016954243531
52.4508157804818
47.4766003199044
56.5676376544891
46.0494277674083
51.0530491565071
53.231436941905
56.6318177681197
53.4480770641028
47.5247761143134
53.1750471425512
46.2936030224247
51.5890991112949
41.8714391524591
50.6647368426136
46.6402211056262
49.9559754456179
45.4140451208088
49.4836834657123
49.9707058047982
46.2207251502403
48.1556457267681
43.5064460303423
49.969663823011
51.8972958204007
48.4699116849333
51.6452101935803
46.7226803369641
49.7383243568864
48.640564405697
42.9822909758374
46.4462455830195
46.3405625063124
47.1969690719113
55.9103701030844
51.5559800328902
44.3748870605693
45.775300033816
45.535505204592
47.4069526284101
43.9733984685281
48.4200158992048
47.0169710760506
48.608745839997
46.6429733827962
50.7342446257006
58.6950692302243
45.1742311079912
50.5254651780327
51.2159182681292
44.7106849295739
45.8221220870324
47.1266754457525
51.3821412589899
52.6273662435466
49.2469090643793
54.017113815928
46.0532113396374
47.0878206992309
45.2408357193157
50.9921880986486
42.876040201589
52.5377980394231
46.4080921324298
43.9413438761935
54.0767651251088
49.1526700731498
45.745815172256
49.5012722644789
49.1156620419635
46.206738998104
43.9524358024559
46.2906116974187
49.3956285470126
46.2724662883578
47.5517861835556
46.3845366111109
44.7561344692999
49.0449558401882
48.3333033765071
50.2194700583929
42.3819303544271
46.7443258221691
50.0604525586484
47.7825692438849
48.1397440270515
56.2339088894415
47.9994324296787
48.5138290153864
47.9685815025629
48.8529365584014
49.2127673897864
47.7657672802679
47.1541424178874
53.527656978756
45.8252288439607
48.6847623099617
48.7760672788636
47.4747613136254
45.7955656548058
51.8146969310242
49.5162349008503
47.9244794240838
48.8990963227633
47.3772688611318
58.0439937610518
47.7881910491603
46.1006305338199
46.5790463160725
47.6851245502811
57.5777216441854
63.7121968920509
48.3861784080967
45.6913671275816
50.2321203644191
53.5307942883256
55.6401588019066
47.6761865497983
50.7319056283661
45.7998684576016
49.5249414781959
46.6234548031455
48.4214586750736
53.7390652983095
50.0965221367256
42.7986954879861
48.6200474517181
47.1087099639947
46.4265720339923
46.1412508005039
48.3524446239312
44.7308170407003
43.2416758711074
50.4296193143539
46.2174386303535
44.055734047356
47.1134753578533
51.295313843739
48.1212441529661
43.0682113191849
44.7285845590255
48.1205398695996
47.368120449913
42.4876644622804
45.55038375914
44.6193302723792
54.2348878773878
47.4807998752183
53.581060827756
46.343776468879
46.1528099550031
53.2253784587854
48.1640683782409
48.2272819984563
49.9948296756157
48.3269940154416
46.0104365966066
50.6492624200396
50.2278978207324
54.7018460930949
50.1220310845077
53.0512126840116
50.4245513130053
48.8599364925688
46.6445846984177
47.4918504944875
47.6855027521202
47.6429525872423
49.0073283226526
49.6446755815647
48.6073752384911
46.4001713391872
46.4445361636437
46.8208439072663
47.3236791777195
49.7932957101694
52.5317354738542
46.3454139227514
45.4025182906945
48.6241116278939
47.5271049121328
48.4084140280701
48.4976928102204
54.3357896402433
48.1733303769458
47.4723200288435
47.0479692413989
45.4366150916331
44.4268615985415
46.7718942333153
50.5230067232565
48.6112982768651
49.9200648386809
44.0502780763694
44.8264817160255
47.389885612267
46.6944819330257
43.9819681868469
49.7333412779488
54.8505092256573
49.9717980554068
44.2721625411348
47.2803194477492
47.500503295832
47.6995092149892
47.5201324940776
48.6776866302851
49.5124144640902
50.5660121018927
52.8102056321432
46.8933328767355
50.7030288400185
46.2851563652883
46.6297595290828
50.0628177312977
47.7912379773545
55.5786847895772
55.0085902861403
48.3128238213324
46.4052301414221
52.7488363740991
51.8165664373018
48.2523481798341
49.0344942789013
47.6858896223406
48.6831540034285
49.8629657180755
46.1155749871805
45.8002334186148
48.4607353050619
51.7707307896491
49.3930621355875
49.2610636351945
50.8638519759852
52.4792848271738
47.8509778531888
45.4140723122584
48.5365992725857
45.3322498581331
47.3205088425421
46.498568124449
50.6167350745076
52.312778283665
50.326312418127
48.2438583416027
46.0835718760228
44.7063239523174
43.9308201311848
47.085770875718
51.4417096267028
44.213942343069
47.9150017815632
48.1393715392643
46.2060106508233
46.8336216648032
48.8629267027052
46.9393286023801
47.8080688910944
44.8492980826151
48.7095170244615
52.4622778380557
48.4010273908805
48.9360549076114
52.5451831224185
48.9900246503318
47.5137906886155
49.7463865294408
52.3474381350134
46.2680681834508
49.4874506862771
46.7274482425738
50.4453276695713
47.7789094931507
48.280734448986
43.8574120354647
49.7178100643781
50.9800559923866
48.3402186554716
50.4174713152661
47.2338899718504
41.8668214443224
52.8883964075136
47.6029783927469
48.1310214435525
48.3395241634713
50.7479667963125
59.3342622553187
45.3889884151323
46.3338060046145
47.8343129452385
49.5080656506339
52.2790073961235
45.707133878099
48.3396167808091
45.7517563067586
44.8316575158531
47.1442340202555
51.6359026949144
46.7090114322972
50.0917655143282
48.4733625990235
54.2000891675174
48.344409653422
49.6515014748832
48.4606280955924
44.6252497525653
47.3530534379476
46.4078010261852
45.9504514140356
49.9032904796595
47.4700887015434
48.5090246382459
46.7768170331712
48.9851166688678
47.1299033380964
47.1238092064192
42.6954709332584
48.0581560315308
44.1770547811487
45.5838329135039
48.5312798949818
45.1153292875271
51.6240666664775
50.8903370954399
49.8539474778314
50.3972413151095
45.1497803738161
47.5242696770123
49.384009106864
46.9519776552073
51.152581363744
47.6040137291044
45.5026842472389
47.2089106732719
53.4106491295934
54.3616711355749
49.9639262356634
47.4789464483633
47.8082228469603
43.0685302965872
45.2775517875202
48.767062418848
49.0507156005007
44.5571883165952
47.8613315137999
48.3454817088628
44.7693091137732
45.3896755741429
48.4910110294935
60.1458644252236
46.9693273356163
47.7388002600302
48.30547563286
47.2410348963294
46.5820714983611
52.005805204075
43.5481783341743
44.6015238098245
45.4208316872862
56.2111451638009
47.2929696848033
50.8958751207095
47.8965736709898
44.4238410871576
53.0457585365591
49.3150784500604
48.9331754954412
55.2894826479081
48.3677760614419
46.8224537678594
47.2937397994167
45.7298921379808
57.4412207601686
47.8404981186205
52.6377822747829
45.9217023422776
48.5696608208207
49.9623447700402
46.4682997338621
46.9347146261348
46.5350562131318
47.6467153395155
45.2507725305974
49.5076973879755
48.9138339536765
46.172021421816
50.6321108264038
47.1023865664579
51.3486872544551
47.9882083104073
49.4886275262953
49.3398552796341
49.4763854188634
44.4947259710594
51.8595034821474
47.9409411948717
50.7086880256982
49.8720708042832
43.759784006783
48.7886195576486
44.3300193789629
46.6553011098168
48.9225300008126
45.3971496759963
49.3904718057702
48.5041160969276
52.0564536267079
49.1637470054612
47.8944720810903
48.1802274778295
47.7378057705129
46.0648569220396
51.7019066468959
46.5183015404816
52.9514311439899
47.5378209881834
44.3851471055644
50.058253890713
45.0253689373497
45.6759623687873
47.9480472251705
51.1046683223412
46.1642651584278
48.6677570737186
47.8301728758202
47.2733154242209
48.336287862907
49.3844430081633
49.7976995136256
48.1770805045473
46.4673491687862
46.751499207026
45.6399540353087
50.0446823804578
47.004763186763
47.9438363746183
46.9958192166448
48.8728016223613
46.0118405442882
44.3138879766697
47.7490921380878
48.423988487612
50.1357843629033
46.8081384436352
47.9473047608692
49.0252937391993
49.2050270492588
46.8142561055315
48.5852870032369
49.1671864879151
46.1958131532309
52.4285732676654
45.772626003504
46.2969839437925
46.5614706377955
48.8273438800321
44.354508365686
46.6076649390594
50.6733404660846
50.9798972069591
49.5276061299354
49.997085961037
49.8398876214956
50.5232899346698
51.2405106420542
51.1483341622925
52.9723967035321
45.4944791527264
46.6762184548748
47.5871717542248
52.8234987700207
47.6589975741162
50.1821023157161
44.6007954011108
48.9060135299247
48.2031790824291
57.5327845522749
46.7904026239399
46.0571250284616
45.2729481959857
51.6081165583924
49.0447074433198
48.706288449094
45.4336383099779
49.9171170188538
46.9956651785729
45.0722056319373
46.4218990913627
47.6341418195958
47.5965567356527
43.227823892956
50.1407792236329
48.1604448053267
47.074529846346
46.4153126333409
49.8650414984473
50.4958449194287
48.3782752391839
47.7966520849278
53.1973549922319
53.8863252663532
46.671418039439
48.6020211924081
47.973579566271
48.1068235884321
50.7967658927675
51.6201352551123
53.8133578149717
53.6440554545458
50.1961283219289
45.9261361126402
47.625256403513
49.8383383685085
48.8324899742892
48.0042974547108
49.8895819168855
53.5961868413673
47.7794895703899
48.3367748766193
47.0842329240637
51.7247517859376
49.1278595428189
47.8950835211627
50.4852869837381
49.8667827557525
50.7182623367979
49.6832196116401
49.3692307179927
48.7110231562582
49.8712711176395
46.3301109480155
50.1797124718624
52.7171009297774
45.590432356764
47.1255794902143
49.0806050741409
50.2523097493155
49.9767492666728
48.5530533655392
48.2224568694618
43.9804133741998
53.1914332289407
50.6278711909241
43.8896727118132
44.0779884971846
49.3006776894913
52.5656085038919
44.8237194656477
49.7911923983443
50.229463227723
45.263817465613
51.9025979045022
48.8133077842496
46.5657960879957
46.2656161428209
54.8198973043098
44.9396423751882
50.1914537444209
53.729876061575
53.7024525134602
51.3699560785785
43.9292999005178
50.9941615289055
44.9099095995913
44.3380529543933
47.8135722667972
49.8506894751308
48.3240859138132
46.1973163480454
54.3128253119181
47.9131737751343
44.7066268065425
46.6039066170757
51.9275509902146
48.7893538539314
53.49430349045
48.5025888347703
44.9709147658142
48.0529500637045
47.0683217219685
48.8743526755994
50.9112201907411
44.2799210898551
46.1138435401852
49.4505381187883
47.0264675427575
51.2358279422442
48.2128206500092
56.5189828245814
46.5860843320178
48.0353213625251
45.0084744728122
48.6265893013321
49.1189219765507
47.8919483094022
46.544024054501
52.1659972693308
47.4733581118489
48.3162667310955
47.4244980483484
46.5035850606402
49.6312516573243
49.277541115987
47.9596620574967
47.8221265421583
45.9813565389084
50.6103989021535
47.642435923769
46.9752444482172
48.4928159494059
42.0614006672155
48.5979296195889
46.4717601732196
52.2172819432485
47.7039976409592
49.427465259002
46.2321372482634
47.3737070443543
45.4823297814691
51.8387626826666
45.8691746768395
48.6982158954543
45.6496373199348
47.8215729546115
50.1850891812121
51.2449390897641
47.6315516211842
46.8179143019852
49.6984427167922
49.3009266140207
49.4101155617692
48.1229832462156
46.9516308647623
46.7135777268477
48.2555145606866
52.8637554271367
48.9391014038846
49.5303063192919
46.6566182194737
47.6079316801689
46.3501948582008
49.0412760273614
50.8916061763388
48.1027972761663
48.5616421136446
45.5035667312867
50.0911347778849
49.658847949623
49.4487141159636
50.0686750634966
50.6683877462444
52.3077206536299
45.4733885468254
49.5765327000655
49.6857471392602
48.798597212723
48.8149675889077
48.7942523644405
47.8744661642057
50.7734525881081
46.2992772803801
49.5787973105316
51.3392223176256
47.3459751047517
50.5658392453551
46.385943683572
52.0828323696492
44.7708342917493
55.2658000103303
48.2952213718703
50.7856755898226
51.6608658996177
57.8130102079861
48.3855828233007
50.9365869309059
48.7606866674665
46.5446355577822
46.4863157327367
45.2671957185743
45.3970204048261
49.0337487678905
44.0417305793879
47.5438811920265
47.5778571619904
44.5532011477546
48.9091946213581
47.2319189610037
53.0283029637453
47.0573427293625
50.1234879553312
43.4694679314442
45.8545380366717
48.1865219095648
45.7310586140425
52.1848088853475
45.8164164123266
44.2677909009905
53.420455658746
53.3454539561515
49.632141237832
54.7939259522786
52.3093686947031
46.4196114905028
53.6996905753514
46.4955563362717
46.4040961219756
44.2686607297288
57.7234520227963
49.7115469025187
49.1416595888863
53.3118295820374
50.6982904136104
52.0026166149161
42.1723757132158
55.9199126154948
52.719496687576
50.6537302896119
46.4090908411705
50.4258099461891
47.9760674228518
46.1371749450796
44.5806222120774
48.582748783359
44.2841534721896
43.5845416777604
46.6217466420528
52.4405345093378
47.0950838734994
49.1759584119082
50.1117296771737
49.9180544524806
43.9397301529393
48.9271927468766
45.1234359582016
48.6571212347582
44.9959618244165
51.1706285727017
46.5531011476093
48.1860175600341
47.0211072239417
55.6434442050694
52.0400393843696
50.948576131754
49.3457382587461
44.0086666841596
45.8480472414834
45.2540050120972
50.0531249415492
43.3566453113193
45.7927085590443
49.1424677700198
51.9770525690007
48.3545640201145
49.6619881721
47.8782346921157
44.9167077903583
48.6494703773405
47.6390631185632
49.9590454522871
50.3148611000077
48.1059773350145
51.9098143135722
45.9654021010065
48.3528113789707
48.0914886605347
49.5787827733037
48.1122266017925
42.6537730091187
50.6722186534101
52.7521228194692
46.2351409484044
55.0790193018944
45.5732552770048
49.2231035492782
61.2577319830187
44.5594792769278
47.5643636596143
47.9180315408256
44.2840291378772
48.4734116338963
46.7028914246888
44.9986126238563
46.441456746073
45.2315172983668
45.8822043812307
53.5428942058662
45.7657029561073
50.0114520228563
46.549719819961
46.5865794136858
50.7547833978081
47.9689502630676
48.2535119433416
49.1660953028305
47.1830318773589
53.3546923569759
51.0444146405596
45.3222742945191
50.8197255777991
44.7100745923153
46.5831058586832
49.4372787054078
48.4230505831438
53.8063510594055
54.0344401536131
44.8641881423925
50.0713810165483
45.4210577680773
48.6907395387078
47.1605242582702
51.2634456883932
49.2035726267497
44.3229941030776
50.5887409639065
46.0860693155392
48.6208693287765
46.2435024131944
46.3823314700995
50.6683137059772
43.2027756291542
45.1464628167703
46.4207440366695
47.3725088543196
49.5744465284622
46.7160699274817
47.1392424102101
46.5750376719581
46.2544801880864
49.483532950799
45.2428993354229
46.3211689475563
47.640285881301
48.1801941712451
49.6650792946015
48.1168865548143
45.7623155454472
42.1174094158579
57.2925461397478
53.3039172550728
49.426155932503
43.328073406633
48.8110718170156
53.6794297544222
48.8015757560873
49.3812803487262
49.9939446307536
42.8529096668857
47.1625207862919
44.7756415700025
47.7715770869153
49.3621753163408
49.0994315296747
56.9356556672091
48.1530931242251
48.0379387771806
45.8910093265787
52.0077500123481
52.2262101218347
47.7026233880871
47.2223521452459
52.1038766964126
49.7458001552789
46.5296524386768
50.4678779098042
51.2998541489548
50.7239434266175
45.3110541668907
48.4575259608308
46.0769991001671
48.6192979788958
43.717998754472
48.7614425722356
50.5276936104461
51.5702109908134
47.7765658670556
41.6273361669298
53.1982260666929
47.4562498641506
51.7562747525344
57.5368328935374
50.1828920076027
44.8285034662736
47.5812339106954
45.9373992553981
49.5955387557543
47.8698352336076
50.713318792206
43.3240843528766
47.8855182066274
44.863384201798
48.2272388358073
46.9280355956368
59.0874487616036
45.7192674254554
44.0554978311933
46.8469741876403
45.8065950232422
48.7805583498696
47.772409312667
49.2099481348622
47.7645578134731
59.4388551117005
50.0133163258669
47.4308713979449
47.9161034359277
50.1215955539516
48.7827548769896
48.7514039279246
47.3756025216221
49.4558778124047
50.3421786719686
45.5097077060802
47.7123036435133
44.5773295914249
49.5184672530312
46.8391061476042
45.9226262997806
48.1986608892404
45.9529963685177
46.741472736909
42.99394527947
44.0899986509677
46.8776481879766
49.978666620282
47.4665725696999
48.7172851338871
46.8490149651271
53.9843503955142
49.2833616930988
49.0743847504414
46.5519515327896
49.9961754821595
44.2546308771866
49.2626158450554
45.0027799106657
49.1178776961465
47.4265238108294
51.0600050079087
46.9199446764271
47.0700665380663
46.4844216075337
50.7389199002762
53.2671076296592
48.5724360876099
50.4696135450793
48.4911371372711
46.2303634193853
47.0427370457034
47.2819409296201
55.1759893419743
49.7313195354258
51.764980963172
52.5233743695959
51.7236329577353
48.2409797595843
49.8970798993345
46.8988822812412
46.2740450228104
43.2309741454668
46.591603853394
46.3531596667592
48.391120094019
49.5048152157518
50.8237044690279
52.6903427804278
46.8663430825747
46.2709940101943
46.1103091095068
47.9527837571066
46.7279303492731
46.826047923148
43.9152363261236
46.8324337256071
48.9483073811766
51.0400947700457
46.6672964403555
45.2607709961861
47.4634469457716
48.2274392991626
44.4747761199113
46.2969515663147
47.1170958270382
54.5482834274256
45.1822015370975
42.4475335219979
56.1842860389131
51.676239532966
46.32130133844
48.5640331048344
47.3529120715491
46.0740305279162
47.3679908056108
47.4503312404992
47.1111203637208
46.1804267535618
45.377027970287
48.2125635867054
45.9621326016982
49.9374759360085
56.4890419455411
52.7510096727598
48.5789649219723
49.7710880173919
53.3900730125404
47.2969450737473
50.2221521843157
47.0929573997548
43.8736815912775
44.5047129726983
44.7093676734805
45.5308590325937
45.3996468736113
52.1594129719914
46.6502076297147
48.0243082082604
54.6128454086797
52.3550746404654
49.0867735572579
48.1556651077193
50.9248840577893
52.2225707093322
47.5387626628075
49.550640530697
46.3158353545497
50.5736961922268
50.7236505160662
47.1324013163411
51.2403081639565
50.4657842450679
47.8726779931741
