0.630359534875652
0.544155545588573
0.938953733736574
1.35449863016978
0.912377763655694
0.717894131692282
0.67573866550859
0.589598973982493
0.720633856731614
0.856235322328253
0.511066261584237
0.716997083283629
0.5750740286496
0.808730842031316
1.11837020576328
0.682813104105981
0.461876212802232
0.643552469972942
1.44052745712894
2.07215786620016
0.805077494757716
0.502109597825257
0.575150393483336
1.32599377211885
0.351723580615122
0.673972399200824
1.05444840766474
0.627247267836368
0.424884293560396
0.247254077149809
0.661122209811509
0.650996893104727
0.752422155905564
0.525090673242365
0.965805830567827
0.740156834148212
0.674966201677244
1.02419240403041
1.00671506619374
0.569505227859086
0.550152182891227
0.483342578089049
0.649485054303854
1.60036887129267
0.94262383246445
0.673120258895856
0.926013648630929
0.736711405210379
0.732734872629054
0.635861493715081
0.458218251914778
0.548731754863
0.837607353860839
0.587020209450011
0.641751441297448
1.1308808553963
0.471417839327283
0.67650617646897
0.274387908047847
0.485656614215048
0.609522031322338
0.867283733504939
0.65454970070984
0.936388589929644
1.34452160147438
0.598303924472556
1.27391767525642
0.752026876726523
0.86267467486954
1.089680405898
0.694122355119208
0.617626895056414
0.383413145447528
0.446446475689821
0.742192936264678
1.39421791543807
0.638506290765585
1.41126853351422
0.581019604149537
0.768821171618529
0.983327489178047
0.366804289522698
0.504246193493839
0.99760771699214
0.678114268265978
0.93585898699637
0.803435824823464
0.358193990812067
0.728493307158548
1.55947685651343
0.430596040903463
0.677459866392863
0.852591514326133
1.00287032312473
0.762644929999763
0.694880883150776
0.251067285725753
0.944234619877514
0.684060303898893
0.789554723475265
0.55253720900592
0.458225831199073
0.532379069825084
0.778586030187165
0.565646097591763
0.856824742883433
0.676444262164155
0.60486227665467
0.507012790484096
0.560664199201928
0.496081568166849
0.888375943313693
0.864644278817183
0.475792979497794
0.732322894048658
0.997548402902482
0.706449139725269
1.3704311710439
0.66614872264576
0.752254314730797
0.511642885247993
0.690620643178313
0.64818657162695
0.619573769718834
0.566883146933273
0.730502279383511
0.931704562747568
1.18094701255623
1.30865866262313
0.990019051747675
0.394689222768438
0.755233225636023
0.503446380567273
0.627819270457659
0.387681698070015
0.464032357682506
0.37857321762854
1.10134598845486
0.810707345798064
0.74093065372846
0.683532091819055
1.83450327466823
0.39949866108023
1.14100149511183
0.594321470782633
0.889312910723057
0.805517435636024
0.537364469287662
0.7414230889836
0.842954637343687
0.695614603089619
0.816285281419336
0.797767720490562
0.856295313134041
1.14778178738615
0.538890995793457
0.661614570545398
0.662553443038329
0.517030599048226
0.859122283364672
0.344702009321736
0.746745670346132
0.664274065126995
0.749996926831418
0.554915602488989
0.534519635407737
0.407002942138429
1.32077173493293
0.596467254260688
0.961669981852658
0.385278404972893
0.551974893945096
0.646121724079611
0.923124649828009
0.961287171000921
0.550609549899204
0.459056116852587
1.18945681087292
0.369203927808429
0.694049797767981
0.917529722853471
0.852509924258505
1.14140532608508
0.738901495995484
0.434413802826392
0.846030410090619
0.400887255995236
0.642956368316727
0.579675568139853
0.645487917633906
1.52823180392168
0.556658500446583
0.403213830906031
1.21726956840747
0.401450606241578
1.73759020013339
0.349134599762766
0.535848420673376
0.527251202205454
0.660432700261339
1.05635089030013
1.30673678582627
0.706994717444484
0.444130066814378
0.801906087043239
0.778445099052834
1.04162098165616
0.514382885034011
2.72564803499471
1.13545465714
0.854671497498851
0.31756470398837
0.599215218431904
0.351786083875623
0.545471550210837
0.362032203816694
0.547676128088203
0.672216529412203
1.29761684805201
0.610006407413552
0.584105136753892
0.542105172779005
0.735307065495862
0.430308581370219
0.557310611228656
1.23920699403322
0.40673573307398
0.606894175758166
0.600422460837444
0.635463560596771
0.520332176004395
0.71867940752663
1.25113506085145
0.628855007602234
0.29443211642423
0.524877150425688
0.698817182154254
0.928054942478315
0.250351637907235
1.41294213506053
0.561438078069791
0.180328939128365
1.06120537533835
0.351309604782784
0.433428564988058
0.78229816839405
0.64318971829825
0.59532954415894
0.919233258782222
0.563512234924756
1.35484892902787
1.20629653443597
0.911687815566881
0.503545156441133
0.985612421308482
0.924232849281554
0.755230877088532
1.16687602774093
1.4361374495674
1.21185279511548
0.514246157542016
1.44637448473302
0.693495626861593
0.884790700495544
0.557535335114241
0.7295324448268
0.561025580021046
0.629664629066158
0.70221237516294
1.29511400301302
0.771394340820275
0.589010592489679
1.09579429932411
1.07473330370547
0.890088649626604
0.69097217772941
0.76797179690906
0.514691230094157
1.3258589774862
0.66033193306067
0.544327712214232
0.78248564216987
0.752679958330803
0.558251220044505
0.622857103440912
0.594778214084397
0.391542751205637
0.605792698160509
0.799680999483486
0.484635692274045
0.420131425352403
0.639501358024343
0.727929438709343
0.724944800922128
0.335697822315291
0.695764530357514
0.700165747942882
0.628858439151195
1.01382162492822
0.500295568053452
0.732403012140214
0.669264224346009
0.474280720745524
0.505655343349947
0.576699773424462
0.332119511498153
0.52289839944171
0.47394259755331
1.18132799241385
0.408065756248081
0.672587396751903
1.08878446717957
1.37832376621845
0.687206345985703
0.472864276796405
0.953031028054885
0.261714053216309
0.823156891419749
0.509495927830935
0.924404672234489
0.708815839343617
0.427456755065465
1.00987945248008
0.557250599891461
1.17390454804047
0.676931451846711
1.69837509494697
1.22702416431382
0.521571648495585
0.735319097942763
1.02194442185254
0.606567747436238
0.464114889778357
0.521860928966321
1.08145955546084
0.473180023711499
0.890150298600984
1.47748254007134
1.31188014870254
0.80387776575935
0.414581981170901
0.740693480389637
0.374952132312244
0.696945063022496
0.413692213974537
0.503636525710577
0.521755542141156
0.594974526798162
0.61365824925845
0.857809325685064
0.342441506197652
0.341705708428233
0.62864613193354
0.625588737253882
0.723091316313683
1.01434736836075
0.586438708729755
1.07869544337287
0.712056403061032
1.41635570493015
0.735012634929349
0.696402812208153
0.397035467830838
0.476491351864837
0.946883269129499
0.812861169077057
1.68269614153241
0.601556715781933
1.32835089608979
0.691815967628982
0.694013464798835
0.505548414467849
0.545468561309865
0.45310452389065
0.796635995133237
1.214457470224
0.50939217308981
1.3377562632345
0.424172460977523
2.24193534133005
0.766100746541585
0.666261315336623
1.54770261026856
0.839145236520587
1.00621236115765
0.624568215786359
0.530235471797122
0.631976240664063
0.673798480057515
0.930678634985634
0.394511111843502
0.336742815271639
0.518666961371363
0.446555503716439
1.02005298551057
1.41799977587533
0.53628610304927
0.590150275999729
0.477146929497891
0.627093137268457
0.594831559463877
0.904189105856953
0.42716394304409
0.511551089950324
0.856936188337336
0.654463200640308
1.21500144439392
0.672612582965376
1.0723249632592
0.390528674576377
0.279374690487164
0.701425498460427
1.081900218289
0.547360657125177
0.845870575830918
0.494709632573932
0.469002862652509
1.13117704585741
1.48758395016636
0.429115170715636
0.586844121446176
0.944013530158593
1.84103660555246
0.971800730277902
1.44147593877248
0.534989690443189
0.833207555828074
0.4834488655075
0.439790249797215
1.37319661297265
0.6028427163643
1.10480616384165
0.917565020896945
1.31765495279153
0.568047720703722
0.300329098472778
0.478456031659984
0.668188262583555
0.77998169674862
0.333700323661727
0.878761672499431
0.234824915404105
0.481280215356416
0.594895088297761
0.629494999912099
0.345110891633938
0.781616738774325
0.726805113391043
0.624798910794711
1.32465229702801
0.536105504861945
0.321601392520889
1.29173620216517
0.209880453224498
0.442177501383628
0.759404046173517
0.569497086941435
0.963099084335205
0.616615612416527
0.718410169912483
0.564087327772566
0.862272942684992
0.552694232304447
0.565238980015431
1.03490557182754
0.322572404722445
0.676736327790873
0.473768751739461
0.549417711672728
1.11348851524844
0.953765550896995
1.06761305131866
0.636865176033696
0.44660134830139
0.675618260804002
1.13605078792471
0.713153252691391
0.770214652008061
0.522855478441394
0.784386940277032
0.678677862737324
0.490916126990924
1.01027222575749
2.14886028460945
1.03096193889953
0.359941705843488
0.274497910530031
0.180971059167294
0.795979851868577
1.241419581684
0.841568435052246
0.612997346081454
0.744959584416083
0.58846535444962
0.442338371480513
0.303984412447068
0.979600290690015
1.36590327511185
0.298799562372801
0.96041008455475
0.625617849125712
1.3735179084683
0.794769115890172
0.29307468521856
1.31883674096096
0.644176403471306
0.315265578345763
0.92159621601495
0.785164843539912
0.462910092589143
0.675844636480129
0.483828234093616
0.92219202252117
1.21512720055591
0.833479436093826
0.739047215795691
0.493381435809283
1.62365146835073
0.600442379834685
1.09618034039085
0.998720300878619
0.388359842073454
0.989532042583866
0.825861191535909
0.525750679909309
0.464459377828442
0.376853707466435
0.479473634758296
0.754491259220422
0.651127771678193
0.616411876817151
0.551945344353031
0.266857086746238
0.379540592363426
1.57641731735201
1.04108027060489
0.393395322784978
0.298834694053421
0.591453515415925
1.34032694007844
0.679707417832499
0.90784448493309
0.629820331393961
0.51386351837088
1.05163308916077
0.706062681642158
0.820961059184425
0.509728241612815
0.848952268484106
0.843561769027529
1.13470564387392
0.591743180782562
0.574653857516702
0.595062921877187
0.23701353296428
0.498317771298918
0.629431837733334
0.909215998314387
0.887297867816552
0.41958592281021
0.510713466351568
0.882015704659691
0.366716940539876
0.724889260250447
0.934680699897557
0.820320209253436
0.505013410214934
0.405855122812778
0.381899124974354
0.707374846098447
0.921790509928937
0.658690972008604
0.672259402763594
0.726653375803289
0.561236122881872
0.951705424418285
0.739387076728214
0.97692859504083
0.405731435010002
1.69492251010315
1.02555457028584
0.624685941623382
0.576431354582402
0.568516121953569
0.923463807172364
1.15287681016575
1.43892120627745
0.554905298043021
0.712677420317732
0.747662818787706
0.95159622026892
0.611136501637431
0.566639617642162
0.942048330237726
1.70657263025393
1.36164237690536
0.634789050979123
0.656468429946003
0.828823585307878
1.36608090463872
2.46886044585122
0.374464442105635
0.725009446819775
0.527386115401663
1.11269452789517
0.456538799351149
1.29807236497551
0.670445594440495
0.389625209983713
0.973024883640188
0.354733809464789
0.812561497465614
0.526066516670076
0.618083761589073
0.598534669624926
0.819494608718913
0.568075460422167
0.827643129291934
1.24149520213361
0.361986821843683
1.15887335854242
0.264087889937773
1.11579771427888
0.705180541136571
1.2299004258081
0.80172515429759
0.464833648735172
1.17603615052079
0.505016288057857
0.517941710304343
0.846094074961076
0.422575861139547
0.660484008972823
0.448403224522922
1.92334735302792
0.584672594817558
0.608548403678647
1.00539123043836
0.598171696206548
0.483929693794676
1.13988955935511
0.931214771174939
0.757541752799986
0.897518182465451
0.937180263009867
0.805341797790321
1.0293155050722
0.520683334153607
0.756159774710904
1.31516513517404
0.751736195344733
0.535195128393885
0.802594366128252
0.49972513619638
0.329397730857556
0.960000092720868
0.455131948480839
1.23936049544708
1.00395298062802
0.367713578535115
0.736594482877088
0.742882451260269
0.370497828322062
0.593542372941371
1.70079905028936
0.790174925515337
1.15170354762355
0.506969065272452
0.73839173635892
0.929283024930166
0.770753314247812
1.08276279798706
1.20840073592766
0.771444735495986
0.405904721887514
0.773162605578094
0.314081944071312
0.636925055564498
0.462581594456825
1.59261010675723
0.957253966821608
1.32233601312939
0.873931349816175
1.39509125527496
0.626819814118191
1.28770439687371
0.538296571370952
0.99634112640662
1.43923197638642
0.966900787597132
0.28232467111413
0.667499036074802
0.664929341890113
0.765984066239064
0.358908525936021
0.806736261323915
0.335554142605227
1.06450903841545
0.342142312214517
1.06597587898821
1.76593978036698
1.41833351256409
0.739850024663322
0.578262883392072
0.671850496542443
0.334831885508118
0.897915974901528
0.620570949309673
0.743548160973872
0.752330128999953
0.506250200995459
1.03999984033898
0.774874055032479
0.484454499658207
1.05166448318874
0.599845071396832
0.611539667201088
0.719025086169357
1.02918031938392
0.910631918920978
0.642859483156031
1.01491430354894
0.659251643223357
0.691716928229011
0.467148455803746
0.661082298181316
0.496497096580564
1.46401455526163
0.436207197862311
0.441428940423079
0.639097401643021
0.89470111197148
1.32685044500306
0.789277408112135
0.878159564069167
0.495517410052835
0.576017858404969
0.746648012386051
0.860500598619098
0.63843271311217
0.658122821457246
0.915844456593305
0.475532056361991
0.44072380145752
0.598406317335337
1.14164709794618
0.570397670434182
1.17874431626924
0.913313113849941
0.357337429213202
0.768043249574132
0.666484158357188
0.891494308312241
0.633770252314398
0.418886958755735
0.530345027039815
0.445948414441664
0.62795899925352
0.433334022859143
0.454519345384219
1.68558046990183
0.570074398638163
0.617240098299476
1.45421691719223
1.06756018233487
0.880698933072026
0.518696727096178
0.760548632775257
0.598989512010907
1.01247853617885
0.448457320887302
0.5359758473894
0.511100233856877
0.509282040929944
0.425415358556597
1.17182601347587
1.09405851645321
0.759474956210004
0.446153551683155
0.896962929732179
0.32010511141727
0.57559113113852
0.451766821985155
0.547601736432229
0.779443543458519
1.82046608666133
0.952680780793734
0.66092683083283
1.26338684606736
0.40810510521413
1.07393277140918
0.250907210148967
0.50186300354736
0.692715511318563
0.763591185049112
0.42671985360978
1.60454487518873
0.84200414064657
0.949202453601701
0.77629966980864
0.627907053262634
0.837511320633049
0.560796326280693
0.972335929199587
0.66809157688059
0.52845723408997
0.4965310953522
0.56582130959974
0.52348259964311
0.285794150965645
1.14161864951399
0.518268046104522
0.589967500754616
0.781049933163746
0.268634092532117
1.54258384458404
0.567116872903905
0.347448546311947
0.630208710836442
0.525943544289672
0.431371818674379
0.944244039623098
0.570798006275376
0.47829480669966
0.284593899476395
0.368864009397041
0.466328097544526
0.783008872416859
0.657608385766175
0.651508350925688
0.714686513462274
0.602719269532673
0.633337303127337
0.7068127550607
0.448220716357946
0.421826819403877
1.50419986140713
0.762299127891893
0.481451701122393
0.465319620854645
0.739816102848638
1.20376691283489
0.648056378775015
1.00427507351544
0.414798968527441
0.567249185793401
2.64353911414006
2.81943763302444
1.4907566733125
1.97639638739671
0.553235397679844
0.63958012730705
0.797751891412128
0.601745268406717
1.99657679207537
0.857052691822891
0.808049809569739
0.536278727648512
1.14157267193234
0.669032668052242
0.444081012315246
0.589013203941843
0.455913488325319
0.49967915406639
0.872675920934575
1.02171769570119
1.3638651093334
0.383251229894019
0.691364207059489
1.37233433810409
1.22935060586056
0.378541399366868
0.850202494817111
0.490373064303213
0.405557529833449
0.382846904281668
0.976613317550048
0.61204117813959
0.633546468320513
0.636179169800883
0.569487404104184
0.622119411615814
0.78494935995647
0.746432133422049
0.496217653294608
0.810521543913302
0.818447177796203
1.05169112547604
0.609541341713565
0.64282155251427
0.717365594679497
0.696205297408602
0.699145770619823
1.96307634473865
0.384885246002464
0.741164065691521
1.33122382535202
0.681286945856721
0.954887305586893
0.584054814281662
1.37391985232137
0.763436747487515
0.563005179875896
0.789607565916087
0.767330397458315
0.287613776954495
0.830949953212431
1.67725533135515
0.549432474618734
0.556197209769538
0.588275152299967
0.138774025670497
0.449799496172302
0.418750740018464
0.675127181439037
0.998707153870733
0.494785154627658
0.706813999073654
0.730401795254138
0.7622779372162
0.67784356808685
1.04536903305473
0.793837213909474
0.637013744755464
0.857048081366092
1.36734207759264
0.744752577348927
0.857708564979845
0.490664959456757
0.720675297102491
1.56832804751065
1.35925341165752
1.80602450170725
0.579895085968267
0.577248707823509
0.930215527017941
0.77895395487727
0.456980614870214
0.585958118276561
0.48999985316244
0.619750220224276
0.914337259170719
0.572539595683101
0.492799727598926
0.928788489836961
0.465603324348315
0.745448100496956
0.609406720061982
0.621285082790484
0.623202720042336
0.515572245995572
0.422591249768925
0.964239698012824
0.937280747703643
0.899305965582505
1.15859010544175
1.55568388869288
0.484802889193127
0.489937290685196
0.888416338794376
0.674756584180253
0.911847529332295
0.841349228970266
0.881314946328001
0.457610730588635
0.783180381617523
5.55658819412642
0.639268961482798
1.46418046008873
0.702650810385829
0.5868447303167
0.653854380422566
0.485601868899922
0.588411075489882
0.760125351063492
0.129279585387384
0.535767125634343
0.744557761269192
0.693588349752465
0.755498235713541
0.738296105187627
0.658860646907234
0.406427593418214
0.656783457419014
0.867150571608214
0.989707748124161
0.744516195738343
0.848271151796155
0.639919215643041
0.553515644760463
1.33037022816127
0.782728948930366
0.597489033746047
0.49339105245874
0.411738127568764
0.651182227213488
0.884969740487946
0.875336519317992
0.857388893773153
0.456825628697989
0.643210036349155
1.02903930653675
0.747207896356656
0.374283749632422
0.525928842294524
0.428495850617755
0.424761702896769
1.16343186593622
0.423724934312462
0.856331830789519
0.963643629912071
0.622959799279658
0.641921822632444
0.0827195462173219
0.617180967358115
0.983232446651403
0.40272401088053
0.649767987508736
0.601008096951942
0.480671519343775
1.20795617621719
0.779759515897876
0.968682083837896
0.814239965584816
0.388838807573205
1.16552181455686
0.466176158584245
0.955485331187359
0.947832992665246
0.710572969749117
0.587185685241461
1.0080285460213
0.658130524480898
1.53536632457049
1.09383595262948
0.84031011409097
1.34686118444378
0.935206031662494
0.723282555885338
0.988585912460726
0.402524328053936
0.826124893170184
0.732295165704059
0.626601871676125
0.992557913152423
0.790701574437398
0.789166091558183
0.613990904734591
0.900833025956508
0.922825410532313
0.628009264176462
0.99601961930771
0.796695387591967
0.52805034289943
0.692234395920107
0.538737160202185
0.477893813451843
1.25592680772534
0.706461708252429
0.464358299176232
1.12495357654087
0.23191909839005
0.88167502441781
0.400136301485456
0.491008044602852
1.05066377945554
1.3779497011377
0.863588475701603
0.580061100504312
1.07012574017844
0.717811345205162
1.02244140880582
1.13586168420578
1.11868163750725
0.71004690247278
1.09000383290278
0.851441788846078
0.197464658407563
0.763320071674043
1.06160009091148
0.620826159300558
0.505682025882199
0.304181370464294
0.826851128028117
0.989557079369162
0.733974918289478
0.82315890632726
1.17985263278185
1.03704577175811
0.349512105461946
0.882663245521186
0.730555030162008
0.652444581734137
0.676482239650694
0.377862755626753
0.427836132644875
0.894857611188101
0.301264134069729
0.756773455237392
1.00245963407743
0.645110765878742
0.719394411188325
0.645805641421704
0.519081265140175
0.218156112002589
0.721252647534018
0.927969940013505
0.388063894390196
0.528918805063208
0.625069428309653
0.376617018452498
1.09478033802166
0.50844850331079
0.760194804802023
0.84429124787451
0.379042003661481
0.496465590909446
1.3149336295398
3.1132385876824
1.56627518518393
0.891760166921123
0.531807925702737
0.965866682185048
0.352400662648151
0.824389117662
1.11488723942789
1.68415064033832
0.569943811168369
0.629131794381879
0.413044187065031
0.714385799109618
0.750232759834776
0.361715532891466
0.614532150417161
0.427428199639479
0.936505009198212
0.776196024135327
0.637884193889343
0.792543077484546
0.592289345737388
0.85139247205269
0.823319181846645
0.475950695900335
0.505410668345945
0.447966866266445
0.433802022140147
0.350447472659953
0.894598315380521
0.515633588413726
0.962795967165022
0.942204328010959
1.34928527263296
0.433176591969976
0.626675822889606
0.34893416084647
0.558214943075976
0.599412786916359
0.861469348996185
0.399782947393471
1.0467409777434
0.838593169568939
1.08694088006645
0.556242469014999
0.736140891254405
0.912842783542659
0.334917506780691
0.640764592057366
0.74573738739798
0.25618792359521
0.975444322215407
0.403335544601873
0.627229356010334
0.611050824757213
0.45455907638634
1.04493837471469
0.821328306690097
0.896550225998935
0.374098259854097
1.16081026771956
0.711026342535052
0.623057502404479
0.608117441315708
1.95534192614462
1.39471596741907
0.954846118705251
0.695307620912828
0.449003305714261
0.670273687631857
1.22578220579574
0.27650867110209
0.834303902770536
0.343639797559633
0.546533046473699
0.525087372803151
1.52899180540818
0.624013374902626
0.896735235762851
0.512832014942278
0.55910242138701
0.558863003277786
0.527342270368505
1.45919300341376
1.09277053554081
2.6172595627733
0.545526689388655
1.19190783017739
0.456311093563685
0.573366275429839
0.554674632565622
0.392254563008101
0.565406385962721
1.02682277891007
0.336970423941306
1.10324030953703
0.783474330231277
0.406093812203098
0.657258805059743
0.597426010874868
0.799721325546451
1.11585121492896
0.506332151019859
0.633569273874731
0.805661925847684
0.964709548032248
1.14198110083516
0.816434450353071
0.582663147017157
0.354443221575116
0.645527841669882
0.704246841905557
1.02719526062083
1.08624757679024
0.786588898235725
0.771772650851426
0.40488646429419
1.67905361530822
0.584910951225857
0.876028183985876
0.697877345227482
1.50350046524377
0.497922654501279
0.894573303378284
0.738993045758507
0.805028990014392
0.783862633110435
0.998042568618198
0.341981297494219
1.22028467944668
0.544341232171902
0.563643400012847
0.564804906649755
0.620338496600004
0.615309637277633
0.229691945441011
0.554363255922702
0.170420622564692
0.820146351067094
1.33681615897558
0.453703567895843
1.57881579779871
0.413058211985525
0.955811381815229
0.474581247387382
0.8635390832693
0.496456049286278
0.511940468067803
0.979073652414055
0.845500072560805
0.650668581836507
0.6875025405837
1.00444442565032
1.05417272285691
0.983627234648573
0.614550448286019
1.32706277716064
0.463570081864735
0.6500325414691
0.516191940645971
0.691614313862894
0.934123218101664
0.687116486925041
1.10455098521458
0.582415145938701
1.00770551215365
0.865744161401708
0.408119672813817
0.919742858064057
0.699214095505514
0.22185803075174
0.573093546310755
0.258436015185043
0.485522922070824
1.00334743951049
0.396047385306229
0.735064415066687
0.536707637550079
0.646991538429211
0.564978223493899
0.973012000827709
0.531780824141953
0.499834236013331
0.280149348813228
0.825307494518339
1.09656785798861
0.553128926825643
0.419452052447643
0.781035507749384
0.456554837946504
0.849103553716497
0.624776690251039
0.566279042932273
0.483604926840487
0.536029592670792
0.593024744553934
0.599839518145968
0.648480566910072
1.13896817058048
0.478484611600459
0.831342986815029
0.410516575355062
0.511481078624286
0.672265378030094
0.74921630467014
0.8806256781873
1.22142129756647
0.631514899225314
0.535777145548744
0.481025258247386
0.606127490976113
0.970283619972406
0.617147646602695
0.459465711584313
0.184945522960952
1.12003098903594
0.796373657593769
0.711751907655162
0.714021601156015
1.0474220493817
0.782644917115051
1.11595042832278
0.524303701113062
0.37171394318666
0.432588148695706
0.631434940667789
0.551814134954663
0.49113363226042
0.810060552485108
0.541888275193056
0.748029751373002
0.794139453411464
0.743396091448084
0.370479262617524
0.513933028346626
0.904676168998978
0.83945183570066
0.828433486341178
0.708943271815237
0.56576661480727
0.724213116550917
1.09358011686046
0.98257600112637
0.340036714474442
0.407001608017778
1.30260908364081
0.86383684085623
0.626741700894677
1.14378794353389
0.868861032927467
0.634909118603767
1.15134493427347
1.50018071982099
0.665456806457132
0.464691362696869
0.250778624724142
0.518576492214801
0.645181186346013
1.83843938071021
1.46668401306163
1.31697321500011
0.886981730555066
1.07738521275384
0.30729731258537
0.585051201612181
0.9840473429707
0.929506021137402
3.07183378773245
0.552322474778522
0.401611208428489
0.616423073875913
0.390661845610892
0.92887265249998
0.649473411946949
0.853149832479752
1.3062923317081
0.418204468131592
1.02472491178953
0.725641309994013
0.326446096170691
1.27069919016358
0.605071724778308
0.830519089588057
0.566833319981583
0.577381217938826
0.874024620808181
0.514170745759843
0.433966392227203
1.42634608398342
1.45103732634491
0.470172727767493
0.599908481889823
0.330906158803999
0.289119462264405
0.638086994879845
0.646029398602902
0.908412887512785
0.528040308195061
0.735458098310405
0.592199886538257
0.660391001612831
1.01231623874791
0.835297429511629
1.31915753797757
0.824411949432151
0.615938223629651
0.614082373754993
0.672784316131427
1.0762033353995
0.580071663968585
0.397924105675477
0.715552662532279
1.41046766869691
0.716429688627698
1.3174674612994
1.24807880787395
0.883612441268052
0.542627473963296
0.644616638035863
0.8771130655005
1.46826594939809
1.29243501817168
0.484295657482725
0.789471825986117
0.411406443929201
0.65100405219709
1.28878691125337
0.509629112837024
1.21191067336492
0.518051715449472
0.531863627115073
0.454830850673527
0.734281717241233
0.479107525508851
0.883531643740184
1.01973566662596
0.646907861613161
0.570887323715012
0.433811414719228
0.620010221406541
1.03446349735824
0.583343270296819
0.421458169141138
0.404976516525911
0.687422283903369
0.633338233443776
0.749756388015968
0.923754529239947
0.494709814972396
1.10260710031867
0.916439209064922
0.790430676552271
1.28482592869302
0.936438246767042
0.863193311221911
1.40714335010934
0.534805519671538
1.03646873622723
0.725659251461828
0.689190910590535
0.747119091746859
0.945182081015163
0.61149852857652
0.704434270785338
0.591616961272236
0.770069808418891
0.581871924447427
0.424124073964329
0.561887485287987
0.667349741459994
0.663253989939954
0.725972837881849
0.839949202017178
1.34627452827252
1.16816192374971
1.33397725060375
0.869193586379218
1.13894316723103
0.616006214696545
0.426154039078181
0.642453714690439
0.884119557080477
1.2741654075862
0.901039992198334
1.6029252712101
1.03368436161267
0.565385467931784
1.0687558816045
1.0393321426592
0.406062330043996
1.07242425295399
0.78577430817382
0.751365836312413
0.615556794241665
0.26484426857448
0.820220213550825
0.359076144988266
1.08732912117773
0.80809207488384
0.702685568686884
0.709631387725129
0.930681318685355
0.879262784507459
0.410300665605296
0.888319846487519
0.858759402288083
0.591809770646853
0.77421146737683
0.480702065225827
0.527393409880977
0.750962792407745
1.04754290100559
0.444232239752156
1.27362767520679
0.778055877109406
0.632741524003891
1.18707731523338
0.562852449796442
0.566619834126753
0.637795342058602
0.290839537776711
0.691582344979333
0.596874535056237
1.21442726374444
0.678141928102501
0.403934803088449
0.490734557841121
0.917718084837247
0.337620702610365
0.453936363868967
0.578169477703581
0.806508857748208
1.05404490540698
0.661546707193386
0.273166247344185
0.525748499136625
0.644154155374488
0.693632308896316
0.463619245054503
0.674996599706564
0.842713015739645
1.30037357364445
0.664083311618692
0.755105538712551
0.60053206063739
0.537104492854708
0.762405931805757
0.513779855597679
0.374474414049194
0.519174427395184
0.797356542576946
0.933404601342819
0.626315847022233
0.265113323881518
0.720758272598434
0.722970403818529
1.1366885014403
0.815913577734868
0.727697341654863
1.4249884909931
1.10021993535331
0.513241111354189
0.560018910708539
0.755059888255617
0.705599586646726
0.758404074223963
0.59001120267368
0.586857580420543
0.359691759867323
2.00380849209595
0.643626427007515
0.483780981192598
0.832999836400378
0.46156968048081
1.35757365687966
0.654250707720397
0.719011136545385
0.478646331896427
2.20269029247163
1.45142882504281
1.06413106360314
0.655563561848317
0.982245306540353
0.740066717579145
0.623861001249623
0.254832522383602
0.636750703027505
0.378094824079412
1.04327352873722
0.709183313706542
0.607826863694093
0.465220387308549
0.698275148780204
1.50637568676145
1.86029793015195
0.83367072479279
0.69535129616532
0.573495877110929
0.536203629164322
0.660653851241862
1.28381927558086
1.27730325726403
0.577407118175233
0.602883336337001
0.738421462754232
0.898617240620307
0.512358478420823
0.753867007765588
0.539389862616974
1.77649366362925
0.507286666262176
0.690219079439686
0.365835176921396
0.557893766511204
0.910990071166186
1.01742663415166
0.341384347717083
0.689838118522315
0.94724718332592
0.588221033212259
0.954074387026679
1.01759186578392
0.671838827230172
0.585995083790471
0.580622600090522
0.729232057135158
0.6430001876738
1.33768059401476
0.496228406347153
0.889425516472788
0.487285908080817
0.658682051737835
0.974012711366517
0.661917374256783
1.09440170645197
0.446931746516127
0.677118191090013
0.999473269398922
0.571837279157012
0.577297166093364
0.879564025286997
2.13768458487935
0.384350933686733
1.17251013277147
0.605531543131612
1.18192433652615
0.247651073088365
0.813966910578081
0.503802668925223
0.516354707175203
0.726104798387968
0.581886800147952
1.1100446557973
0.692155192083776
0.838272524342057
0.863784855530285
1.5322987357734
0.631859145155757
0.46490807276866
0.846460577114828
0.769151277844208
0.662681591255498
0.562000077255755
0.561446379963728
0.41228519551993
0.546544603093485
0.542248219668879
0.336092366793023
0.425850730481514
0.755825397716553
0.361873929243931
0.389945398433061
0.824381128790576
1.38962966777618
0.776076436939889
0.431334888985642
0.387203656201422
0.54045104736889
0.595547494761165
0.824480173431933
0.673234088108151
0.752356501340325
0.664895858308569
0.528339980888238
0.918986053858064
0.433845197462615
0.842891042351618
0.74407945248487
0.581274124788146
1.13209674626625
0.434893732546158
0.94145247280584
0.873063742686481
1.12341274492355
0.583748747945525
0.594997822685294
1.08970171503894
1.02495580592022
0.628704731114444
0.807717610159128
0.67087661460451
0.207915268698692
0.985976412870206
0.930991453621946
1.31554229292839
0.523707897126573
0.781396850132982
0.574104982684231
1.08609865485566
0.937156889427825
1.75833795739499
1.18278570933118
0.444852869704826
0.6976095619574
0.820793932865134
0.764663940985763
0.239937809118687
0.496291571486765
0.348782896112816
0.706947382474633
0.973932126089937
0.730591517098844
0.560066186168423
0.475373452538095
0.518710429726901
2.34100783854054
0.936750811328482
0.521622637572102
1.83708361632958
0.650840728814383
0.311963569837247
1.02643531122193
0.393294100693625
1.07559945077971
0.59201806042423
0.95880872946345
1.41615912048615
0.470428973575436
0.517682830858047
2.07927625873499
0.912444836975069
1.29594177383979
1.15809617996335
1.3145782144431
1.05636937267886
0.608509875621674
0.743273861264282
0.830074679573039
0.499728267022899
0.809380700846885
0.496922470490024
0.647241508891581
0.585411073247618
0.39979915424071
0.660650731174392
0.416662464503537
1.1323198858786
0.408430556167739
0.456782919390535
0.595425676915467
1.09770329534653
1.13272030522094
0.690948721975595
0.534665664355098
0.767251313371702
0.498383990464874
0.560809117951048
0.667207996354893
0.402215559999759
0.579704960045398
0.290018688868516
0.808292180604667
0.41608347721493
0.469948162219714
1.20289636830873
0.399492977000501
0.607303898621593
1.22801909015802
0.78311823997514
0.808437234951052
1.20737461988774
0.895787159581061
0.234522121919706
0.40121589241237
0.679551121684462
0.49287260499534
2.64804153057512
1.27368518188265
1.58553859452619
0.961366952937057
0.996512136725022
0.603921459645893
0.74808045604213
0.692381986798736
0.37196541030201
0.948781552215064
0.420884351632826
0.675354437879968
1.01425178362726
0.614715278802974
0.766516457737623
0.715445429644109
1.14331210817155
0.575536787979689
0.775423520690402
0.823581995275423
1.35933685833425
0.296166690897596
0.679495002630305
0.569784552323207
0.96883844422665
1.23692243021707
0.540632733318651
1.40196207641031
0.678817439678004
1.62269886855326
0.571392986154836
0.579485887714638
1.0373288180073
0.571886787580764
0.620246810038445
0.777773815845262
0.514193080364035
0.658176238018379
1.46024049572425
0.380868329863586
0.627000935270994
0.509863611348853
1.15361346728633
0.769520139987695
0.721151551142149
0.78915319812377
0.817651324039566
0.519623208692743
0.858677360701201
0.563848786360485
0.333691386178164
0.396960068921131
0.485197006324387
1.45014161419891
0.558252916488607
1.19843663114983
0.500603790092601
0.370924195658863
0.629680894329496
0.655257607335541
0.779320709336214
0.637286426584542
1.09727216018509
1.27336655388476
0.559469945631176
1.57428819672924
2.00775874598101
1.08327749985689
0.424553034196943
0.381866314261137
0.381521979490628
0.35363731622112
0.845554709462411
0.24572540932345
0.456854719050806
0.685551141559913
0.463637324892659
0.439971108465124
0.654238887929742
1.27052803137141
0.593656061817272
0.81715248583133
0.766980247342774
0.768391094642585
0.259237851051298
0.635646163279909
0.788987536620058
0.411020704315948
0.744617208287518
0.700743641420237
0.397388585880062
0.866191633547288
0.709560127018811
0.989270627218858
0.491242742414206
0.534270639337231
0.881408531548624
1.06751127811925
1.18909415904333
0.610211744474993
0.431290878887106
0.578598876943281
0.428964286926814
0.705847767020414
0.531739064006298
1.67036950700683
0.359482129204933
0.264078706890015
0.725056758307432
0.735937435092732
0.704532962026096
0.3371184305594
0.909466757167997
0.758500429168958
0.647497920440072
0.906697101357503
0.616766148004188
0.451126682368232
0.291207955464172
0.233462901637802
0.745352305678277
0.754840105840607
1.16431516427687
0.991001061999414
0.567315029985546
0.541704482190087
0.428126010838983
0.776764140271949
0.575883855036233
1.44225747582751
0.677804425718742
0.620037318800642
0.862553996460813
0.404448283342255
0.389578735737528
0.874999852328955
0.877218360657222
1.15709467657163
0.616098486781012
0.517902131434887
0.509028945884751
0.44480336525678
0.887736444827497
0.375003053315319
0.857817949092205
0.753137036789431
1.10238521589798
1.17596556635459
1.47277974803188
0.754140629939736
0.735537383709664
0.875523834253245
0.708298889943778
1.08363493998953
0.714214277566107
0.332324334485691
0.534383013456035
0.616361843984675
1.65455856011202
0.333576508160386
1.8083117907323
0.615279712784811
0.533659652141461
0.576243301228242
0.447997675073083
0.744828493562092
0.738777057843292
0.428425907964348
0.481297722137064
1.27059542886613
0.295945200672759
0.445425544645421
0.360661078670037
1.06940982675571
0.500516818665067
0.672300892309629
0.364379216948744
0.536229856614851
0.803202121854296
0.727434321058754
1.42549694496135
2.17509551144878
1.12995566230652
0.528796828706424
0.486335479470572
0.303316427411923
0.900963143360607
0.588519795241472
0.632036850955932
0.771862082442737
0.924505892920978
0.854581455140223
1.04754024429366
0.965035239891671
1.35906155855858
0.73755736046279
0.497381743533293
0.770324976954111
1.00357467992764
0.718576598909243
0.846342453157062
0.436034444016328
0.732812768023632
0.513400125477126
0.739509867949479
0.821704337064339
0.633586162070881
0.308213879820574
0.665846389048311
1.70984205466642
0.679351516707965
0.658470694386636
0.420974928506429
1.01959465720819
0.485807569645016
0.477052975653369
0.800902120154129
0.806311941718556
0.277188640389411
0.447766008409428
1.68446134796486
1.05921204047496
0.768832979583138
0.433194775490456
0.604182019772777
1.18375575215204
0.591048251306944
0.809319644608626
0.62571035547275
0.546168458343058
0.607606445264435
0.318805430327072
1.56807943557409
0.490486460717142
0.453386727795811
1.04461001939607
0.470699391968044
1.04617470102282
0.414360481479734
0.601294296745906
0.58228105612186
0.155546227787798
1.18795809466512
0.538828430499994
0.7319656534893
1.01111360400905
0.907004654395988
0.41649554574416
0.401027708326946
0.516406661424992
1.11556471482171
0.860038157061173
2.11891431579759
0.67344510025272
0.514588464483031
0.751460890577099
0.475865086014823
0.456103298335192
0.542716569675876
0.844815922503649
1.40874243756787
0.527237746012728
1.02052892715872
0.503234902036846
1.14239533611437
1.78314202830286
0.922566401755721
0.66553936716628
0.280373942708521
1.49510335156427
0.588518916367335
0.637502707858054
0.504204547200272
0.60969474770054
2.20870643742412
2.22242202040108
2.19452278393832
0.86854884037015
0.819521785813564
0.895404858364442
0.579139737762387
0.332955595582644
0.644114732408933
0.980843552817352
1.06570622570141
0.28950545979319
0.508653710787703
0.404317123011325
0.953087614286685
0.740568736292816
0.399412237962238
0.867240845641483
0.865585802159178
0.672392512730226
0.618660432712367
0.608693503590227
1.33858366162452
0.572026002021802
0.827418904121031
0.798079562311433
0.982242782300004
0.735947916625973
0.502969184892611
1.43094196160257
0.733298555743271
0.872067117704762
0.701918925990627
0.756496193382404
0.395114387602962
1.55839629910478
0.581066565172418
0.599887326171598
1.37459624130947
0.565985114831886
1.18568018041609
1.20923330097178
2.19155933550541
1.09318737868261
0.826943371854158
0.787785465718793
0.686105100560187
0.730891022081057
0.570097160106678
1.25844185247372
0.797862885214638
0.750523958501086
0.327968289595554
0.382471573530231
1.59607099320669
0.63450138465378
0.699621156031491
0.517485287965477
0.674091079146733
0.606068184987838
0.4633769796538
0.342171406362772
0.603589150204306
0.819900030210155
0.469142658286118
0.971467402719534
0.601545230042761
0.935259225160945
0.180759296627015
0.542074679052545
1.0942255483988
0.614572806581286
1.19106321123078
0.521541093716249
0.678984734223142
0.838237693404294
1.18030522553978
2.80770564038834
1.14628889797294
0.963331362566123
0.475275901048287
2.27721972498851
0.509558060890452
0.80372618574685
1.04145787998685
1.25457318525428
0.93187590571817
1.41827527795753
0.670424897972338
0.881826165257171
0.622736254792844
0.865589341402468
0.343606565486011
1.01713031098432
0.897785045144614
0.41833150307769
0.849890764331327
1.14083417792411
0.825297824177382
0.871979501289264
0.755916469145056
1.21832676838781
1.26949670477198
0.351726914194711
1.56832576594494
0.698267850804325
0.907706335826942
0.514714551056234
1.48218691977941
0.474864081532501
0.410253623856384
0.603570793073756
0.92259547353738
0.950592414848231
0.866509500254441
0.933727247580999
0.617721092293996
0.518210234331108
0.597434033009441
1.48071909060219
0.624675697569613
0.722747113697987
0.644238026764715
0.547710303772069
0.472517142005247
0.930831823400842
0.568556366650356
0.882509280203659
0.600566209256587
0.824621310719469
1.05280621906691
1.66464241548776
0.554184326955691
0.49409706848623
0.801817174680297
1.15037781545932
0.731550879825643
0.814301775700623
0.860992140196055
0.580831270591357
0.556111577419358
1.02427164102664
0.864023590687434
1.34657101599991
0.867604926984235
0.519406381014075
0.713651130188389
0.313595383181121
1.00959642527563
0.519068972278968
0.806741830018729
0.515498446923545
0.574063944841057
0.36662240943614
1.11976116421929
0.941877050203985
0.464149428667758
1.01393514375988
1.76677084473373
0.740523091094851
0.652129555216694
1.07604164454794
0.893503889344951
0.585113308293832
0.525989192604708
0.635833386636173
0.852989562842708
0.521975622268848
0.781020396536986
0.620496626622882
0.559351193694124
0.578584354070081
0.465840430735106
0.890083332288252
1.47620859247422
1.47786571422479
0.274561624522191
0.452365917886805
1.1167485546316
1.22081727082526
1.05213147496769
0.227821591264278
0.715270682593108
1.06590919255723
0.784918640583434
1.02093064762592
0.971570728261101
0.494431884628808
0.597896443785985
0.742247568670727
0.599457929127396
0.472959227168937
0.670899604000449
0.783778726993769
0.604653925862393
1.2194864704183
0.720718476824133
0.81666939101284
0.835366327535235
0.50237532140535
0.760641738127506
1.22496483199017
0.804062915216704
1.36082601901517
0.991408990169349
0.644922219982091
0.66577876339408
0.670258791088781
0.645051462269814
0.568482702590083
0.523207716868556
0.528727246298207
0.932970451327327
0.574429326697736
1.14184536155062
0.70014654018542
0.513168985680458
0.458783273395498
0.776350751199719
1.35003600094732
0.372228484412617
1.2934273890291
0.85755412981945
0.733666367073429
0.421843612761558
0.474506590377681
0.160841485213717
0.34962017728114
1.04085821707698
1.20868855434944
0.501193221811559
0.481517000513033
0.459440214201051
0.594476881780741
0.7136706103263
0.499723293488152
1.07168641576126
1.21831825639183
0.963552255024197
0.842847355803584
0.821974761530721
1.21816137369892
0.888207783737355
0.70877230852322
0.782665207709566
1.32947486492942
0.935600131513549
0.984305794664525
0.475634169044091
1.33968727567617
0.648260625697781
0.485274795185528
0.320336157226112
0.713857087176452
0.889222606661382
0.854622209846802
0.881158206942139
0.942514378152214
0.654916755428833
0.856551717397485
0.580431126709035
1.1546381444857
1.28915756770597
0.821726558526581
0.820938591902641
0.685835618362808
0.472591299698489
0.523230555199071
0.797058677606076
0.710261291728809
0.788973608059759
0.896442629758654
0.483879488743804
0.826763178669548
0.740926612187267
0.314797951096604
0.88425733571755
0.471153789347322
0.996166870534916
0.97017721354539
1.78270764450362
0.846742427048767
0.617838318264058
0.482820233637163
1.2079254772603
0.211116029733639
0.947893938162774
0.792248646058041
1.12123143664541
0.511709691453727
0.352607850097146
0.975253004206536
0.713876864018959
0.488831153711548
0.786837580536208
0.89751218317267
0.499442382823403
0.526933657989974
1.18779808014404
0.460119206308088
1.17793825054332
0.379629273376713
1.41602040460576
0.38878272195057
1.35425345651435
0.504146273799498
1.13860791798949
0.762884077258852
1.44384751833007
0.438238915760605
0.844001293647141
0.33859674859987
0.878386347248241
0.358787076983543
0.53880560704346
0.832858542980489
0.879993948532873
1.34275966820488
0.878399994005857
0.520756175237005
0.57912295642778
0.320425532100571
0.999246126659058
0.655423869605778
1.35014085323699
0.842527534161635
0.810136262070662
0.373241638300213
0.471421594528298
1.44763793891958
0.807920960221607
0.447614149268908
0.620907346574141
0.707401326597683
1.27159822173605
0.782854970210003
1.39364060019239
2.38944836751738
1.35113353716722
0.28338945505124
0.700394277859312
0.607170963596733
0.466575576211369
0.439028020325903
0.496816053834368
0.47961790904128
1.27614714279989
0.540384491694514
0.753625395630632
0.471246799812665
0.570074363552057
0.766088273300347
1.55261899794539
0.568179312617962
0.421663953509385
1.18870987117646
0.407602341984345
0.636637957592813
0.591815096358984
0.412422945796719
0.754102337517681
0.92689419066386
1.29490683523751
0.572088664532817
0.619703280569889
0.908777327028665
0.866330714213866
1.19113268557557
0.782040484831017
0.447274030873493
1.07391488836356
0.676704350386172
0.537562644363416
0.84045913604852
0.979036042901042
0.657590882702738
1.00950830436517
0.792472644779243
0.569569640069658
0.599814764157344
2.11129911352921
0.574052436246328
0.718636642667984
0.203272642717027
0.606195154089386
0.827771502134165
2.02952636318351
0.790769096232966
0.356935606783284
0.735769859402529
0.633829835845652
0.403161497497118
0.752170182979851
0.427390989570139
0.690192378514802
0.311363479012282
0.404390020725711
0.851696819119696
0.331498021794597
0.509636585811318
0.654477878682506
0.819722358465958
0.472992543003909
1.03250325877822
0.633630444336682
0.696133675645407
0.899842872338634
0.625051945056369
0.888456919671853
0.499214772474913
0.501935472290763
1.17040088858997
0.509226571929691
0.87049169906189
0.646741964652896
0.420592895627489
0.418342570610722
0.528569818390871
1.06464742760931
1.27946665726486
0.682353090937712
0.981643635129092
0.554178860944431
0.596551090258283
0.969057742373196
0.80498590801981
0.740668892805971
1.12680141018905
1.01485065631154
0.484054802185543
1.02955701838778
0.537314515113234
0.717917485659818
0.43218076938885
0.489706383188601
0.377876219646929
0.633261737983891
0.777079889718816
0.76805832160359
0.69603869318736
0.527367638867673
0.64495300309425
1.05411585732413
0.940193631438975
1.30955286594253
0.586537998988489
0.474860594811143
0.569614445638136
0.42963383862285
0.491567690510128
0.624649227097404
0.431982039425779
0.437144001214374
0.476684565224469
0.953791450555694
0.805765716263913
1.48644084576309
0.621632168319465
0.651587595775181
0.732261667475501
0.830333433293987
0.749784700495129
0.454084810862352
0.468043659036102
1.33294330816595
1.28827923546529
0.500673173341836
0.455121553524395
0.499288685045707
0.782246716138339
0.443465460059104
0.694980808562539
0.543425894282256
0.587547047243573
0.62395318932016
0.589357221376699
0.657358114080339
0.300668650007344
0.435812271734661
0.660894731833402
0.684824030882661
0.644026352318932
1.65897406056563
0.793043767425586
0.384622874513683
0.597445488160989
0.78563274062495
0.565923262901575
0.615989202722097
1.07529296479171
0.679341916736379
1.03171819694946
0.495520105498989
0.688563879571429
1.60533230245073
0.593399377599866
0.335405747177359
0.535577270645896
0.731261572182104
0.432901447126395
0.521953523718058
0.821853487565445
0.723072321261761
0.641715621910411
0.588565027499893
0.682069961612724
0.914057245465985
0.660784043473317
0.321332100943793
0.690764340608318
0.45215293154733
0.618085507569992
0.592061932295889
0.854209709611545
0.879009072145994
0.770105457814833
0.61977747566507
0.554650676886293
0.692489506882021
1.15930250615539
0.763831238620881
1.31064918895408
0.741389888832863
0.655197607075451
1.03448936644746
0.681890039808547
0.66255925067086
0.812836509798379
0.547762616276799
0.592638061895281
1.04667073426647
0.907403920833787
1.08595883636226
1.05228244359112
0.897707554156999
0.526736624835171
0.803333981657529
0.855979290257697
0.646092673376752
0.494477546096399
0.578962749324026
0.739947758051893
1.19009230881161
1.2937568684971
0.830194927326548
0.393906204984806
0.309683367941353
0.2212052450212
1.26446514396991
0.817701265394038
0.794882094294116
0.83294587212568
0.593418909028905
1.01588046450799
0.412553261892685
0.718158037099204
0.470202705960735
0.517099803940634
0.551479582382545
1.03705338313358
0.880386158979675
0.429790851388523
0.425495167250163
0.481145346938578
0.549467543527878
0.785081917191347
1.24591804373199
0.763701948654388
0.542487277853284
0.726737337230846
0.504340680444455
0.378594725879732
0.88902104334745
1.0864816906286
1.48414201987834
0.899736457516354
0.768125372184977
0.58722842737316
0.881108180695335
0.604015994365382
1.19722477164764
0.609676239483447
0.699043656181091
0.984261142672305
1.31668758776932
0.623959018424157
1.21017612753351
1.09841121615094
0.572321897316325
1.20365903829372
0.687227626209136
0.499809335099695
0.556842126176226
0.658329569384573
0.602375067797125
0.448595558183354
0.5164330839734
0.863390506350205
0.684626346939375
0.432161564195828
0.848671362512915
0.730601212754886
0.660860411620946
1.19737118450459
0.432970376351364
1.23966715904374
0.963746610030331
0.681039918544567
0.610085165388281
0.785769499705592
1.03681960413236
0.604353478372444
2.03771422954754
2.50873722505043
0.959186025581703
0.604152871070526
0.44598157512639
0.686854928047014
0.445039047539988
0.493407578537888
0.793227523986206
0.767672298924639
0.764327315565936
1.14028206020722
0.745905471306302
1.02966089040039
1.30012152086884
0.60660737531774
0.517033554754873
0.982098387262821
0.563073103741208
0.732905194533943
0.455392517173598
0.801185453019891
0.803283145051729
0.550957146542181
0.315105614508356
0.789545241858872
0.261424174442143
0.624885188667687
1.44625423680065
1.13551026115197
0.303100318352485
1.29543020046524
0.420106204965462
0.855598732550411
0.959647241626874
0.685702709055425
0.409364199606916
0.531595106738011
0.927389690356704
0.472069181502409
0.64829886924419
0.799544838040405
0.968542270764478
1.07054933524849
0.991007625785889
0.322581224893173
1.38846727308992
0.471687424605288
0.759980702034685
0.960687767260189
0.750044350974388
0.821621375927224
1.48548405136714
0.82014589942897
0.893335592240901
0.649737978349201
0.454490774571258
0.539575834570843
0.66421742880017
0.757357331959107
0.54374398204026
0.599238410849407
1.01034056025208
0.946975192992512
0.639685339090208
1.07313876769334
1.16339812853599
0.647286115481055
0.698072206837925
0.597487739583752
0.96863762398131
1.22859382479388
1.3123224832102
0.348018376064335
0.853431070878057
0.82648284368521
0.706445233111414
0.357326224388461
0.65862189919546
0.521715946949765
0.507219638201232
1.2703026149088
0.287024200632397
0.552262921479587
0.599762834202856
0.429929692117308
0.748497930665607
0.841649450164176
0.719554559672595
1.66060667586147
0.748759236156433
0.876834494383735
0.483146848843487
0.488950558811404
0.889300567407594
1.24900401238931
0.570536203700932
0.655769525651182
0.678581401760816
0.673392627868836
0.844986498022922
0.883595743436674
0.840685419646542
0.636379638182951
0.443746890446583
0.677568523029688
1.04520075987087
0.422429613758662
0.6198029720629
0.454510683367684
1.23860389529179
0.779820298328094
0.664453792322131
0.653704003832833
1.51742345659046
0.623625609293564
0.679494865557121
0.507698489547583
0.396866175754061
1.39029192748613
0.569547647078848
1.13330039331252
1.00844783956811
0.28526347603144
0.622305054523735
0.625416964396796
0.82735449639476
0.950178111035437
0.291696407860574
0.691909280560579
0.56797643496712
0.522758127975391
1.20264854001946
0.523211205740304
0.12827314192745
0.938325247936648
0.560315213772726
0.595642045572944
1.54283823788068
0.778873554698958
1.32603624052451
0.657391254963448
1.46383230550063
0.83687973723459
0.723861139812559
1.18847475106294
0.720997722451336
0.621033271711567
0.419924764082068
0.512453819682803
0.466477250196406
1.1905687446556
0.567260434118617
0.43412509522708
0.19609763440886
0.504734841254512
0.803052759994434
1.1043258436613
0.904359862860693
0.75625219819626
0.560813716245585
0.389503961533332
0.872137747600905
0.576491340976961
0.568663211897035
0.622603414183957
0.467470440093431
0.659358244636669
0.827399232184927
1.071456659286
0.477160615184586
1.4497598712393
0.693121042520603
0.754560129822179
0.902547433174744
0.510152764582918
1.30534055438116
0.658145052734304
0.596641700555597
0.594782785266725
0.61713531946653
0.616058132095333
1.02576040959334
1.07111200945151
0.351540447297877
1.3615958024294
1.93635887650597
0.463140675553113
0.54411423508492
0.877898899476943
0.645550076945704
0.609170572613433
0.318146036543899
0.561449752917475
0.521859225295957
0.945354393090311
1.41645282173016
0.973469504917386
1.44187389070821
0.652336513916089
0.561095984699205
1.12134053070469
0.457185212478397
0.760579888017504
0.850424448752719
0.928360574600742
0.816538146120598
0.428456082351662
0.494877837550014
0.865396291069864
0.73488069005296
0.584167627397513
0.813335102174357
0.476711397628592
1.12226721616362
0.602845437504113
0.401043050982693
0.741025669090859
0.445372514226444
1.50863044494293
0.73866836951766
0.666089867970457
0.748291596980057
0.692616555136858
0.271994638677715
0.622334416223414
0.756883715672629
1.38320573186324
0.515119951257165
1.95765549544084
0.502980640964205
0.892435545060886
1.43226776893915
0.335971683180602
1.17608421725543
0.635054080300572
1.74981995608701
1.65802597159905
0.689736264430191
1.25000920818837
0.544645678730916
0.763632443925393
0.749532473426494
0.453839632791594
0.438583105008877
0.843231379151362
0.67656256625121
0.391590897813374
0.504533658891849
0.428742817806807
1.41703213075432
2.56724668137779
0.327491373670886
0.961390206252159
1.3037410796924
0.677083804878864
0.592010445453581
1.04509963526458
1.2785255882446
0.651791600595271
1.63541677938009
1.06748944533915
0.451502194590163
0.202415210866117
1.06720656853499
0.42925679404161
1.44231739219574
0.472350302092088
0.612621677680479
1.26719873625183
0.618134360306544
0.651847382514051
0.799741928994
0.789759139046642
0.316973867150304
0.825901921016851
1.04776617126787
0.626173594357258
0.596527757961959
0.976880038887562
0.936924438067069
0.456155553005505
0.641701046100793
0.867278789121243
0.275676814677313
0.730535828836583
0.701364142157585
0.373573121648559
0.722879741685902
1.46104510683925
0.465001006261778
0.747315800567766
0.326662655610099
0.616969975872656
1.01685942196271
0.800254546626362
0.462732571437969
0.349159979367802
0.765252048295117
0.763991734725552
1.33798857147552
0.391197487995412
0.710509568404029
0.64696241367009
1.01834285326537
2.24612867514231
0.462623440530409
0.565915087894798
0.507390836308697
0.773224888533835
