0.458863480643655
0.327764712028093
1.02558046166545
0.724484111442944
0.590735595024168
1.03129468879659
0.260914107043912
0.434164401984735
0.615380845222699
0.505652426254725
0.485828116486661
0.757283968655553
0.431693945470922
0.477247938327599
0.624286582140895
0.582990042841487
0.246294725670293
0.353287324138559
0.688626163496738
0.813817210237587
1.41777131935163
0.956458123788235
0.817582491743324
0.668896372352405
0.512461018679972
0.564013704916861
0.464456015084913
0.901377378739467
0.456351950396917
1.24120758698181
0.511662064569163
0.231910352323018
0.535837968341235
0.53956692515246
1.06526741498178
0.332928273841682
0.621272310364491
0.45820830609523
0.920735093180142
0.459741875443643
0.812853929179705
0.599690030462994
0.418603295739829
0.432622215655247
0.420766469821418
0.64378481164568
0.602785670580179
0.444146478371387
1.22343572487426
0.550137153699149
0.879664977757235
0.738713718761097
0.590949635637563
0.766318490658867
0.43229921507022
0.224145313146815
0.752095631778365
0.488159675915498
0.29587969059604
0.948915419406821
0.372089118115602
0.463651713090976
1.30784637680381
0.669317472930013
0.384778354242511
1.11989455507692
0.676135351928536
0.612275581256331
0.894094285396013
0.611066562067716
1.78864120352512
1.14361149314179
0.676357345093848
0.769247614536915
0.755216657200162
0.566513120164793
0.703497399058942
0.753414020399362
0.520275829247905
1.21684514922448
0.432708142436254
0.917738134397
0.570259754996835
0.958348600742261
0.660755412944121
0.855820262071502
0.352656869569325
0.960392528647628
0.474529220233441
0.726137965057697
0.467983465346321
0.702356594450573
0.429953625962541
1.41352431729601
0.813379513677378
0.935907787823941
0.750419904718545
0.61268881594091
0.809190597910975
0.919107916009181
0.55943135745701
0.632556356527568
0.526442013162769
0.408696062487154
0.958883311352937
0.713470550522309
1.07306672451535
0.563597769460269
0.532690764674137
0.431957775585716
1.16083247585003
1.83570633570085
0.598797802704301
1.04737614779176
0.4702235991273
0.963541051947786
1.03288594659681
0.502001274757486
1.18948824173649
0.787448299789921
0.331135275359479
0.536806252863842
0.684706211967253
0.737358994683134
0.822520996336669
0.913776851965497
0.837228518174962
0.807853385423019
0.877969226185078
0.637852279391174
0.393978369713293
0.495894623732344
0.57864682309633
0.537001094053668
1.02571709829761
0.203208907937769
0.247463251696565
0.652679152996069
0.682062645284014
0.946773465090375
0.672174878314374
0.544809508856728
0.395298494369779
0.296996252127766
0.48745333087376
0.349154603579997
0.762342418825079
0.501731747194707
0.435867560146763
0.77145786163047
0.692948333838304
0.414013817822238
0.541750311507971
0.738561172913745
0.549635704195298
0.704668999858108
0.806886855921593
0.686698565930426
0.762352077178663
0.581811898348596
0.510736680719971
0.771931766547566
0.456608935129053
1.36422713273203
0.351427234698823
0.511684372458862
0.462307729586563
0.498943576641529
0.594483488814804
0.635556922210482
0.826104963230067
3.17992518589744
0.730567616473066
0.954362764250852
0.767658980618648
0.487295668437896
0.485709960738941
0.491992655203784
1.32612980223769
0.433253151514388
0.560230416808857
0.434234207260222
1.69633447740833
1.33598566159732
0.98877271493294
0.684154880913532
0.466159229035171
1.00217591182501
0.431756719913937
1.35029891376146
0.518985876207959
0.587017601304311
0.533950744068904
0.972631506160325
0.507706970654237
0.49896063680192
0.683759024419256
1.0087345052739
0.431507116947398
0.749090825768842
0.38270684903977
0.430338205089629
0.822707314818863
0.598203672208002
0.244389187951752
0.680185716559954
0.535474962940824
1.09730273111604
0.86608971617696
0.808144574519366
1.01812735912348
0.690344422582957
0.952947654549078
4.27365649733304
0.334454050542754
0.485143964175592
0.63690877306066
1.03123168301956
0.452276068898915
0.513921426686379
0.453630116031709
2.95297982586875
0.458639889491201
0.563931413141294
0.821409660829654
0.634293358388075
0.71375025921637
0.676957232499332
0.394179335875584
0.709861339652942
0.632942875516655
0.938000565062538
0.62953186727506
0.408034671463504
0.887172755648942
0.680410086182251
0.476434057878648
0.651231041037082
0.335063977230769
0.743150811069081
0.314485471963303
0.695512428293352
0.556194020526881
0.751747066143865
0.54027808624944
0.96804324731194
2.2544965401426
0.577700285708997
0.586095489387814
1.12395014474356
0.86391489101684
0.329443525663075
1.41796874411911
1.09778385324351
0.701309200004984
0.787063095410531
0.558255653663013
0.593852856974693
0.532144762598235
0.803221861170792
0.52262438118389
0.964007592460358
0.432834677048377
0.697751793484174
0.581181318511813
0.590915061151675
0.619484922564568
0.61928795793118
0.687920403461618
0.481130579778295
0.398875734857043
0.696551265758791
1.08484870790372
0.627451657641395
0.75002905606614
0.781974492045141
1.29118106316632
0.405650933100896
0.39338858867605
0.559857317984025
0.145875860426064
0.807125725780954
0.694683385525371
0.596871224353351
0.572824104297077
0.439640711964155
0.337806333374058
0.541877857960504
0.641482129004272
0.497784482855702
0.485609231816177
0.684740082981978
0.761241136884411
0.954785314860776
0.466989007554716
0.554197017269963
1.5892598400563
0.805369023104033
0.817481645846029
0.804921665761367
1.72398130314149
0.35664083839525
0.748600823914244
0.427084934630309
0.71212440733068
0.40348153127192
0.520566926913429
0.573394533587864
0.868984406703353
0.490111176730531
0.452609755142006
1.18730432477471
0.736510072614979
0.180497690444584
0.929184617095017
0.935673394311014
0.262755757303436
1.22182371011207
0.457811805008697
0.429996255695672
0.951845294798448
0.551465388379833
0.272040940852765
0.788097293684712
0.509966976265643
0.973945522016472
1.09665052264059
1.15396509411884
0.793095120311262
1.19851977282656
1.13703245423098
0.826332924303693
0.689732649270137
0.767927737452553
0.767970272936646
0.720528908871526
0.621039408496545
0.521345924047218
0.710861697232545
0.831229684213449
1.15982650127986
0.600814233479838
0.786698123113095
0.293635548369582
1.26500207822312
0.515039456084516
0.422488987161404
0.549215164704142
0.68556534583316
0.806055391890808
0.666184719920033
1.35789319938392
0.392968664938557
0.894033450367935
0.484902084130866
1.25550421471581
0.434420883871995
0.59214399888929
1.46636523235289
0.644644381950763
0.986022180809569
0.684489197118446
1.06291663788172
0.663803163214867
0.476398438000969
0.765761414823316
0.573265604346679
1.01457717410219
1.5089319279957
0.925108929606008
1.1317609803994
0.33397406972241
0.566491085217164
0.67598055942947
0.368022982279519
0.468339075739822
0.697900106438108
0.57170076650195
0.697042418060848
0.496569050855401
0.426230649862193
0.780114201473034
0.82585279518287
1.18463018396416
0.348225124978162
0.426773326455856
0.88457105138209
0.429253944423261
1.68192842682017
2.19824264376548
0.624844579610182
0.38999935158811
0.398884706124314
0.800322822529602
0.578036876063767
0.612986692655097
1.2376481611516
0.87202515057041
1.50844382774975
0.753236931174378
0.475102359373214
0.641231844186909
0.415683662577885
0.61332493798326
1.16117325838656
0.513078378803643
0.686425060195052
0.471664130673658
0.651581256443248
1.04159740777275
0.32658790648549
0.96002318081631
0.355166647001237
1.16358135448371
1.08130044765575
0.565238776500187
1.07586608482222
0.50233665999547
0.358395816836989
0.688545726447165
1.11570538513021
0.554561293525547
0.707955707523506
0.552651927461844
0.762483130153637
0.318938142437951
1.06891362152094
0.627375857710381
0.635549086302152
0.856711844645812
0.531104946320618
0.736531267442404
1.0023701581825
0.608246021762998
0.708242271694971
0.42823001003252
0.524862502442906
0.319882857798568
0.542824309279259
0.666146960896885
0.366047850604562
0.912620158554583
0.408580345772154
0.36623460202355
0.554087677375339
1.36089732357236
0.824411253074397
0.53244022234542
0.739110837431926
0.395909012236489
0.249573308827782
0.714781129337094
0.630364750846901
0.552017070511901
0.7887284671492
0.8993918699235
0.426414866570151
0.513500836051017
0.216410315582469
0.477202512826601
0.905433167899519
0.429578747552628
1.23755858606154
0.300671957503651
0.452143865534533
0.378229346863849
0.611126495501062
1.0183932740128
0.788724155269074
0.341593936960422
0.732985893787493
0.63999175729579
0.548791683903345
0.356729865612585
0.899620263803492
0.53146443819625
0.920285860536331
0.709911920099155
0.327597959574988
0.54161289964538
0.713355771909372
0.387666793765318
0.336980380454563
0.847505669038038
1.23820032477498
0.157909736824259
0.754781498550037
2.31006419976605
1.44297870376876
0.584470476123887
0.887063398101299
0.612912736223733
0.99356975458791
0.624985950365271
0.864355635749947
1.0707017278018
0.523805188800404
0.377356551692
1.72679276334626
0.940311271170494
0.514263248114699
0.814582796267888
0.465656942893804
1.10940051505326
0.749828644559003
0.869105865800799
0.365260645201683
0.234796086161619
0.559384846552039
1.38523413634049
0.660531617634028
0.491447202691201
0.579057925300647
1.69900483968192
0.736581754706091
0.929489048961834
0.497385021736872
0.532370963400301
0.874112063761735
0.60897438762801
0.496759711199832
1.18399746672064
0.464497680447453
1.17078689086637
0.809468893303933
0.79590944867781
0.537996614379868
0.508511160921833
0.561413249547295
1.27109807380409
0.426710333258824
1.21271133910615
0.325377085176554
2.07060773836783
0.436715011521229
0.589833754660195
0.5254624181337
0.747404648190195
0.773090971361977
0.382284992596821
0.994432311883143
0.703721266907197
0.939667802340151
0.377637101021486
0.194592365342123
0.616001752866653
1.24238575660572
0.627543454098508
0.519232051852327
1.00655748180633
0.814902780789232
0.604193235850122
0.638273909184103
0.686196803989848
0.523977384451348
0.92794621063638
0.694551778523176
0.567234484897913
0.515314697714901
0.568004063482972
0.65824674586797
0.601733186799519
1.58550622083148
0.293627651389681
0.875165342027955
0.575844401461464
0.929646443259706
0.473397965245278
0.34445120889455
0.671922545311936
0.528551270349975
1.07935683728747
0.921011779261813
1.15686901470822
0.627095122122733
0.656114956638108
1.25378316883491
0.508161779143638
0.807086412743458
0.94633152791636
0.659155868039342
1.21946977187074
0.489351212647799
0.649766477989919
0.473073700315308
0.449091908133272
0.810271253915578
0.694724116696681
0.342760163775958
0.412406935829171
0.664200473922863
0.913594778006875
0.870697229576773
0.86395590287041
1.30362284424083
0.61972935523265
0.755723386332381
0.612731436774151
0.952085764444513
0.52120891006734
0.342489314874909
0.487795420396824
1.06158307439366
0.414223886126223
0.264434994756104
0.761842122628013
1.25475818132351
0.501970687711902
0.48971548320782
0.987999023510917
0.50844988750551
1.10185728296081
0.811001648160996
0.468529466919996
0.521306625811345
0.608392612452211
0.693363841997444
0.828668072643565
1.78140828480046
1.24674493150371
0.594530998262847
1.10213094720233
0.223450619486879
0.481410311928746
0.893707381919032
0.674971678065707
0.346957762440527
0.648365235926004
0.523497777038564
1.12467777754901
0.386077776957399
0.513216763732564
0.842588554687667
0.776752936769219
0.492118763494447
0.572542277986804
0.457306715193962
0.789271918028634
1.12704388373731
0.573041848740635
0.696802233593095
0.443864280689755
0.306914453706268
1.6926708788443
0.566400431200716
0.567335711179911
0.694206126744465
1.80910193581742
0.807260600681323
0.947497680474916
2.69632688634907
2.7130435633379
0.709509898651562
0.672586706120802
0.594670037425361
0.587950057536927
0.379289322049187
0.674112665367054
0.954792819375442
0.740608445190075
0.459596262640675
0.419152472765991
0.416065546248944
0.318822087648429
1.41671447447971
0.848143055449713
0.694461462150675
0.700258034275331
0.488616362878883
0.306980765319419
0.472987274836223
0.404587979438934
0.635267066512068
0.982048492809858
0.406996659854169
0.509732178459885
0.920336625152572
0.509087868982692
0.878226707716902
0.677689781128375
1.08830021806539
0.589977428285638
0.371250345186158
0.693669635589611
1.35519353694123
0.476655693539497
1.43242465785826
0.388688927630966
0.94225669135522
1.15778856900057
0.854412394164502
0.508611705240991
0.658235934407444
0.551242674247819
0.524447707200165
0.396360856860516
0.567010413403727
0.365280889947309
0.748883573928897
0.400730614878952
0.594222615714925
1.08800007572084
1.05275604095104
0.635763397216095
0.736800314388766
2.7065989652677
0.388900087982015
0.722060263548286
0.25431803527971
0.706507618777704
0.378119873093284
0.562250143874254
0.740331339999553
0.438394262564275
0.614253541141219
0.421519820745141
1.42509717683164
0.427722674747932
0.478739987219535
1.18110804258486
0.515896049503301
2.49817820884461
0.762613527833203
0.692003955555801
0.479425664380632
0.91573428274446
0.568340979415749
0.465812116197668
0.937153491868447
0.411919314980896
0.675389537596817
0.501049640147267
0.64604093971767
0.923772673246037
0.603503469168808
0.574261769871848
0.537861509372369
0.647193972749844
0.739144856116945
0.784762303388979
0.220523661466241
0.789995505044353
0.550215975840974
0.293582708781778
1.00460737161144
0.561832087939197
1.31367118210427
0.422792105145646
0.78516515199946
0.603984902136338
1.82151477281349
1.40269828724743
0.345701944299629
0.484058215065243
0.387557179030832
0.737022577720659
0.580438390728643
0.63799270439679
0.434006215413116
0.710659740888997
0.449987465776522
0.898394797582909
0.748508583124911
0.616689775670269
1.21310886171664
0.365489640548367
0.6290635885886
0.633201031553195
0.55286176112091
0.46924220375022
0.457813341646637
0.336281588054211
0.82187067324526
1.01388899677952
0.571598708817888
0.664391383965696
0.792683007033365
0.419305596103455
0.868751426977351
0.566113600016683
0.774508252213317
1.17748613745701
0.804752742086554
1.329912811543
1.31625933836186
0.617194252120211
0.382152333760008
0.579492131410792
0.878420721157152
0.776653827979921
0.418036652729579
0.501484983373926
0.718504186606292
0.366543369566089
0.631260931968122
1.0800235575434
0.552708176919996
0.429491689022315
0.561824922808173
0.859736674854193
1.00289144548081
0.757639793858426
0.72753061365895
0.927766914833672
0.526653529346133
1.0091110592543
0.406351577418483
0.879486591304842
0.70707433007681
0.550617185868884
0.683959973903291
0.691407568979857
0.879389344423535
0.85606326103946
0.36197290040629
0.788193265890174
0.954773552093615
1.20603613185262
0.946692364240655
1.09271516064017
0.447659867269934
0.710124539774616
1.17055811561695
0.858610328924668
0.949503029779899
0.720562385483768
0.638837734352654
0.52868643557249
0.394621595313201
0.602564984094
0.661286722922582
0.432468440493156
0.483388413686244
1.03429758899216
1.22840410159706
0.485679698853015
0.635438771288344
0.543598637075928
0.69661099985592
0.661243119614011
0.458737522001001
0.627711495030449
1.14167513346403
0.338338443287332
0.795609598811586
1.10510204758496
0.853988268112427
1.57912829822983
0.538790532143728
0.853649556369725
0.83087795483937
0.822340350082806
0.508707398448661
0.780029566600689
0.306270709346809
0.623615773163146
0.405568670376316
0.253967874598678
0.483107186624926
0.58961076242495
0.769212816945484
0.608947093426932
0.419001063102749
0.441511160360747
0.647430109960698
0.662566553730989
0.557401714644759
0.603751241491168
0.513391966363031
0.509297663862708
0.567854054448525
0.463418073022886
0.584299227625715
0.983862626856151
0.556309278815059
0.551846134653151
0.721203251865093
0.772033132614042
0.673076787025287
0.875864287202077
0.619120229677176
0.559586364442907
0.643099778148898
0.997549893045165
0.663903188809968
0.522744152793834
0.652926035958887
0.629976127476981
0.453529402616463
1.64762986277363
0.644111209320573
0.337773126310642
0.558355693951451
0.53943164523113
0.706436475089798
0.422749197696831
0.667163944682318
0.522879997693879
0.857803175172753
0.47865251245485
0.650789853136952
0.786444054226077
0.653655733500615
1.13684841857835
1.40172930676752
0.751607621482683
0.612886221056381
0.66454444379568
0.531077104527034
0.973172969712139
1.83627807292333
0.948447018663826
0.479903607323474
0.427439569401692
1.12724613093397
0.772898082225445
0.59882043804479
0.815969838387765
0.454658900075993
0.376504249843773
0.233106066588743
0.93535247935863
0.675409410991938
1.55389856687155
0.789826929459971
0.510373609092479
0.881171230381495
0.490647183100026
0.628466330892963
1.10720716501507
0.514092644547009
1.2010634818799
1.21253645072486
0.481139640084084
0.825091601215373
0.63943002167708
0.684476268578543
0.794436049640438
0.770209045440152
0.746266095702329
0.525757973721242
0.354462923760238
0.506672921442999
0.654706995876195
0.721819813541855
0.581748447816497
0.807689802251072
0.611062384311155
0.992883931978059
0.42600434209834
0.365988261757745
0.405626129627691
0.551963584222822
1.34244259586795
0.555308857926745
0.529979926559751
0.83186660127489
0.604494597918592
0.480191734998285
0.883268168460428
0.597748186929416
0.283025650232625
0.994366754566568
0.601472684027354
0.66383260254547
0.817001787363563
0.848415642147466
0.499800023288705
0.507107896756456
0.874871107989819
0.576010676467985
0.976474428530828
0.514971605408296
0.496622566129941
0.450588658251353
0.671779235390502
0.59770453687896
0.403276403152604
0.712834076579056
0.671642809485147
0.665442096038281
0.674313779071671
0.498669740832292
0.876355283485118
0.542487608611445
0.454072757498069
0.621046168694349
1.03971350956571
0.635916267843143
0.694496484499266
0.592424985221009
1.06451126642561
0.737568873712355
0.529835305827509
0.502266987697678
0.582887019393813
0.977196851227217
1.63787592331233
0.348839160727398
0.615642786796213
0.440484017251791
0.646367655124307
0.264693449861696
0.679537282696309
1.09356467641429
0.599849289518863
0.295287356590512
0.683715794841742
0.985976056496773
1.3349440057755
1.05337931567539
0.980436699758365
0.461003141547655
1.1652791362136
0.39765406501899
0.899175456136597
0.582481086950514
0.885494679186687
0.732512800964395
0.560176005192257
0.661390543616205
1.26617357163424
0.846754533203466
0.255162925103587
0.623546753190244
0.525544554810248
0.826262395670404
0.484093415076258
0.608473885808616
0.732844981665197
0.688337763855618
0.345872964971804
2.01129364179868
0.517805421802414
0.680301934259716
1.4607655126374
1.07308550954873
1.05899784569235
0.559196165888146
0.590010293511426
0.812827251682846
0.594292719926479
0.586663925671709
0.885408056503981
0.748020875556624
0.826130257680064
1.24037835685126
0.550845966725045
0.465112737122458
0.48615324211259
0.448798376145959
0.543165557555414
0.635707466386781
0.390395642718636
0.605727820679884
0.541335708511486
1.02647144518362
0.558123784444828
0.825843584899612
0.670196211635958
0.579622643760473
0.686819979496522
0.747127097283999
1.17164795227831
0.893311025344437
0.307039520165237
1.27251711679876
1.0832871986505
0.779331257716229
0.341007341293948
1.32981736165323
1.42627486367516
0.578733427869201
0.563594801041502
1.45450422812741
0.957683984852058
0.406600643748727
0.28848221627364
1.1052141629203
1.37268763206837
1.29481690426421
0.466365630776799
0.708191242771241
0.869905395504973
0.544530044884607
0.648458205972115
0.818621896779472
0.703368245881922
0.460920863066573
0.42490312677834
0.634208781794222
0.758090432325156
1.01812911745727
0.822760717427289
0.783902986505492
0.335490345107191
0.844453540744392
0.402820825741965
0.690573838992169
0.561094708091883
1.08411636721995
0.863842747760941
1.09073663918098
0.463618984437372
0.499212629324468
1.06469463649667
0.848463614859432
0.58855750214029
0.520444032617133
0.341215735374387
1.63516452782618
0.396682681509081
0.565620108254674
0.654094390846174
0.539820951298762
0.876378089902267
0.710810798572965
0.763445113338747
1.10519358364897
0.325788904415451
0.255065517025177
0.765770164790333
1.02195412006963
0.69170944039741
0.580532997258189
0.711880800287691
0.347315692974514
1.38280256999907
0.458413258043971
0.759845507751829
0.374388720964128
0.724312694782683
0.747658292557897
0.528537585144227
0.448433808634645
0.232388328641445
0.629651136413572
0.723621022330486
0.762258232005842
0.56524558721138
0.537980529986771
0.967412870167031
1.16349411174246
1.21248891525464
0.94315676869164
0.58155784025725
0.678883804266262
0.526937093289686
0.455871365782342
1.65486523391107
0.630346339567055
0.788395581290163
1.61884859488858
0.425569905885211
0.553548118116407
0.684220101504347
1.13385897096437
0.295978787720006
1.06272251334955
1.1817513320993
0.566604044500782
0.343030324764096
0.855748811455049
0.908887602695475
0.511288726939115
0.538781921870659
0.365169963269971
0.398638887199506
0.414953882135162
0.617194179619007
0.36201771025219
0.723321976157602
0.866909444276351
0.471393620637696
0.391266437112991
0.397035258237321
0.596254683412238
0.852820887270422
0.395141621637274
0.533119178393782
0.6804760938451
1.10146646947699
0.711233701115289
0.531856607955959
0.714644736553483
0.592481465728751
0.578333164823323
0.414617186459039
0.573921067734707
0.553400620014346
0.695924013067743
0.913052109177855
0.600185712709862
1.3520875373815
0.706567705151894
0.839543636898524
0.516954607407746
0.517290637625263
0.471970328016003
0.657526002015244
0.688955338043536
0.535458436635023
0.408521359736598
0.714911802943799
0.631782949594746
0.41033406017467
0.435149203984416
0.359311297865522
0.780751181249671
0.628729171822345
0.594505747441945
0.437171883176237
0.454783696488702
1.03608493643234
0.934992821758723
0.636963238716077
0.676546452116156
2.90319974724676
0.445670794944084
0.856044714085459
0.758383459354563
0.599661625601185
0.537198533204828
0.518146130305553
1.14957369566124
0.805861324490836
0.846556764319655
0.521072668582458
0.530775456815269
0.705782042771042
0.422094222869142
0.738110069549336
0.715645615962183
0.7303258869722
0.319662389330792
0.699063609054459
1.14560310901722
0.592721469284164
0.672825141228201
0.725231752451958
1.00814914293866
0.806114527303265
0.597826115452953
0.477062775397447
0.64757731738499
0.790815639389716
0.759132859738048
0.421823173818626
0.74698918634109
0.670315974781632
0.794777170090157
0.67106487870448
0.811606028077385
0.583620467833869
0.715062079870014
0.420278287254751
0.637946976536674
0.759686728769317
0.566753315622388
0.49314870499958
0.549007514427083
0.775808376654239
0.566789289870906
0.564654468216317
0.612153129798865
0.638243711773204
0.457553697412063
0.873005141872372
0.372620033414873
0.774348779038067
1.70634639120849
0.500745612250235
0.491266019166021
1.68245912470146
0.698543083546464
0.357301535374943
0.515909076663503
0.695741191116025
0.941444450827414
0.52189132707963
0.915592217097339
0.753403520294542
0.428766954790247
0.967918551018742
1.65850731463688
0.764993735564927
0.936817375392608
0.427242342985491
0.997987598786141
0.957457376552895
0.716756724864882
0.668444874137122
0.901289805972367
0.824364958755092
0.359919814270918
0.371587237978618
0.495719692943676
0.834831386519797
1.36516994677412
0.763054655325768
0.246916821251151
1.03756442385524
0.274425977608302
0.631669119722635
0.947791424948295
0.76529283051613
0.371977039926489
0.305924080068845
0.546115236522387
0.664419075024272
0.362546913679741
0.298171320490823
0.825125438372002
0.78942754253857
1.16559555374005
0.81015400152813
0.617133909957539
0.314795475732548
0.848395223910378
0.561378852975407
0.654913941613665
0.64074581609569
0.794924572816315
0.910398639563114
0.587486850426015
0.647039528838044
1.11233023380383
0.754627539752889
0.882381885171188
0.437319180971911
0.524567485820728
0.681764360592214
1.0397003371522
0.873942846077008
0.70361739413807
0.940112397509877
0.772431472537055
0.715621545451049
0.760666527207768
0.541938677801688
0.800414378023209
0.63379780572117
0.789389469733029
0.949984753875643
0.736119437527123
1.04429701325873
0.614861617740641
0.974350485636087
0.618098459985533
0.657517260220223
0.687052579017753
1.7387535023745
0.732604342717652
0.389918439831183
1.68026890533225
0.829789295832522
0.553354126338403
0.5582771749726
0.504248971926727
1.0344324744767
0.505640126498556
0.580509395013214
0.911714384821014
0.525651437649601
0.490393445344373
0.632151531545543
0.984866839326131
0.880047972451967
0.486614018897572
0.532922142271018
0.958153128974775
1.79680426331868
0.797048150846198
1.73140625936064
0.426290246349212
0.395692940627837
0.607897462786367
0.577893318132652
0.569652229920942
0.466161593864273
1.5146738114222
0.76163569702991
0.39029393364828
0.582132020700336
0.529989828865721
0.387485082104322
0.778346789982098
0.74381031033547
0.440001048325622
0.531458696185375
1.10605616573716
0.786518777392854
0.4054858493563
0.662372260697253
0.39849202176115
0.613411811137167
0.590081495461542
0.771488631504952
0.60963678647929
0.260968245947292
0.943649033645374
0.550044047068298
0.742868613562982
0.635720218516631
1.72323454486768
0.513557379294929
1.06340374154822
1.39361770915025
0.636791194517065
0.479671523161496
0.749155690086867
0.98237506626801
0.689036324506316
0.449805394669102
0.347110111706344
0.962362344819697
0.51736076543727
0.335094444779138
0.615087982215518
0.496622172378972
0.798790665503203
0.515002124539595
0.420233011134606
0.562422639097101
0.320574373524088
0.616712457165737
1.07866881398717
0.633565163251822
0.373920100041717
0.667630772329285
1.1317314572256
0.724827535535232
0.480862680410951
0.691477530088185
0.722372486707877
0.909942072085669
0.784855909886434
0.32995189455259
0.821763964051671
0.929184042333053
0.442238869077337
0.418023021544698
0.22855850379435
1.52569174737745
0.512452470720864
1.51812952047688
0.55175555848298
0.246761748222162
0.668296171381946
0.673731573526715
0.775004564106482
0.514724309651717
0.653857919960758
0.483393171162768
0.384947194084664
0.513618997111703
1.24221810149864
0.765481538055261
0.860909806393713
0.852457719332294
0.599529501577223
0.380727719307247
0.632269624695908
0.699453472445192
0.292953355523923
0.514408716725684
0.605709148438895
0.701966876579624
0.633612786461623
0.71337421885506
1.02510571649354
1.61311200442221
0.399266318343733
0.61597569647269
1.13472157344358
0.293635218852173
0.592360924745533
0.475667354814441
0.491012727177224
0.410575569060609
0.866122942161405
0.522906288808688
0.491011501854665
0.520724451993866
0.501403158207678
0.813207818949785
0.924921215887218
0.345569631920043
1.15747624544905
0.554116956854183
0.357611304566759
0.53420844008277
0.846233740947312
0.569304454287561
0.825954002391315
0.763805955711278
0.681128499312024
0.454216878416832
0.793544474797378
0.328312343670763
0.368218755854134
0.722734435837619
1.46728172254794
0.289171157550722
0.529867766055801
0.445459530242512
0.790675809670298
0.449873943553333
0.698224183237107
0.413751552249417
1.02170153069524
0.745552292354596
0.327950367907084
0.511012393667334
0.302610203827591
0.392833683053031
0.629673875940913
0.655109151798308
0.728368137247496
0.750836628229499
0.653016295403692
0.715305529893327
0.367193100289695
0.336683930184993
0.284151476180427
0.82674292728461
0.666195530651665
0.694185086121159
0.520323399616792
0.66966917599203
0.702561870896161
1.51641491568009
0.638578050606244
0.575451434176031
0.348671296020859
0.407403316104142
0.766441965159135
0.713719105470224
0.396290744126603
0.655517310877706
0.828095660087788
0.813456215363175
0.666884213646851
0.456065287956295
0.493307469047814
0.605466241920428
0.699015531759087
0.545047527099705
0.679142763622824
0.415437590676103
0.726748264976818
0.52297219054169
1.35962291456424
0.557385514359941
1.07900988383966
0.319912219539499
0.915241666333632
0.891056398398325
0.592529140977809
0.713472477072474
0.465323502187124
0.727940969668381
0.802013225458684
0.465849442534733
0.604951977188085
1.05819568037475
0.448607763784013
0.785971177655935
0.470594665158725
1.0517478153059
1.13420263332587
0.857239556267099
0.618594509604838
0.944998672213081
0.44085775650104
1.13020779130868
0.729042009941193
0.619442121248247
1.15001865576031
1.22660000328162
0.494862916534225
0.666188926788773
1.14373219843586
0.594818112102372
0.630259290238599
0.622920009182169
0.668785081695303
0.632634139443611
1.42567539677144
0.721230717672138
0.88938261462799
0.603766046425365
0.572803522063272
0.656639691305421
0.818996614942579
0.930981598936716
0.766308369723226
1.96975834337294
0.647315781813818
0.407049815430864
0.530980485692103
0.605411161297113
0.564152868320612
0.369854449633227
0.736731540398276
1.16283092945491
0.810028842676709
0.899591194833592
0.805573909964205
0.933113411600794
0.632867469809806
0.337906636844325
0.880064329114852
0.304121517876049
0.664464815293164
0.698638909056737
0.947369764935549
1.26035580410981
0.557969815944199
0.695938319532558
0.229073936986411
1.17659227108632
0.64960133515576
0.397632791510978
0.66557138551802
0.713855062189442
0.539544527964472
0.896036144237641
0.98166044941405
0.678742921377735
1.3759748563207
0.573589047710832
0.464650882187285
0.672817698549107
0.747993304527968
0.601662618213203
0.603582928308865
0.883714522347375
0.343248415612227
0.956339516346199
0.655373643454176
0.709150620019424
0.700307159953332
0.484414167144091
0.87972418081824
0.571141652774492
0.268080390980595
0.314735557052315
0.713902965020208
0.47613197237925
0.930430495181823
0.44261963299324
0.990474023869081
0.756672526754531
0.516859999385974
0.696383312160551
1.0461093873958
0.461410058897146
1.05144687791897
0.654438134822808
1.18090459344547
0.587166744985225
0.568812963950553
0.769695059863487
1.09938760964141
1.2371795586062
0.606605597197912
0.594770684942058
1.18900047705945
1.12698556029395
0.373383897254976
0.86171666755455
1.97804401086335
0.849443721911014
0.424879238294782
0.877566782824306
0.582243293512563
0.960448424852887
0.549965053273103
0.571225154361399
0.643400697166812
1.41602198714962
0.468576125431948
0.534219793485789
0.621068959070779
0.770866799661041
0.801135853308874
0.375860566506691
0.666737817107154
0.663107501376032
1.19714351828361
0.348931575007809
0.436582099570282
0.872324794919134
1.00213433453707
0.726748659719611
0.79150452742906
0.504763814093666
0.915802870621083
0.509041439003818
0.498656436560942
0.789810954479368
0.74650130380449
0.719234571952003
0.458005123689804
0.783369477403907
0.997064306206869
0.812205240306903
0.419567961193358
0.571521447645688
0.406666740253597
0.575679577896371
0.289663986759397
0.810755634783613
0.642451265704733
1.45034387578262
0.394734024279424
0.608768155645267
1.09644905061322
0.805980048245867
0.732068309422116
0.619034319429097
0.693363687329018
0.375698916078639
0.589900771149932
0.311500449259272
0.574009997476868
0.377510605135608
0.622095175259506
0.418570832200913
0.65320259498093
0.426493478448192
1.38310675306854
0.755869583823225
0.509383304533637
0.320630251819524
0.572762052672077
1.97793892550907
0.617270002014991
0.872953205470338
0.333085053861776
0.566408612788234
0.78846008185112
2.30802604789369
0.826662670729664
0.697861421843731
0.368102027979742
0.539613408452326
0.410575810733087
0.312740429324165
0.43990486412913
0.849539875250847
0.525304246075229
1.03673778351457
0.703241500623352
0.783206681034187
0.388486821352688
0.619917623713295
0.382449132986538
0.610221020074446
0.385433813760266
0.423378187853436
0.630606808964101
1.6982494179419
0.725244319304691
0.556124053540205
0.417447027234049
0.561329324933838
0.373297830899757
1.00500849079842
0.502552268845857
0.836616390876049
0.405617284399064
1.08321924748485
0.286697253989753
0.559688948875638
0.409984740209113
0.563896852878619
0.815068066138504
0.462209023947743
0.795656494002194
1.19940146466131
0.791046152636419
1.27134349622322
0.843283362695071
0.732454649327394
0.735124713730823
1.07460820013697
0.406926170862155
1.81199758921511
0.692134141591232
0.527286904770562
0.425446853866783
0.609134979608511
0.493019611168976
0.526807646396062
0.393446598505671
0.552280817448242
0.470883977043096
0.944583066927397
1.00723438646807
0.876516956121032
1.15880349271717
0.440184548628575
0.645658442315921
0.425199810078507
0.733362224656961
0.896559016223263
0.72604783060059
0.769866349322093
1.55853307732012
0.382861111281368
0.667267018636034
0.672055231982364
0.557342045520199
1.33429152193186
0.724026914357244
1.36379051364313
0.445708637071207
0.766034599831469
0.541980984512122
0.464546095322151
0.254635504914176
0.550664445086157
0.40155858705189
0.767070572373634
0.507531764730534
0.509557092849434
1.92356737238297
0.758313805571466
0.607701803636861
0.732994794386654
0.627916769322418
1.01011815104991
0.69250857338911
0.716207412295363
0.683903493304491
1.62824671384001
1.30026342307799
0.354491491704447
0.662424240852143
1.25625867963907
0.669860020946069
0.449399322435964
0.47401819070811
0.584503655453018
0.700685169013463
0.489529660859945
0.555520271711164
0.249759702526743
0.752814586819547
0.366081577504088
0.750355328320771
0.840248215985908
0.348130779988164
0.334447674146712
0.685311430257567
0.813780065897149
1.03632879282881
0.360899618053164
0.764061008864648
0.734142052147311
0.678040463609621
0.686754074897297
0.784764705460307
0.523918409923412
0.664717616210414
0.725780592514307
0.485568335117506
0.844610791953479
0.935831219038469
1.33819853687484
0.632409145345199
0.795586391367475
0.831396633127421
1.35695507080224
0.505483229701436
0.522436022506908
1.04668485192583
0.542137458873866
1.53766498622914
0.353609331566074
0.89528890739174
0.696343948751135
1.11447060897047
1.08533186519263
1.35700732781356
0.732605650269083
0.654307487188707
0.586755337884686
0.455885718863196
0.38348133213654
0.784779853017441
0.605655872993467
2.14525043169159
0.789814600881728
0.737231713781708
0.534847397396577
1.107054304854
0.63637566453265
0.401171912969745
0.584223540719236
0.785309741363658
0.772184756496005
0.405246273006192
0.491447597000192
0.392215085685346
0.718223140124409
0.99020764661149
0.480580690584886
0.629045205650681
0.566475745479619
1.2614113629402
0.321429780194505
0.474226777302244
0.629646818848076
0.810434230573955
1.13913165557789
0.731520547341111
0.469296514667971
1.21995286731536
0.662581082924159
1.53760938379042
0.596887017941207
0.700086932383314
0.476960517751281
1.01112526105773
0.802352546383883
0.681897939207199
0.632368904643215
1.0918048208516
0.900154117755897
0.454251837673905
0.78541060619047
0.27281882701962
0.519285663055995
0.728081071484814
0.369021112570335
1.72066910474809
0.464455901167544
0.673100972519154
0.384755783852411
0.912640637546199
0.34465695998735
0.479462582672307
0.630618116100101
0.537067667449498
0.932088351792711
1.40052880084505
0.487545861109763
0.374712965483824
0.922732347901637
1.06175284061083
1.08349634213255
0.522569033934172
0.588612919716821
0.508870552705044
0.410374579566504
0.374399900356977
0.601728299835215
0.443981926519255
0.639068065927144
0.910083163770669
0.461290962314876
1.46084723926578
0.374608990649395
0.364737522726171
0.673061598800785
0.802294392469573
2.53641306257667
0.769004260971733
0.703708085935683
0.449141000545195
1.43461444030371
0.674047200095717
1.28851403357629
0.725368809947782
0.705104749997239
0.535481045871218
0.77824727356333
0.556005777520945
1.20018088264683
0.665107006657272
0.53247764926922
0.73254417096234
1.0433246823504
0.661113570096152
0.459050546249025
0.822770620874913
1.89773003756733
0.924844191601007
1.46004030702516
0.888014494884179
0.899612831171349
0.41598734429776
1.00024986377596
0.333613570083244
0.749792155281993
0.366761263525978
0.667520471140705
0.500366630901046
1.61897634340497
0.730238950483852
1.25058690297729
0.544316166385949
0.600738355433502
0.517567212949529
0.867313341280175
1.33752851261277
1.1045946650932
1.23525612023364
0.530915280185135
0.646948187534142
0.526192158866171
1.63528430667419
0.853571782526756
0.656797477633566
0.568607257494665
0.445628306485601
0.493997121510205
0.935794040782523
0.537575448195941
0.808379612695207
0.731760676996795
0.931082903799794
0.672178397786995
0.361424064289406
0.721122484831962
0.692835276889165
0.758469200612602
0.957173471460229
0.237973720175573
0.818330846540189
0.494163924552327
0.365904604368971
0.667927601128998
0.668158419902432
0.353146426581044
0.509524323323809
0.384961299498565
0.706763942548617
1.16671220721932
1.08876385421137
0.716020948651395
1.20740954794229
1.28488831552967
0.623270061248159
1.30738425239732
1.70563455386417
1.5221848601301
0.357527521733275
0.890390607325783
0.415436405698828
0.433252207602373
0.66649020856692
0.963346758061532
1.6058685296701
0.6528611180581
0.756821673374961
0.377852723620318
0.373764592073853
0.678245518230051
0.684671112598972
0.703588841086477
0.959129415555227
0.667067653180125
0.40642290577357
0.854354340735968
1.29734564436963
0.496395472355514
0.67845925518294
0.465296089936002
0.557203204836968
0.559252405675425
0.617727423503909
1.47498238865747
0.481959641103693
0.632535268719268
0.598422893229814
0.492208358197907
0.694434103623108
0.68901776040409
0.395490312713588
0.680185624478656
0.215436809242506
0.817178406158356
0.485161403260911
2.28887196334654
0.776900415282298
0.50519999665741
0.60830246363381
0.659927295022027
0.527314768026901
1.20179964699013
0.490313649661205
0.571825738898661
0.539161676475201
0.484595980171807
0.663316992678423
0.332595665949034
0.539856034555801
0.734203511048721
0.505666945836548
0.896244441488028
1.06296846465952
0.656096591167952
0.975097085015119
0.633745659960899
0.71928690452966
0.513723939647302
0.737258992189236
0.443652228697546
0.577227004038435
0.378434461827554
0.724515654145496
0.483076717480984
0.413041206089907
0.351992906102909
0.864297546101122
0.54384598777215
0.504151531894295
0.313969843894885
0.630910012695083
0.668482088360695
0.649299148158771
0.493498126650997
0.479631944248702
0.716797034981501
0.770714071912139
0.803733213644461
1.011609696395
0.504616921448252
0.401685583872772
1.15492006349769
0.868168786309819
0.553628781314938
0.79207587262955
0.652976698866271
1.25787675341573
0.704776905459812
1.00333127684596
1.32440367903449
0.969826540946384
0.453177840161834
0.528867493888236
0.638864108701698
0.913675013131638
0.637393896398487
0.414306219879344
0.547119917418421
1.15127505665464
0.484480966410967
0.426187078664659
0.635331358262854
0.601710139569243
0.504814830010937
0.957023917904911
2.51664220648638
0.727693790623416
0.561489754615026
0.613647866954773
1.18921604864817
3.54068948443637
0.467708157039578
0.663404612438667
0.661606997296261
1.02628624929492
0.303178875734609
0.62409618607298
0.623791595645556
0.653707194282435
1.01619753002125
1.11778242582557
0.427446498411706
0.342798020619108
1.13568337271834
0.658244166774936
1.50128457328147
0.929366427686337
0.720455212092142
0.945746831040401
1.46904302591783
0.781212236137338
0.879813249745553
0.583150773254203
0.646003448059313
0.825303015079918
0.493098223131088
0.180794701439586
0.514433218354347
0.561658531613716
0.599994062120202
0.404683116985922
0.758492529989484
0.475005310982403
0.671750988514104
0.849689316565903
0.302886504395838
0.357307497521088
0.377215803591015
0.686686260182113
0.421913385424902
0.471404102443159
0.461766989744935
0.443215425495697
0.550163410207025
0.755686652012555
0.306296876053933
1.58416356126067
0.798675658850615
0.526000193881006
0.562863412750038
0.608148403081551
0.339746874951646
0.936867331253841
0.510405930227822
1.34267564817747
1.02385589008874
0.256918179647465
0.882758209358294
0.122276594046609
0.307825646744634
0.587448251678408
0.632038142235469
0.870762037761023
0.803457670018633
0.658681292295405
0.530896379409941
0.423935120120797
0.833155280221204
0.890188928057276
2.1202412812393
0.618652762294279
1.12892168669785
1.20714570000552
0.596713859934499
1.2359628145293
1.08788936721083
0.723166006468626
1.36607507084662
0.498366269401617
1.34206386918346
0.320195276867658
0.534096240867901
0.84711875987286
0.499004205461136
0.609622374717985
0.387341764201862
0.618723271097269
0.620360721399859
0.399626139011115
0.627499043640697
0.344444460291746
1.51758664854191
0.884109396221708
0.937392932055753
0.797288622042395
0.663908976467547
1.04883350819459
0.553142974555712
0.986261599892259
0.609738872937925
0.979785528355298
1.23853943632708
0.787532094231725
0.978142137188128
0.826486976175106
0.978438808169043
0.464404968026458
0.599792503765549
0.666088128928215
0.479550622777658
0.795207401050512
0.813003031676156
0.857805648291069
0.579262070839109
1.64458909977281
0.615684976604621
0.628176076924502
0.504747489282005
0.43399169233754
0.988404957986966
0.300035308082365
0.33954236986544
0.443947829941501
1.27856242423581
0.500655779138008
0.5870549201332
0.530952894524952
0.682138594727123
0.35637541595079
1.12887777955698
1.27587113287516
0.465186258950352
0.499146340505197
0.410376101774935
0.593063484731625
0.679838241403059
0.629390159336584
0.989315899643831
0.602441226688842
0.522985005431011
1.07885077136808
1.43200301817246
0.64872778327502
0.889234366607865
0.809400799738786
0.711943614938125
0.562840886383175
0.594568411425813
0.56994447576152
0.508861330517041
0.966469355870587
0.918543161973362
0.565460652505371
1.06242866029924
0.338448242974667
0.644387347396733
0.654812673599776
1.02583619646132
0.556901772597796
0.548729301854562
0.408392339783339
1.02933940566944
1.0366415047914
0.517103211373117
0.805595384892535
0.626293079094577
1.49672733460721
0.523939465244867
0.840326306408062
1.49981930165855
0.751146846056482
0.801291016990453
0.49978181927342
0.751401948679594
0.527413749356145
0.489722087235657
0.70893814261066
0.627936142732771
1.421548835793
0.688437307892563
0.444714216730357
0.491774874206404
0.861698749751952
0.872607896417491
1.6440967564407
1.09448899122042
0.486698828828883
0.677231765687668
0.357615427903024
0.463460183931506
0.620040424203365
0.778049341318789
1.34545308947455
0.59554285266638
0.781741318128927
0.578749728826798
0.517380218663791
0.379367905607414
0.705061904100773
1.00428870998283
0.617100931612825
0.34796104854646
2.20557002061884
0.441786063192422
1.17848832978074
0.860186241126316
1.24272892100091
0.422941148111892
0.564565195348897
0.350078580971188
0.528519546519597
0.46747489682487
0.69547697304183
0.732965266690374
0.692508285420147
0.249577597502202
0.723799309073098
0.43752209067735
1.32124772782487
0.406330645942454
0.720918494969668
0.592507085429238
1.15161835872967
0.5479046130889
0.55479948753734
0.961172231530634
0.50613012439657
1.0644992976785
0.920478044613374
0.692972891596824
0.432052922485372
0.454292030750351
1.03837948739398
0.671917596978412
0.799711415501281
0.800219340436366
0.97786547561825
1.02725549821603
0.478671285452938
0.795886072892965
1.66746828503351
1.10630402792467
0.539938924795982
1.41969711278923
0.830296206811582
0.97150331161864
0.602709271007179
0.767460589168123
0.673577120761504
0.371385477682898
0.645302616885178
1.32421158084176
0.802790886838035
1.33046454340805
0.874380882714231
0.621416461847582
0.60844112280887
0.418120140583089
1.53241574618696
0.780927742993855
1.12552780494406
0.809198204097587
0.625862295074881
0.982606960423275
0.539370148717383
1.08100300840908
0.40823917601586
0.387493786904886
0.238759933152237
1.18025265394123
0.305588629644923
0.668930224668927
0.384735941418258
1.01929030063373
0.469291490752477
0.631300448997171
0.757444819086742
0.633912060254137
0.422598912079206
0.51967054930807
1.0687591131944
1.01737669564973
0.862316750105353
0.908882427640046
0.601211713783095
0.644460195278735
0.710019952626371
0.349851685013096
0.560153701274996
0.723016516267845
0.496716985016286
0.378381477445812
0.492094205790502
0.970643231505394
0.401369864063409
0.244097247104266
1.09698496056909
2.28149454273348
0.613393028660084
0.460318381377364
0.351228383104312
1.69987331542915
0.769005986520734
0.468262769591982
1.48694761094973
0.714710388300735
0.726805495117532
0.469242029402663
0.394512204475873
1.10625134066116
2.11097611299199
0.497147810674254
0.549554175172974
0.621519183291178
0.945593526998444
0.746144962338016
0.516078154867624
0.521477962695588
0.344034591997073
0.892100879396067
0.71951577692287
0.928796959163492
2.63393614534199
1.52479189932934
0.194570300112577
0.350250839090141
2.32250739984313
0.629894326890552
0.563495423692317
0.577657639479731
0.565064967304839
0.601821522151937
0.628023104678754
0.486648387037496
0.371295942540871
0.785232012188836
0.651933738984746
0.396595247242529
0.390289696730337
0.940819643784217
0.858142206083847
0.865122361540511
1.44666493508473
0.454547012902697
1.42068475942092
1.0412766293998
0.90699073921682
0.807608405505694
0.528359202565895
0.499377642964733
0.541634333595588
0.404706239213231
0.804059173319254
0.507121544869909
0.537489699963729
1.05521814066981
0.67257876410398
0.331883459001219
0.820491576950436
0.792589271735731
0.801224109596035
0.232618694102648
0.564214829482027
0.418432173077123
0.533971700706254
0.749990614634117
0.58871708167222
0.964207826110387
0.433573594043157
1.11294373957341
0.947274966490377
1.33183909969036
0.325258849201841
0.79600702038387
1.43495163939461
0.370900988933555
0.525169408409953
0.7990083807599
0.389586830280936
0.452389238306993
0.435119221925284
1.1045710508
0.416460640182351
0.494847596325252
0.533597969967286
0.821962396271084
0.413295272598231
0.566865505425567
0.694715103034351
0.825684606120475
0.67502587666741
0.452261530913937
0.494626630159485
0.375294052867134
0.757063442407762
0.900336776284638
0.89848574986722
0.704221351441414
0.491552842106655
0.496274336271173
1.17063631839599
0.75623219411149
0.468021347720704
0.692617283798457
0.4466567321436
0.284020323059867
0.634152834522116
0.818192774995904
1.08607225697162
0.912516369739563
0.603853962179999
0.52857958547734
0.76685608543095
1.08000836663949
0.976507847046023
0.551685732757943
0.366930873283642
0.741306227363157
0.817144383986393
0.594675718514693
0.746713983786615
0.587129881442725
0.532520647702937
1.1209870639317
1.42180114512022
0.847060946739745
0.700045526397034
0.495592587158332
0.983413371017178
1.05960210519803
0.970028420335012
0.655023642772759
0.574172846990256
0.778845175957581
0.996858739642634
0.888185129540143
0.482673862776017
0.938573409724161
0.468491540671641
0.91278503961668
0.982849974690258
0.689956335398957
0.852647400399533
0.743143039519784
0.420450366908104
0.840841727614394
0.350858193959337
0.862040102141847
0.656854907142287
0.638543705151816
0.589566161634167
1.31967724919091
0.821982490329954
0.76657418508827
0.628374985319399
0.57893949028837
0.993929861491648
1.31653524992502
0.540282451208408
2.1079612829594
1.27551576418905
0.660084720552293
0.840467411756038
0.475416939079824
0.64893521835404
0.483384460210802
0.698568629153476
0.423478359495937
0.777736433297382
0.702131623266702
0.686957555474654
0.165007057645547
0.669951799155348
0.507026014473445
0.354100728787037
1.0147932110204
0.70890699593464
0.725079474279768
0.437791840853996
0.48466321101305
0.820732844403228
0.631896509707444
0.424633736184128
0.816788873833936
0.439413298924013
0.676379811273787
1.62511664450506
0.504461976051138
0.904248381449528
1.37527201965619
0.571590556496277
0.293772486280774
0.653560334769432
0.604239834995124
1.44290113325318
0.400101336091456
0.644987511089996
0.855376347743801
0.629408409756476
0.74726729055902
0.390242784633448
0.527268820196829
0.362934934714924
1.43138406931307
0.668586150024287
1.05054175716802
0.183101390697757
0.703241978390313
0.756337970803315
0.396666184297317
0.471317280692173
0.655431792414115
1.06855895227422
0.447442757650356
1.02319680281437
0.782900911699946
0.980892240584529
0.806337242786922
1.18085068676506
0.438698457312729
0.409028224706361
0.587898098236449
1.04880955671107
0.744200141886765
0.936356901079026
0.408279934915595
0.656880758053953
0.582400480385945
0.277371054261933
0.371459502294374
0.792031310354967
1.00449972752384
0.541512365214845
0.90132248630922
0.411913181907261
0.426242679121796
0.37444993541756
0.713015011822013
0.638929537805377
1.10853754209951
0.776914528797487
0.448765355284733
1.23187095251139
0.532498117986365
0.45069541871164
0.382845121153717
0.30675681787395
0.580062318781343
0.453351027483454
0.655149369068565
0.71550849406063
1.23879910664913
0.409106000316874
0.433959593753146
0.735449810052131
0.432645033323827
0.594786392397511
0.448040773554232
1.09997491090497
0.612964829838492
0.504474447247928
0.543761506720864
0.714905466358972
0.926424901076094
0.830840893348534
0.946729608260678
0.273970857496313
0.345152730542643
0.489924760353658
0.464052259272304
0.472188513441053
0.750222108037852
0.671496340013378
0.522155356971515
0.483402410292338
0.706522688486148
0.600253682303633
0.841021385456678
0.529343708907719
0.241040832733922
1.82605428052901
0.54431766511289
0.514160731282852
0.185449769342731
1.12019061327816
0.386385793852636
0.521442168476631
0.404669165217318
0.328832361363476
1.03448417186994
0.919615861405057
0.949307764604295
0.939034867031968
0.901305566946076
1.20950270684737
0.99958207497544
0.640888867340215
0.499648343015566
0.672633591079923
1.78093827628674
0.443404689270349
0.996578740588121
0.669279089477536
0.619285597727566
0.419670469550927
1.44311389154751
1.373452892208
0.994643494120766
0.604205584074947
0.271180962050265
1.71463759037506
0.509935167418519
0.624249950286185
0.49058133906203
0.707048472959628
0.416204085102
0.967202588188041
0.558914907422523
0.477419827398274
0.610392615939523
1.83405796182549
0.819134905922094
0.67246026807708
0.459206094725821
1.64314427114606
0.80081531796501
0.356922617154815
0.682442168310736
0.737873421498087
1.25391802668932
0.793436833473946
0.486344839863706
0.543293048429936
0.474255156212579
0.445334655261598
0.845763905819769
0.803056131932727
0.37885400959659
1.48026404872427
0.427457217405009
0.717744048897804
0.369542476066242
0.911044468392865
1.16180341487868
1.06972307066452
0.6874125371412
0.605189287675835
0.611340709076917
0.537250389579326
1.01065956761071
0.441601063925076
0.610343149826258
0.548638833132419
0.80988868778266
1.23657303491345
0.821927338946236
1.10846038575614
0.529088173660248
0.7699527878876
0.590069926564813
1.01307802491753
0.658675281974298
0.523987241244907
0.786220372379709
0.744894356834265
1.94026551554577
0.465768438426353
0.880640620496946
1.24924579488756
1.05683847251486
0.516721056606571
0.755697249508842
0.37573846478265
0.349430140697287
0.632552792496091
0.48503648137468
0.566138303717641
0.443624515880636
0.700041050187568
0.803790358330973
0.637821745573381
0.609791460299526
0.329113480028982
0.635687853689774
0.759666842169911
1.00821647132068
0.836185487772996
0.485972443201292
0.5332953933197
0.574802954145168
0.761990729268628
0.721627638539076
0.246549417433511
0.864367408625104
0.628072931342494
0.308916974504645
0.901399852109577
0.512028141650598
0.779694435903239
0.291400893100034
0.455037759975061
0.86186964960084
0.537377427119771
0.597261581712269
0.804557942989594
0.383004442364108
0.961216048049403
1.38914243306567
0.879245598723351
0.524040724691473
1.31458034124901
0.770505011022124
0.413978894440235
0.695395411185478
0.785033058225544
0.454709423880076
0.393626094130547
0.419758317988645
1.08834988352923
0.592050223247374
0.618227293739096
0.281716013100826
0.593178559944859
0.460988399927383
0.875438031900638
0.734459881516022
0.70406110944241
0.410625285950285
1.07478992771854
0.424258985495733
0.499481992970206
1.06734058806153
1.10049407656206
0.536305357655118
0.824522290834695
0.895592613910368
0.621074732299457
0.859806363778122
0.727492689139654
0.885863285789086
0.509376491724836
0.634238829031746
0.810593330614871
1.19231282890074
0.195758518199334
0.734710286544876
0.450881069209056
0.376173123391282
1.23245025067245
0.562696072072823
0.529094892012093
0.703367335877818
0.607412941323277
0.446126500801527
1.15882676851008
1.13761967361289
0.847053648536344
1.13499975017103
1.0472505507818
0.500019741593947
0.468758397894493
0.575499596403683
0.563337564386814
0.477157753693976
0.598811840205381
0.384876819107145
0.69050508622745
0.34938149343213
1.31367571265668
0.804308710986422
1.01028136764133
0.812290369248563
0.383997406127696
0.666963807497054
0.63838715652639
1.22871080057715
0.590820134666775
0.420928121082735
0.728715813810346
0.500262132478274
0.58021555928197
0.750733131936573
1.79260041917599
1.46414324434092
1.11427058879756
0.889321991177634
1.35375568255198
0.420920411617574
0.995034748954416
0.513631262447129
0.582747980075431
0.758009969801635
0.433712080378989
1.20987671828203
0.734732115142534
0.555006292690874
0.863073240106105
0.605571526409754
0.888895379633615
0.974780164790745
0.563767781662929
0.520876141705223
0.658602681492742
0.691168331407329
1.16645388217307
0.922214492035147
0.416780006292902
0.609714705681278
0.470802752565896
0.463756748092285
1.34788725120875
0.722053814220688
0.765214890372534
0.237660348000359
0.758390881035259
0.593941350940544
0.857587029985656
1.22155536178372
2.03542131477369
1.24930067513722
0.228530664836035
0.6523242241412
0.94779209535754
0.548331302712839
0.939002717901781
0.937242492677225
0.754757371701919
0.7344469902585
0.351937694602125
0.667555766274048
0.482303259667261
0.775394973697262
0.495149362532219
0.383325515524613
0.942445638065528
0.837710691554759
0.55614005747416
0.606303316527433
