46.9225102237251
45.8272595246847
56.2408079163173
50.7429810091024
49.0508878483241
48.5772526355075
46.1113346252026
46.4140253759849
50.3251506192139
47.9981172685531
47.5978351297456
48.700867011555
48.3358458659129
50.3923120547136
60.3445444358061
49.4264485712997
45.2545263025842
43.2240234660298
48.4243908206451
56.2737837308949
53.4141274205979
52.1739926155887
45.6308425347025
46.9504934795775
57.7130803468739
48.9058774765741
51.9380488644333
47.9122189299731
49.506426647492
47.2376472586296
62.8833619263104
50.9011628194106
48.1383790938421
47.4601734393131
49.8221776751505
45.9982305786248
46.7233125340207
49.0899119824227
46.5673010564649
47.658899845848
52.830622607924
55.4560603218187
56.8077844279249
49.4555237309985
62.5538577692109
51.1906444814014
48.302493203351
57.3326248631558
46.4390664095272
60.4575221938821
48.9079525427359
45.6815441067877
44.4027334434706
53.42335972313
44.4750849445879
47.1526010471084
53.9988418896699
49.0869072357979
47.7884153281793
49.0684134041967
51.5790482543563
48.879338946279
44.3358981368256
49.1946546941939
48.5739739684759
59.5597627553695
50.3324758781009
50.0610326508852
45.208491593463
48.6551475323335
51.0092040971909
64.2674295763795
51.2664634678865
43.957221703177
48.7244279708917
49.2635249771946
45.5796778091117
55.2704940305338
55.0743205946669
47.5899973325993
47.2052157382926
53.1458433010657
48.5700795597807
50.0832566771975
53.1561218758233
47.3010632354761
49.2002606084446
48.3564051729441
47.223809806079
48.7998872783947
46.3140821709171
48.8287020122312
60.6336040531786
55.3601213643987
50.1866643282874
60.825802495318
51.7830180117987
52.7797924710061
46.3585074669087
55.3519184744959
46.6369385324923
51.2865288442264
56.3989236163113
45.6917853357922
53.414641490254
56.9952704575049
49.1154385115259
49.1638033328977
47.8768809429652
53.3158697271943
53.5023314289629
50.1312828920577
57.8207500952208
60.8870047106541
44.665047624608
51.1488505032523
49.2032324656461
48.981743502253
53.5935969954753
52.4518582378212
55.0038831331546
47.6549292008781
57.5474648995227
54.3489409101961
53.4532448689238
55.1961428453187
61.5235649228268
48.7355546862118
45.1824514662918
50.1787924965034
43.2791443119821
52.6187433184666
57.0627512586336
43.9336733162272
47.7266911561031
48.1529106521713
59.8310081398272
49.7079585551676
51.9827809378557
50.6038788611941
49.4005716486868
49.4906469056346
59.3140295902319
61.413660904838
45.6176069515781
46.9393638311474
45.7207290472521
59.9444701338537
51.3625573838021
46.003855856763
49.6559987858898
49.9352957678592
47.999772743653
52.8726125510659
51.6499599752399
56.0735463170548
52.6467580230495
45.0126936542629
47.347891001335
49.3926245256305
46.5665932293842
50.1044153313897
59.2636795361224
53.8244671716726
50.3800103903546
50.4630792719356
48.6599354644474
49.9785149947633
47.8850343982174
53.2256301255025
50.6308605830858
48.8679437779399
46.0438722593088
51.1193937281124
65.2542817154789
48.3552703580959
52.3693685312832
53.436078062256
50.7116148508874
52.6342165426675
48.5339409768537
50.0227654613325
53.081389457352
52.6510198473274
45.7153795223563
48.4553515053425
46.2919179165491
59.8247922567339
50.1509601441016
50.3490080018215
48.9289190601299
63.6204698841988
50.9984921325284
55.5903636519257
48.2418726225945
53.371274417549
46.7045569987216
48.6998113979143
52.3169277787118
48.3656810732626
51.5219332580617
60.7030077800665
50.5337499565512
53.6918662092408
48.537042619923
52.6627023103249
56.8687593160847
47.7910177208
49.2509833773974
49.5413332790797
52.1566027534061
58.2524263062544
46.7575721993354
49.1112585563133
47.6732872932648
45.7339269045399
54.657947468343
51.7328468944191
55.9289142341709
47.9250897512253
52.7467917048923
47.6822878409514
51.0284307413244
43.2691716312068
52.1627912935272
50.3838045120281
62.0932229574088
51.3003143195647
48.3242270684777
48.772806842576
47.2849647840723
49.8196105881943
48.843007463138
52.3724062803946
50.1249327813861
46.2079312638678
53.4610303610352
47.6482934615395
44.9938619090372
54.8321950820438
51.0068938478107
46.2240571655973
49.4671779508571
48.487698872271
57.8388091601034
54.4323449257525
51.6295592543377
51.7083712271247
54.834061819599
45.8760799337178
49.0881348908283
54.4195649581218
48.4655029894546
55.3153297618716
45.0337594977963
47.6309056175235
46.427271046638
51.0511049328926
49.3853916552119
44.7142283703827
52.5294774233074
53.0021806854486
45.9325270986491
44.0271093205653
46.0266301338485
45.3046394695572
47.7862826047162
48.7584829458863
47.2802956919213
52.709391210776
45.6848525739711
54.2381479239608
52.7006545152691
47.5508045240001
47.5485760862067
46.7415127806008
52.9864922210279
45.1772038375235
56.8322647702257
48.1734044551335
45.8702139659521
52.2947847836908
59.4569166283163
55.4037183795959
49.716097335353
49.1382639342151
50.2183192659115
47.6966682954471
49.3727622901256
52.7085305876055
55.4487978028563
53.0672556759634
49.8121421434434
48.2392461316292
48.0437065816024
44.1700063193901
55.0799027281525
54.6874900307261
50.286451738847
53.3928378241505
47.8466569934227
50.5733735031075
52.0980581613593
51.2189310715002
51.4707606693951
45.0021909766475
57.2185202143883
46.8890149242232
53.9121920178354
52.6751779193355
47.420863692281
54.2052012915132
45.6643523626134
56.0019174071156
51.0718035596871
49.9237332660164
49.6807456311067
56.6249604120518
52.0251848760245
45.7007699672855
55.6243985164291
48.0553813602717
53.0506829291524
56.7962952579588
47.724546644474
54.7759406171115
47.2924183915016
46.7459928024898
47.2841015331772
57.730183367938
48.0767021195676
52.6199088311065
49.6658354521336
51.2151888990566
48.3147822867049
49.2831596603136
45.6475055331174
50.9397034190533
51.9581610280372
45.6782051656801
47.0362900625361
54.9855328677729
46.921130908365
52.2151325135015
45.8312399985888
57.6227191074555
56.0046588069772
54.3139726303973
43.9753750780209
46.9756519825653
44.9179594395098
53.0631253701686
48.6547965819301
43.2464763931377
55.5335595562168
57.204418348255
55.7391808487295
52.6774025812608
53.7478192038767
52.9809474589326
47.6659916398678
49.5441360024543
52.1256883885078
48.4970204511599
48.357424601171
47.3958349059684
48.5267038392691
44.6739145870834
49.2388699588871
45.5009344535854
50.3103779797228
50.7024414408226
53.5390297805997
46.362023960981
54.1490990779068
43.3932399646439
45.2944730659548
49.5346961030947
49.0621444884217
50.9848747539734
49.2418730941881
51.6451569682656
54.8674882830025
56.7396030983684
51.8601827068954
49.1196525168546
51.7922705812382
55.8206648639979
43.2000333817083
46.3095090785014
48.1521900724088
46.541355418264
46.0614629730304
59.7386395472058
50.9405668747898
49.3944319618455
49.9977837795165
51.9857314302403
56.8210114769019
50.123972010973
54.5274601571391
50.7475469924645
47.4531531197687
50.677671649082
48.4861846431792
50.6555755754663
50.3890727895759
54.2155045873003
50.1780794649409
56.1385184172997
51.3096221094231
49.8668565359435
49.0322286537747
53.7465753029811
43.9682695963116
53.3972591281969
47.6320449565163
50.6082964548999
47.6115878897168
51.1971727113359
48.5009506991056
51.6299972227583
54.9026171437011
47.8844997436067
58.545157897432
45.9898632306847
55.4764379840149
51.9894222056903
45.9442539559398
53.7974013980337
56.7358154846768
47.1067820310326
50.4786241114431
45.4997537117321
54.5912253178888
55.3025958421355
51.122644406357
48.7100280023969
52.7242612044075
55.0625581135553
55.1260139354874
49.1120137502519
54.2377444235547
52.8103753906468
59.1992663692207
56.4535959584403
56.073627828097
50.9584366206531
49.7607411775958
54.5571133228681
49.3620947851696
59.8892165002928
45.9073703297002
48.1215971096522
52.7281806324987
51.0978806484802
60.2931110190426
51.7772822178479
49.7501396267874
48.739484354489
50.3218212740365
45.7312816074863
53.5364600174026
46.8712920143215
50.3972872662046
51.3463166647299
59.8000924224568
55.7434524971202
49.0813061849399
47.0232796278241
49.4393669025699
52.509501465528
48.4986473960856
45.9272464340906
49.6937513475241
54.4962522948267
49.5813308912243
51.6254434249464
50.8419099493012
50.2355142168634
49.5358127978524
47.8682794466368
56.9092297017913
47.2264694614022
62.1454190260697
51.7983053927385
53.9533556088694
49.254389465281
54.4891735784148
49.1228535877726
53.6422649143054
47.8028296773425
50.1796962526058
54.8800683465816
50.8454723255881
49.5886996797204
46.4404819987393
50.8717328257299
50.3742608951095
54.8432071982364
46.9262607820045
45.2000642121402
43.9872905069302
50.5592469650609
45.9989446903495
49.2257949254686
55.9214809225083
47.8216424532077
51.8176024344024
51.7586590187089
48.6517129690912
45.2310830701993
50.4980815244974
58.1364562532758
59.5795008620105
51.0806417307544
47.5527255289212
47.8502602982888
58.495225492534
58.7425578436557
49.7106542794155
54.2148519409522
47.1397825717132
60.5190848143732
53.9275364266887
47.9853233533321
46.9236400994494
51.0986462150117
51.3455593346438
48.4289102383775
46.5435413595455
44.8755800852589
49.1773851019949
50.8728091994711
52.1589591876757
46.025145026064
49.1930064391586
47.2024008127582
49.9457099052749
52.0205809253766
47.4441356635827
50.9919270324476
50.6971429058374
46.5105087949051
47.82336711877
49.8500603735884
51.8798781779926
51.0660649533535
55.0546587833958
45.6688343216627
53.3828429284962
47.3941164427329
49.7288278128935
46.2555171649858
50.4633920422954
56.9967257155935
57.976841292136
55.9775677324043
48.193371872654
47.2656343735558
50.1080688535746
49.1757984102643
52.7146007941428
46.4481627456049
45.5933063669694
45.8356788758303
48.2718454723035
54.6209589816082
48.407293947174
46.5903420106467
48.483194746928
54.6156224292365
49.9899470545322
47.5235967023461
56.2946555527023
59.388142725745
57.2911127653992
53.9932621263719
49.0155131031696
47.7904403771891
59.587880897069
45.3937886852114
63.0744718060617
56.9102135057886
48.7880027817297
54.9278122911725
43.9422213726945
54.603082737179
50.5819638749088
49.7271424579463
52.0323507856078
52.3368639221838
47.9277339957936
48.7468820137057
48.0435956567948
51.7739482397443
50.416917969667
48.6733053230816
51.9072260075554
50.9144096844598
54.12593073278
53.5894103094379
49.7503115566244
57.0221427622627
47.2730952478001
51.2203489357999
51.1879598307115
62.5312832599971
46.2097770252455
47.2596964496164
49.475776311727
47.1296653636278
52.3744935416855
55.1099409942294
48.8056239921499
51.1872003649336
52.2415071040827
52.7504604418745
53.9184001909195
62.0318836122573
44.5651359745445
55.1134657434386
45.7937940359687
45.2299796487934
55.6747301111852
48.1026450624398
53.056590122515
57.1351760943591
50.1566475530615
53.7031461045123
50.0573493460034
49.4341328040822
46.6522334885495
45.0361583582791
54.5410679361599
50.0047560901246
49.8731765921868
52.4970493516477
58.0716734056992
48.893917710439
47.2268698443648
51.9612172024747
53.7585110290334
46.3241958811306
57.011007322143
50.0162918070505
52.4942828624089
47.829877780125
52.7218022138325
48.2622923614795
53.9503477594229
47.155353464507
45.925173974809
56.4187070329789
51.3013472347692
48.7534048093735
50.7326371271944
45.2716815983107
50.6001539062773
45.7903786603505
51.2452632231364
46.3820089881691
47.2894514305783
45.7527140618794
53.5541662133955
47.4820802214271
51.4210128823365
44.0833919723915
47.8781876375181
47.0979682366233
55.1008711842845
50.7070493680684
49.539213911219
51.7906598707546
45.5510002069701
53.0657198504416
49.7129190619363
55.9025874092064
51.6798116397309
53.812007961934
54.5789380066036
49.6370565180781
45.4509302033177
55.5353632632467
47.7928810802694
52.3686432651337
47.9322767912635
52.5767697364829
45.9411968805641
65.8671780929922
43.3589190944676
52.92093923403
49.4810559129961
53.3629261942933
48.4362934569837
55.3127713789832
44.2109904344111
59.5993122031465
49.3987858395422
46.5497445482082
52.9968140521491
45.3894659002131
50.6610789918964
53.002313017199
47.0633855117774
47.9877982816297
62.427872786893
47.3499553887305
55.4254885441604
46.5530097816788
50.7358959789237
47.4361445184741
44.4368189880379
55.0092118842788
42.3449555992531
49.2028576508999
50.4192911299073
47.2147671369389
48.4997895497871
49.7318627951305
54.8059970303091
51.2444885202474
53.8668486967601
47.8287219795444
41.8934646825978
48.8259537896957
49.8683388248334
49.5558685827346
55.1144727659591
57.6491326604132
46.3982309205512
45.7286969691212
55.9587090653715
44.7726801547826
55.9932075764472
59.8368893543885
48.4663851676926
57.5131338342849
44.6507531730573
46.1224900747885
50.2765718004394
48.760843256093
48.8929457054293
47.0980371931906
48.1884990758979
46.9112157031344
46.2390078906487
50.5226784184779
49.9671818530183
52.7069631634343
47.2058315259449
51.4321830135754
51.4192395550601
45.1355085858488
45.2673035882201
46.0487013826584
49.6438304085209
55.3452441032504
46.9998739206692
50.0981328168215
48.681694850039
50.7160442113964
45.508535774597
48.7336005998796
52.1493444762166
48.7405514154393
47.902165260862
48.814444938447
44.9954105722389
48.3214671052493
47.9598332447962
50.1736985242573
52.9744665621399
48.4133854816787
45.3107958663175
47.8061753107172
47.0860643431827
50.2701883407452
49.6261239640212
47.6487643462705
47.8320536851352
55.5304113183902
44.2517843272325
51.3549513847209
52.175391285783
50.1928633393388
50.1355656870669
47.8920181161733
53.6178723095025
49.3739941448027
50.6809903763985
44.881509024888
49.4497406194101
51.1600416329088
47.4006563659206
47.5957098835385
48.9388823381734
54.2671151323166
47.329539462093
48.7949126337796
57.539560037104
50.4038084371839
52.4103377688413
57.4878119471682
50.6612050301842
53.9367124842041
49.045025393346
60.6931141109028
46.8579773227219
58.2119757962741
51.3353956868814
56.0434014785003
44.3111249505531
47.9690562970581
56.0462671482188
49.1671308458088
43.6146547534283
50.544107787705
56.6325239428535
50.0755191418705
47.8620438484456
48.139031312706
48.4242871454666
44.312768106392
61.0065799838926
43.5070643446357
49.953623794266
50.0446263307541
46.6571368417708
51.3624167855233
54.5168038561045
49.5932731761194
49.1939110372514
50.9122681773045
48.5802936028366
46.9645186012033
55.0211403821986
48.1810675855878
53.0960305325653
53.0610634695183
43.0917867911203
51.4836537548524
47.1950095691232
46.5717484300739
49.922361975115
57.1515211790279
58.9767093411208
56.5444998170273
46.1871154592141
48.8977986559803
50.5770542278988
52.4332168505783
49.3104953985011
46.9902794875251
56.6100240880855
47.6455398093436
46.5929212067521
56.8668568731582
46.6942697727499
51.6757401896763
45.5626031553932
43.8841578234022
48.0464922552064
55.8282017076174
49.4289662080887
52.1997260917007
53.3086685254565
54.9289365155973
46.5018628636189
45.9562100030901
57.5474150323014
46.4973908541898
58.625595640478
50.0362084360414
50.829588628289
51.2340944562086
46.3825922063329
47.7172775457326
43.0392115121271
54.7787891731067
50.5460873279372
49.6583441920107
48.8804289512865
52.1835904377843
49.97900616479
47.3012307575159
53.4635237159653
52.5727214372485
53.6067407248103
46.9120227115681
49.9796619208992
47.8298203168552
56.9877210093943
43.758526930891
48.7008708121821
49.9293532141699
49.8022425396162
51.1432577391137
54.6500465381618
43.5353066545466
53.3723298205259
56.9703361151872
55.0171042836148
47.5437256272042
44.3191347808093
48.3204569135425
51.6936445945065
49.8517711017179
47.2233702157035
55.5352233095579
48.7385706867368
45.7371867088119
47.1834659846663
46.2599925315033
50.4800079434611
49.7779785590358
48.1663210083695
56.2572635693009
53.2528718445167
52.0287525518103
50.9053209849505
51.4073854094905
49.1034383883808
57.8733077783322
48.9525350658701
54.6541399275251
50.6105465526574
59.1837804970916
56.8710567105947
50.4269932750693
48.9199878510597
57.9300845572251
55.3569287952149
51.0525293593822
51.0045806111663
51.6700869262531
50.4418988651453
48.3748232431206
51.8507700078013
44.4039485783592
53.303589173567
55.6711438579302
53.8649704188277
51.8977126784348
52.5162206070813
62.5187382961924
49.5872687662349
45.3315782423937
46.1370062815029
53.0290093746769
47.2020321927679
51.7407225808182
52.1143468434249
55.3031010358108
45.5242393788818
48.8096029346599
45.6345079006905
53.9073940515683
56.8226953513051
48.6156222835971
51.7676131244
53.2182706792938
52.6758865817414
51.7565599845053
54.4831164601844
59.8181527411835
55.285629361892
45.9348680090622
54.0876734833603
50.6455146704424
56.7780902563197
52.9394060983647
48.8314615896187
55.2711263944635
60.153662250437
49.6020189393212
48.8202041608997
46.9464657926877
43.9058813146295
46.7971981393286
48.1019913574336
48.415963141609
48.6450299262577
52.1384760843765
49.7263390254652
54.9597763759675
44.7712681488681
50.7801551021908
58.8637746553627
50.5670542620292
57.2972885231723
57.0655124048697
52.902058861068
47.8026003169869
45.9708684865922
45.3551312039573
44.0529252458376
50.3552696809958
48.6208180656091
45.7355241825799
49.0915058221993
44.124347096096
53.7019299154286
50.2845753961413
49.609286632352
47.5573238523786
48.3514198327627
50.5691399824653
46.7772376944489
51.448904672369
47.3368848412007
55.023032843383
43.6411703427872
49.363029331434
49.006176675001
48.9246294819298
54.7454464365947
51.3116381715915
54.8099933216535
46.5474283731774
47.9123132342787
47.8697048263361
46.8507346179831
46.2593054607936
45.0729862499687
54.5704364818164
51.162791881003
54.1864431924021
47.3772964859004
53.7371178360898
49.1865131557945
52.8420106519285
48.233293499719
48.2099149125087
49.1666617759135
48.0507790892494
45.8327939882927
55.5662614757472
57.6383726693335
57.4498537418778
48.150274190205
46.6621764195081
56.7740916635508
56.6417970918017
45.2497660005969
47.0231306181943
47.1999965566496
52.452033929432
53.903027948186
47.7181944645791
46.7764386836452
44.9672555201437
53.0901023818523
51.0845305699468
51.8005488892762
52.5158032425823
51.1740865210929
46.6640121623662
54.4930696364328
48.1166304003734
52.943743275584
48.0422352465053
46.6343168192496
43.9993495801436
49.2383413110217
48.1023020915524
56.1202776795287
52.6704213405173
59.8018178266812
53.1578212870654
47.5757833528703
52.7163192947558
49.3144725693929
56.2035943030426
47.685172604183
47.9481050255047
48.6761358315235
49.2113296210564
50.1103049093639
51.1527886960622
47.3797526258665
48.4491577482155
52.2551203412106
46.7957249336318
53.0503266867293
51.5562758311972
48.0304932512329
61.1109250280425
50.6747618269495
51.0493955765603
49.3878037579235
50.5297486674976
46.4130133324147
45.1208475129769
50.6613903077363
49.2476006602012
43.7855880138234
47.2325496785838
48.9341801007883
45.2916705524522
47.1362386936071
51.3513118781593
46.3151515740067
49.6443847016885
54.9563400341666
53.5416630131644
47.5409621561801
51.1352996168972
52.7950778561267
43.0851733607783
45.1948248963011
45.6855528479631
44.7401527961077
54.8872948165859
48.6618038396208
53.621530136844
50.9264229380823
57.446175200932
50.6848963382697
41.6080211173001
51.0840442918607
46.0895582869082
52.7008259167582
47.1425200341238
48.4605654225944
49.4298670145413
57.6976011787248
54.1331890164168
54.8079759377589
50.0745950481452
51.5463920223034
53.6263143973132
44.9502415916809
43.9315161417375
52.7792898868102
49.9038822807721
48.0855555286802
54.8287182388288
46.5062690491234
49.4981322837595
59.1606325217761
50.7041599810976
56.9884578824763
48.7134062232298
45.6760282039981
59.7070991196341
46.0605027909979
47.2546165897455
54.4838248708648
48.2998149354079
58.7896353139345
60.1229252722069
47.0940356746637
58.6134651987438
55.7878207569086
56.2640056262142
56.4257995122396
53.1861018169687
46.2769444961165
48.2204690553201
48.7305301235203
52.0182798290999
48.6105432740523
45.951621847939
49.6041772135491
50.9312652337793
46.0573833228527
52.1797643286143
60.8581114511526
50.7771026997135
51.1515411870883
46.1098283209584
44.9703272422995
51.3563701689013
47.8852611195391
49.676968169779
56.7438965162938
51.1707120462531
49.4995415931698
52.3193936731447
47.7440370924995
50.361296972679
47.9967152953534
48.3158484544383
53.628360966291
46.6706028768264
47.030475166847
60.9453689017778
47.4380171991897
47.8581449133172
50.7094514544303
55.7484128680251
57.359831663759
53.4738566748664
51.246253632032
47.6481711284811
48.772118258323
55.9824538646224
47.2068702869112
47.8169289019625
49.425979646443
54.1919944234947
54.805856161571
43.4271359157092
53.3348824267319
52.235620582079
69.8720175787167
48.5784547923915
47.0117649259167
49.0151944845088
49.8238544643809
58.525195804925
47.436515544415
49.6619697600707
63.0956772883149
52.379559909233
42.7975329205019
50.9456368401039
54.6057067184686
49.8644599709503
55.9182383733379
54.3000056550037
45.2816124181834
50.7029959778539
52.8988550120665
57.3813459773205
50.0465697962963
47.0618086384848
44.1950563960346
48.6757683268431
48.6721927159373
49.6990720807035
48.3112692072532
57.8658936501353
44.2041233598088
46.6778417965189
47.3203049407507
50.7034213620473
55.8877661075479
56.1137241181983
56.2703286708869
58.7854934495016
45.7350346676046
56.537993254343
59.3634928841761
60.0439707337856
51.4899728960065
44.4203608858327
48.8199788600122
52.0829595387985
45.6412942789197
45.0651110639991
55.4114515788485
46.1841589086107
47.9866063855964
50.369741083441
48.643437466504
52.8722675535101
50.2699835291829
53.0222012936287
49.0777518600633
47.6672131857097
49.0607533414955
63.2649053398997
45.1440200298265
52.5914015715556
55.2834429006324
52.5698706812457
54.2354169877515
48.7341640457761
46.4124704620954
48.5186849976193
48.018433860337
49.0191219176508
63.7389476573615
50.0234030359271
50.18872826019
45.8095835268689
56.7259228976143
49.1967905125842
55.2845456315502
47.242153898898
55.858246253948
44.5572532605048
48.3197448146169
56.5919194437889
46.7245731680102
56.7071952185849
48.1752436369428
46.0444580420227
45.2580540896993
60.1171288423714
51.71627376055
51.8333615077985
53.0356729136611
48.2663222016861
58.9418649300318
46.8629011134962
52.7374895608515
45.018764624573
52.6251077249779
57.1540768094851
59.2903628540215
47.6319860571546
53.8870514821911
50.6796202487632
51.5655836600199
59.8638082398704
50.6341395445212
50.9335067293124
53.0857666203244
52.884938985047
51.4746494122601
50.1137932716514
55.8093934029791
48.3017845407242
50.1843169420351
48.6328053160417
48.4822934110278
61.0039451406668
54.0749715288239
52.0232316782956
51.5879909784667
57.883575334983
50.5245722012958
49.1992383869361
52.8905191434034
53.7980892887719
48.1876946983448
52.28653543256
50.4032860682159
52.2952475550036
50.7068227820281
53.6235181105976
52.4301487515898
52.1870776224045
46.353413624606
49.5133983573987
56.2390512479794
49.9505450327018
47.1956683145909
55.8974205278342
49.6602532879797
47.8662529569132
47.328417136952
48.1055511329715
51.4012308568245
53.1202607181421
46.1971880992742
48.2968520949086
51.4619010980997
59.2976599656922
51.4639283122877
56.1029550009927
50.3954963580119
55.3729821482696
45.439559484862
51.1816760287159
48.2366986582634
53.5177914497899
43.2754762744523
48.9628801640837
45.1473732105888
54.1556654904496
49.8955841450578
53.4525429422383
46.6469064752401
47.5252134066075
62.3316167619766
53.1059717102837
54.2806917831906
48.0835092650626
54.9452219555455
54.3560169841183
47.698585919676
47.5037267730554
47.1679965102174
42.9717637771619
53.3266966184846
43.8906863681196
52.7210185389815
51.1227916449322
46.0789748470148
48.0316744514675
49.9448693134161
51.1768426356665
50.4384320395125
52.1444757918454
46.74990045029
52.0057589095292
57.3423514071724
50.4347705102146
49.1532976416825
51.8751479813518
53.7918069200519
53.4216153802042
47.9621366647654
46.3468086027656
48.8412120205769
50.1715295699556
50.852519463673
48.5484376934819
44.2369512544239
57.632795982283
49.9144528398944
50.267653066024
54.9860695386853
50.6753886266423
48.5960439243441
49.01812360914
51.7101259479008
47.4664283254072
46.9244919388028
50.8574790442023
45.0903093855036
49.484476644367
49.051444608127
52.885425480461
45.7543882956656
50.7371283809573
58.2953008409618
59.8308372867693
56.596740676823
50.551610488541
47.9391540005216
50.9266173677947
52.3466748275574
46.3980441167613
48.6792926358703
62.1674596891829
45.2505015673622
52.4901200555507
50.6218559094227
56.6903776638337
49.4325241900921
48.3143425562908
44.7747253870439
50.5667511060765
52.4142620906218
48.1460990878691
61.2106499336093
45.9683012275319
50.3437084578916
50.0508252030478
54.193699072248
50.2495490184371
45.5186243569354
48.203053630423
49.5387974984702
48.7732659616135
53.5539776535004
53.2216666115292
51.0518086857749
45.8418060571429
44.582718864638
51.8622546732263
45.0031139985177
49.2984441928386
54.9361579052198
48.6872042793871
51.7078931799369
51.3857479413109
48.7385864353686
46.1773387860568
55.0564934912534
55.8987287158549
54.5932695445013
45.2637494514666
47.3412810110036
58.9783757078619
49.588554454389
46.612581524657
46.7909378036829
49.6727341852134
49.3464636790595
46.8544808210259
49.9721341891234
45.1665919136068
55.591172965403
48.7316739430347
50.2235923312291
50.1015051687878
48.5100544859118
47.0873507828182
52.9728634358743
59.0292347493695
48.5054879066592
42.0118003122112
49.7652295638952
55.038423240283
50.9593063397684
49.2440091319926
52.7165914600973
51.8845851648876
51.427994466736
50.6641719868895
46.420963253022
44.757575356676
49.5761516014623
62.9672878208146
52.0985901758665
49.2859174344641
49.5953596546138
47.7784252164352
48.1523282436705
56.1341424167664
48.4069114260096
60.0578620030475
55.7702189484988
49.5516320080136
47.8555135930573
50.8786491265201
51.9173638319818
48.0111535895194
42.7238111299913
51.104941246322
51.922455093011
45.9834583033292
48.5094229590062
44.8940395135415
50.0088387909216
47.2874712973194
49.2954248571868
54.477521349322
49.4418676452406
45.3837639066507
51.1341412798133
47.4015255930617
47.8126931455444
52.084530340434
54.4364559323354
52.1064718598991
47.9868921034609
58.3786039826714
55.9204610990988
43.7854418088356
47.0747440957707
50.0478239639862
49.7718205756409
54.3884446753127
45.6465390457218
46.452869558627
56.6989426641999
47.7699716631088
52.3136381207282
46.2698063409058
45.8907161124887
51.2802774639759
50.0082344938834
62.768754846017
47.2495700535279
51.7046051796924
47.1232291726972
51.5989061862795
49.5561625663167
48.7940266027649
63.5148460093946
52.7711556842543
46.2448251589183
44.6286172318867
55.6979125386667
52.8866560977614
59.8748122870727
57.4904190892663
46.8313368338262
45.8112552237022
50.4286733662648
50.235420902274
49.1464256481693
45.6103859836759
50.7057859142056
45.8870771160827
50.6628838420011
46.9933940777571
46.729008543794
49.1602172635248
50.4715371620073
49.2428522038314
52.996067715961
48.2857250762668
49.4758340006228
47.2276430004246
52.6056867071225
46.57245673888
51.1056630269331
51.1325603884849
49.9250040343837
53.8987952826101
43.332454149166
45.816011224684
51.009345681685
47.0577861937506
51.3438300494407
49.0014863872781
49.7691698854403
50.8418759372259
48.7919615329654
53.6811405254513
58.6396780710219
51.5507317565069
45.446439668775
50.2413993178928
55.1392832350635
42.2089054269548
52.9901884212198
54.8377910852038
49.8279363767646
48.4657407941359
49.9853588455503
46.5628015676708
47.8999822966224
46.2948544729398
49.0931469537555
49.9200656795283
49.140584428295
42.4431835294359
42.2439774248735
53.6735083371004
49.0920219379134
49.6447611044954
52.2355266784294
51.5684940867235
45.7373737989911
57.2114165040413
47.2526102875311
53.1554434550681
53.9868136296948
51.3842732585647
48.5672748329377
49.2394878713898
45.3367652301336
44.7715653672838
48.3591443804533
45.2962232559652
50.9430359740067
55.1401082409746
51.4097175965979
57.9559911236022
56.7606127748176
50.0238544276352
52.6887216829619
44.9130219190791
51.1720928787629
47.5648196558439
48.8602646837195
47.4198096360107
42.9853907601208
49.574603320441
49.8045165173088
55.2220094241807
50.676357702941
44.7491756591432
51.2666138429747
47.2236872840894
53.7944345486118
52.8318439434457
46.6772521290551
51.4850801380828
47.7513066847909
46.5232302237775
52.7461691338158
49.6185756267432
47.3382721391529
56.1576904077262
44.8686928299805
48.3748083192194
48.0369199597517
46.8498248091666
49.725903295981
49.9064770579054
56.3824559119224
57.7584307414732
47.5748343225873
65.1798108153678
46.4145029156676
47.8738280072955
50.0960313795468
50.6182789419451
54.2296370237038
53.4335205993796
46.4368280385218
43.9710474577356
44.1191770689078
47.8222309226968
45.6537504860321
51.2767356749576
48.324053612676
48.0883459708949
54.4012106444091
54.0761582193822
55.2559805759673
45.4699442035488
45.4383962084736
51.3976611921788
48.7308691761784
53.6162493803644
44.5474790806028
54.1720653837056
55.2617403805478
44.3480084989857
58.7290376325344
50.3175032160143
52.9149713032812
50.9197978839095
53.0420761129948
50.9852088466432
49.666805171067
47.2395522557986
49.0992760619184
48.8411754206938
52.1421849555425
47.2565525205501
46.6291216832402
45.6491700843428
51.519745281999
54.3422294280194
52.3146346884971
47.8776487095816
53.3788268051478
52.0018515783993
46.8603158611682
50.8797024128984
46.5504818451598
54.9799668183886
45.8542395433026
51.5405525266728
50.4857652860698
66.4908026655804
50.295996663843
48.5136978606447
57.9229898120598
58.3807868768442
44.7738217275616
48.8029069313869
49.1393985495359
50.4568700632554
44.1015837615681
53.0756558805301
46.5304443688685
46.9581891725731
57.8256980648294
51.584380488608
46.5017997510255
52.8377631169399
50.1275972104552
53.7683089058287
54.551971426217
46.8920851744702
48.5774395944328
57.8091419299735
51.7516629740541
52.9599172323698
52.6897184645467
50.4637988867775
48.8522744929939
43.6526330076292
49.4480445332657
54.7511920502977
45.5919237551465
49.2820188159819
49.8597548564796
44.6786557019307
51.8013077342297
47.1377326957515
53.6273524052502
49.9923449338691
48.2425314168836
51.0793190597846
57.8260254447318
48.7459576147247
54.372946183
45.6242540690428
58.135725473025
48.9754686067946
46.4635164138805
49.8564379035978
53.2324194906773
52.0009088715772
54.5812276735691
64.8341633224082
53.6179973375261
46.1134040694074
48.0989750376435
50.2990363809899
44.7598904724594
51.2833035430001
47.8933113393011
58.3271938379123
55.4285039315759
58.2366287976622
51.4259769078526
47.3634760305544
48.0456854145706
60.577290589395
52.1493275023751
59.9939531546456
54.3694562015528
46.6579309114207
50.5550702532909
56.5687020657956
44.433341774537
54.806621591547
57.4753209848908
46.8124824026749
45.7890575572041
50.2725809809395
45.7088521704379
64.3969154109293
47.5872257088031
55.1256946759038
43.4938446284222
52.2497905579731
48.27580742289
50.499180711381
44.7976513952153
44.4885142383395
45.6491574602219
48.8952692504452
53.5797042656536
47.5607496214001
52.1178672228956
59.0419619379065
46.4817820659694
51.1462510459244
46.7967106976321
51.3924681310938
48.3573208636565
48.3190578192356
54.5662587657283
53.8580059317449
47.1752044942027
44.414865124615
52.9416797426083
49.9285372732138
50.9857893459226
53.4232461167581
50.5631696101043
52.4692250956733
51.1820754271247
50.6949128580342
46.7286226441432
48.9208193973703
54.4308522547235
51.6450270780859
48.8929390971273
51.523580065395
46.8658795102246
48.1972648778963
42.9596795293217
52.8034546163175
49.351341543524
49.0540825921043
45.4717991671148
54.3794130367944
51.6623116550635
50.2985547446868
51.0474216805211
51.3395593443592
49.081480284768
50.5866817968378
48.3378934259175
50.8087436503139
54.151305510286
58.3034084839113
50.6282535688731
53.8487502461892
52.294034679661
52.7816972425347
56.4481709137262
51.1686168074943
46.6462600285783
50.8817290548135
50.7323536704322
47.148854158995
47.6721558821504
50.4371831151102
51.5698897974491
50.3135631958707
49.4575782367579
49.2560312694668
49.6131304472451
55.5703517851818
53.9462877619332
52.8866970177785
47.7470992921713
55.9082459047528
54.2713527643012
48.9381511419483
49.6186722603256
55.6529413667184
50.1823101526679
50.7226547056008
51.0986063120346
47.2346507844605
51.9705998477338
47.502042431101
44.6943438895993
48.1395840905519
53.4573193700544
44.8851399519437
45.1590103556356
49.572816709371
49.1833732621564
44.761714585548
59.7228934645875
47.1597787288301
50.672242540776
49.1149155652013
53.3245051413301
55.635002703813
51.5060267884068
51.7553408037324
45.0766961587534
49.917441174869
49.6535843423301
49.04052689732
46.3109336432705
48.5088023431746
45.6218160822318
47.0586739691082
55.5608789922116
49.8704920461142
58.5834685407901
44.4810117195642
45.5526286607708
45.1079848215656
49.6831927877586
47.8034946148515
49.841135882228
47.5604984853872
50.2502764812535
47.1061824510221
52.1851764758061
46.0013030150866
50.3742500173758
49.3390956096256
58.8106481076486
48.6471903487853
53.2732656850562
47.8041734084672
54.5596358105492
50.3879109764735
47.9633819455922
54.6446555072664
55.3118016410436
53.343496397732
49.1342777711927
44.2913420408264
50.1482941275148
59.0582314320009
53.1916218524122
49.7967873360704
47.4954222372323
48.296449468193
52.1790794886796
49.0925493528933
54.8620250959688
50.3886532257324
51.2078285939746
49.4489375604253
52.2276056749262
49.421003714705
51.351197903221
48.4401707909315
49.7142782297809
48.9280279612548
45.5329594229661
48.0040200903737
45.7562405605205
55.6733579340531
48.9471149840706
59.3892171251926
51.4797312243527
47.3503064859785
47.1974622203344
48.1002423640331
48.5277731391563
49.1163435804035
47.9647912973308
49.1533831330237
44.1515178536505
49.6364642384382
47.5941831441831
47.3887672145985
55.909819920394
52.2507766883762
46.2407314142874
50.0676164301334
49.7672616461578
47.5018222307475
49.3055196215941
56.073674827702
44.359579086604
49.0908251069581
53.8025315161344
47.3213179807073
45.3316379072014
44.5843687821985
50.1744390881379
52.3631633733344
48.8929401305213
47.9352857684689
46.2210981588546
52.5131729761308
47.6398387603767
55.0062500995236
51.3501501049256
49.1962578886035
52.4492811501673
49.9591701196739
43.7386134080975
49.9499991614028
47.6576552856605
46.8741128020538
50.8142013745408
56.7832399023592
50.320434046536
52.4307112929098
46.1593521425441
55.8412492546092
47.5879695520301
51.4967602667346
47.9186215921922
48.4028679501846
48.8151686254993
49.1065282958407
45.4027234914827
45.9576715427842
58.2799636222637
45.1906051095598
48.1891062084225
57.2869471522226
47.5445377802989
55.0586130159479
48.6890198556543
48.9436969564188
47.3234593172485
51.7702751550749
53.2762355292722
47.0139571694777
50.2142473937409
48.4770607507027
60.9845492553489
43.4678166795038
50.4117750687865
48.1518262423252
56.6648450468782
49.4862424119625
55.7384530869087
56.1964707669427
50.2995824871673
45.7071447828363
50.5443423233289
56.8903368603554
47.1811305111087
46.8785494679718
52.631082664159
45.3658776900993
51.5627493406795
66.8752538508284
47.8017462429131
44.7329552192437
45.725315363361
48.3324206657005
49.1872335282754
48.4412625912628
52.7927902801107
55.5489027439949
55.2136266671198
44.03013211544
45.760581416046
46.65256898853
46.4869702819561
57.7007218684524
49.0841999829791
50.2498112139121
49.0704963986658
49.3258172254057
48.1044299523417
48.6645161626627
53.6855185329736
50.0733862189636
59.42399909665
51.3888679093697
53.1988650840838
49.7018763032388
48.6692457546138
47.6050579894337
56.627593163388
45.6908723817012
47.5707302985025
64.1601843729123
46.3791925677137
56.5179090678374
48.4510868897734
52.7149450757557
52.6271997000894
45.091195668782
47.0583973206148
50.5527271953406
49.9678097177833
45.5872402591365
50.3966439041593
49.9014200113055
46.1646703889357
54.8310473530476
52.1752710256231
50.0053787518096
53.7271617970422
46.6883465456781
54.5016970873201
47.9946826638661
48.5192394682801
46.3008164734378
50.1240812666438
47.6790091982326
59.0524855373346
51.7537987869697
65.6774466810065
48.621001721259
50.7576241255181
51.0958230979804
53.0521179242262
46.3679118476344
51.3609423569388
57.2534441191333
53.2431812488401
47.2436608432644
53.9510303247002
49.720884986474
47.5439582722175
46.9745047106196
45.7520783606876
49.6804536768772
48.6142989192766
49.3409103155735
52.2841152201703
47.1595748024929
52.0721466873673
53.7751735421095
50.3884234018046
49.3223071853556
56.0240144404731
55.1428166355146
49.1402234154107
62.278950450147
46.8622189218095
53.0097136143485
50.6352871226745
52.4457844599773
49.4351090336019
46.7671605206797
53.3651107933486
55.039558264102
53.1850002553577
47.9003296485862
54.410928501004
48.1012686960549
47.0941526466208
50.4680620833069
53.6549898641065
45.8402041755446
49.118159367813
48.6951594439448
60.6231946471365
48.8291180566383
52.1153359104252
48.1766631897416
49.5676767556005
52.0281319984787
51.6292630671828
56.239109140397
52.0160518859167
47.539762628487
52.0893192569652
49.854410738746
47.2506484307334
50.5607910756355
48.4791757060094
45.1207183107975
47.792734561496
51.8827852671925
49.6131650731868
46.2375956307129
54.1802654979703
45.5340201193121
46.7550846337262
49.4806722493276
52.9271226664018
51.4771327476788
45.3111446697511
50.6570201242314
55.4962129804135
59.1308238360497
50.9611840870728
48.9262422783997
48.8595599583559
57.5347985423491
51.7206228220565
50.3930975937454
44.6865297787843
57.636628849318
43.9335214246125
50.2839483115178
54.6268372663998
51.1534391976519
53.7840567489625
50.8608641976532
48.4052260742347
52.0474948520201
49.3934690020604
51.0968120293489
54.85784157663
44.4492703240345
51.8788395376411
48.4378694498445
47.2675124971497
52.2210679886181
44.9512596517804
53.8209830556467
47.3758276146722
55.7219315087491
44.5173038306317
50.9966453624331
54.0047601412532
50.9077786733294
51.9992682289151
50.5942516721658
51.6370607512852
55.373197640594
50.866094911875
63.9052632069605
56.1273046884425
53.5636344858059
47.5680061663217
48.8035047314865
53.3470161179665
46.4818426982042
53.679803256864
48.4568783633637
55.9407995279196
46.4799444506417
51.7808379802413
48.6975551698546
47.2045939088518
49.994330937112
47.3120923406254
51.3596297883253
71.4880328039412
45.632847149995
53.5508486097067
43.969391077946
55.2460712668495
51.420562518194
50.0172102823692
55.2537454524571
51.7151481537751
49.7643071947934
52.884940762186
48.0242609722654
59.8295976596354
44.111794668343
46.5885650377624
60.7958276709764
47.5049572783504
50.0003340892128
56.2500219062166
49.2243582426225
44.3794882168673
45.7563812546168
53.6447961075126
48.8146945075821
44.1782761575232
51.6628908907955
46.9037480962118
51.2919629206927
51.3421079448332
47.7299993571404
48.2373103082132
47.2161028907882
53.351529189703
54.3126550014147
49.5980415412007
57.4252179517701
46.6607514758625
49.3552683323137
50.9412236701994
53.8750806615286
47.4006698088255
52.7684662258854
48.5328224592164
46.2781009310832
50.9529677267048
53.712853772758
49.5942406757002
48.7991733219898
49.762747688995
47.2447557484356
48.6436606276625
47.9621706551048
49.5795505313546
49.9663928341169
51.9559704316329
46.7795832087741
48.4605498760821
48.3386577435845
50.8991485227005
51.3633554309724
46.1277831685203
55.9212238540897
49.727864555111
48.6871299893015
47.6148435384999
45.164287243863
53.0641561138372
51.3331317801408
46.4982851639567
46.8613434638699
53.1298957824389
51.6868084750149
45.1892058201385
51.5070264578465
49.6737516931217
52.8841916348177
52.0679762917185
53.3578839515391
55.4443919575817
48.5003969069535
46.9250576621927
54.4821584500312
58.1015083561981
60.7540229317229
53.0255865359134
46.638080431177
46.448547566932
54.7220132888461
56.0207533790563
52.4149528152424
51.5262623360318
46.1830900791393
50.2499719293848
49.7153479490686
53.3283730054752
59.715359775378
49.3679470483116
47.3796924119881
55.4956602691557
47.8696826144945
48.3938357760457
49.999237652344
43.3755901460519
49.6697951348787
51.4348460588595
54.679884911934
47.7536937061769
53.7317370829319
56.5977534130433
54.1889568504338
52.4816479419879
51.0646933993254
47.4337516525903
47.3463465136426
54.4066327090358
52.0772813297788
50.6449185352733
51.1282633045983
56.2535834351975
58.4077808119233
52.20765597269
44.2759243244323
46.6171451696324
47.7848961592629
51.622643159359
52.3614088894398
48.4144712247233
48.0761803009526
45.7993341103776
49.9510560628267
51.1771016788266
51.845950227027
51.6337147797254
45.6391731209542
47.5640770141479
44.6007316107929
46.5678100971119
44.639851415606
51.9138688783952
43.701188093035
48.3436048348026
45.5986511321425
43.9079181387504
47.5638068280167
49.6019051125157
48.8118048115691
49.0871608804705
52.9580557833302
46.5345131059074
55.5612389750783
51.0322420211619
49.2123687646534
51.2359426447706
51.8912776986167
48.2901021744807
48.1841287571602
53.471593351676
47.3136283404432
48.3176770877586
49.8372729440327
47.4487789467179
48.9248707968207
52.5507476582747
47.0224767255376
54.876535068962
50.146516573972
43.6217498294365
49.9241635555432
45.9474525760374
44.3512323452542
49.2919399848297
47.5469343666741
46.870165648449
53.8267485208165
51.6124746865518
42.4330167987624
52.1809687666891
50.5965388471664
49.8851131943294
47.4654541435511
45.4214580122951
47.1155200331296
52.2028576794454
53.4009489494603
47.1721389925276
51.4175529637351
50.1693823479261
52.0968917161872
49.7390077415631
48.9292639571983
52.1598429624278
56.0159038240976
48.7357886264693
55.8629977524914
46.8262755941584
46.2437805547278
49.0281626277676
55.7288378174536
47.1067048036486
45.214713389888
54.2503542597283
44.979181959824
48.6908534307687
56.6160169601405
50.5115017777545
48.4641406896272
46.752932597868
51.0603161007455
53.1583236260736
49.3460006183378
46.5161351101207
55.6002099739123
47.9826805486825
46.1201480002038
47.7556328246648
49.4801671645561
48.2495996579562
52.4561593342224
50.4088377410449
54.616167565136
46.6786037469324
51.0540109859203
51.4795756200984
44.7111998717179
48.9086866151236
46.6288546003138
50.0456501943936
48.0882375517259
53.6110372254237
50.6740663316517
50.8569511832999
45.5120680790066
53.9876693404988
53.8712443721211
47.0564369269611
59.1546333340934
54.2211971833306
49.9222454199247
50.4053389878662
49.605476670564
58.0688585958954
52.1614577166916
53.1249591401175
45.6810769318903
45.1121401896293
49.6616038261128
44.1840886881558
50.0729431619576
49.9575445308306
50.8744539304016
53.7025546655158
47.7973292964878
49.6705937406194
56.6570884239185
49.6318007778434
48.0942683588941
45.8900372661555
46.8815678076771
58.1276232188366
45.7264291837045
49.4775183904042
65.2025024380479
46.8322512053969
44.7521226968817
57.1530474370111
49.0663092134561
58.6937723855603
43.8671958170998
52.9812102844604
49.7323833225605
51.3207159196932
52.7627131893558
50.972800492534
53.6938200600399
45.7758469600937
53.2465561734572
52.4493670735688
45.3340587616236
50.7396090750318
47.8772320469647
60.3028516836953
46.2098664612003
56.6713399753614
46.8567229979822
49.3855052368979
47.8591525720807
48.7939565294918
51.4568503745249
44.3316666104872
53.4798075683599
50.0280653689744
51.148088661622
51.208914266754
52.3015074517291
49.6948710234005
46.7093937543968
52.2719428984529
55.9251690252191
49.4888161405949
57.0376879064218
53.802945437807
48.6983152766548
45.4639711818467
50.0927183873049
53.4217583991494
46.5152471232018
49.1856051449014
44.1399376212044
49.8208418755724
50.6164128204826
61.6539975662313
48.9563084802314
43.3085667284468
53.1608601982262
54.2400285095217
46.7651135096447
50.7798745027077
46.4539726936965
49.1628294266197
49.0684935731001
53.9872463356172
58.572995153674
46.5653981402361
49.2726582658437
45.9955049032578
49.2955942842658
56.544465635437
50.2585942873319
47.1694336681158
46.0861477096826
47.9947585851304
51.6472950752916
50.1172275126954
48.3346061610399
47.1722015024231
47.4687523675242
44.853443872717
51.6677674807819
50.6283356846843
49.8735879265226
50.6712533236223
53.0354475358042
47.2457562839048
50.1143267976935
52.7292506195169
47.3000303063705
46.0529501725067
47.1874664318504
44.112441215224
63.6103530845797
43.831004569685
57.086174336791
47.4374869778756
49.2029050167858
46.0733265272757
44.3180871876643
45.8975507344223
51.5793612995822
53.6505830783983
47.910694393499
46.1823271703483
48.5342599053202
45.6874107513327
48.3066132350443
54.9906022586938
45.1479232322939
45.4269519858698
47.2957182246712
46.6037878238364
61.5954327135711
50.6993928584489
55.7464893057381
51.2455081670155
51.822130214179
47.8139417054186
52.7100200497838
45.8157340100128
46.2703472674738
45.5180468831778
46.210143310133
50.8632943918863
54.5276280841439
48.3573252242975
49.5126636798533
48.2122211439156
51.2224707174747
48.8783962137562
48.7018653527548
53.1392685227385
55.7606273170644
47.1132915044744
52.0093377102593
49.7695148028082
48.772962067878
51.5123767011649
44.1116963043895
56.7753488618102
50.0288513206014
56.1900481860234
52.2614629453636
47.8330611863736
50.651713336045
64.1719744880737
51.4101531304378
48.207256375082
50.8113888461446
63.5881504374875
55.3378513126793
46.2299717226718
45.8536639144227
55.6229752938862
55.8872167346732
47.8471729029429
53.3747348779132
54.7003347474223
44.2639562019526
42.9491760560536
49.6925948616739
54.2071547541438
48.4693115480071
52.3852323662842
47.6228527746674
49.0031043788727
57.5351583322876
47.5056425727938
57.1896585784807
44.5624186267112
57.3251274210345
45.6087650879689
49.5073504693362
49.1096818251246
51.6506670716321
53.4439357655237
49.0184918529516
54.0105292667039
53.7286294664955
48.9801207055709
48.9203346721675
53.1103818049655
57.0423233852249
45.5810868214231
52.1667005005304
44.544251422777
50.5858637522577
51.4306474321134
53.82406361834
47.8821954221861
51.3414917290669
45.7943650130392
48.9366050658947
49.2670024724764
52.9798029793569
57.7848448844452
48.7781970192157
51.02774944341
47.1666514945314
49.782260352475
56.2826272848911
46.3160302138507
54.0477657649629
55.1876969875855
48.5906204313234
56.1006495193788
51.6392477168868
45.082322382232
53.9874201455787
48.5936402083929
48.9920222077139
45.690736512619
54.6367992565451
54.1461389028552
49.5097720933808
50.9674460587245
55.2636487134534
58.3629394831986
49.7161893092479
48.4401488846111
53.8457523547963
50.9789336697561
48.2197571926543
46.3141918364825
51.210086439281
46.8409987332742
47.4114162985759
46.687871206781
57.2671005285863
51.0674904495827
54.2079095461014
54.9598877187709
59.1810630727662
46.2055911409314
46.5436067064228
57.758764347119
50.442152567126
45.2632984930783
51.4586656598676
52.5891736927754
47.2999777778875
53.2520595327533
50.3709341808909
49.2602678078606
48.8690877620427
50.4625994925415
44.5141245645397
54.3674767887394
57.6705469306093
59.79372793738
53.2046870627863
52.7463651629455
51.9720472819016
53.8630355192397
50.6546572108117
53.4723510971213
46.8710315285187
54.5846670045475
54.4740102904924
51.1147903345806
56.7706561589555
47.6585857310072
53.9520732789857
53.6203414579974
46.1929681012455
47.5218113855814
51.4321715282899
54.5899702788572
50.533031523072
52.1658057623206
57.446642007794
48.6666263423669
49.3045218341016
53.9011194112665
47.0659590710072
49.1632862582307
44.2813061991877
58.1298476499248
54.5201247055192
47.4253664936122
52.6307777995005
52.3200041098073
47.4515297557909
55.4234652090447
50.1873764269948
54.4984784036636
51.2625451149022
55.1469144707712
53.0021171870588
51.8857452512643
44.880854317117
47.2642062773673
55.5366080080253
48.8701552407176
46.3161371432698
54.3144113819012
53.9867006864926
47.0426705934338
50.5137415542495
52.4219276277646
45.474266187371
58.0993262084602
49.250274106531
45.5600908954945
47.1397640592119
50.4128135722153
44.5357325978804
52.1513522411722
47.9448916827
48.6853699253329
47.8076480406977
47.0540131387939
46.1205239863738
50.5592343434849
54.2599570383042
45.6833707223698
44.4397483664886
50.3892319794401
49.2366068743514
48.0122874095948
51.774910463753
59.8793876529839
49.8144867847685
62.1381609813493
44.8555785503149
46.0620350403263
48.4774280274624
54.1731522456988
51.0157319154377
47.1102008020133
57.0288947913779
44.8529712168878
53.0272951515141
52.7208203604957
52.0415802515291
45.2981490078006
45.5852794780353
50.3963441583536
51.5660714006994
50.1575282404729
49.2651533177003
48.4697528258906
50.6772933968292
47.2558547329623
48.479363790366
53.4441841675354
55.9930718389401
51.6246459411813
50.660200783191
49.6845421951462
49.1246996530057
64.0927655152196
54.797351501669
51.6018677911463
49.3419357344296
53.6313997621251
48.5448360027179
54.810895813942
52.6707996242453
44.3645329811275
50.9969097688055
48.6899194158129
51.7252316752926
50.7028981563351
49.3618568315739
52.1648092363519
45.0113905002801
56.4704103857004
48.6006804588487
50.6890319543023
53.6938415531772
48.4594191274012
50.221069142164
48.1475172441137
48.4111014079688
43.2285470358548
50.4663416254369
45.8730943307545
48.8138447945251
46.2076440240094
52.8248750669758
53.788741613712
53.7152478011751
46.2712832313194
48.021137111239
53.3137247575261
52.783682466251
48.4142447384119
54.2894169505793
50.521116014458
52.5513540810438
62.9418669454584
52.3410924417179
57.5721968556313
52.2797520970078
49.8924200957421
52.472105167885
49.3845835852947
48.2337741463768
48.3126057781315
63.3393420944977
49.5435528998431
47.225598473736
46.5577062338707
51.0958094402265
54.848942028186
50.9580554155123
58.0228658613913
52.5911930318038
50.8749922833358
50.1310241612416
50.3488935911311
51.2837414111331
51.1485871201466
50.342903093377
51.3329632706524
52.3476005383475
56.6655036805578
45.0866831503111
54.2915157824977
43.5399518321796
48.521360038034
52.992771984337
46.1731986564796
46.6851947128205
45.0910914434258
50.9072114036137
46.839807139389
53.9724754090906
57.0342563907087
49.3068382059865
52.6552646646135
47.3184110126078
53.3109785603511
49.9774619709637
58.296516432928
54.3860566949438
57.1186327176923
45.8553455307596
51.5641534578275
52.35098252145
55.7692400403691
51.094326789468
47.1694331838499
48.0370011527868
52.8033329845028
46.3749362567832
55.0745144363319
53.4424463004833
48.4814199072487
49.1466870946829
48.2676719571135
48.9545215933398
57.7005286277468
49.8069989501733
48.4452328293699
42.8969661213917
47.2564451710644
50.5489158325766
49.0257569185338
49.8215912429856
46.2353600530405
45.5254856003031
49.43109571962
49.5355760470069
50.2967427360422
49.3708255630247
46.3899927708073
50.0060770446409
51.4491679177881
45.8286994185546
51.978083449356
58.516848665924
54.5381292792383
49.2297726047278
47.4578094821894
51.0057937734458
51.2618545178091
49.877828371455
49.0842503577425
47.6064404296739
53.5687173916585
46.2465372817545
47.2871416776781
51.9434984171714
51.5750186492448
49.0738355225175
44.580612717403
58.4347359574738
52.6590186928986
60.7648996294493
47.1940598528278
47.7412524497746
52.7357733606876
50.0085227442698
