0.810058910015368
0.543167725937705
0.851301692833906
0.32968382661493
0.822476301232159
1.01321559860641
0.347933549529135
0.816660859703003
0.772203386748014
0.955844787550793
0.514528179633586
0.58003329648019
0.62412116804431
0.423011822258614
0.29099805475885
0.45786031603812
0.873730919867761
0.759746758331113
0.474188000436134
0.703727918680976
0.457405668679709
0.511019904928242
0.371869612173681
0.705985383769882
0.529601408107584
1.11530911161487
0.522432856116657
0.846723301337382
1.48588398012019
0.450637352459624
1.452933348922
0.854113630771333
1.56614819677821
0.597548306409922
1.50412891838582
0.918245609154853
1.66052885341408
0.574617202820059
0.623425594214563
0.837605398051821
1.01935060802955
0.51975521185322
0.289518268153851
0.87726665556232
0.952087813522327
0.196341091166731
0.845027178393016
0.373073188633137
0.762721578449415
0.394941434353567
0.730315561716154
0.539268785534587
0.626858629607138
0.696361547330702
0.844976730541807
0.617299798518512
0.341543991040901
0.482644533449966
0.463335866719321
0.549104234169099
0.803486197198719
0.437435135091731
0.671486016489052
1.2570753421606
0.506439627190424
0.608725789602707
0.516942632134358
0.534971389217934
0.714868745491717
0.835385714873409
0.51120883527839
3.64004560990904
0.517487863126246
0.550239832627173
0.500743094848261
0.463166124751896
0.531043950560079
0.846928181767184
1.18424923456731
0.586408693629533
1.02420734689824
0.938111184829214
1.12066756833746
0.58587263293654
0.378829368189023
0.945363310319023
0.741204902366366
1.32286927314266
0.899247583202575
0.539698975956472
1.34181115374707
1.01724830079617
0.635041171134066
0.55776956788786
0.761216211395598
0.736117589716217
0.694314640257319
0.955308650607084
0.774852423123726
0.557663971160318
0.698203595162763
0.710262757974259
0.776727254308203
0.734119669575764
0.719491835245457
0.389058344539317
1.04131114841675
0.532415922688896
0.583817567020285
1.01831976940704
0.955037453995911
1.58089719558643
0.703566623108622
0.445910911515524
0.660376455841527
0.698859505678115
1.63397664881947
0.68867429689814
0.627180180041861
0.37264258623153
0.585722633929631
1.20779932281208
0.851675499960735
0.966158825328367
0.541659122225337
0.489587968391635
0.582826935789072
0.66793813078834
0.735108617982472
0.637685622200689
0.638154390030134
0.881529284731617
1.23244986177592
0.857520554404452
0.512452402669034
0.934104270987779
0.449709002892864
0.972240563489816
0.639351017715511
1.34641349428867
1.06210415094357
0.48665964366285
0.494711231229693
0.748438458327188
0.565818560860942
1.12711559828824
0.637023111162251
0.80879495879571
0.672486251640588
0.620620752733604
0.616587760078856
0.615752530505412
0.831739919391584
1.75440610954782
1.08049956535945
0.499931908368566
1.11160138263234
0.660266164972166
0.353592586642823
0.95585966709003
0.931847885569447
0.577727143675286
1.31145160140651
0.794123991716794
1.15150827389952
0.806006855367727
1.1925268289169
1.03427186167778
0.518653094026958
0.513768262695312
0.399395159049453
0.673713452019743
0.537247153285047
0.380356255970197
0.273485588849167
0.374514299869161
0.837549135609185
0.333645311055113
0.725070954482319
0.704344957523079
0.43180482276496
0.737872177477987
0.626041531055567
0.917876256375625
1.19253507656176
0.35326489930598
0.573170786819488
0.944404463753403
0.570023053481752
0.472743838976388
0.719782786238185
0.225065691629474
0.314965178484107
0.594189894173255
0.832027774296537
0.658926663622585
0.865352565826595
0.507517134052011
0.5917399501252
0.731721005114638
0.766666517840443
0.694730624770582
1.017263944724
0.611628233438547
0.670292974109286
0.876705652901859
0.724101477114885
0.476028979523249
0.675191876056931
0.909604730887636
0.435419260985518
0.845102677606497
1.70491358313289
1.09203075739144
0.600633659651911
1.415139952403
0.68639066325244
0.467699956793399
0.409705957240513
1.09035684220551
0.599173347942691
0.453657535142482
0.703670165643215
1.36787963326662
0.399440774676165
0.80149047650714
1.22949928810865
0.555701262066593
0.97310697852762
0.436683323469182
0.452874454088726
0.571188625837128
0.946925195824403
1.32119832952269
0.715009590359857
0.472628536550583
0.737541395657141
0.769258152473124
0.567623195149334
0.906520292479186
0.682106979093873
0.759944818619115
0.895948440971145
0.568548935238321
0.652756364762885
0.960738813412167
0.634391728062555
0.533039722935916
0.87361385545296
1.12730075624366
0.412479932392025
1.15672668342044
0.600237554676269
0.796666520118212
0.662839236912748
0.501771199821315
1.15626163475062
0.672405520525096
0.654560491636955
0.893479043065287
0.704201690494754
0.992447329522192
1.20303156579499
0.589246439952502
1.88229485395742
1.73251417832188
0.487344770031104
0.620263574351367
1.06584954609711
0.484798722083163
0.842164540373215
1.23749901651002
1.20228491690202
0.945778345955111
1.19667486023527
0.622732362622028
1.06366123754139
0.711370793493573
0.339513358870506
0.704266895645771
1.36965616358801
0.571730078255532
0.745800909418499
1.01763404092932
0.603788343811592
0.380691870082017
0.69790668207584
0.76596509583737
0.686754392875526
1.0603672424193
0.826546099866585
0.588265498355257
0.932270289478308
0.415602940244261
0.608367811419662
0.855608882989325
0.37865459590183
0.306849482549954
1.24496901112781
0.745512453215518
0.932530674907759
0.866366039863268
0.960940204658711
1.61236815673182
1.11248008661602
0.794727032597309
0.518843583772638
0.524641847130586
1.31332082809321
1.25680988493104
1.29996795285194
1.46098645107324
0.664144923481532
0.653893839885703
0.631363064696235
0.405086125529806
0.574924565999052
0.33361105866197
0.192083619145442
0.30876407428284
1.04411137373248
1.08313908710399
0.71007015984427
0.462333404458766
0.853397341455815
1.10343230113998
1.06009713859458
0.688142733222362
0.988269594499204
1.09545477103531
0.55014973720443
0.491300313778356
1.75630373605214
0.426620466402463
0.767311504648567
2.21587170200849
0.898221287858964
0.900822316113235
0.719462755047188
0.991335120192943
0.594910815890422
1.18376039452758
0.822943484921816
0.498055814006286
0.789030886853312
0.339569643949621
0.563146062733701
0.509805091073032
0.856018034679188
0.565226246619171
0.585695061315358
0.876240765847229
0.88780883820701
0.455619826019335
0.989317375389569
0.858883606525905
0.989281915763835
0.342224003092877
0.69315403699398
0.253617281128279
0.827006469886895
0.987883613579149
1.0906044133502
0.540920000152193
0.434987180366232
0.782858786365355
0.61890839246987
0.849806346758923
0.549838705654076
0.935872963687293
0.219361303168468
1.15636316425236
0.583630877937051
0.514165733221551
0.593986028829449
0.6524317345216
0.861485393653281
0.932783287735916
0.990970811202643
1.17131580547859
0.26675354313663
0.471214829341847
0.757801553801271
1.18427701831993
0.592125644429781
1.10559179454884
0.79887043315806
0.462683620315416
0.743788720084602
0.486539253998555
0.808846887505276
0.752211519826808
1.29520726597297
1.58620878946058
0.959610662471716
1.15761763202379
0.648336058155759
1.1562364317727
0.457795459814096
0.861750133198703
1.38364373858999
0.62442829236379
0.971025287895387
1.02649703708996
0.993907436362989
0.457810236104106
0.698584071202569
0.696804575810759
0.449583504339994
0.371939203280725
0.384488808416244
0.699218929527104
0.776381303463136
0.407296767576013
0.889636930180607
0.721773483518818
0.988909309833502
0.317349838138656
0.596669739648426
0.745232296507713
0.704272722555857
0.384887439543204
0.643234203439492
0.903867327894703
1.1633004542207
0.721460579970638
0.724949565073703
0.775115208138772
0.761573378116092
0.572915400710157
0.864131737442844
0.609764930115549
0.37159347827542
0.602782766761085
0.753557741493137
0.614360851773074
1.12887104213734
1.09060569497913
1.23738570396389
0.39288839950142
0.938996632443899
1.13329058698713
0.635340074149195
0.539593480288267
0.605859968760567
0.662143188095862
1.20104694230888
0.927112646258759
0.916849975779587
0.445704507885436
0.269464564594408
0.273593946051445
0.66135611411158
0.670601046468454
1.03991372259597
0.480266115052263
0.485661640104119
0.508008855030176
0.655328951648702
1.23254168372991
0.77108369462025
0.732063482428547
0.393273733060787
0.691206689551735
0.651667285741802
0.552316582213476
0.317113584422747
0.671048972627485
1.05313307774687
0.692421877928524
0.732809740603869
0.998027088175015
0.879662646814932
1.17609870689996
0.803219682868745
0.627391670587913
0.661037817164295
0.339589958412909
1.22308015787148
0.54322990004967
2.17390815551233
0.507634006867395
0.702225816911753
1.31916580279074
1.30892091813486
0.690223119629592
0.776057147154573
0.608458740950803
0.459461411225079
1.37633566849435
0.310906665404598
0.522966392884722
0.341289338195312
0.341257267365835
0.514450699327986
0.836383890734225
0.428495479219131
0.500495641303742
0.670827610566433
0.815797291287206
0.775456336978158
0.636273270064601
0.830107338900308
0.55610026586732
0.58533670805756
0.304322197313349
0.282130650687989
0.970569949479196
0.773001135829129
0.354862948647952
0.379901360108583
1.02430604314575
0.588733831801142
0.834714678882248
0.787657936498322
1.11351610413487
0.887920919208343
0.41125692948647
0.920510134325081
1.2491983508958
0.352504525582165
0.783281032712822
0.621337443127863
0.452717179800504
0.45086669008685
0.309670890237726
0.544752525486381
0.568903954357221
0.989162773050053
0.792051329480415
0.761849179524858
0.530031809353687
0.505265867018537
0.306155387691367
0.424263170986699
0.487276886581027
0.642589504853793
0.484457774149959
0.720200248833559
0.624668209756505
0.45593208250455
0.447495155217862
1.49597354608035
0.790179022463457
0.566750614093342
0.743319982140604
0.68402682844485
1.18436583211755
1.22810076395789
0.613510141240226
1.0584864607285
1.05385560742587
0.559166466831467
0.45634721184052
0.615976686063984
0.475795228581717
0.625028856098163
0.706896391998924
0.485051319183747
0.707758086285779
0.610977638051489
0.639988046281436
0.957643132810818
0.996307301682641
0.604315254709717
0.687382479709501
0.588518358345671
0.435040486766931
0.37426818881947
0.523837850014126
0.762256891084058
0.695530518531933
0.520781039475181
0.375368483067144
0.474273436766717
0.895291698537884
0.469360247200501
0.927760462936429
0.645016724119297
1.20570589644988
0.558470213772732
1.74114304947557
0.762463571271809
0.540399429047421
0.480551729931264
0.284558097641726
0.628500342767076
0.514806857230758
0.92076894911881
0.542111132360614
0.576975065806061
0.646143572998259
0.559796601986486
0.899034327402708
0.605695298786673
0.448565762790038
0.756881676368203
0.561072161770685
0.724275826788832
0.297867062275828
0.621191145121273
0.675100255490473
0.92775636031352
0.646277956487547
0.395261637714647
0.472429518768912
0.901617079140508
1.15898647603255
1.36246097863695
0.46942895049393
1.28718951783114
0.513758060687267
0.574959048957079
1.06954193651837
0.614926618814171
0.736396757767214
0.290188314428506
0.683015491098022
0.381282900763945
1.01705355938773
1.30522045558133
1.18306951724676
0.629252754435076
0.692236608299224
0.351096863668171
0.662877451416089
0.513936035826577
0.459852364823515
1.15618677341107
0.683672761212741
0.652064397030533
0.803243313776536
0.627875788926914
0.529088964434835
0.850059806690955
1.12698241927236
0.56752043522577
0.542699517446457
0.667686896321861
0.73014917191774
0.467121862564818
1.1082934073316
0.32605042972995
0.866232898957673
2.12843191811436
1.08715164405118
0.509687769464039
0.947566780872707
0.416367125532441
0.644694007527873
0.769824209217791
0.506240320524739
1.0987610224267
0.766229477292184
0.58286738913336
0.770633208860596
1.46733443124891
1.2624546840613
0.626546889216307
0.717564270576532
0.885782085542513
0.997741930160174
0.532672237181272
0.958847150335346
1.72283832296392
1.54768608605448
1.32205353259323
0.623698250144166
1.06058401807283
0.815418153225197
0.580614647048166
0.944680637650466
0.642919659514209
0.904520805659323
0.682033764717731
0.937033432206071
0.820932694341947
0.594701792226519
0.448223163610281
0.949442980594915
0.660596459363124
0.586212316991685
0.727257594014235
0.367176863590627
0.835350945158214
0.726339120078947
1.45368200529881
0.4979000024085
0.966270945097962
0.480788403876963
1.00565320972823
0.224112903404471
0.624938963486142
2.05040234827872
1.24968337370742
3.15042268250261
2.15243549019167
0.645384667948136
0.512929534075211
0.294635345073154
1.5615414374315
0.713752393655341
0.832761906809238
0.474675654186522
0.692346877086218
0.341404243095418
0.214842618425199
1.25335637756512
0.694423901646948
0.625823269870017
0.678534314456745
0.922142681562854
1.61821329001751
1.41188908354035
2.25833607561286
1.88086053672879
1.12966528955939
0.593258771484089
0.440480087156422
0.695960477487956
0.311350674191357
0.552046854183194
1.05651493188525
0.788967960494632
0.495962498987436
1.61257475159056
1.1114113188211
0.488603704120207
0.810148115189004
1.71711469440956
0.929895522492017
0.599638719691597
0.732671379419216
0.512684275200973
0.39466032275216
0.402121754042722
0.633459762576111
0.417657494230887
0.454810688289275
0.833614768405296
0.509782872839564
0.510849466250024
0.921614651960232
1.19433961629918
0.549117765706472
1.1870347068062
0.683029805853489
0.763636212419942
0.590383052571092
0.842422377219072
0.55767363256406
0.597747946964984
0.554004552400912
0.533735740390165
1.1726023316924
0.694043469508388
1.28300964834222
0.40899095006506
1.15078966390651
0.653064455136583
1.1995519951317
0.855677707469985
0.646451255551118
1.34827520634372
0.997406112162209
0.74779745481887
0.643517605128621
0.829881466577516
0.645734801570171
0.550022639929682
0.583604792681968
0.405270477806769
0.676190245646933
0.881350398270674
0.65826516258175
0.710752144917504
1.12892833476603
1.18138848289933
1.41092829575604
0.51032636080944
0.642920168658817
0.588537080578347
0.716156255190656
0.764552003879403
0.571724822360584
0.875188170253258
0.61375014578861
0.994991007119163
0.937072085358744
0.476337361635672
0.901139638732327
0.834561573693574
0.720260205027351
0.91924119844775
0.736555364099354
0.887275564323245
0.621654502493576
0.890188638406821
0.49392297471891
0.939793175704913
0.762518720632913
0.785324635417865
0.351593473529219
0.834059936366673
0.594107420007449
0.48659359431787
1.2643193619176
0.413734006355927
1.29139175971431
1.95634941986661
0.690633222966775
0.729925416712414
1.46386213829321
0.512976351875118
0.340536220959594
0.511554410644279
0.722350148448016
0.879709226744162
0.441248961672466
0.793569816588316
0.870013220930032
0.719112094823255
0.48873431454618
1.3298583922049
0.927515186416716
0.89827000546806
0.398415911772426
0.357252058703025
0.589408683748751
0.541370946230724
0.684950649251466
0.489698035764608
1.03413480423881
0.607476570522962
0.938092145541565
0.595370193358783
0.933008068487415
0.522482456452909
1.04942557841555
0.75436902307223
1.45199027463263
0.768758681259859
0.784969614459791
0.636703155224379
0.910342833529911
0.908053877045717
0.567155991748858
1.331913666133
0.588977838895299
0.943553658053276
0.483374616036995
0.921284272781676
0.338657716979363
0.625415948335044
0.327694807017451
0.435106160122785
0.699882069850832
0.452332557918804
1.52468773742663
0.544563243108539
1.5541805071018
0.820251416209364
0.79326201639389
2.11096406615853
0.59123306826076
0.8070156078245
0.309970326553771
0.582024957669825
0.89493478533091
0.503952042525027
1.09155494419841
0.556554694880364
0.56037665860718
0.45853996787365
0.594984466789888
0.975774886624274
0.557003750111713
0.523789930655601
0.398605262885722
0.603405569394686
0.444813347237699
0.464877810919783
1.05511196149794
0.766865910030167
0.921221233976919
0.556746559844017
1.06100823697434
0.603872273997166
0.50211436767698
1.49916779334181
0.674330821972111
0.552867849373949
0.424589892497747
1.23918986073795
1.07643982290086
0.673047722283255
1.9162068624197
0.480090181681323
0.699663346621124
1.0523701492828
0.556057696494647
0.839275243796574
0.525449840331595
0.928479281128366
0.650388777256526
0.500781291549956
0.814423565577778
0.552216737986254
0.405863190742464
0.87146695999413
0.684140848299567
0.844190743135275
0.500456407793652
0.461031342348031
0.661077852313077
0.74563669502806
0.517562314550659
0.744816580094444
0.644570539386005
0.290970806776163
1.21924322508139
0.978800871433093
0.338685648876548
1.41277121017559
0.57833500067441
0.49322153105033
0.542802268470302
0.639029922691299
0.759434269704457
0.661232133387006
1.02168329763655
0.826429260275542
0.78404494064685
0.97598531037865
0.58328990172709
1.36157830305384
0.206344068234487
0.759556311492009
1.0575249821296
0.603654624771619
0.683216177512783
0.702356461484161
0.853878557583829
0.975273714223662
0.367640711136339
0.212698571459613
1.66360118749738
0.559706513028373
0.632890402175486
0.293835855352058
1.08247780786049
0.388815025533244
0.551094170041147
0.519032638804079
1.70371073787153
0.52728335849228
1.35743876802551
0.764372010300365
0.595573599267084
0.655357063107912
0.417254721249854
0.781888468226288
0.616394215641713
0.796510605319148
0.308132733963073
0.688685142944687
0.492642508295749
0.613893049898614
1.43324716442045
1.58343181207084
1.46464862559219
0.611708487300337
0.845083226388362
0.58783892424643
0.533077205001191
0.83772860183837
0.428288422394289
1.10009949441527
1.22290250711627
0.563307219133195
0.491070338044607
1.34136040052709
0.92238089440519
0.557899711598962
0.612806431428777
0.375657397677383
0.563965884200288
0.544794013820704
0.450166236005127
0.486988520790451
0.361143135354806
0.615120125322096
0.592004462319919
0.586015967145054
0.508605466624085
0.518433932006919
1.19299167889894
1.04496060172016
1.14901940548141
1.98335481039481
0.946492468225002
0.731550755037162
0.923309899784935
0.69464186111527
1.20706952710312
0.684980763869777
0.568969748634169
0.938665830611766
0.565277393170167
0.664193250427509
0.654451412001463
1.75788749405547
0.831428627362922
0.901631080349968
0.9023357758388
1.52540149772412
0.577756942581327
0.714897760337132
1.35905953880049
0.728812215743315
0.632815713660728
0.634764455325921
1.10034666305514
1.24507784956815
0.698247810016904
0.760992025930285
0.560503812660717
0.501671662838982
0.560495839952439
0.433891809477146
0.562475540556555
0.552446371672362
0.618271556193569
0.342289531181095
0.672466663731961
0.495411185350206
0.834946354154107
0.278633434813121
0.719352063035261
0.963569121637585
0.636992057955799
0.458159667546079
0.762916970652818
0.604904034591574
0.964560220371927
0.860288668272256
0.86669500619692
1.43510868072176
0.584302275026076
0.374290271348514
0.790118841207608
0.770679527765438
0.730334251748927
0.457216133936058
0.988524042998493
0.446383952555397
0.757311109738502
1.01373957516413
0.275437448044316
0.668406669032781
0.440306430734442
0.847166786745419
1.28062842500743
1.43143268006995
0.744655943974919
0.346790719154968
0.861640728465952
1.80004011366235
0.468059556559158
0.687880450292695
0.775466563585376
0.692104380178864
1.32242152810587
0.611755834013141
0.731209633099013
0.97500975365916
1.36366302395193
0.765452490330969
0.855140407022665
1.09950879014191
0.691538452067267
0.713070437146235
0.491138206844825
0.675270901162869
0.428936207257227
0.548132854490093
1.19090350046317
0.394437085094876
0.502737661706331
0.676185510583518
1.29117386490921
0.832878406239035
0.811289627361512
1.02665125085357
2.73168386494482
1.7504144280413
0.620562469542515
0.45766649793815
0.564093799490215
1.56132826572296
0.991582646735784
0.664477243951606
0.594696558277702
1.07377426795344
0.642169016406266
0.475059943777559
1.1738516074905
0.747424091763916
0.59186587727445
0.424291783291948
1.5661120483515
1.53837777548192
0.742910750207077
2.82969988287237
0.499724075340356
0.626697963233271
0.511869506228081
1.25697113305129
0.880304898512715
1.13516746059288
0.635673416086641
0.347068919908114
0.751842009644465
0.803403329900597
0.54429393870053
0.337359877300673
0.677961402555472
1.38202296687606
0.549312995013097
0.490967625241462
0.349509955605593
0.924179156527208
0.566131029145184
0.404339244280609
0.428708644642079
0.608369615514839
0.838402136268326
0.227965838942594
0.358498372406562
1.20764715769641
0.353309459340125
0.326689057130823
0.690194991915593
0.34744643931358
1.25498493122337
0.518908043823832
1.23363098171349
0.333451080941758
0.308416157839447
0.516717438883982
0.735335529207019
0.836057868349814
0.375287298292527
1.17309469763474
0.478596408339085
1.4664938309115
0.620821020065703
0.675112313671052
0.423457650090857
0.596810171061747
0.996909389428977
0.3121683263977
0.69227235912392
1.10627813147987
0.459762231690095
0.954102441028761
0.945029587333653
0.298489765131487
0.272939149161816
0.436569685582945
0.533502559712232
0.69506143114465
0.522605726399078
0.403447862536636
0.437691082034508
0.540139645542841
0.391973895159238
0.691000557158762
0.936192512949324
1.56005428349979
1.32569154917287
1.24774255908873
1.10800338879
0.850515534029155
0.837724783991654
0.934691523635816
0.737614830473193
0.597329059971693
3.26376409469426
0.959780700322631
0.836687851326905
1.22807798201985
0.520522878877228
0.406982895911102
0.471514536874953
0.572386577239007
0.648674298669111
1.66407263531581
0.562299528473723
0.470142066040586
1.88171177372808
0.297021714008372
0.467912238043494
0.498575147764113
0.992962455408908
0.442891996701409
0.827998224542643
0.584282300303169
0.799885365647616
0.611336536613535
0.68323451861731
0.6773647479711
0.364730062575991
0.722285007710707
2.05022096416454
0.939623991215593
1.82227979893039
1.00415965525299
1.41192333853034
0.90200877833944
0.608703059347714
0.893546459341251
0.617053422130922
0.804918707968196
0.599008628349872
0.18895031144065
0.460784441823669
0.720515704721852
0.461744585320185
0.49775454928875
0.273062710820156
0.719279113610475
0.603769034865367
0.359329261702904
1.24043771202849
1.21319068013411
0.658206257033772
0.611801958805844
0.656425354643371
0.694527956919596
0.60471274856538
0.460434699827216
0.745072751250141
1.02977028334884
1.06425175147469
0.781440056353315
0.67245673918122
0.943171512350987
0.267376957894443
0.420486519515747
0.988638567433011
0.602672531358483
0.353339142082166
0.813731623523249
0.489898910415131
0.379652836965295
0.420853316318441
0.485617119513925
1.20626188070345
0.607310732208156
0.524710021662823
0.47986653321592
1.07442560606196
0.464638578236987
0.600006983606818
0.501628304679447
0.435308985885039
0.78950569955347
0.923700000556773
1.19009992994069
0.534738232073676
0.638609073529379
1.09793377813459
1.13308193548595
0.642876405010708
0.672262051233726
0.77660788697217
0.679253580082225
0.366978066300161
0.789011246163607
1.0245253321386
1.1256313173073
0.498197159884673
0.877121210288886
0.671968435798735
1.09648152959373
1.24137626807182
0.720820130719947
0.472498060095342
0.840077949489809
0.833600666917688
0.465177815025609
0.420906623164817
0.438438508101462
0.581405233948408
0.726636334697939
0.499954099698168
0.790999329410743
1.4769868476537
0.818112156066252
0.635788989860565
0.579911159871815
0.288883103253348
0.782208411814024
0.814135841488835
0.455595616825677
1.07351655032295
0.255150168670241
0.940129252586406
0.429632128118723
0.525561459633734
1.25322355660468
0.345164273384923
0.523021456097156
0.340964729989004
0.9587995639533
0.429678681924594
0.664746903731562
0.489693079380699
1.23274603562198
1.01176545264453
0.90523766842368
0.887692812077646
0.256095548125676
0.726299095920456
0.505954444882731
0.542433131330263
0.943303369075934
0.600303195278081
0.498199896096344
1.06410789696535
0.620600718726687
0.897124683926228
0.818614859577337
0.939160949117619
0.604970726245554
1.00620229797466
0.354480524791446
0.306513041275233
0.637124396224942
0.791420313478109
1.28781642435609
1.03681592971694
1.07353484746336
0.540710916514876
0.692944760092778
0.980843858508351
0.978382321456639
0.847393813414787
0.454040573511949
0.747013839351157
0.433860312846317
0.846068221613763
0.580942084615373
0.929249899582975
0.70833682760901
0.736263154158761
0.655806766153126
0.776257126996217
0.557295535812011
1.25861954470029
0.556268925580001
2.25555682191488
0.692502424937612
0.497991977392497
0.523010034315721
0.860941918028517
0.514022393314987
0.138110823834422
0.165798637554345
1.00836271274814
0.477637199194999
0.67009227285528
0.637762087332526
0.4265706624407
0.947097904445842
1.85932313682676
0.877817922171053
0.891298018375449
0.495412581397707
0.701092949873017
0.758317803755143
0.325261880741087
0.829320040205467
0.668982212707358
0.409619920037839
0.749041088457309
1.01754125313428
0.925335806917588
0.842752817583551
1.05903933013456
0.640487622566107
1.14445058689195
0.404284568781403
0.598522193483625
0.683179369181332
0.816991269273176
0.88682911610411
0.622341106207739
1.0440703461517
0.557410699219808
0.427830002362224
0.975517814303317
0.829442134783819
1.12115152700607
0.632004956571006
0.696514731749645
0.61056716414454
1.28371177063832
0.480350008941362
0.995299653484241
0.91025378747348
0.920785703120245
0.948331017545939
1.04289311299322
0.878356330599562
0.884106030049447
0.395672547249809
0.71271070464933
0.96443289623293
0.617738580654387
0.265945097134639
0.517585230881316
0.72287021342002
0.748463325136587
1.14865719469188
1.14790814742369
0.802067002883144
0.95099748339534
0.309433806090075
0.716656989384364
0.345057581730379
0.642219625465787
0.629685916643631
1.16696783209358
0.550928362344917
1.07332459870126
0.804749274783089
0.583225414712594
0.986347593546564
0.316303630523829
0.67860117505224
0.4745075185196
0.545701810613741
0.708958922249756
0.346724549437529
0.930091538482005
0.748066350299881
0.671274443162106
1.51845485616796
0.438420048739988
0.704122798080749
1.38073160348921
0.917989318680919
0.471667326756505
0.590575136859788
0.812887397072206
0.319781071453344
0.454319687220011
0.65692800899297
0.275528738409116
0.57638748616404
0.779182617048317
0.543988868329492
0.974326650025273
0.315741964359976
1.80707480298598
0.850427668441524
1.33550337622889
1.28294832746112
0.615709964019032
1.11318914359265
1.12863699010795
0.863894948487711
1.03335578927971
0.658581253043592
0.755016411220413
0.961832815048942
1.05700538000152
0.963420524100239
0.288896871438152
0.808293616589691
0.774958401128861
0.588028572187112
1.89661038756165
0.679994294900505
0.568330214552015
0.935540194047307
0.314562247398145
0.511845805078984
0.962846715615691
1.15745666787847
0.61862262989172
0.673127885529651
0.849641431720434
0.584448879141759
0.674809411031869
0.683163844299545
0.801955068261155
0.799313583618477
0.937783151116237
0.66081529526748
0.607939303551143
1.05176382028605
0.996317342601036
0.522722240992444
0.492361123249662
0.546608336936387
0.440468558420794
0.431463124591787
0.431894701540622
0.753660346894147
1.14311483343906
0.754980410961711
0.626073811972945
0.696233636972811
0.816198108798983
0.6405315374671
0.461380150524137
0.881812002993506
0.402831354000479
0.461639159840739
0.473416340072851
0.485215725723235
0.825907992619214
0.670460333488998
0.514550865749609
0.794330446813564
1.28300775300761
0.362559695869176
0.721880455622282
0.467296252104344
0.899182845067646
0.427476436947903
0.402694496296547
1.16907982696322
0.629007878728373
0.608128701393234
0.520510008864766
1.01132845770919
0.82238874154259
2.38080888072776
0.303581165635605
0.949389934366866
0.51996015286482
1.13469875300876
0.652688071560659
1.33734071199789
0.391488086987212
0.532174898042148
0.81729679756626
0.732786970358748
0.861964011147722
0.366622289244999
0.521187647307077
0.806919554692968
0.344208528941515
0.578815801791438
1.00932107994997
0.612401300631653
0.351459271740434
0.42736266769156
1.00361636402415
0.882426833679518
1.92877766350638
0.49113444354902
0.752334442465292
0.60980221377474
0.460505841952077
0.705562211737802
0.416929918592108
0.596555827989508
0.523408771495694
0.69643875374687
1.36887564979229
0.704532285064977
0.346667504934774
0.525056434957702
0.605169032134351
0.607934264583549
0.797452616806114
0.41111065053759
0.577814851718357
0.524414165940891
0.518245971342699
0.547895597207663
0.814564808130019
0.25509305337069
0.700014619894024
1.02108691700834
1.45779739604626
0.846648681781643
0.627945755093316
1.15024022217404
0.63636178436092
0.334880655947513
0.608024810080251
0.56688237562837
0.649657338786636
1.01351127470527
1.68401642931707
0.807025555341695
0.946050313161093
0.994683213476543
0.399062110163697
0.717376755772717
0.536292454048521
0.761826119805616
0.655922791508518
0.319555930559103
0.798109902230691
0.526605812952683
0.66881356336734
1.11189190865588
0.690997271211479
0.707678554002999
1.20792810716389
0.6766664404803
0.62275431328003
0.757241549493945
0.388168864362189
0.554646013825393
1.68057510413522
0.349067948952107
0.526489648155686
0.869138648274917
0.60871548968265
2.20783935809731
0.455612015317898
0.869702264153961
0.635658124918059
0.594698507155809
0.618775965466979
0.695986750603466
0.471236316388466
0.438084502114011
1.19245569773255
0.654113650700821
0.358768974895096
0.857027600869342
0.539859022781194
1.13643423879622
0.825917872900271
1.03535822484377
0.530300447468667
0.472440675020129
0.449529665227897
1.32668038013459
0.426262138111338
1.27378865746241
1.2988019398254
0.843415552452581
0.6419016244643
0.353841407592138
0.497227208271772
0.857216443304763
1.04752630438095
1.13326290386578
1.07992754469799
0.906659775014708
0.965380448337243
0.707961826663843
0.415545675519154
0.591849166615595
1.11489684168621
0.360632193176373
0.658132771212122
0.89157476567895
0.794530826943391
0.777251345180479
0.491464599692125
1.30759437646719
0.922140598070748
0.293822150789791
0.677117925326346
0.997282691688536
0.762247953079859
0.920746056199027
2.2342172967275
0.754257420132589
0.503195073340049
0.832341611418499
1.08183813463676
0.906257838514481
1.18762889598885
0.405872515505678
1.01556803385507
1.62976129176787
0.845728928005363
1.09434671416048
0.745710553071957
0.605189400018906
1.23943811232585
0.564951160895905
0.850959693571979
0.637089247794352
1.0535340325183
0.843294037417507
0.673773091420886
0.769708821853152
0.581675031696909
1.27247336893901
1.20017585514891
0.613666524672769
0.591954210073499
0.879825829231479
0.710878040983513
0.988800661402344
0.546708921578565
1.16357808452067
0.904558359699108
0.913559363257024
0.936894112268545
0.846200499604357
0.471459754199206
1.17792796384015
0.506701039778134
0.594065167224601
0.343447646380483
0.487495851570881
0.813225122099489
0.528464782023265
1.22002113926404
1.15272477573487
0.645834402993258
0.499752022532239
0.870605648126938
0.95622680135495
0.435916022093105
0.5500142326344
1.51127591515373
1.59469255879497
0.704674434651901
0.784901474392571
0.614913297693066
1.30232134756427
1.34032703851873
1.0539762911069
0.432209611236725
0.474014944490564
0.48305379318299
0.545924092481857
0.497730936937178
1.24657594147474
0.419905775211401
1.10406673630421
0.476010215609189
0.596052399700522
0.526498875697569
0.778554399154074
0.551303255600113
1.87233307663705
0.979141686304832
0.280357812824738
1.84835567636157
0.950727258099979
0.781189259263992
0.909422686871111
0.482747581094738
0.770411242585401
0.355751821303718
0.590592805671562
0.511041307206146
0.550848875418289
1.74924103924096
0.887815883340977
1.15919057749077
0.665824565098017
0.550922395728823
0.409355159355539
0.433264959764668
1.11894731417198
0.713712596087516
0.290259183814157
0.667607862021932
0.481266943728144
0.337201641074855
0.66043649890089
0.987780662746534
0.519726081070936
0.713077774144829
0.58090288849796
0.729745177034546
0.521301366922306
1.11949831589047
0.622656604807009
0.842841793567608
1.55364734785999
1.33946125346933
0.309256924826389
1.19194154057497
0.28259341048625
0.685695489138687
0.480329698553666
1.06522256901603
0.369218781093569
0.633790644338011
0.539783027357825
0.74571019331131
1.60642247058599
1.44182244524317
0.570869907603813
0.24719715846104
0.921039376705184
0.681357114521107
0.380451642911148
0.760290300034707
0.60842930980597
0.459714077955894
1.06565725269642
0.664809895666276
0.693464946791543
1.18013728103141
0.299792540319804
1.2660779192462
0.792584832117768
0.474352975561176
0.536363052034815
0.550864464239991
0.512047397987438
0.627454303191318
0.47592178920708
0.614304348202893
0.526144499399105
0.685614145971047
0.416215313367307
1.03026171941975
1.47771100822569
0.528681450841179
1.11234327057272
0.440737742101062
0.76154741681253
0.230654150884134
0.932396799902971
0.782463163963376
0.731095188603904
0.661827736800351
0.853986191610373
0.383534243055837
0.833355709344383
1.20657675244207
0.652693432175179
0.590312039723561
0.334189220998842
0.386788202485022
0.344947737767647
0.928888010105186
1.00547685136577
1.02868017992803
0.361213949118044
0.684496329266169
0.931655315449432
1.18972710400607
0.852851352710097
0.199402822819481
0.843663076219707
0.651475346493166
0.33521132163972
1.19319283335965
0.777301350185761
0.985264048467497
0.3239698695115
0.328775866253833
0.862231223360652
1.14870485149743
0.489200121689697
0.718285934209464
0.539802831893463
0.453569867105133
0.867064710092695
0.775024072405013
0.71947590891099
0.498677987851748
0.589608766342297
1.05940575292585
0.456593556866274
1.19892344362946
0.619846945330992
0.392779484379089
0.609830184324458
1.01666515876763
0.838860396352141
0.95439248332106
0.723137059401437
0.656202848821803
1.24491261186151
0.590685929035914
0.673860982905853
0.790196284046412
0.539257557056548
0.869535435183698
0.951902623409376
0.786706376463898
0.42838122538172
0.425064964277075
1.11084078545576
0.667709093477802
0.774298449230073
0.517534802011525
1.10789347895372
1.11747398348522
0.606431941464886
0.665174017463399
1.07035872659589
0.646389487556912
0.947809687660899
0.610825744953731
2.57483535816064
0.575866674889481
0.80126467531305
0.881147789577334
0.868138348373359
0.662020735851105
0.967988946049735
1.05950588791131
0.527759008177224
0.656550502070586
0.412282401198989
1.08813856400515
0.934407126325669
1.16080452317731
0.545689117308814
0.743993998940938
0.407017448161305
1.24803286244741
1.23883211165145
1.14690165586568
0.890425883447503
0.351281122672558
1.27415706681809
0.471641040071764
0.653525766627712
1.33982530909158
1.46363207942388
0.640841010068189
0.639063828281072
0.821908657276991
0.440587231717176
1.10919454923607
0.829141421491061
0.639306986244359
0.359426834419887
0.410944325787002
0.546255374513607
0.776809950316906
0.289494154108854
1.30079998076841
0.628966355582605
0.823677835804607
0.241393637611029
0.584367384060948
0.671809821517363
0.543693900832204
0.585871592540101
0.367988543965878
1.25132476560685
0.535663426978295
1.15675735846637
0.696818882970276
1.14890010426126
0.79214583324421
0.901033533221673
2.8369490019996
1.15237373889672
0.488889132979333
0.361433418235224
0.56070195045111
0.41804000015886
1.43714867239394
0.569290513564667
0.347891689884237
0.681271964584613
0.583880056321911
0.738472141505378
0.714243293722434
0.67342638905541
0.301691055019496
0.862290498894113
0.661350624071489
1.66838174443697
0.536249203672449
0.611600676929185
0.595340023294556
0.820593463893319
0.561699222037512
0.758427610849206
0.579638990320996
0.913382594566235
0.833451832240948
0.521976380987207
0.614196905364661
0.497387920478327
1.23853558490467
0.591655538272901
0.987798844701805
0.631294075107386
0.58181443318276
0.572636827867072
0.463054172301681
0.669013133136282
0.867486431920544
0.766012452006295
0.680273036003388
1.05449184478213
0.392709805660838
0.257823812185013
0.389457358907969
0.79060630052864
0.878220116200386
1.20574679528283
0.764533216763452
0.361985147410751
0.598395418013633
0.49942381419915
0.425663269855753
0.654658807186072
0.906219873330236
0.387492938577158
0.301560352891897
0.203197734105321
0.519724645290556
0.44649664370186
0.740521071522328
0.545842592399863
0.408274080448827
0.633564977974003
0.58303243545265
0.446803701024734
0.323945330082642
1.11641147622149
0.600261310158481
0.607225887690711
0.446971590995553
0.566519577848742
0.484877443541427
0.59948234578656
1.14541648342599
1.05538455118019
0.459392318818097
0.937336363448063
0.738117001899832
0.868885499034596
1.51096554229334
0.652767365803037
1.45519490166454
0.523668738536085
1.24765663736795
0.727971732423019
1.33033939537944
1.34443847490712
0.875966749296374
1.57360511544714
0.585544660222109
1.12463044106195
0.583175222785245
1.19743495007457
0.671873206331694
1.91985743653617
0.331390920961928
0.126882236237272
0.575183741658141
0.508078444613513
0.531104161978048
1.70460992386326
0.361253134493826
0.346729006701762
0.46927375819056
0.526160189061789
1.48999991223794
0.442735782282194
0.756144825789607
0.761025047110919
0.604436275195308
0.651145032956729
1.04695829317798
1.36202971314302
0.703552700145194
0.835653852763927
0.600930692460211
0.461940863543814
1.52511828472392
0.400777449376373
0.635186819066485
0.440924962157495
0.723155934832476
1.32489072288334
0.371613963346269
1.41293288659467
0.378309275868743
1.20436967224896
1.78382234275537
1.23114304155791
1.16008933415674
0.835885093242638
1.34951102709196
0.620894075736738
0.555680503280406
0.88136480487994
0.700745756907417
0.952110958054095
0.650286391649445
0.863041254176837
0.762384642333217
0.455180592494033
0.506844012227301
0.361764039716453
0.873278620091247
0.695661710507429
0.924410924074104
0.705511577342807
0.774263101134009
0.487985468611304
0.462641039136244
0.779941593929291
0.414360301121993
0.296461810985938
0.639615492243843
0.725535103915089
0.412408250935343
0.657206089904086
0.29933352009897
0.770667996189764
1.63159726010644
1.07508477417901
0.424199530041671
0.460928156623633
0.642099957955624
0.387410735464446
0.528637901566258
1.14975518732143
0.704521389754521
1.02304444279059
0.828901393367462
1.21957468683664
0.362826913162827
0.854977215575839
0.646890856949071
1.44915550531636
0.691809657157447
0.734592754341464
1.09047383707058
0.899149019538345
0.919246837992062
0.285512330538096
0.503287417185428
0.503574980079006
1.29014581751761
0.710128116651159
0.562665456582329
0.484767758487579
0.425138774131816
0.480086292684186
0.372714221921848
1.06436847572197
0.485303108614226
0.805138411748022
0.499846900097896
0.791889412068429
1.04668065900054
0.662949903663995
0.497466665148078
0.638939109862471
0.968052610875043
0.910422999131168
0.566999935753246
0.934662441318657
0.493310826946367
0.721850744011705
0.815693737593031
0.916823119962421
0.29673067519951
0.454324697969214
0.657726149182485
0.841345742719729
0.959771365678824
0.69922723213872
0.469565872976368
0.4813148895761
0.492553719667239
1.12749469302691
1.43204920842897
0.673163494911294
0.670617774691171
0.579256067305849
0.516286401933962
0.49344308156936
0.419125175317397
0.696681824209968
0.930241077632835
0.962797013758424
0.875113046760622
1.17374022583063
0.37488424965595
0.957632398119104
0.90597279557831
0.521791803386389
0.892554638739666
1.40070038441564
0.818145079297984
0.366043684411686
0.42152851138635
0.401166598967516
0.836006764804488
0.961266214296992
0.646366898079917
0.518970757651998
0.512995408524966
0.476589357136745
0.533527659314311
0.876034763717839
0.4253772825471
1.10027986392334
0.597274425376705
0.872886655682127
0.635077080742892
1.01251465079019
0.876974896032246
0.416553484157308
1.37100509803085
0.524902108386919
0.817112622202625
1.23811227039084
1.00182062877185
1.25947715166373
0.600670673725886
0.351100995062832
0.690474836330062
0.653506569610623
0.684464147506988
1.25133189441346
0.530747523593657
0.67193888605947
0.888225518278
0.757074336167816
1.22109589884165
0.681284577046684
0.707872721841731
0.814706883380488
1.04559173110695
0.415857610263706
0.520302962566563
0.842241444657693
0.767319684352568
0.434494772146504
0.497106734281174
0.7123796650885
1.02538635530499
0.914433891938525
0.709519457509909
0.966270003194489
0.915934587420616
0.930015401498969
0.242970041849105
1.52707282488916
0.778508676681235
0.435433574456273
0.467500249313694
0.330882501580692
0.513658366545272
0.591984950394922
0.523925642540821
0.453629721864754
0.617034723146255
0.988159272506987
0.485077125638361
0.966276085940133
0.605676964735276
0.80322338475814
0.858640200422661
0.462122846452778
0.795280065353352
0.570798348228534
0.714730315157403
0.498676221352745
0.670241404899464
1.1514424878159
0.655356070803097
1.01422230887503
0.486655124082623
0.85842421332729
0.44329755531518
1.24348281939332
0.576380103782201
0.550382977780997
1.5653122348211
0.357501533812831
0.719068786263444
0.981354309329216
1.13517098729589
0.772418226554018
1.27694876464488
0.843239615959307
0.56715214503605
0.558477546449216
0.948995337390311
0.96104618925231
0.86327943562877
0.521578098337007
0.580537222032438
0.575659242029281
0.63766022946601
0.669977572712356
0.72129136204232
0.765434469244076
0.960107262080885
0.854401078924649
0.962542148824279
0.724378166198877
0.81990940777397
1.07659851392709
0.820102630914801
0.875839188104234
0.458407000932484
0.533792122105328
0.845830523820336
0.623894990955765
0.526500450521897
0.46522810156629
0.790450669327247
1.51094160363813
0.502451385827496
0.626277901025653
0.654561046538563
0.504173875389806
1.0910522986157
1.49531648746364
0.538958766865868
0.965026264622167
0.763222427903933
0.554257027519858
0.867808132373457
1.22346925327899
0.38582974978123
0.830652720829812
0.643294397136247
0.311955615270832
0.77980206017253
0.650598132114835
0.494512190561823
0.654412234421001
0.621007649123365
0.916332693513428
0.301004915015613
0.215903003995149
0.805203504766853
0.508529551973632
1.06450232806714
0.590103807228008
0.65816622761915
0.626266469378156
0.645554514930053
1.25889115303433
1.22012396638639
0.533781475067972
0.848124234494093
0.37633924735544
0.849943839408109
0.724780923294476
1.39720677550364
0.692623806064523
0.592576795944107
0.614226841008227
0.671072543377378
0.631084499100008
1.05188031128333
0.822598031020558
0.662588609003493
0.508765040464143
0.768921783640185
1.17928750141561
0.397159425666207
0.703705720852241
0.387436221440678
0.975768414538698
0.787501536843673
0.726498726861498
0.420285778365069
0.368504999372781
1.21346009915153
0.721137582821615
1.08361200670928
0.501478242487268
0.763209919819351
1.57338514446617
0.743368344826155
0.653406735310738
0.968165461282423
1.10224102957876
1.12908050265975
0.554138801116372
1.11696815816668
0.576604401817511
0.859433321620987
0.998762861411745
0.590509863235077
0.502307164202037
0.641735071629241
0.587702908081192
0.493773822694983
1.18333994023797
1.26679426063164
0.653436574837627
0.832642666527958
0.875252813621087
0.609737173138631
0.911715599939407
0.826071585672956
1.28562188802904
1.11832658023116
0.522558060795899
0.519262550846178
0.978738074552447
1.29212793070084
0.680832543844438
1.4634652142122
1.77866853811332
1.33602079377949
0.939558004054981
0.308057292029652
0.649483754234924
0.542270270372553
0.982268652286962
1.01779265334822
0.91842267828094
0.528139447138717
0.644409190966725
2.00566894624253
0.729029426275047
0.825079382535092
0.742207861122167
0.232472380185632
0.721258099119743
0.526737074564173
0.60661952029688
1.24551321563972
0.586605795788643
0.711602307440769
0.309474907798015
0.755933834845941
0.836091027596575
1.02265271073579
0.828337801549218
2.42499156637654
0.753845128070025
0.637467236892808
0.55343417299468
0.438366616094991
1.21263442830203
1.11876458864969
0.583372258102718
0.862254503847345
0.515832283098768
0.485333511598781
0.833964827035786
0.66693510096056
0.427858131814646
0.353629488283858
0.628986504382699
0.552871966281894
0.521171535788474
0.472344688539411
0.551609879560198
0.703718712412999
0.688540654619615
0.617850338320389
0.461934534825724
1.30011694754371
0.721207972327351
0.506513768422407
0.806737776217136
0.315761509672429
0.362613916255588
0.708766708424646
1.21744742766133
1.07422123083683
0.6449737458843
0.986764745044987
0.426094810663974
0.584130978807934
0.682110364322752
0.392367522193452
0.338711041737154
0.865800773464285
0.37675745387736
0.718008199062888
0.829153094814189
0.80057481968595
0.421966452522835
0.189738713665632
0.645519914639218
0.918237480859436
0.667033334245392
0.436701546244375
0.772082469189258
0.96925513558818
0.699127146667096
0.786750287870969
0.49139384556437
0.369660476840936
0.824546019462751
0.86456372387601
0.91143477884685
0.745940299302162
0.480596430524912
0.587413591321218
1.40998362275519
0.408796257148678
0.79674049887581
0.732755952448456
0.907680910500782
0.920422999777512
1.08082059748205
0.571585552563363
0.795947804306502
0.717424975564013
1.19672992199069
0.486962093690661
0.665107032242348
0.989958216708105
0.571623584022722
0.46134124073664
1.72483377976804
0.96723780651352
1.01054067289193
0.50623061080171
1.02749694666289
0.819271673736528
0.744091305370899
0.500237143251421
0.752671211286043
0.7947599842446
0.661087836370657
0.323566958232344
0.469416889297074
0.597049998802238
0.763354111883415
1.13937411885771
0.971802306131895
0.65834714535806
0.923914287588644
0.805443104482192
0.687285125434955
0.52840955129509
0.630884799916686
0.674536956542974
0.407999296911139
0.533627463979187
0.608248214643277
0.522654256614822
0.591460959294746
1.05274663143398
1.26028418123724
0.649058821927108
1.27091039067697
0.536463581165059
0.72419448684002
0.330949461917232
1.05028769343473
0.850981602529447
0.916027910465975
0.414562538430904
0.54540095875648
0.269912531920034
0.322765822377661
0.704630934663285
1.06304904245661
0.771773109883018
0.610053448786875
0.921738402266123
0.586219863960716
0.962971204347021
1.05764767014675
1.00885567058105
0.517316319407611
0.509740124463844
0.588766938068748
0.690591162309754
0.98906087443046
0.654056783960815
0.719207094306683
0.851336555811208
0.505101640485002
1.15014415354501
0.713980600141957
0.879037808942795
0.696350948684487
1.5863378625939
0.432446742641756
0.346799553104512
1.04328453527741
0.624483450720984
0.953679716614828
0.621940964329512
1.20992710861719
1.61158328910054
1.3706603700319
0.664988251640589
1.85539643409836
1.37970490878293
0.49370666406204
0.765482347031623
0.742032332537011
0.413102922557607
0.602185035467702
0.572751887854655
0.702002697365747
1.19295957226174
0.365987494632528
0.43993689819951
0.721932395096415
0.900094374920264
0.711363399146135
1.58354902225944
0.488002801748321
1.37553097560903
1.25660815572595
1.30125251609136
1.00813585008222
0.514994484241555
0.736708185802729
0.892570899941873
0.508617396208439
0.944067228210279
0.461268382949139
1.0479818305956
1.01352160474166
0.716246304383412
0.633166490129729
0.592492033548434
0.528301989773169
0.488859000704636
1.87674645400247
0.40404297636918
0.823431815892283
0.744397501636166
0.596361270505682
0.468791502993694
0.530311499214643
0.872556830295516
0.789811764294244
0.31098420293272
0.435190258645092
0.608482064112439
0.96062504442728
0.917550341547636
0.271451278071499
0.321112505746128
0.839724189553435
0.566124183699024
0.515307825652918
1.20907671203268
0.756720843563847
0.978137295126603
0.672886201897559
0.469729746772373
0.971959856703141
0.71104994471326
1.13279058103261
0.555534622770281
0.921864613983495
0.590721663953327
0.829479363281368
0.823232373898298
0.782996859925166
0.459327283622379
1.7351866165828
0.900036464488421
0.893589233425833
1.12123545303922
0.541222679901699
0.751380656833675
0.731657763419019
1.54937728471413
0.791790094630557
1.50659598959093
0.445594308936134
0.659111314536404
0.926835419394888
0.597845116241891
0.969994919023512
0.712097738219642
1.03418596580981
0.312158848192141
2.7109140817866
0.714440485296507
0.61076701488332
0.922639916146372
0.414176512028593
0.404889307782296
0.60249600391488
0.789926079085432
0.342398347712713
0.708429975545296
0.40016002140725
0.468235600280886
0.484513219277295
1.01509229223584
1.11036274764687
0.490881927666763
1.1863865675845
1.14414801423893
0.688223608469873
0.77255693859532
0.743406361922446
0.588921113495037
0.703671519510303
0.502905666434772
0.402458612519403
0.82285053314521
0.695219777149405
0.540148474618417
0.709667277326941
0.915007014230677
1.0274324109505
0.847700213104606
0.596217269620731
0.881067425989527
0.819641359073524
0.386933534182572
0.62176073565451
0.87057335740762
0.63358817437366
0.780458014317045
1.23442957297537
1.08048456009387
0.54402910278232
0.823353180445961
0.812739916348313
0.899693299202445
1.76754217301817
0.384830949789436
0.410314102313999
0.467391697673048
1.41960145862448
1.5597626119635
1.9662811567354
4.53709731989304
4.43789845691247
2.29357361141337
0.911664583984216
0.414465516988978
0.454489327787603
0.987517536420401
0.778530668086827
2.62782181156321
0.715053921312103
0.239814034371248
0.512648793799084
0.397683426027858
0.61373258553809
0.542171742540792
1.21447390660773
0.910329983786513
0.509201127569555
0.400570594773143
0.775532005836423
0.740005472362075
0.889506917682121
0.307713669033082
0.646368647137574
1.33425965816482
0.730492690874973
0.344959998418647
0.488678344079646
0.28152285361775
0.590608178587605
1.78091974288902
0.703108621827219
0.544358097979105
0.735539387490041
0.452660094738907
0.516497165206304
1.28499077811199
0.39365671731204
0.842419053479181
1.21047235088855
0.331636694198143
0.659901967310334
1.07207469255418
0.429707198262025
0.516220285402637
0.663393812758682
0.51765006313856
1.05171476765243
0.619729169710442
0.876977169386718
0.245386486779402
0.588190961445591
0.681448570804937
0.491484730528863
0.666022084675288
0.679316818570633
0.502008784480234
0.637245135287698
1.00704103776866
1.54841399840899
0.64440417229796
0.374052505456766
1.30254195335454
0.919530996768736
1.20872538648014
0.530076988605497
0.713966243367657
0.405786505816659
0.775984544084877
1.0617780029493
0.505257582909761
0.603867860920961
0.492262546019889
0.662484710858067
0.550140818338397
0.732015713293108
0.990515780874375
0.833135953810832
0.541524190396503
0.939400491680226
0.610554296295946
1.09561708958566
2.05821404770222
0.924612078662933
0.692413045943043
0.472225366958358
0.520801155089023
0.873013356090611
0.780653642118126
0.433640667115171
0.327105303682229
0.331836774525113
1.5373348631511
0.664851557747633
0.793162984973218
0.391786099340387
0.449373949375947
0.48279227957962
0.934512627122963
0.616186234613842
2.19081107243831
0.778896117670555
0.833191184325702
0.412274541729601
1.0034304029029
1.74311233854144
1.41668479201523
0.617250995308872
0.63343079109789
0.497850844513459
0.625289596516913
0.427617068957291
1.42707143067749
1.07823358321919
1.44388265930232
0.539985202275825
0.44931626120516
0.568562287016749
0.697701634448009
0.265163814965539
0.197498339571897
0.70220810786296
1.08086100232995
0.706791222786614
0.85225461214288
1.75306953012941
1.03421918416354
1.10452659203934
0.501147858733389
0.792814186989286
0.651873864112235
0.721761247124622
0.656582615845122
0.895922293529795
0.48219204291701
0.543403069074254
0.443455585068638
0.395764613484751
1.19936202165666
0.343349908586965
0.769261236058458
0.608853287932848
0.710598682383758
1.28042568256833
1.26200540877455
0.553905381771489
0.615907555872808
0.430726445452347
0.860253423071189
0.793764051192719
1.13968410933974
0.493114101202474
0.466032320765454
0.825725102953481
0.719998691058896
0.743703046347665
0.836797067310108
0.88818412011893
1.16464023341563
0.289806784664634
0.199118741066878
0.72135984166454
0.58832070829288
0.650314349454286
0.521845416572947
0.672570944525719
0.732867658697419
0.533050015038499
0.587594486465613
0.225717435993094
0.642591789329571
1.18403757383433
0.347074473089239
0.676273283872945
1.21480357553143
0.454415129023201
1.18924977554282
0.471537640389366
0.816726775888459
0.643712762947592
0.587077012842712
0.924941179430837
0.377680649283056
0.643993048486894
1.28748754885339
0.555383550913061
0.570122826067418
1.07402714413998
1.34574932878498
1.02987330290945
0.44493668468941
0.650991534129948
0.406938986883688
0.820875654317836
0.707399479492397
0.509551545084672
1.08951770938652
0.514490295591994
0.470194202742223
0.47686388627263
0.509018689822112
0.726868752844508
1.08818681011461
0.326171047646979
0.584452458377678
0.868482027504113
0.333789354419309
0.777717209925798
0.95990977876487
0.368867053252334
0.666547566801076
0.58274071985463
0.533386838267089
0.674957535566631
1.08351764243138
0.783343006676897
1.62854549890849
0.623911583050051
0.949346497632161
0.959902489567239
1.16297271582965
2.16133877672917
0.939292820661702
0.607928721176372
0.67419158055589
1.52111766039539
1.59929546237276
0.63932411495136
0.798992020043357
0.45926278362331
0.552963752798623
0.433153385219835
0.430881716662884
1.21376360429881
0.37045992003234
0.973669487396543
0.380127677047184
0.888165952387258
0.612607897427445
0.60475004542746
0.95165983629746
0.927930206995653
1.10044280529681
0.643656420407026
0.78754818240158
0.557538311813924
1.10954409512671
0.523000923621413
1.35188002848261
0.705331740061494
0.503212132069285
0.508499564670216
1.04831666176876
1.0799666495289
0.368183292267719
0.52863859464242
1.07721678744506
0.336243836559535
0.847882170862922
0.464849601351509
1.68119850184639
0.765473600326618
1.04536911350569
0.875414073416173
