48.8293552825154
46.3821141105081
45.5652371645938
45.8672704450793
45.7158205412176
47.2563200965035
45.8392136541505
50.2684564865312
48.1497241640515
49.2470608935681
46.1100768613182
46.7411737647661
47.6896357469904
50.7897821556049
47.9423024411171
48.8657398479949
43.7804665836361
51.3782072722354
49.5946080203867
44.3734765272794
43.0612836527626
50.6489156620279
46.2768882421742
48.2433558112793
48.1949544335826
50.4488090261082
46.5711374273692
47.3072661006716
49.3472430623651
49.6350550576901
44.6912904181123
47.7509348254412
57.131855771695
48.8361225301331
50.7322309377809
52.8739212400514
49.7953389189942
44.9866648043434
50.7782148462098
49.429041889492
47.7440024197198
48.8928516132025
44.5684446666502
47.9199578204232
56.5374703804876
52.5187769504445
44.8177169618323
50.1431447289104
50.5641263843365
53.053869844233
48.2514278431814
50.6294027779775
52.024982760391
47.2076924938549
50.8497092167746
47.3505832018651
43.4478071547147
52.7419303067694
48.3009556620021
47.8066533096789
54.9268311337162
45.2214670916234
42.5300827435405
46.1422404611406
49.4547904944628
46.6763614459553
48.1124310989647
43.7253875343752
48.853688935558
44.9906618190163
46.1397613079089
47.1539473625495
47.2640900430348
50.7816729830279
49.0437933021033
46.4049208059487
47.8962769812457
50.2987654377488
43.1376130019161
51.3026005331372
48.2320873113238
48.2201573077865
43.9684056155688
50.4652613518002
57.5329313858446
48.1176145118585
45.8103784203057
45.9405161190962
46.744078479196
45.2407186474689
51.2819275178651
48.6789231868925
46.1722589610452
59.4920191294019
50.9968403765548
46.1762288686529
43.7790481702984
50.1007575228057
50.1220930217674
47.8669124873558
47.2079716735552
49.1541833363076
48.2079571069656
52.2198094696655
54.195829415991
48.3471513894135
46.213812154753
46.1772406414288
49.1710717543383
54.5224973413142
58.9007268379018
46.5486391563423
47.2778264083332
48.0200614226202
45.666325619874
46.9593868373253
52.5914414045618
48.100959832248
47.5996403258741
48.5787183811706
47.4291902365986
54.9044789059133
48.2049742277448
49.6647486649738
43.2988128205509
55.2993334813548
42.5644128991395
54.6575548778691
46.4861327245081
59.7018944079496
45.2281666435809
48.0586999048472
46.1602789641897
48.8067528437584
53.105042613423
57.1880174778253
54.9089423456562
46.6449515164945
46.166754559422
46.2445846534336
47.4348754950492
46.8213368030049
53.3429215243948
46.7225275766
49.7482791470819
43.6881267157538
45.5607970858294
47.3780120127135
50.5923305256268
47.3250555742868
51.9522991443789
49.5841938052532
50.548477284405
44.8735458682978
45.2277854739498
46.0938628651229
55.6513612594747
49.1317482392636
45.2837314984266
46.7065249384774
43.6973467075657
41.5306182956194
52.103772358893
44.7008462830765
45.7227413468389
52.7622805220041
53.8554549685157
45.9528398403159
50.3953945536046
49.4832069450352
47.9919794029016
46.1980239468516
43.5994354612362
51.2022902305685
54.1080139997747
52.6193750773851
46.1121662734904
45.7112676349387
46.3711717838404
45.1344166698509
50.2651103212566
42.0096007608688
49.9559284374108
49.1115396564764
46.3449107121527
48.5552085099331
56.323160451014
49.8224291308401
48.1320227787109
49.5214312601851
47.961091698018
51.2155492968095
45.5900324300466
48.2887959174886
52.0509527841991
51.7104734246728
42.7286327077275
49.1386488987565
45.855808501507
45.5327884354883
48.284402693278
45.5970863583673
48.0471479919327
46.0354656520171
52.3964922882636
46.8838966689445
47.1556384809634
46.0923221532381
46.9865990837988
53.2021710217812
49.4771017896062
46.5510977221558
46.6815659317485
49.078748576017
46.1548724160845
46.0451568578383
53.1183578855947
44.945543558727
46.3610840364274
46.9119166547968
53.7954173191228
48.0558673049026
44.1463378014648
49.3772182910512
48.1037236524779
44.8168628588846
50.5969282998578
53.7742693299841
51.0264312595795
51.8375793386059
50.1815043146131
47.2626788576735
43.0268341716344
45.1667320500088
48.0308089578336
46.1648021382006
49.0662847033215
49.4479462204367
48.155302979508
55.0256922471738
48.5372067087348
47.2866760961007
47.8317945855883
48.4270854664984
47.5641199374551
45.0775990735514
46.1994891852799
51.2512673140197
53.1028891904301
45.8067009246559
47.304394048395
50.0249761913956
48.4008522026923
47.6140773770796
49.0167193987959
43.8330229076127
47.9380450418761
51.9744029303138
48.4449326579225
49.3761474111679
48.6099390903987
47.2846450082944
48.8693482640114
47.0034632017896
45.5971960019264
53.3373249038695
52.1705863164111
50.9273450953567
46.5259427143576
49.3997732928509
46.8895141977179
49.3362281248022
49.2697777186164
48.0039512846503
46.743640383037
47.9149427291119
55.5213326971198
45.5351003813516
47.4677892495942
49.2385210890423
49.7067529777395
51.7080927596167
46.4511505206633
47.9166176648124
43.5695348350925
48.1136376243118
48.7349738579305
46.2158432068857
44.7408139219979
45.4772578953114
46.93532024223
48.0256900030978
47.6112855945896
48.0780953199223
46.8072938402042
47.1629816459752
44.1703524999749
46.1179476236052
46.8335765458216
47.6249435842204
47.8527137133647
47.658185817258
48.7759142003318
46.3926401349503
45.9584671135242
43.1731986079085
50.1880103729747
47.1170769959958
42.7572344964018
45.1961367401651
47.2266735584158
46.8787732823527
45.9654829619108
45.945990008101
49.253142390377
44.3399034652233
50.7508990312366
47.5809261032901
49.4267720419626
46.955351877501
49.16726026797
48.4768992619555
46.3794441065942
51.7613532951497
44.1180387741233
46.9958836779668
47.4254561226682
48.1857135212594
44.6149928990209
51.1985513442126
47.743303711788
47.4537436158799
49.0006207282819
48.1414391875411
47.6484331916622
49.300878449012
46.9566353608592
47.028008491781
47.4951819558747
53.3133385392047
47.3219212112959
52.2569939728375
43.9339615776401
46.2468757158835
49.6081477893498
50.3397660004955
46.3805572973366
47.6254563542571
52.6151761331857
48.2892148927846
49.3310588717585
45.6517928460689
49.3282890784651
51.3306550245498
49.5260287735365
50.6364636607568
46.9053719134005
53.8922371506007
45.7698267580244
45.114687800521
46.1686594609075
46.25947921163
51.3709113480599
52.7074170625828
44.523313024174
49.0902569659129
43.6979644754219
46.1528620236317
49.4180323089382
50.5983718477769
50.3483856882299
50.6480456163578
43.5150962754496
52.5152690636915
47.9478390264611
50.4825704221151
47.2231280167581
46.53672407296
47.2873047498475
50.0529591347047
48.462112710638
43.037484073258
43.6827802723196
46.9604534873538
45.5218697482607
54.9493786225968
45.0510180132307
45.3527562176004
53.2083157557154
44.700364661014
44.5002369992948
45.449609602696
53.7559664372927
47.5119696671222
47.0156335797924
46.4942468428135
45.4443439326708
45.465486988478
50.3797156718971
46.6948370460417
48.4522720888819
46.301766634696
50.9848667640479
50.9136160769197
53.2855412260579
47.507122592271
45.1379406636767
44.4498455498867
47.8137051204438
48.2644718457663
50.4390951306886
49.404630541611
48.7026729328165
44.0147419507848
51.1448794714319
45.3061537125938
48.145996294761
45.4711786013404
48.5886871539734
50.7509014838383
48.424166844458
47.5982523214329
51.5375224864676
48.3317541304648
44.0537177093593
47.0107136330021
45.1129546748603
51.6201134192148
45.6787977770486
49.7948565340398
46.9092346287654
49.1926432811662
55.5147782410854
57.5365004548789
44.405517399681
49.8698803766965
43.1983532001518
49.6835575806696
51.8100574591014
47.7605815226743
49.4347765267029
43.1974281146547
50.544950302741
48.168819002007
48.8208623486778
48.2068444638675
47.4127586186313
47.0752873787288
48.1488384092766
48.6988173684577
43.7957262324017
47.2127272722318
47.6074221174246
43.6926091632081
46.6367583258398
46.7875743969189
47.0316129885562
55.8600051207515
48.8189771746592
49.981159045652
45.9765542177858
45.9282572509911
54.2418750957592
48.7184416061835
54.760103705239
47.6575292385492
46.7217681487368
50.2324749084405
46.9954203531196
48.5112222376544
55.3281810879394
44.2264319620532
47.2734876401923
46.4232318372606
53.6500637656235
49.3819297251476
52.0340437766712
46.6126596607699
49.4371607515208
45.0286847687313
49.6696312447034
48.8465097094665
51.8464355086524
44.4978924197658
52.5887043730172
47.2884126502582
48.6038558598525
48.6356380131427
47.8567631217615
48.2106639881854
50.7321056082347
48.2502448534932
48.85045124996
44.5666717660961
44.7439020459609
44.762187424213
50.0236059283316
43.3534792749961
47.6435462803349
49.629796401309
48.0358419991678
47.3277791671442
50.1116368188583
48.598026405569
45.8328140793674
48.843233926475
44.2490427145317
46.2181742678787
50.1328903821952
42.5139444319126
48.8433108140797
54.3029632491443
54.8919307666949
45.8349927258523
52.9439312413927
49.9241980162905
43.7234297462691
49.2473421907016
46.187823462175
46.1838966188931
50.7386610811853
44.0789855119135
45.2290417423553
42.515105571124
54.3357173307399
45.5048605556552
60.2772602881852
42.1772180280979
49.7765383280106
48.9410456858335
49.8972869657672
46.5115665806813
48.7944040712981
46.7415284502808
49.3854430949163
52.8539574697861
53.1444921413996
48.3131663346216
48.202793483155
53.6213807202363
49.9805569528629
52.2583208334104
46.7721957475052
45.8795816514751
50.7979865927372
52.5058745781822
46.9299581457481
50.5257339497074
48.3018540763893
43.8712908298271
48.3719100565078
59.2816332274169
56.4673716498558
48.0826070283127
49.9848243566489
49.2353927081731
48.3863134427955
45.9203159704767
48.1066221409861
48.084698271944
50.5345321853884
47.2517734772426
51.3288199077617
47.8562453908676
47.9167731060783
48.3109010295129
46.3981819033937
49.8112821620212
46.4812333462975
53.5854815807538
46.8351685151633
48.8696908402975
46.168051903842
46.9331343700739
47.3260814681046
50.0925819004169
50.6126777854756
48.2616077675747
44.9554804315807
57.3767203833328
47.0421072276445
51.243912055631
48.3787459375407
46.7140436775655
49.0306957024234
50.0407127690209
47.6747260312133
48.4761668267749
48.2308218744319
46.2125249412766
45.0927196585959
50.538455031447
47.5133351919371
47.4343826022175
46.2902620647184
48.4623871758844
60.1619427685479
48.9473353552213
51.71835149692
43.3625735951612
53.89412895019
48.6420593914873
43.631790574809
45.5235681287414
48.282418004177
56.2155824488876
50.7066126528095
45.2621669467289
45.8345788086923
47.9508414106588
50.8968838023795
47.4190557766201
47.2806873309281
58.2142210395538
46.4369264656714
49.4799733245301
50.8268248251118
52.1042402215061
45.7053762421339
46.7466404530206
47.1431597675702
46.7695892467846
48.3771416833006
46.9304567527933
42.886702702226
43.7844846337394
53.1708091065659
49.7006949962812
47.6397594374485
49.2225133952302
44.5239963781168
46.2811484996454
49.0013900265516
50.0045325810201
52.8745135213625
44.3471707080932
49.0787923108479
46.7364774553092
46.7928832824028
48.8507026200753
49.6909097080259
44.6110994682235
47.4799812857058
53.6383646654285
46.2496008155339
44.0079755070829
53.3775407722853
46.1943326085428
46.7252308306629
43.6929382075086
45.0112323036773
49.3449824234716
50.4202253556364
47.1666049435499
48.466389329075
48.6608367533669
44.983829428204
47.3788458453483
48.9582452326929
51.7971939759904
43.7062802841895
57.8739025677552
48.3504384588825
49.6480433185487
48.7870073709355
52.1622731718877
49.4056520614264
47.7740586363899
47.4634989941631
48.3841073008047
48.3012071777533
44.385345922265
47.9840114521775
46.1465366546294
45.0202417326065
47.4569160648524
50.2979570567729
51.1328901529991
47.1184472932814
49.7161885734845
50.461181617936
48.1791165323146
45.3491856653989
46.6897303637265
48.6274127540919
49.5447640170156
47.7609319358669
50.6721368127825
45.7312232499161
42.6614469776629
44.4189040256441
48.1486185178506
48.2953680893652
49.5536223759308
45.4114106061243
51.1321241942978
49.2034374482129
49.4657034593655
52.7030888587412
52.9357225423479
57.6642478431827
61.4986515365697
51.2133101747427
48.6154311545065
46.5060772597921
53.3405942860484
53.8291036580894
52.0930861727261
46.2671960719701
49.0615172258174
52.4377786815655
47.8264133571202
49.695786364135
48.5578986498197
47.7855279725851
46.2342075775838
47.3147223641382
47.7559982373464
49.6537907383253
45.6466125016405
44.1908561320102
49.5345591116825
45.7073039707665
48.7142052929742
48.020467226059
43.3362109808744
48.2927154546894
44.0366559926354
45.2341943688171
55.6766375479557
44.5935322712317
43.3199350238521
43.6023659865786
49.2746924840705
50.872559031129
46.8196118455134
50.4652098673699
45.6254379797138
45.9468928577736
45.9870141648256
48.8262045591594
43.7198373082023
48.667428992969
51.3959928441722
50.9221393374422
47.5438216967815
43.8500310425925
50.0649482443555
51.3786667507132
46.2077116819429
46.4762038308409
48.8956051251449
46.970178087821
46.0503759797753
49.7417697665039
44.6838598159399
46.5125297596911
46.9076548977618
48.8902634175431
52.3955740969261
50.080548418222
44.843864180291
45.773285222749
46.762207976443
50.9657353040488
44.6084594718908
44.3437763468171
50.3776114325905
43.7296868603907
49.1870901836283
44.2292401390315
46.1259228434669
46.0347835947454
53.6804037525508
49.3607920296332
54.3518612356116
45.8873044705849
46.0383816741243
59.2842100033797
48.4329245431939
46.9337491466241
50.1888914535621
47.1810987203489
42.6490208951623
46.0297221960635
49.8966367433784
50.6610051618658
47.7390868957385
44.7253251645543
45.3957527723993
48.1631112968452
49.3729191391597
46.0553475556523
47.3689910818553
52.5115881979717
46.2801498363397
50.4842169780084
51.0441881787253
41.8109118196257
46.9199071628774
44.4270710229157
47.4028220924885
47.7424359370636
50.3980575552206
48.1347228438368
48.2276079831405
55.6643307124297
47.3429749883322
46.9166162019868
49.1780702578556
46.3864534385186
43.1955034459987
50.8701614443591
46.8598868953463
52.885660246623
49.8359140238844
46.2955392954966
47.1114572305589
49.1248800683824
44.300385860046
44.1451847006076
49.61073461997
48.124796504681
42.8714095245985
60.3517420143431
45.7182345157882
51.30202414333
44.1899551328547
46.8886120295597
50.1997331812001
44.8320602019779
45.7046390521941
42.9046259323317
46.9954567114308
49.6100255848351
49.462050003798
49.9289878774499
54.0858700688243
48.064744803147
47.7449600086121
46.3348590277266
42.8739486502281
46.6233451161574
47.2641113942227
43.3528782138378
48.8864753260135
46.1453369970882
49.6173326297361
55.2807536055232
54.9388020016415
45.6783078229894
52.1971555798288
46.5015478213324
48.7957492828642
47.4325738333543
53.1650657987692
47.5113083394675
46.3698913913219
46.5644997539726
46.780592798308
48.3652730543238
48.4096072403053
44.2881885684505
50.855494876763
46.8934178420615
54.3722063345876
46.2178012457912
47.4076081888
47.3680167561752
52.4936654287888
46.8949609771504
53.7688369145929
47.1691394175733
47.3204374487459
52.9282860546582
44.9435988667407
47.260030177164
46.022027652756
45.5631474290909
50.0887331948558
46.2338575470891
48.2331689079663
46.2100502789928
46.4190397064888
44.641260647323
49.8438162751482
47.7366336099188
47.6657288860868
47.904608968944
50.2915256540871
46.6315081251804
52.7653901527763
43.0935104375781
41.6530859676286
48.077550734911
46.2947858202101
47.820034041973
49.9552613114838
49.5681652160439
48.7261185519386
45.8733364400181
43.1296218973634
47.4569928755478
55.4461796438415
50.7569831223752
46.5601525752077
48.0432581317123
47.4944609763275
51.0055142160335
47.3941949672416
49.5226772190236
46.3790197750272
47.1117653285281
48.8484553793739
50.2530751527969
52.9036919514471
47.4799187534482
42.7864905297698
44.9975276611948
51.7632171040456
48.3726350730499
44.3654020725068
47.8860566588681
51.016555928558
54.7082691805402
52.5244813425815
48.3695424199821
47.5681089889291
48.7386010495974
50.0818170692785
50.2741775924472
44.6066754052799
45.4431607434665
56.2089856116247
57.2820592765799
48.8121770975847
45.3138030159637
43.0602314390363
49.0524696240962
46.6307051814331
46.1052233278371
45.5913200593972
50.5398506089928
44.8003859505795
48.8554780623862
48.2097111222243
46.7757604204714
50.641476764893
48.4687641006223
50.4330860350091
49.5692456422488
47.2122157084463
49.5839683694556
48.9655464833489
45.5173914956523
50.9611327823088
43.4626163566763
66.3128815219509
45.8606248007275
45.7782085982236
45.9494076336928
46.2774644685175
54.004778580117
52.1765345918881
47.6814398018531
46.405082162128
47.2271058873672
45.771458716481
49.6237684083212
55.2476325268918
50.1445318746234
50.3750181710269
48.8770721898
46.3278841506243
50.4974374710396
52.8938413766275
46.9708469359061
46.5687001594971
42.5942132693594
45.0535692262924
52.6711470478891
47.2239183731643
55.3064121482966
50.1967320318366
46.0948541724072
49.1920954538724
46.8492159843647
46.5384636697728
48.3555989271324
45.7831213659001
49.2392596136077
46.754563483489
51.527667343548
49.6911053072788
46.7730506369632
45.2485569537327
44.5188657904172
47.2958071274724
48.3684860087023
49.3964183457019
46.9463200441175
49.1193922439828
47.67445075831
51.5664188733206
46.6221832982311
46.347264527678
49.2549413320266
47.9133655931513
45.3056847935435
48.9154950933942
52.5884550023022
44.2895078289196
48.8925268611599
49.5179660397515
47.5090740191679
46.9548768676775
46.3923565946821
46.4521342186206
44.3875791489905
51.7064209104728
46.6360078058415
51.962591693298
54.1009693131477
44.5183930137766
41.8748455553373
45.505509305634
42.8746252930806
49.5598406319153
46.3208199230838
51.292211689708
45.6045364145732
49.8783182314279
47.2588243921644
45.0459623126842
47.6130693807931
48.8690318858473
49.7127182751172
48.4725885365269
47.463782032218
52.4486311020833
43.5277777024142
45.1334390685986
43.2215207623338
52.2157447636101
45.9642364433823
49.6977132809953
44.917481263438
50.6054345570648
48.4638567223282
50.5787775099653
49.7642742771431
46.2697331786454
46.5273400907007
50.9479760137733
46.6380639397369
57.581115394092
47.9451596068721
45.9903021310274
49.0519020630477
47.7410476320995
48.6402341845394
50.6995150611836
50.1747538174004
49.3055858134527
48.9771182827673
49.0485689106076
46.5495360984607
51.074707270962
50.5732803957451
44.7355761723177
46.5429591069921
52.8450245012292
46.9089741193431
46.8149290615484
50.4461832359429
45.072353822706
47.5966768604396
47.0912282817973
46.4049531417842
46.6283237036122
46.1625298811
50.1157458019427
49.7101303130707
51.9468379604923
49.5210742307646
47.5735917258261
50.1519404885075
46.7359157319447
48.0619090223781
48.1203200002524
47.218004002147
52.5221304227413
44.4894438393078
49.1212494230281
50.5021293549044
51.3139602722526
46.7925978286624
48.1277161511326
45.4279461508795
47.657359921287
49.1541583038339
52.4121518041793
47.9230254599502
49.1031209105028
49.0284518467916
46.4423133150968
49.6535571351602
49.7125425822574
49.6790490236045
46.732651648366
52.4232732097386
44.752846682832
49.2346790342738
45.616524194572
47.4564697860492
46.0405463527446
55.0993535210303
47.0395573852941
49.8552109383773
49.1146029177867
44.3891488687528
49.9601209750468
46.2404383067709
48.1347095888594
44.1902568300217
48.1755037694807
50.1338568884767
43.1752608348451
55.9042440429111
45.3284235084435
52.6510210504995
50.0586359126207
48.0820786120726
44.2366593720099
57.4167346623642
46.9495087101732
51.5279445750036
43.7204817100557
46.9299291168824
54.710445105598
58.5041946951089
45.2828152964655
49.3509205259454
54.0650237006027
48.8660043764171
45.5146227756315
55.3455166338324
47.3545175338675
48.9359224825346
51.0168984222915
48.1193360753652
48.1489197557081
44.7982258478769
46.6931382420416
54.2716841747316
43.4185908477982
44.4689272315413
45.9636754940598
46.2507959835393
53.10739689724
48.418834141267
53.987272023571
48.7489946987933
52.2238747330978
54.2298236897342
47.5919383155589
43.2807053164518
48.2121677633501
47.0183939083253
51.9846621440535
46.7854225575289
48.1822983661739
47.1985690329808
49.8710687162358
51.0680180199338
48.2184979473709
44.8996364885689
52.6618470412503
46.3321823595452
49.2903366061875
46.7825582080852
46.5284416636744
54.3829527961631
54.3844297082188
46.6001943079813
53.4746863656477
51.1064319542068
50.9790932579048
44.3410256895027
49.1693035026478
46.5539973737776
46.0754660541183
42.7517892563603
48.7381492642349
46.5127946103045
46.6888600355585
49.1873796696305
48.4644642532534
46.9008794715759
51.1799628390206
49.4677393535506
47.8646239910866
47.6381427449675
47.7471164862963
52.7053260154384
45.3376768037245
47.8359821704508
49.1970798547239
48.1941631857074
49.7790613515028
46.5435813058866
50.0443384931213
55.3413943584763
48.5008055514396
51.1785066629444
49.5221082990118
54.1973450184705
45.4534569253744
48.7399620159493
51.7965958900576
47.2726941232972
49.4212842566337
45.4404171090272
46.5475160895096
45.4848046403416
46.3147276152863
51.991250157835
47.9390388100651
47.2971913893287
47.3345274748202
47.4505071351668
51.0267118550011
53.5493768676563
50.3699900536728
48.0487567553489
52.7729350073992
51.2159041189731
50.0629302466726
50.2683552945901
46.309259364067
47.6741393938638
44.5723715707794
47.9414921708776
51.0468205973706
47.8329226300333
48.2685286048936
44.6579360605451
47.6708507707757
47.7115624686404
52.452934154919
47.4087572315862
44.1398130906851
48.05684661344
50.4917235689709
45.1037384129019
55.0067295602309
49.9367830059292
46.5350441705367
57.8671558545092
48.0210860622829
45.7076199095734
46.2007723955645
47.4905767127865
50.2035116780702
48.1647715214499
49.6896393074934
51.724416468313
47.7321733715494
46.4650313295022
50.8253044033363
47.4113530857215
43.3140537464006
42.9265685749513
47.0543753592838
57.5025618711914
50.8400763730347
48.2410844076656
51.1627162505956
48.2936579785448
46.2172607676062
50.1620316855516
45.5027492704429
44.2297527707431
46.7925301309673
50.9775605891615
45.1841332102028
48.1070905268571
54.4763224432922
44.5899646692573
44.4504614880337
52.3105614778048
51.9838962333051
45.1338349512685
44.8606039776618
48.1141963317695
48.0086134618225
46.0095861115846
45.2010827734923
46.2212844102775
52.4297927333816
50.6410468354143
46.5990897862595
53.2912616987045
54.2591526900966
48.2030272470401
47.124098133973
45.2916398098721
42.8015565895445
48.1655344411846
53.8091363256459
42.9764898367543
44.5490179603251
46.29453078911
48.5011262842165
47.799231090143
51.753393740151
48.8512601327976
47.3574339255886
51.5439737460852
47.4811724086528
46.5928382997547
48.1816401565302
45.3170141026454
49.4083733297696
49.2405260618993
47.131448452714
59.550772777563
48.7882932577435
45.1307945185169
48.4389887877046
51.9930862925732
48.5634204270501
54.7849008076837
51.282004281638
48.1411552508579
48.6088003537142
45.6457692085111
58.0285448003176
47.0355472801788
49.0468029267175
46.7089780132743
46.0394189213611
51.3893036415763
54.7925597362285
46.3230023652301
53.0238905276829
46.6727083058358
48.6714359734717
44.0289654543254
48.4491643732855
47.9418651112237
46.5327297863557
52.1572975405018
47.479783054359
45.2837897475182
49.3306302652551
52.380507295865
50.6652693526561
45.6497226334597
53.0622968691156
48.1290452647462
49.7185777690548
48.1305371422508
44.8401139210222
51.4456614702587
54.9800445398438
43.8156478195618
48.314279133925
46.9251072731085
47.7520857202213
47.4930924426477
47.1511994562044
51.4656389429633
44.3332694216234
48.4974186987635
47.0224132363514
48.6556148160011
50.5764045304862
45.0571429078842
52.9243828964797
45.2216192568396
45.939064677217
48.5260451387255
47.7446830597723
47.8785119820593
45.1252877334666
51.3766190856712
48.7948359002255
47.9099925017719
48.6517933278186
48.2529223637152
49.0864248540775
47.5917334049365
49.5370609578591
50.492763117952
47.1702855899911
45.7198589981558
49.0246083683003
44.2121965341293
52.8447328961093
46.3366427471488
47.2864699058891
51.0297646476348
44.7081907109213
48.9861536482301
48.9652161252563
48.0597835350388
58.3656679836785
50.3301147181524
51.5161777021085
47.7480652791857
47.9132024667192
51.3177805190687
47.2890628145583
56.5799411231537
47.9034075921556
49.7478200239115
49.942514254046
46.9622933015545
53.8659378487591
50.249978515712
47.070996381644
48.3903661058573
48.6562038866454
49.4388817926809
50.0741089126132
46.4276937696634
51.0581889842499
50.8410727996854
47.5633430601816
48.6111421774761
46.1439694952341
45.8798345667333
47.0302506311879
47.92804176949
54.4447348643745
54.6326976337633
53.1817810225416
44.9794707929325
44.1728292927165
50.9235242718101
45.0271635546144
49.799725218126
47.5810072331912
47.2829710115903
48.5269442095354
49.7043252223701
45.9014668352451
49.3167548399535
44.5487632845889
47.7229293493375
51.5552999233636
58.2918504114397
48.0362175936755
64.1931384776495
50.8917170717359
51.5505111966069
47.1888031454532
50.2750935958557
54.906849790867
47.5828360778992
47.4165748565882
49.1496694589691
48.6989210592139
51.4158698201044
46.6743620674961
50.8395517466727
50.1334436499965
43.4583233060556
43.8601440893763
48.8702295934501
44.9325020850686
48.5439971527234
45.4190578795688
53.0602102556761
45.1359505199751
46.6669771825676
46.5763280425374
54.9023824251324
49.2676896605088
47.2214333959924
47.895051288453
45.2921802125772
49.791635715851
50.3031297755651
50.8281813682708
47.5686379862967
48.9270068096819
55.5078874977649
46.6318668593234
49.0036163333171
48.1518941083756
49.1032205543342
49.5369941102785
52.8430980357125
47.1950134010883
50.7402144190148
53.3896658489902
46.3768542207786
48.4591468185212
47.4929581959384
47.5776758692573
49.9927060655395
48.251368968938
44.7858361205993
50.3516912001479
43.6228919238138
45.3528501255644
43.9873241822341
45.1252542177547
42.105798808958
47.8943634023007
48.5778959423368
50.629118273784
56.9374625968797
50.0403041658179
48.71725202525
47.6703945119572
50.1974232834779
51.9269568441624
51.8561414202212
48.8922814146946
54.5436889271051
47.3524893161121
47.5176241981779
49.5029871358014
43.2234702196757
51.3582599119022
45.7875946452996
49.3920529365022
47.3244995394053
49.0309760542017
49.9005091246409
44.4447737021642
50.1160308278318
52.3086040793826
48.2634546600952
45.3881534539993
48.6604281207425
46.935104451087
47.853040583379
45.0617856420753
51.936914898756
48.7066588527049
45.8291226460779
50.2047146741682
47.4636006587004
50.0519819318982
45.519589190468
44.6068109574287
43.414243590076
46.4850301718517
51.9829184666175
45.067150811379
47.3221806061372
47.0156013964516
45.8010928337556
44.1206075196166
44.9849382481645
54.4332598624204
47.2406026749639
46.836658496442
53.2851484090768
47.6013519872209
45.2499182173143
47.0768543271219
46.5999379931543
44.243772166615
51.9957358044182
47.0307814876705
51.4349855598934
48.400648043065
51.7159148279812
49.5939068959811
44.3440396431166
47.3763958685823
46.5301168780707
45.4734456256162
60.2392497902558
56.0305163315939
47.003870185292
46.9401490026814
50.4664422341722
54.8931587587457
45.7106408092073
49.2136505325243
47.4615936745078
46.4712642693789
45.3923662144782
49.5073364785688
44.006211595286
47.1690251542347
52.0880543315158
57.9710821186607
47.033637785178
47.0003796163496
44.111882364583
50.7983530084965
48.0259314399519
49.7735008421344
50.554244536104
46.7713675427208
48.6225701156467
44.6755941139927
45.9231792419117
43.9435778515679
51.7842970676997
45.8496849244468
49.4229486279916
46.0120881534219
47.5193627942059
55.5036846373709
45.1105188263859
46.3427731888173
47.5145800321361
46.4867863837673
45.3714453702094
55.4169881034747
47.6977929596132
46.6198488141855
50.2621253394514
48.1138716210778
51.762648055695
50.0911337871683
47.3844002717609
45.3577294713961
48.3198713055913
41.8339075318581
47.9017096436033
46.0280610785193
43.8505577818704
46.1683236873041
50.2442162057114
50.3468497274049
51.1076393320148
46.4208070372214
51.1856103751881
43.1973971794279
46.7867198314256
45.0836572998734
57.0610405881644
50.7263443179948
47.3665199210648
56.2662134694855
46.2359906321167
42.9440867566584
54.4822699562503
51.964706596979
48.8856813279835
48.9833215890633
49.9355837263979
53.9625636967839
52.1098177693005
45.9923670824945
48.0503560112546
49.0590787621709
47.4233483740652
49.9322984530934
47.0810621074856
50.0039840686816
47.5098914710618
49.5081874404765
51.2974781962913
48.0264713889036
52.6844507583272
50.3502155403548
50.8962026357368
47.0159734062599
46.220534928648
52.5311886810894
49.6896378653597
45.4094739240644
48.1292684888854
44.4245445799787
54.7203025311892
49.9840453184039
42.6420380663552
52.9941951287949
50.2897796349909
49.6617324064899
46.4011154115932
47.1653305351502
48.4680512093564
45.2848080914198
50.0214754587689
51.9603374182179
48.1501645491106
43.7379027573696
55.2974771788329
51.159577387707
46.5742283975211
47.6088453795764
50.5390882374151
51.3911793019265
47.3389141066555
47.1242918696546
46.068705284925
48.2703785631631
53.5688724001464
51.2833198121437
46.8461753406069
46.2634647781783
50.3619384586539
48.4302540150489
50.1578099394455
49.3891262135009
46.9472326823016
42.6575939242629
47.6940669304924
46.7615084033616
47.4687355862718
46.8895163603168
46.1819962001402
47.6916862264934
48.8653385742063
53.3924048044435
50.4749306151492
45.3116724667975
47.5268941635777
47.6466115777324
48.6976776107948
49.6580087178302
48.90169665358
46.4458689821168
56.2007242718309
48.9846494899609
47.4389774283401
45.4444345940261
49.5857997737979
50.8549017738648
49.1581538367653
43.9187709659695
49.3318583519934
50.3364583724664
48.0027344273272
46.2503359906541
47.507329410758
47.7402053868686
46.3535014499795
52.5617482766945
52.7750129597403
48.8279629703305
49.4984255645206
50.2273727738901
50.6912551485861
50.5971349942397
46.813584790105
49.4139605796033
45.7205528446818
46.1704250815316
47.1900258733264
49.1010070821127
43.371188854911
47.8654912910578
50.7332774605279
44.0141822716195
43.8884562194149
46.0241725536634
47.6436456014576
48.737125654239
51.2142691793469
47.2226834501238
44.9564422620671
46.7423823575285
44.7348502389079
44.4996706104199
49.6230821553984
43.7816908949665
48.7353295735174
49.8496127651358
44.8892588444091
48.3408757832868
51.1907883869176
50.2695111549688
48.5857355756066
50.5171571227288
46.3299194749728
47.8133578860432
47.010512713953
49.4318926953653
44.4129480486702
50.7404864505415
50.5345662137811
45.522873194623
49.1004582229794
49.9221214813189
47.940210441761
50.3692994268011
51.3443140839915
50.412785230847
46.571576562707
44.4098876902075
47.2446797844387
47.0765018770135
52.4223228710637
47.7105189021514
48.7179625812982
48.0528766574036
46.1620863763321
44.2895787696164
48.5122632314366
42.7505683004735
46.4230720672942
45.9621410668475
48.7447220869071
49.144602861985
52.2911001829433
49.5562063660882
45.3079901035526
44.8784486958005
51.3200706981082
51.5063559066703
44.0167170184672
45.8671495032069
49.2254526466365
50.4100398833753
50.4670733246883
47.3238023694944
47.5207014044833
45.5333273898932
49.7091173647336
48.180831348991
49.5997816085004
48.7106899955179
50.2262871091038
49.8549027934292
52.229193391519
50.0679068664233
50.0651868851336
44.2295332989015
47.6791129746525
48.8764649314167
52.809481422797
50.4790413752881
48.8204962347803
47.8154560282631
51.7024789691265
50.5520059143649
45.4218413391657
51.3028426053999
45.5080312639333
45.6849353372553
56.2577706075329
46.1914625409069
47.9572252027472
47.9605963051875
47.0338460438918
45.4991267261152
52.1359942749929
47.2891539585472
48.7691157649081
44.5248592030126
43.6349133149452
47.7193046890003
46.0139626593226
47.1414874746689
46.0017818919224
48.584276443055
50.6914194369396
49.5040405044971
46.6637045933536
45.3109482277115
48.5921033144487
45.0951653803474
43.9612067830363
47.4877056456875
45.303890285913
45.6739481258255
46.6575470867199
46.5425175195771
46.471790420054
48.9704194634086
57.2590152254754
51.6225777913578
55.769888396762
49.9234031027315
47.3774016108144
45.4373587467433
48.4742246960642
50.4449768798267
45.766395810482
45.4139341109903
47.904255337394
50.3914859601964
45.6023132152738
45.9714232358708
59.4256751862279
45.9949585626411
49.5501183896427
49.6158327277729
54.3135552085722
48.9954342325908
53.8570661555649
51.7345250999571
52.756007313709
49.9076749574429
51.4223574411886
47.9558466688744
53.8820712650797
43.8563988502561
48.8624993390211
45.3552746155837
52.9102242587812
49.2788843827935
53.295490498401
45.2074395773798
53.6688534638244
44.7668980294399
44.4768584313369
48.6828662715653
47.5999610154375
54.838601568718
42.6634586994576
44.3670634639487
42.8164205777231
46.7678298524753
48.4322593607754
55.4245982044176
47.9070944337616
54.9821138270283
45.2830401151814
47.2678987297741
49.5010734364187
49.5450530436723
46.1109074707883
47.4266688691464
47.5680253038049
49.2911348722926
46.8608422509877
51.5040082988328
47.2728522346946
46.6998988243351
51.0003523178667
44.9391283659653
50.3653127129277
44.4235615021326
49.8456420255606
43.4362890454661
48.4281480713106
45.9076339442361
51.9483792262852
48.5118083211026
43.5637590867134
44.6496745755635
56.0442717457602
45.5682771693332
47.470754168336
47.7910566629194
43.6243244934756
51.5142945459232
47.978671205292
47.5999073476258
47.4499537927064
50.8876410433287
50.5992206636471
46.7905387750793
48.6293406396799
52.4437600348322
50.6177426244623
45.7536678088269
50.1099487047715
54.1957848751584
47.671256659479
56.217921057869
46.2489947647627
48.3901092033327
43.4047379728377
53.1718522293043
46.0118048848259
48.7942787067276
46.5116281867167
44.0888606342822
53.6658066712701
45.7379021308363
45.2294793088938
48.0678319252761
45.481112240472
45.356348986647
51.220617703608
53.1214935295985
48.909866149439
47.9428540881095
49.1756419823798
44.9337686101132
49.4335238581288
47.193134004515
42.6145853656549
45.7878448499357
52.2231545309176
48.1986132591396
47.0431147284449
46.8873391901979
49.4682639040616
49.7591840579867
52.6792404879807
49.9182400736381
48.2905992231992
46.3925685993995
51.9773543621126
47.5271158599468
46.8826060190858
44.8105080504324
49.667635319964
50.0543647649137
51.3628038066873
47.9925937625944
48.8067836155384
49.1707962841825
45.9734736497953
45.7316517785286
46.8575128197036
50.4098978931946
44.1086342488569
46.4244540746733
44.5410016332585
46.7195060765675
50.2600693828752
43.7393498617725
45.2336363350629
51.0244533031698
47.4629925834496
46.5859214047538
52.0521909827303
48.6691976493604
47.1826278873093
48.6711379294853
48.0207052697922
42.7301716673133
57.5541235521409
56.0725543431035
49.2892559885646
49.4235394300474
46.7398385843404
46.798739710554
55.7674132492413
46.0433087845415
52.5453229958787
50.0387649805596
47.9558126098821
48.5719919958413
45.6861401096479
47.9595889682535
50.1081465223628
51.2511756604253
51.2811370566044
46.6390817213044
49.9998639014559
49.8348826384858
52.6328485533068
49.2697992084973
61.3888944650961
49.391488403549
49.9176326172466
47.049997813149
45.419802632586
48.3582944281192
45.6831961810166
47.313953799897
49.1855337405619
45.6172337367095
46.9932292967271
49.3452192043965
46.1542463900469
54.2788302283209
44.2423839572877
48.8035173364618
45.4070627862322
48.8174183924608
45.8266323886916
46.5473553427533
51.802712411874
44.0683839124149
52.0883650051107
47.4904633680436
47.3545336458104
51.9040302658385
44.8497835474352
50.4069327337663
49.5438919240635
49.4351683065301
45.5486961725011
46.165417291861
47.7278365189239
53.2244992473902
44.7982713417921
51.4224316841354
46.8328522754904
45.0764597704535
55.8020878330968
46.326244767273
42.918793668827
48.0822092221674
50.3986090043358
51.2607601322846
42.4829724814031
48.2812837251424
47.7810742228831
54.9421443745377
46.858593786685
56.4916583140181
55.8470420264728
53.5404198719192
48.3954648592987
46.1260191183525
49.7063516171587
47.8653021954626
45.05733779487
48.0908831003561
58.9002983270827
49.7206471938665
50.3136397191382
48.7906302304413
47.7844540477345
50.5011093861305
47.2960083189891
44.7748136814169
47.6629617738501
50.9661852525114
50.1484864225815
59.6082327034385
45.8166758702091
44.2992505104828
51.3728775132252
46.1529435751214
47.5814447875964
49.1617254478743
45.6960037131704
46.2453242263951
51.1348635357141
46.5099254766229
45.5238181096859
47.4314786350448
46.6816417274742
53.6861144928981
52.3801501173909
46.6252779727944
45.5411135845377
48.1542818515344
49.1828435110014
45.4535025780729
48.9227726920243
51.2681806878963
52.3903694357531
49.2791552173643
46.1009412797955
48.7530922424013
50.5468666769815
49.7673558172556
47.4405165985614
46.0940390857198
44.2715348138929
48.0542650588287
50.9100670742209
46.9020124091505
47.4989844929321
47.5189365728867
57.7429782004824
43.3231627344546
45.2046594895849
45.8461052266554
47.3231091086266
48.6776229073753
48.3157472960141
45.0091403292744
49.4130617723418
46.3919258041459
43.2445633151184
48.8157160021594
45.6691354930481
50.2751961936877
48.1297365366776
46.4434568617861
53.3571953193876
42.3014738154015
45.154959441078
50.1777713543502
45.9311058541195
51.6276656460494
45.6540443923367
46.6735420268347
55.451643692063
48.7075363843641
43.3429058382381
49.5152795837016
51.1505412597069
54.4703097133851
48.0961776227828
48.9781831017118
47.9649553482323
50.111035705463
51.5175568614482
54.8432193046127
47.0797850654481
49.4658023403066
50.6939764838155
46.9371186512546
50.7893215719441
46.6160169124299
46.6440018614146
43.4125244231194
48.4997708260257
50.185459831641
48.0090538177999
47.80538492873
47.7332812997344
45.8512710811043
51.1505766793539
45.4806582818924
48.5040674216104
56.7586557091867
54.1841328089887
51.2554316650803
45.0075529768751
47.451924149613
48.9140406722556
47.722961078211
48.9185079699068
54.0272667348809
48.1511772664058
48.2794757197618
47.8704157007861
49.4706655368505
51.4905274489822
51.7972770209388
48.3466168613192
48.1362527309128
48.6404568996049
58.7072023057742
49.6429152281449
48.8293233286669
55.3211240664896
47.8589979539886
44.2463549861785
45.5673444460913
48.9626711418404
51.4465699688776
45.6788075994263
48.4523459646343
47.6256147476782
51.5884805179502
48.9430959797509
48.4130872216349
50.6220739777278
44.0782396458284
49.9188782021604
50.4541445505265
49.795431404591
48.6269421092035
51.9845926177264
50.3489020084066
47.6562282625522
45.9871195897449
48.5208913813782
47.0285461063461
49.8186297422251
48.1163979003181
46.3961536492864
48.7912652270385
49.6910336332697
48.1427391810686
46.5328509379144
43.9017081773663
49.6137036267715
47.4094378712287
50.3088349191734
46.8768231628157
45.8923679984864
44.2106091881203
47.9828099860275
63.9296612135678
45.1832953246422
52.39117372244
45.6417415094087
46.4025509722435
46.450407061197
47.1312072413854
45.3050228545377
53.5005891957696
53.023915662999
43.1566076924857
52.39642364153
45.0036429111551
44.7475209767702
49.4369623268706
46.7631527285689
48.1940432256974
46.547257661426
45.6769210071572
48.9233502702733
60.5705420859336
50.434028782903
53.7989934554612
49.8501677249853
47.6606643923332
50.3870705254082
49.5608186682279
44.6011830264205
50.3144975605838
52.4681670230568
52.911107335464
45.3428911338807
53.4931379382662
51.5726904244911
51.3830275106591
48.6978353605503
46.8539785139243
44.5212730306309
48.9229894643106
46.3811493314619
47.9344683924207
47.5244993656104
50.7806338096581
47.4958712116334
47.0793079184989
47.6472366960085
49.0882886680979
50.3229509321524
52.4522261861247
47.2166984223031
44.2538665605492
46.0471685955798
47.7966522281394
47.9591574268536
44.5381431257837
48.7277659020501
48.6160302786897
45.8060006397927
46.487081508818
54.5783798447108
44.554896697086
46.6155641021057
46.1877448786109
48.1026269206496
49.1113597441814
48.0101724804476
47.2583767107713
50.3916466827295
53.5750353692343
48.3533549137957
48.9673387854363
51.0268813224341
45.9837951647311
47.8507932748381
50.1320417875317
46.1741523794976
47.0383178917759
48.3041039271361
46.5333688333992
46.2424765738585
46.6449175390087
48.5751770528168
51.7416811128094
47.0835655566046
48.7596919867029
44.6791104031164
52.4640567220745
49.8875659051648
44.2662869408804
49.2821035161604
54.7109160394697
55.7339210613034
42.3025140622281
56.4806082909679
47.8768658299709
45.2916909490217
47.1569153165625
51.8660905964445
47.4875616170927
58.1000030299859
45.6563645759725
53.229191354531
46.0750610040644
49.3792529650788
46.4800215413185
51.661818551701
50.1273983792509
46.8251508058303
52.0359282797112
53.1496882541976
46.8949323876642
49.0912356723106
48.8918058640455
47.3333167530173
49.0573221552111
49.2130284926768
56.2587924840469
49.4771576020623
49.9057134116356
49.9987056792548
46.4813802298753
47.9714875420965
48.308332641226
57.0475843118035
47.9695267118939
47.7225341353167
47.8466832064801
45.8872547461528
50.5412636819893
52.5616634426798
62.6565423289654
45.2252202546863
49.6148353647759
44.7961416747411
50.4591631392681
49.2990725057675
43.9788733427535
51.6097763624257
48.5969222512921
57.0385820020619
49.7519111843807
44.4540412778926
46.3855492035974
44.0973902161445
50.5247564988936
44.7777557130014
56.8447097929815
46.504581480643
47.9159804066839
46.0695720499426
46.0843417155419
47.3302045497579
49.1526850240111
46.3061813773848
49.2285492173479
48.60802834415
52.3494840065678
48.9829314491556
55.6669514499073
47.764246974817
48.7624054649104
51.1075721361184
49.1588785667461
49.7185751153563
47.1094887173139
49.1038268659632
46.6188494050014
47.5454980059249
45.8090144195117
45.330548487746
45.4064661743979
57.7043154765364
45.9088421107214
46.1464764993511
49.6073059018827
52.0201889519098
50.4171258500287
44.3368802249839
50.1449198406487
48.4640095627414
47.5824428844276
50.8560151864065
56.1610272854925
46.7542148553466
51.0364296435886
50.4427657120656
44.6418063320994
52.6269393835809
41.9629468415272
45.8847527470545
50.2709403811388
46.953554982801
46.6571071951666
52.9831561640117
44.7476502821551
47.1883961684777
52.5619374711422
50.9346348387959
42.9751659317296
45.4530899096669
46.1604179062169
50.0175830615942
46.8633072922582
45.833362581094
49.3588989577227
50.8536486350753
50.2534028508382
48.0332546388365
50.5248382460686
49.130685235188
49.9749570471989
51.4923548417684
45.6177878340146
51.6318350592664
51.7756007347752
45.023623909469
49.3427605549335
53.2503742510768
50.2418285199912
47.5360335595711
42.1420043525544
53.3236806764802
45.0590153234216
46.5072645064562
45.3876182734059
45.7618536865621
52.3007926382172
43.9336319536551
52.089631546046
52.2569764001195
48.0420021886912
49.4970634351527
53.7601025664373
43.6609409984248
46.9856109495671
48.9384978631317
49.7044511807001
47.7757815148784
45.6404705714498
44.9128790482831
45.9802258449313
50.2786264844081
44.1301721211773
48.675802084947
46.0708877844342
49.1737767667003
43.5610494432144
47.2422385410639
50.6294896841438
47.9935758245909
48.511005616645
45.9347483224032
49.1511716151162
47.9233908844766
49.3046229767197
45.646138632908
46.8664152370049
45.7490902380369
45.049842931054
46.1089584619126
45.4519175760173
47.5837654904587
55.2323001730005
50.417448091397
44.2949912090042
46.4083430074099
49.218534223315
46.310072552029
47.3050801722756
50.0711373313949
46.5985754173799
48.6026528123751
51.6537782925848
45.8385928915094
50.3450352417807
48.6905701801098
49.2114873910341
47.805858950712
51.5028026407612
43.4694957542038
52.4242603292351
49.2633370932636
49.4395249235386
45.5957433296086
51.3506925068932
47.3840898529204
47.0528684955361
48.5167049457706
51.4989696390809
48.4648565020359
46.4850131542485
52.974892043283
51.8572780840165
52.6569757928203
44.4859359431991
45.5207621294446
52.5400075103827
46.8352302084679
47.5797732516685
48.0377682560122
49.3726341337637
46.4695860661934
48.563482541282
50.9863501601635
50.7080308858414
48.3316434924091
47.1128447402476
53.090464024962
46.8008683383122
49.5525800103551
48.6308093710325
45.1863524112293
45.9151933832325
48.8532081632185
46.4164240835026
47.726748170369
47.531740170852
51.2728343694997
50.3103744550762
44.2425176796809
44.4199201880602
48.9939965738632
47.1124306309019
52.8931994354287
45.6225360135623
43.4347880649316
46.387798892055
46.7947048970938
47.1507245274697
46.8931356055624
44.1240518576091
52.2785934626059
46.0519134811831
51.4199955627691
48.73675360925
44.4190647862755
47.8987866189159
47.1567942806383
46.6640553903105
46.6160247176918
47.3913552986014
55.2092350981344
47.0257245303276
52.0498356596923
50.1540496212352
46.8929790716263
48.0419735031846
48.8165379449757
47.5315532450479
44.6089355796821
49.6015170916132
50.0510273108641
46.2806347869302
46.6270035738137
53.2608056273354
51.3846705252108
50.31774387659
52.8891333074832
53.5108928015395
55.6451858507933
45.5177895653506
45.8081337634963
48.821875982133
45.2597101941753
44.735858748209
48.6464243482165
46.6639691289809
47.2338736872081
53.4289764936276
44.4087024637835
50.3349560163226
48.3918816354387
48.5110024871724
53.8808951058839
48.2298573163488
46.1503406801181
47.7316940980364
56.3804779983921
46.0610854176171
44.4094165172236
43.3916614323482
53.9765407710982
48.1217535714772
50.4134869410736
46.3690559511112
51.2321255730854
51.8171246997178
46.6315185890318
44.3726112406624
46.2450655458312
46.6497080493976
55.4168200754223
46.3495740608246
52.2787758107506
46.2434897205059
45.8123344676512
49.2797577607476
43.9943049373511
54.1082715182996
52.1176810562022
53.0843153618425
45.9700641348929
49.9693211102386
46.9723573316806
51.4774139722454
50.6115663500452
45.6259869628797
47.9222782578538
50.5543136409245
52.1368737156302
50.4816512794819
49.8594177526351
48.5196742374679
50.5193989478392
44.5394324132103
50.5586168207271
53.6138530255435
41.9525743653917
46.6706152805812
47.8267034535292
46.6933055504568
45.6922977293345
46.5453028804898
50.1603128090781
48.8804146113377
48.1374557024948
46.9843309361656
51.1883541831631
45.56253922326
52.2433864417024
49.1165113365555
49.4624926114267
49.8496798042404
48.620598412225
50.8176839973972
44.1165106693564
45.5259879049161
47.286812384131
47.6615784905018
47.3501361854792
50.1265984475963
49.8672296414535
48.6191004524434
53.335926314741
45.6024208151524
49.2969108914067
48.841420644958
46.9613341450183
47.1728948154182
49.9152187497493
47.7333072604465
51.097142841755
47.2324596392493
46.6202711023712
45.3399971756296
47.5943176354391
49.7062065099571
46.2865219373198
47.6884154291872
53.1170476737473
50.5733822445825
47.882793034378
53.4151174314662
47.3148421547207
50.8776202612995
42.8205227227628
58.5495203961569
44.1012288175705
47.1230804312926
51.6872162389164
45.8422284129288
47.6319796680964
48.3828508969488
50.0629066081382
50.0451654780954
53.4488615003091
49.9737443459658
49.3390392204045
42.3006854757999
44.1505671746174
50.3413257100055
52.5883277771197
47.8546753151841
49.7344664158771
50.9768427968112
43.3788952881194
44.4082530663651
54.6443487010053
45.7256361108496
47.7465698418689
46.5654920193107
48.3984101281877
46.5554914850198
45.0909050669333
48.8774000358404
47.2486803593356
47.5721866325503
53.7636778697571
48.2143074303845
50.5363554674083
47.8420666953016
46.8550488435589
49.8380198229145
54.0398299954397
44.7323465276037
43.7456554384072
48.4335914616686
46.3973906563023
49.2998679256303
50.2115040417678
50.1532330664473
49.3308024280209
48.3791540179839
48.4637897491959
48.7802637172456
49.36804368122
49.2352479601146
45.9968460338199
44.3247500061245
50.4934268842178
47.885918298447
44.9698121970197
45.2566977621964
47.2199575831543
48.8957821868718
48.5958904865
51.5985333379298
45.2915262493578
48.6050485659047
46.440142106189
55.5341350501513
53.9314975772109
45.568421968457
44.4977302695423
46.8771502331171
47.7457639151444
47.7892799377931
47.823209377474
47.3521367342515
48.6459502206494
47.4683305968136
48.9040953795576
47.940149277959
50.8162019951137
43.1989332646363
46.7832599315481
50.1487821656054
54.2323795870844
50.4362314944868
45.3747629482945
52.707249152167
48.1389561778214
48.4267514175109
45.4980337599432
43.6516053248277
52.6334106941739
47.98084687084
46.2666224396878
52.1921522158619
46.4426873220229
49.0530507590792
50.2829747228443
54.9611701704658
45.2875530224442
44.1272990409407
46.3991986735163
54.854380480355
47.5913292692538
47.1082166226825
46.3227436866068
50.0505348655743
48.4840310401609
45.6894565536242
50.0149724117599
48.2102374790019
47.2862612993234
48.3295914613684
44.8659470512858
47.0908657135443
51.2253662267546
47.6251931371714
47.4827977083014
53.6498069864892
54.3221226068794
56.708853812288
45.0535573352255
46.737747414749
53.6919389008631
49.6749770957152
46.2673995653523
48.8029208934625
45.5666301301912
48.1847898028084
46.6990981614905
51.8075515280646
47.1722847465625
50.217743077847
58.6024037312685
43.3861127917448
44.5022585318535
53.9079929152158
47.1817833785279
47.8140040804713
46.4416001021868
46.9583548948384
47.2114975583021
49.1755571390608
42.5713309824308
48.6427043674327
54.6907006396807
45.7034796265852
44.4691504112474
48.173220419483
46.5289071876664
47.034493116499
49.9280090880558
54.0857532021399
51.4365818489112
50.4518045469651
51.2951235913102
52.5260142337047
48.54581583555
52.1839164748236
46.7883334054415
49.2195156332228
50.890988293258
48.3795458022416
46.5376398257768
47.0787632159405
48.4042997300239
48.3396326303773
44.71352341191
49.9343453697698
51.026016686142
51.7289325296772
50.726356140797
50.5700458404158
51.0714962021888
48.2079835117736
48.815228688653
49.3181295716779
47.5314630711795
50.9251257161579
49.6446189751387
53.4470810534223
51.9868433367487
47.2268219225532
49.1723152875347
50.7725074615216
64.1653698499241
48.3882630594399
47.3363892182636
52.4199287252453
50.6165296957656
46.1240273772407
49.5601006007859
56.3530075316381
48.8043246119047
54.4892240305046
51.4061511699355
49.8715412748109
53.6383686370301
48.8377212165645
48.8311082474216
53.0782813182836
46.7675911070906
48.1154544623667
48.6043455615207
46.9268721162294
45.5666732194407
46.417699354939
52.9351312250954
62.7819959688895
43.624474402877
52.5104896760321
48.4416471763514
47.5285260759676
51.263350565987
49.4500527036863
46.4495787992344
50.6440272136372
44.5203011823049
49.423862541333
56.0981032481415
46.9293668992751
55.1085029812472
45.2129698569295
49.879054084143
47.0844004361153
48.2053754647596
48.7864466452966
48.0256112766964
46.4709306491726
54.2647671628247
47.1763008582303
53.9839655525831
49.7511729264344
49.1937278459854
44.734326579034
48.7700368310669
48.6494688627293
50.5022082251598
49.0262877121631
50.8306983836133
44.5608882628752
56.4031882230865
51.4712063747596
48.0744900936192
47.9596554196972
47.444624678661
51.6289913448917
46.9214674448277
54.274059097019
50.6005534565154
44.98708377428
48.6344388947509
50.0631358639295
47.7451897149507
47.8372720478691
43.2753267796791
51.4284127900318
50.9532084788655
47.058036624838
50.7368655297035
47.9551016766894
55.1720631240334
55.708360769582
46.9690791617577
53.4583439154252
47.1435035961498
45.1042798131366
