0.28320036681437
0.44089529360546
0.395649578266445
0.133244147744422
0.238221692069804
0.294546550714935
0.177345946553967
0.0197623473726652
0.0741456518301296
0.0979166996277243
0.23930290349279
0.292121156272955
0.502610932189288
0.260729008732494
0.187562729792587
0.265830208794067
0.00632671573208739
0.122425748108429
0.208848910781354
0.401589900645016
0.269798599852817
0.223275410697529
0.0729605544741279
0.27900438080964
0.103517942765118
0.0880347817764579
0.369393034330257
0.0172886345710616
0.451602488028139
0.281404487599249
0.178817201794134
0.138351960223984
0.207904574738323
0.250858357386995
0.571202007189095
0.207379248080382
0.13192119165653
0.374436926521796
0.210633914270379
0.244801153183994
0.162445548846602
0.0757985190094355
1.04231293084498
0.0804171219057384
0.0217171098636062
0.19398232744267
0.544871180103544
0.181767918535318
0.111019665890004
0.42710809931029
0.0406899425879319
0.270511541049667
0.0726520942944403
0.761786496269384
0.100135753146263
0.156398080381763
0.0209986727786567
0.326050667208582
0.43822772029565
0.0659537659858705
0.357430978545731
0.076892960375367
0.798061288037136
0.37734286019753
0.279892316791187
0.551060525898699
0.0727800881200182
0.275413192969707
0.510966790023568
0.0178724014584331
0.442658730943443
0.138654799006871
0.0425513677857733
0.332232404012229
0.175473579996356
0.595960443624612
0.308223800269054
0.141417129285585
0.211819350795458
0.0769405097946277
0.0581373742098739
0.135156991411444
0.110890318479319
0.156292193598781
0.170600349050598
0.519315474792382
0.114786074947941
0.136162743183097
0.105430101292806
0.150747665075695
0.277636203009128
0.016800057812492
0.369116433831276
0.364565971298189
0.152606852027092
0.351049510238611
0.236069163859849
0.176665799152957
0.0972290691973789
0.213104786419744
0.182783749077947
0.171052665892411
0.166995980388807
0.038296424474316
0.0021950123779517
0.0368391827157488
0.00271262912803275
0.0622811588574466
0.464299216546898
0.32673705801062
0.441615667908911
0.394920848374216
0.106935963566842
0.564250638608946
0.105478467137926
0.44975169597166
0.0541029424819714
0.194388215675506
0.639107127520405
0.0183701349765144
0.333340811883285
0.832431380966973
0.77293361964806
0.11443477693746
0.378756939529828
0.0338306768244975
1.45076526551023
0.431225344653134
0.0236201612345539
0.0972341431152198
0.330127946041871
0.150125663215967
0.154640016321124
0.498378470115424
0.494639089447021
0.293791906519553
0.266864004871854
0.545755478941658
0.549437516818229
0.250311942926281
0.255569914515467
0.416657161327497
0.441905684262613
0.0356593657700573
0.0142087170757817
0.526415149933521
0.243398033956701
0.171258713513882
0.510938527100698
0.322265024467011
0.437123052904544
0.129572737537035
0.229324278815207
0.0869993312525488
0.0112146020624651
0.74430711157716
0.125756708090304
0.176772318873274
0.0335462048884883
0.333410386985642
0.138097270113196
0.300247997152026
0.0520411608669597
0.0464573855109713
0.194518239214869
0.350184107846614
0.150357013316193
0.0273986848832951
0.180530209443049
0.364411800702532
0.274466668148727
0.0848292560350991
0.0351894882185834
0.326824306838335
0.173025505261837
0.323776955521199
1.03483270402077
0.139238343867939
0.12288180297278
0.580300306848005
0.00259858479152767
0.305197103943272
0.107897771489082
0.0645466714285539
0.0331270289749654
0.265655479339313
0.0537990468978225
0.402065329350079
0.379631868169486
0.344167758813853
0.1433201821125
0.0627390860954894
0.409318325100822
0.43222388836178
0.350311473375465
0.358967376899479
0.121492106633588
0.369648457740128
0.120342710295018
0.0832525789220661
0.449289279052896
0.165851423806642
0.247730832989717
0.0951339506285092
0.089410497212845
0.147613340579487
0.100129126932826
0.128391573002569
0.689474166189247
0.108528004423184
0.0489588276787638
0.413541359892084
0.418290820444563
0.355672637363262
0.012218320944361
0.16783001163206
0.280336436400564
0.124887502980723
0.3379290849328
0.333032003851836
0.0237558674987244
0.403242840464509
0.294591911262161
0.194111409533286
0.129554435327072
0.0665009871074295
0.60992223106164
0.507006787291974
0.373284155432
0.57994882765334
0.251863663203779
0.109741212209166
0.29568466249566
0.432934071216459
0.0963562584780037
0.117385203850666
0.120590569416929
0.895894459452549
0.292951130156283
0.0100227891498566
0.111202836886385
0.0367080488182964
0.257658478381931
0.191451417912517
0.343084101526692
0.458947329720348
0.0878347218086059
0.0132561350101384
0.360510076408882
0.21600986344645
0.173176899846834
0.230005678020976
0.280654628784364
0.118219305536371
0.210748594411678
0.255885107098124
0.0232061601321881
0.0986785410354887
0.0310406466380144
0.295917612079458
0.326239239356733
0.549834832881779
0.31832272133735
0.291395586552082
0.00971797469792418
0.0724979673014301
0.220060882928159
0.177193491464275
0.202524286834173
0.265832327999875
0.0478765902084241
0.189265094952505
0.124842397724481
0.178452264818952
0.0178769721123055
0.562176203448034
0.534702068099484
0.0540653049165933
0.22939828453216
0.0852524125839248
0.0376107033131846
0.518919915148918
0.381004407421848
0.25726907831964
0.276585022698792
0.210037191585113
0.094859247823023
0.111009046164874
0.135045152785697
0.356015389229546
0.0386935404764363
0.00161989876773749
0.107734211162447
0.673500932997652
0.257718186655286
0.236492188555263
0.0487872308895634
0.018293385696983
0.224496208862709
0.437035769623934
0.524933168113966
0.935700505497006
0.215435740128659
0.331295816894314
0.531728311190977
0.367331056086505
0.275771803460896
0.0712376963179067
0.0179596651803388
0.168820748003595
0.160050283807239
0.41568428065276
0.244302295559947
0.590233511450842
0.203938211126232
0.231530016296702
0.29161749112673
0.200465357224884
0.12253050596801
0.46272574532668
0.0779515638737416
0.340427064415596
0.676730427014517
0.0378507592632105
0.507418375051463
0.194182508909892
0.134363658665607
0.22537060524016
0.0743288899912251
0.00998532210940932
0.197392660896131
0.153272221322374
0.095789545562714
0.143316913821846
0.328991056067462
0.146280897373672
0.0186792714129782
0.0183978760100614
0.514573214842195
0.283668451910161
0.464279579789415
0.0109444232079069
0.688497378486098
0.346196585247829
0.0601388860734652
0.031999792258204
0.231050823052411
0.221953091414615
0.35847851263961
0.122622460032599
0.532775302429115
0.031336696617202
0.0170865177610618
0.0466431613815306
0.0429608646469467
0.353687410530394
0.0844322945312679
0.274434803809061
0.214231880475176
0.463671288249483
0.251201787387417
0.0194884119504464
0.388600302021266
0.314493981492329
0.435101209439312
0.439722113882403
0.0209293924329756
0.167798257731804
0.0219822343741298
0.0052186460510899
0.451431655210442
0.0427616973191772
0.4350024127628
0.212783330469209
0.249747360809446
0.0628466169558725
0.279509934650025
0.180515538267312
0.525352947432029
0.212923642888035
0.156690614135422
0.0789575330536928
0.126109198010403
0.016895173663834
0.373260774301007
0.216951889913042
0.757891446822266
0.0713492454665282
0.153213446227913
0.411862939563447
0.505626487407799
0.525286174604697
0.042723219409095
0.124834433152165
0.30404265904679
0.346808897778635
0.506298523074823
0.390717276984153
0.00122996368748014
0.199763335560378
0.249552754240989
0.0799341607781644
0.302216996547115
0.268782126938215
0.207533633356872
0.00186493609443634
0.354319202040415
0.166042667769591
0.723945764803666
0.493549610523879
0.0291943970850045
0.0420403491885832
0.750922052997275
0.43446302706121
0.0438015351965889
0.120496167262021
0.0372461894280923
0.100756719516709
0.236633029941131
0.240272076862441
0.455497558643728
0.608807662491126
0.141868331113446
0.361234970734879
0.680631484059264
0.0109852756888237
0.12876217699652
0.134953669390038
0.0774284671123078
0.379973371497144
0.301087801158
0.345333226885549
0.221504993191765
0.239701296248148
0.089076376353125
0.293982680694498
0.264326953919259
1.15683268239288
0.275681162412797
0.434359745355764
0.0601405119140711
0.0520366696419792
0.449891869272795
0.0980396895053342
0.642846735198888
0.855345566571584
0.0175328742808289
0.0196712609676804
0.30458616870607
0.069550159001668
0.219131827412601
0.423601184051981
0.0730033595818638
0.640828439028891
0.0912260130904272
0.0604539992799514
0.236487417493236
0.450126930981197
0.0994184621889563
0.205759710232033
0.106087069680812
0.0601386774543834
0.449860047792017
0.728541147380044
0.239703206128357
0.10376320553495
0.0764087929113331
0.279395604050829
0.0965319657334144
0.200417467441307
0.194413321391004
0.247840029618136
0.302052104785816
0.114424580756541
0.271497087382783
0.125090464957792
0.103295216914137
0.466495272037418
1.12733902944825
0.280983742535926
0.451942397766841
0.180616162990058
0.0869091428701002
0.323627849912675
0.482000892008275
0.467090843494416
0.832568428996087
0.594277235770023
0.306105470984362
0.129821204339444
0.156549136226428
0.0554184159636327
0.0421052761972532
0.40556076521533
0.247410861592888
0.118586669597232
0.366365198364789
0.954630105194135
0.0399905779291982
0.0565075810785109
0.379663297411965
0.219151893473789
0.249440880135113
0.469242787893854
0.114135572802455
0.0185574992364207
0.138909020930893
0.0435901283928662
0.263836872256264
0.505162554899409
0.524377157650804
0.371006607926198
0.491147084136154
0.0326702822017023
0.0691685020209963
0.0389619241843272
0.171699816356451
0.245448327195963
0.688131088714197
0.359836252427042
0.199973184526007
0.380416381693947
0.820687885927976
0.702680268711571
0.0147915623182527
0.251380786045962
0.237240768953772
0.164626931431683
0.162609581583366
0.201392306261924
0.308589298166435
0.0579878103426594
0.122899666657759
0.208784034598893
0.0623855582467729
0.299529693044928
0.712743934708802
0.122528597609195
0.596915337694668
0.151008037658013
0.208914490059073
0.205785408084955
0.409419434897937
0.558262903382693
0.0776974302689631
0.188253906365263
0.0360586860451878
0.0217807799416344
0.162122823360411
0.717708000087727
0.690009219371744
0.203835592277635
0.0129906651538995
0.516737098199423
0.226593861836937
0.153883846653417
0.477320668390646
0.404368337017827
0.125070475852518
0.474833306388133
0.971184785539558
0.402288117862632
0.0436638486509864
0.859877772121378
0.450447792508882
0.0388550220222173
0.040876759690868
0.335159752277902
0.20183080759546
0.320220936303162
0.536174268501632
0.152062301594468
0.728300239255246
0.00903140139049151
0.089117624418815
0.271942959275401
0.00378911248684715
0.00506063171154174
0.614894195526819
0.0647915626406944
0.0937535674693166
0.548772122148625
0.226565962375431
0.220735394449171
0.14394780280653
0.0126441160683205
0.246006979646014
0.155570984459907
0.0895239820701385
0.273808008789515
0.482132653444558
0.241571769542668
0.0302930132332068
0.255302813744677
0.523163103697523
0.435379970324354
0.151222971461468
0.359189930803497
0.0306509794238593
0.188788484230145
0.241053167663149
0.0535365971232111
0.258218753124827
0.162314566688529
0.167026970688949
0.2548461278543
0.22549017686551
0.47806232718125
0.175502793614556
0.0865745562477414
0.15882585767938
0.101438103274297
0.0775002102300972
0.457853112812369
0.245542980169905
0.0906794336466794
0.042498217826537
0.143735893589885
0.253756546775061
1.00182196714074
0.501348872790247
0.319569677072996
0.00434824364167225
0.259696356187135
0.129655511558641
0.291052056423389
0.700087440573882
0.0171933523690375
0.0693558761643325
0.220939975129657
0.275676053003722
0.212043927023125
0.418847144185751
0.684466629401839
0.0875586720066126
0.0535055183788799
0.282382101878095
0.529263196783431
0.0773739291156974
0.2497951855602
0.294909973086715
0.103983740728881
0.175170224771422
0.34384638935618
0.146105655044882
0.0953685657182623
0.439244227560698
0.19828597075295
0.362800254684853
0.0751026332514991
0.155109111029596
0.310276906516006
0.209020673673438
0.029200099069929
0.115880222620635
0.267564546364881
0.0628933062497172
0.184282922871523
0.387568971333518
0.270102052484791
0.207057669156419
0.157515444834741
0.184949718432679
0.0274208769037795
0.124543377196756
0.142749683931417
1.07920243794357
0.00276383363300431
0.112513834887403
0.245311185098553
0.197395796344479
0.200340825893956
0.297649791469059
0.395208840904803
0.0306200929803139
0.212734298937526
0.274440408990433
0.00971744027522406
0.374616699117101
0.227253440324754
0.717972183748431
0.08747259237558
0.133041835843591
0.545249739496812
0.453634714496939
0.0757203444322299
0.0937042505564108
0.159998971203655
0.163620485816275
0.186674486216827
0.588261411513358
0.321663734187799
0.710156490900465
0.0704331608622871
0.642411416081694
0.00365335879881689
0.224549672599904
0.249803375439504
0.090844710353749
0.100156542316429
0.149214470780834
0.289333797373861
0.289351735957756
0.355567129896662
0.433490515932749
0.206405971922647
0.105702893010068
0.438840089360383
0.125686289650764
0.149990469714247
0.627645881772267
0.195013115221704
0.441813600119602
0.0252502337476886
0.30412189315137
0.200895577434685
0.121744070847763
0.033916599857013
0.314013426321966
0.274625278961535
0.129756673831663
0.0575949635808302
0.232540513361537
0.219121108814353
0.00994832674947793
0.103597929905556
0.603070042722076
0.224448062587054
0.0925754504202502
0.459968977243348
0.340025593399736
0.180949340122544
0.238900721952428
0.235973263949835
0.0103416462566515
0.52379629289304
0.0337401265789312
0.0121674436363347
0.0592125383990343
0.274899835058582
0.528215642195419
0.182352069841403
0.146006069780554
0.211848484667376
0.126850879588327
0.199598753590284
0.150720029559177
0.394783131406862
0.100092285973796
0.526570220788765
0.0957164034561244
0.0284182391217892
0.0390440774863889
0.0388857629859247
0.149862093730577
0.353915395315018
0.187987984384797
0.104381434503225
0.0687423946540974
0.357981243122322
0.0345262660998093
0.123070684842975
0.277337411137479
0.467817743011743
0.00711943137932842
0.186624818214108
0.498187590326706
0.18031073221612
0.0816944432321687
0.18897973523928
0.0542384667003198
0.309073979159986
0.0454884429839908
0.423058303142456
0.0751504724081351
0.346753863375633
0.310250895954418
0.129373432919097
0.492194143258774
0.176786857824258
0.431109246708875
0.0393873715815072
0.0311449900856822
0.155427914483738
0.0384034109547877
0.111951196126291
0.0698981686675985
0.101051274422187
0.0838625644681249
0.277085207363732
0.154751984517098
0.525593895083234
0.141314246442531
0.0192447480635374
0.620916327342082
0.309726598724764
0.238635959688201
0.368762641210786
0.390670303146718
0.0975309296364049
0.192874957123497
0.0122427732759109
0.125739347253429
0.000241809360602481
0.225423089314435
0.950715765743571
0.212943914113582
0.179933678816744
0.209815783779722
0.0585262307176642
0.0453476073493451
0.407772398380701
0.115787376876115
0.20740632143945
0.39036455751946
0.160224064677663
0.0840454548834044
0.438741516960842
0.250578875850722
0.313738878575575
0.227434410539725
0.0918136209609463
0.157971681907613
0.0743686256668559
0.377990893876247
0.0878575185844613
0.101822136854333
0.0151104510573545
0.0290175800730979
0.29745330388891
0.262977823448718
0.210671512914785
0.00777121347908173
0.173437148295405
0.128520395657036
0.509678990977516
0.147573938631257
0.049306081001359
0.726885791713381
0.474748903665938
0.129253658448929
0.379400506294763
0.389889546539469
0.153517201174551
0.00501409992082421
0.11836044392913
0.238534155138118
0.0922025688330054
0.303605302516067
0.209612945881796
0.351382770767906
0.335019460513812
0.255423728966029
0.200647754094689
0.129050807871695
0.0661769769238686
0.413261957612268
1.01022811748697
0.328241043030964
0.187747102429996
0.455169298412198
0.193481998967469
0.0359956453411621
0.0645837747217956
0.0452428414633033
0.129751958481436
0.0153172085358422
0.122668373945536
0.0964533363441715
0.727292935168
0.172540170717079
0.392695793793803
0.269206786957157
0.217878490649905
0.274720092416753
0.148744498380436
0.261607275329761
0.593002655598737
0.0728435499654302
0.0782495089214215
0.188315207942303
0.145713382053534
0.252397383376784
0.311695083555856
0.188214371141616
0.35669719126854
0.297158689402969
0.103478066575543
0.292153925054961
0.161085376488332
0.14425514623805
0.259825188696778
0.470941503247624
0.775880612391504
0.51136575911753
0.463360679090293
0.0701335927124763
0.0122356240322572
0.163831777825348
0.06576223079226
0.0345242668040618
0.689983173556136
0.0719807322636976
0.510440826588272
0.227256115125911
0.571536068824018
0.519606535360572
0.275289588977304
0.125771993788516
0.411561968383237
0.300408485179906
0.0222759308732675
0.40054035198456
0.398845356470665
0.211023184726285
0.587524851892101
0.191639484227791
0.251710445809481
0.117387056014578
0.0705834162176061
0.323757117064255
0.658536998954698
0.059594864512014
0.271058834674941
0.520033537758179
0.0903133042218022
0.0866551193734345
0.151849455104997
0.341806146060263
0.0171744427898556
0.0503484671916476
0.12293684129442
0.196362123564351
0.0934974406598538
0.256483850689393
0.203913512500525
1.27692399821643
0.116824720063287
0.0163154209183761
0.931819148272595
0.0427088238996512
0.577727836952893
0.276140003904358
0.100346728420989
0.584732365481237
0.0474347078917966
0.124749298249104
0.19075407015652
0.474049802082089
0.412159420242048
0.212290428581611
0.0148958509940926
0.0410720203045836
0.555234711316752
0.0676919564486052
0.100387914571743
0.402026003512083
0.489652253330374
0.105568756101852
0.151125330776486
0.188134914303683
0.178935272169725
0.0267838396346159
0.275830180516893
0.119528080671522
0.459463393849978
0.0225360384039541
0.199966725783315
0.111989850894761
0.102566842138005
0.0291805774777718
0.408977915518725
0.0666302781085255
0.374074691994924
0.236860414220859
0.0834498950336749
0.392956467728347
0.519072174012201
0.256951649970456
0.079732095748119
0.158013457018784
0.0576373556620672
0.165413794742785
0.298163667954144
0.100726656548041
0.661464239236425
0.162769423566995
0.185273057989658
0.242531172886529
0.489255998742559
0.44473030423302
0.207072543905782
0.054010312715916
0.00712300278520636
0.0198058853762021
0.567441261502688
0.217217299272373
0.128185328157727
0.0142585591229388
0.452313591779553
0.316373322894817
0.237294841358169
0.303129563605199
0.399993826797933
0.104014066558259
0.451153580677744
0.08027587023459
0.129431687560306
0.244376642694664
0.104515574798725
0.516451322361443
0.0220856327466384
0.168872092437501
0.126884680696676
0.457266137277842
0.0198934051023071
0.360352138092923
0.449773688137617
0.07614030070042
0.0154287567071462
0.348485281641284
0.297956521730721
0.0863332421218235
0.0484888435155922
0.152556603384341
0.121349802868797
0.551219758759501
0.14600021032986
0.202727467918304
0.124946027510906
0.668341934297763
0.391411186828345
0.259451085414198
0.344970946679641
0.22753367750637
0.315111174102643
0.0884028430692221
1.14727362465567
0.00352337155946727
0.381458231700372
0.325950846441564
0.27651149612027
0.127137016836591
0.0789993623429606
0.351362255882106
0.242506087623202
0.0714399352038568
0.688361012658858
0.12940306279557
0.283045779185674
0.112366353490154
0.0803281160227536
0.165638072814623
0.346391582254954
0.0508620986383516
0.280955467204973
0.120145976959858
0.457615576092384
0.290524072528014
0.118413370286226
0.388023830433795
0.0892906632697456
0.27714247492951
0.0126887950905567
0.574848107558414
0.180594857185503
0.810672768747841
0.26714806819193
0.416640588807673
0.158256828922016
0.00436984425197536
1.16568955806483
0.156821595389326
0.152366546229716
0.340767806860314
0.202582250641312
0.265850271250442
0.0918069851210829
0.207231680043254
0.678772624598725
0.246278525753471
0.22310459567677
0.475952779526724
0.138728038690812
0.48100115256034
0.151868079907096
0.0112583189837782
0.589871456680511
0.374493187142886
0.628232552040931
0.179874930120475
0.294605386076553
0.0412564309712142
0.268373273917632
0.0392550231432074
0.144522421568613
0.208874684030203
0.00708339057558964
0.0791515517122588
0.130170973815223
0.0655857104821499
0.298722671859435
0.174532678377679
0.00207421539509964
0.0326946974214685
0.0661294107859632
0.408248959301079
0.216678592325966
0.238155675108401
0.748368869206731
0.379616880033064
0.06314703750046
0.422854292847802
0.0400293826926527
0.402326693407821
0.423776868370945
0.168328451436587
0.027880500378864
0.131715087537688
0.152660962910784
0.76894319497258
0.29116980713988
0.408483483784397
0.259403290482389
0.392833582642199
0.240933726757455
0.435747157508126
0.210453030503842
0.0140991773018759
0.148672823079673
0.309230148132177
0.337739408352754
0.120608225102431
0.136674068158372
0.233094811574976
0.165145544431734
1.66234317527927
0.180588393814149
0.825476427334474
0.375085076031284
0.0517773894661294
0.12213893776116
0.0662150434154857
0.422882678400508
0.350716351193366
0.260723114471807
0.0868746860904754
0.397729625843613
1.33906569240819
0.554794637283184
0.0631717943518657
0.186388554630018
0.137385860037652
0.309842815680789
0.306057167898954
0.636971782838325
0.182071462179888
0.425306895021547
0.507410490923486
0.0369804725712352
0.47803573693763
0.333352453123343
0.337853999402829
0.29248091056098
0.979293618703436
0.0391176791533061
0.3844707835174
0.283616773150128
0.00224588901226936
0.138430639167967
1.25125220995042
0.125038745803795
0.202023416784429
0.303845884227685
0.15228422424389
0.0684434764658081
0.668924171428502
0.021931763828623
0.135671603337255
0.464605930337879
0.25217502332231
0.0116682377602374
0.258310898175689
0.284946448225545
0.280525147494454
0.369631869235192
0.207891741604425
0.0158805925647219
0.158474055322135
0.1975229399122
0.231100076986534
0.159490026088243
0.141001432399758
0.032082005485604
0.0239955318175066
0.0251144110416365
0.083857952830689
0.00954532324969824
0.372126960981044
0.414084755062714
0.0721204518476298
0.520570688500549
0.0847942849275825
0.209925255004545
0.481701783870235
0.156623019842627
0.578763074740027
0.457552537372818
0.096746612956885
0.195643365722297
0.00227172453380548
0.00390874991711661
0.0196406911120243
0.0633396418318074
0.323166240778446
0.243433274028875
0.442767513337768
0.119694956331601
0.210032502002414
0.376866967366225
0.0869477020675727
0.0600746230928179
0.743226620845775
0.0162863421485253
0.0680029148804853
0.245143482777956
0.0616614708833194
0.157586359066094
0.188445232545717
0.0374826265181412
0.345335650425039
0.651960049286301
0.1007600761687
0.125784450313284
0.40934691326003
0.180118773922008
0.275124042748105
0.0100626925125766
0.369753223651812
0.0121900807853019
0.214263496272502
0.0381936629754601
0.164281243122791
0.779400054848555
0.126304762084306
0.369232906048969
0.14323064372943
0.34840960364012
0.23448424634695
0.220405568846672
0.199535595688401
0.0791400734918562
0.0868893901490139
0.153599123508981
0.0823518448112848
0.316241473623851
0.153484482378915
0.761444074972345
0.118593746821973
0.153436417842301
0.494947370162
0.0204949196150387
0.262213198655743
0.16532613130086
0.294221464592601
0.152008735330791
0.219728888033763
0.0016332660773577
0.18553924441416
0.252987314795434
0.19405829141705
0.36808658610228
0.221899416908444
0.12531179961653
0.21749795018081
0.640916662023327
0.202245461841622
0.0258074952625732
0.412934249129026
0.282432381292335
0.0229306318123683
0.53486308584605
0.070687243380142
0.0655056450181165
0.185575419626874
0.357106991064639
0.0853610344413278
0.0106263553960146
0.0200218195939348
0.125572461558228
0.213620277260755
0.0550400891523477
0.0346565038705496
0.030075356302925
0.0901866974696665
0.230400353835811
0.128930045525411
0.0547666963913525
0.312556494272102
0.288637070917491
0.0738297522681949
0.0306814114036788
0.10827765503861
0.659875999266287
0.241978012858284
0.0209368861152462
0.55443031290567
0.170680310186087
0.0184984735303673
0.636151293546964
0.351519736688731
0.00796951117346884
0.240350072063985
0.298096173352519
0.15060187581735
0.201157472576163
0.0161492225724035
0.650228252288382
0.417388678394952
0.29900300850461
0.035683739020627
0.360986450019839
0.0239030699987312
0.492927158100263
0.223289798061382
0.084782866009135
0.15333023689896
1.32504090171355
0.133173761493065
0.239476981991624
0.0581495446143242
0.224670167061611
0.164021813908003
0.33283269625844
0.426531409461936
0.280444373285587
0.404219131777835
0.452621254535531
0.239797683465058
0.34190374421601
0.0639567648992143
0.161661793881936
0.15767695741638
0.142915983309798
0.00129271348732216
0.538799032826888
0.078167529465492
0.0962537855647439
0.371005346633702
0.0841250737753016
0.193475690801675
0.415463229392666
0.0417085904350125
0.238171848642043
0.0356756936609212
0.106902984647043
0.129514179141328
0.0661294666526388
0.309460081286783
0.274973610994073
0.0373552926086988
0.0143131383638727
0.190240604147605
0.0857625435682973
0.107795368542405
0.358076909171913
0.113141628691288
0.208799729945992
0.0561255190772462
0.64875272855035
0.212205143328711
0.391711358989898
0.32035667816166
0.543021943208561
0.0471992106438087
0.223099778728175
0.0606739604743473
0.00705134728918732
1.10935692493881
0.194398170516408
0.67582647925419
0.307199793328296
0.150039940578446
0.0862770858424928
0.0550311227521681
0.376300346884848
0.231549741608664
0.046473909487241
0.405401851805983
0.031527810392164
0.108323802113327
0.178792610192024
0.0676212146292599
0.201203810932241
0.0279623831481575
0.130855612770065
0.904958630153344
0.158733567673449
0.502935483778539
0.270266719078801
0.222876251747389
0.512677757526817
0.0626112121333936
0.190857308839196
0.0217349591896413
0.0365581267131913
0.248263215528732
0.134824741036306
0.640167530554328
0.262422415660566
0.226205853839487
0.262944471160695
0.19818393474297
0.0114351466462983
0.417567639204332
0.0514752802731814
0.0710767163535076
0.16604437846948
0.122826383159995
0.00281143297744879
0.169781151127651
0.0226147210762743
0.177706366136228
0.502043032334099
0.010520843967735
0.0778121709405839
0.0313591874878504
0.0331951811029366
0.584736693264302
0.781477440840306
0.127724058330378
0.248375758113908
0.108996843732008
0.577559552241965
0.352734573617836
0.204459896381771
0.373818284517018
0.418715231094768
0.198910484482684
0.0178483353947565
0.139493029941615
0.153841470150449
0.252941658340417
0.279737846905802
0.030034269167458
0.182973410792901
0.0392966029867462
0.448877505725322
0.137801600092627
0.374441649578914
0.350889852641319
0.243557999801725
0.400987549586004
0.274913026146845
0.551570185713932
0.282744270705302
0.27143619848755
0.02245213087987
0.0734596060901579
0.200118389693067
0.520178100207031
0.18215591542056
0.475612821589688
0.037688138383187
0.642776958586871
0.165131907431449
0.132671176173394
0.199984425269063
0.183899145214441
0.0864539039185484
0.0130153725773043
0.0891413114765148
0.454480862075797
1.05512389496487
0.159599557872824
0.0915532617447652
0.329317114638815
0.265513432563901
0.331634017529555
0.0813976519184815
0.102357004295083
0.0291235856846947
0.087887470707762
0.796636870207582
0.14363661102345
0.086128924648431
0.126228558569504
0.362103893248551
0.120827508754582
0.398233786357497
0.549860816854649
0.336341212436287
0.358132933629107
0.380715409327508
0.244494640378756
0.0486166906955126
0.0581777584874086
0.157552669848317
0.453186786242805
0.137271299637532
0.0747852450590351
0.300613239932837
0.302912728450445
0.102566207822383
0.110354900805556
0.160477517851484
0.0490086797876272
0.404708712036774
0.322458110257537
0.403490266486387
0.0619011167213339
0.406569095048904
0.269653708903454
0.0226063028275283
0.210844989445393
0.031069013848722
0.0411083558444523
0.205519841889812
0.194978863704329
0.0710871029978051
0.347613263857057
0.0221036936523333
0.174869923593002
0.142619783070717
0.340721166345514
0.221200224208753
0.0809013049448081
0.256046012198985
0.3000183426194
0.0736187150099705
0.189679901485104
0.231439553070774
0.513505874064584
0.186974593224325
0.186259576920261
0.613252351410745
0.215801728685051
0.115494595218502
0.172315612312439
0.290911945911157
0.343336555237059
0.30543577240951
0.00597575941800475
0.458697259444382
0.24718331542199
0.614418817897385
0.256028204547252
0.396096473533017
0.0369133132568572
0.370028723975941
0.0273068200649366
0.27466330655798
0.192893436447121
0.108191896735239
0.0261524840674445
0.412857470174957
0.0466261807731355
0.422023020340182
0.580354854105989
0.0225258246788486
0.106354751206984
0.228037071330713
0.517571069074269
0.54030008233909
0.163809991330495
0.130511356092708
0.156256135174881
0.174746705066757
0.143049534641413
0.126458790101377
0.19291314313279
0.2257031822767
0.32972272348703
0.0103808948149011
0.412739703198666
0.055962316745829
0.0366943817304791
0.0355538743441823
0.544019462519576
0.426157575245329
0.220673758389088
0.348340805723864
1.08108153696464
0.353020823794177
0.199613671156094
0.0253864624905756
0.492322342969786
0.260891082093607
0.4508071824273
0.529808431122533
0.0946784513591809
0.018652769107393
0.32452969809498
0.26071687720097
0.173259404145558
0.104992593077225
0.129189328723546
0.342640712165924
0.398802519596583
0.89260776956884
0.0595506166575161
0.397302731758029
0.329574649234418
0.277917384779283
0.438684728905538
0.391686361527392
0.144736181852832
0.10012804053723
0.61278614980492
0.164936365178472
0.318274081321773
0.113302973667819
0.27186736898506
0.286384684756523
0.0373969069052046
0.150901895065566
0.276827897113738
0.0926488209102264
0.0554247222371064
0.135002940764553
0.0635796388948143
0.263331365637392
0.285041832599235
0.201809915697536
0.0228447298717115
0.193505924256627
0.0168138424522065
0.131936963039151
0.252226434299587
0.138944374612789
0.0487688288965658
0.247940434568431
0.474568978013192
0.339388308045359
0.430622597343615
0.128577542171567
0.0833235642311073
0.00879950646524967
0.231085294581774
0.371133714242532
0.273952572424824
0.29301022391364
0.112039993944448
0.236412801068647
0.0634051243983446
0.264425540674407
0.536245726772614
0.582014095637485
0.038618496748579
0.28186902679491
0.246850424054106
0.505435746156048
0.129647113131981
0.415568930194889
0.202828321058299
0.155421634510357
0.30207686244217
0.298654565928552
0.0815634898151114
0.212176276036282
0.603263338881802
0.315353220454131
0.836053368151523
0.142440721094113
0.531348390438568
0.220922347639182
0.413315586338847
0.220287406897803
0.409310040590163
0.102513589496187
0.0798828833193563
0.136912963217118
0.154888678635073
0.0874096556648559
0.310238697777812
0.577297603692498
1.03780841344471
0.119901460999018
0.353201626017796
0.470716091316825
0.301371643631767
0.287397419579898
0.981801173714469
0.701075822846295
0.173002837432496
0.25979860331079
0.024211506060576
0.266135226946247
0.0664408576909579
0.201199450195971
0.150849472002384
0.220488030043905
0.242554526384873
0.311752877757839
0.163742009275432
0.55593064465331
0.181176560626581
0.386757514043608
0.201692261546783
0.00212508762599883
0.011312579207931
0.259088161052593
0.334460431517607
0.349118422112758
0.427519789314659
0.125363370173415
0.409434859837864
0.23637020045997
0.13191442731634
0.269327967202009
0.224908935179617
0.0111485828602793
0.105023302502902
0.0528954043061134
0.140512922004973
0.159325811058723
0.51442711452585
0.181454189309832
0.32922082715801
0.151037602346436
0.286810363737254
0.598100234780029
0.00205183789434269
0.16541364854795
0.266930552975504
0.148777008207129
0.0933190185875102
0.638750539490059
0.30904044360716
0.0107293696909126
0.0578894699861883
0.248613231500826
0.047683087661526
0.206749531702517
0.19412433924713
0.00249766110593815
0.393910283123174
0.487333127925363
0.255768633683558
0.0522083628607836
0.674376778839449
0.19606695169634
0.433030915721273
0.218659598512915
0.275801085700202
0.525031003503542
0.128400099804532
0.411895660026581
0.221149486034713
0.151240078882033
0.349730732568946
0.0321496649190972
0.194628094895884
0.0244180895679611
0.633679062974651
0.0735382015688336
0.097031372609415
0.00122360296769712
0.182147143998707
0.243179862030004
0.503299493563686
0.172410012957552
0.137398846103432
0.405128896102877
0.0515199723953323
0.302774914934056
0.0658967534123647
0.147744862315732
0.0366313374952956
0.474861936656796
0.207207897124334
0.251849166136533
0.0122354788168882
0.100960379405869
0.378800587961227
0.0476415773161331
0.881439744784612
0.0341360478902864
0.562624509903044
0.145466603954512
0.375676198432454
0.0856188920500915
0.312686147409519
0.119751459968679
0.213036969287567
0.0246705774645558
0.234301812232855
0.319639220014436
0.445650723968293
0.121113163756014
0.317461288460174
0.252940782480098
0.646522169030463
0.336592471874658
0.140135863891716
0.107407026996402
0.19309567748827
0.20128378763253
0.293948386573935
0.0229153656857048
0.35983928786411
0.342870242944919
0.118956235445364
0.738774770376457
0.46202881608224
0.103033332703267
0.308100577877756
0.222216669837397
0.0297482542908931
0.307677980246959
0.429165286216363
0.467857772748699
0.254342592748961
0.365212634611928
0.41630117624964
0.344732803494814
0.163403414845455
0.133557363678628
0.0800031655216283
0.0942012900854642
0.0410788543850113
0.137472347928298
0.087659603748745
0.253871571113715
0.240462132444985
0.547598965341123
0.150436472107691
0.0366263894563747
0.00631672402367078
0.282282139679184
0.0116954098596648
0.321053503446734
0.372707708364013
0.00708330643451183
0.223064026026894
0.438876558383886
0.0761625354520295
0.3526301967546
0.323627848673221
0.158552382482653
0.340625952940321
0.245743882774355
0.0789346797406364
0.300010437851163
0.155338929888524
0.193382589626854
0.0467141905209797
0.026393911386385
0.162795256315566
0.208907160294407
0.359576320675689
0.267164422556487
0.0157182753308001
0.325297926610859
0.275803033442371
0.0293137757847505
0.689419072715512
0.25004068212604
0.0192823528167132
0.197325270492642
0.251299425674282
0.000266495928669561
0.226578186746857
0.510432521292525
0.530596207495012
0.499707943047855
0.0620511383819316
0.236163381768136
0.171568937180624
0.154969994621395
0.100933780953212
0.205246038125131
0.444985628557632
0.18654457230672
0.245091077603806
0.333698707889051
0.112702624464355
0.627983987930089
0.314934780981741
0.0782925570300192
0.657246455181767
0.477051650987435
0.285370783765647
0.19529745218275
0.167173213164495
0.116185807503972
0.0598197954081902
0.0749971352016906
0.481909059167907
0.687485305419662
0.192910225590487
0.36356865132688
0.554768565428601
0.00977927794769008
0.207647272272656
0.108301976460159
0.339758399761984
0.503917638961331
0.22260262623248
0.0888063318296174
0.182231925439305
0.413650440492188
0.0185666024521459
0.468482194243572
0.0729352065347192
0.0484027356781453
0.288811004193219
0.533804091405104
0.542359190166734
0.151277097890871
0.238676238485459
0.467848822568064
0.0384847544771411
0.263718642351259
0.00293087069445152
0.212764656479968
0.253426628497246
0.462478706267363
0.816628183645029
0.035439978992097
0.256881156862221
0.034720537116463
0.378604876583316
0.584617101343844
0.0265714859664571
0.439890530779376
0.408498210958245
0.296607068997315
0.00551941237271792
0.268326661609721
0.322315104278548
0.602353686021767
0.0102187199054226
0.0425244190870602
0.875033247318803
0.116382920717089
0.117320867004265
0.0517700058584426
0.0385649331482436
0.729155133495494
0.199851384551842
0.256319959225232
0.453146322530646
0.508416931707897
0.0398860247036361
0.15173015659582
0.537136527606484
0.431275762256607
0.0118669718904896
0.323774923297714
0.415927231313078
0.511039368578025
0.0729723963860347
0.102000034095874
0.172660297257427
0.262787509031052
0.16940669506097
0.521322249124475
0.0251901978841848
0.177576071500424
0.298336556371425
0.270375684422372
0.49107698059214
0.300009073248264
0.0471570305211404
0.320867476953649
0.638874977290698
0.0489000804529789
0.0918238191361753
0.441938906193785
0.0885834709079281
0.0170246736782511
0.135354058447211
0.00275942107403772
0.0680837356522081
0.246744188704245
0.282082358584572
0.202275858946597
0.241969649625659
0.912748008491344
0.268012464350224
0.0385718786117595
0.520182807381005
0.283283240276343
0.0244101787280738
0.365408653369728
0.0614311902777681
0.0102823995146795
0.32558830939376
0.0645005656175758
0.0268346745618764
0.000368978104091857
0.0802201920244393
0.183383105779909
0.185495278185557
0.461542750551509
0.252999620547898
0.183828509583203
0.398146559587297
0.217923970062478
0.391610924042737
0.122487876301802
0.105857355618568
0.255981757071243
0.331171059605249
0.49819270136928
0.0512856257934571
0.409614461612688
0.0562744093151067
0.949999839969845
0.0733075294827959
0.0890835199988454
0.298329449259122
0.999176457488389
0.10325307876073
0.123853367158979
0.00316641097907484
0.59317968316803
0.253772469262717
0.145799082939357
0.473244878024815
0.0498342860177049
0.449155434664113
0.145313820224296
0.280643443080462
0.147523457893311
0.624112792759311
0.0914962870788941
0.178675041877203
0.0295729956579552
0.0385902939851916
0.231789277043046
0.451731861574946
0.305891932493768
0.0110213683701899
0.029654631538734
0.110270195960943
0.267882638729754
0.13885855776459
0.308666697772364
0.03733960039662
0.362679227558142
0.228784031580431
0.102985479102735
0.0181891789035067
0.0804925301095867
0.414314231345312
0.154099963917619
0.00709780040537883
0.151134001095475
0.237420162298126
0.469077406437745
0.171289738006775
0.0348461172106979
0.114175434430164
0.142190198855168
0.219303833665427
0.232362031810679
0.560707203706779
0.102175626850984
0.616574238404021
0.206628204425792
0.399266093985619
0.139889323127905
0.0387751680985969
0.1744635890813
0.0423964464601239
0.555786375663907
0.92599492965395
0.2460757068697
0.539183299643997
0.0496100557420911
0.408068126440603
0.509188120331173
0.348837677811345
0.456982294685211
0.234303640099608
0.255863342865392
0.230655189154209
0.143563332408758
0.453843055548367
0.173077337366104
0.0834190900536403
0.124523126332613
0.100147204752709
0.161188405312219
0.783337177146183
0.337382443613988
0.695270437149209
0.0797655515843115
0.235129530865993
0.84348413343963
0.00341749450511352
0.111519218099794
0.0892703673422149
0.0183165345406896
0.20348693737648
0.0310052444474007
0.278865363913451
0.312472940186617
0.360047233455297
0.164529283666598
0.444954524996244
0.117646021122994
0.11685415828044
0.296551467667296
0.406825747532999
0.112420588169226
0.158732407734168
0.193905489530113
0.334389357816635
0.308524474556939
0.0723970558597096
0.337505762815375
0.678286836709373
0.188376752162702
0.224897781734389
0.255953149208815
0.0470508696240882
0.387121734497744
0.113093583513954
0.138199302908482
0.0637518941143003
0.687127320751611
0.24653206283344
0.0634019302500231
0.0902932170552036
0.418021823346948
0.135207624534988
0.0516997486841759
0.327804937331524
0.301628735115497
0.481174135484406
0.0966189362260494
0.301659527940293
0.544558482708194
0.284619757346007
0.555291430360257
0.922856463802646
0.256984621868089
0.32333478042707
0.314020483523781
0.188917370491336
0.240117691311126
0.164479567375846
0.491192489069098
0.234109054771337
0.242387852834213
0.0477786413678212
0.250190345662575
0.210986490270433
0.115864937726148
0.161997117242588
0.142462989588823
0.105664001651664
0.177948770168271
0.137871796837697
0.402944993087209
0.0713613344067508
0.024037686351549
0.270728482634761
0.306320476538821
0.636747964596996
0.44628171732349
0.229142670916854
0.387499737560959
0.110897541233163
0.51668999348271
0.25553169453963
0.0484349637400247
0.135586017448335
0.0861334253132335
0.165214068355259
0.0733604332266637
0.26875424086823
0.488361095715419
0.0903844943716055
0.0857935794650412
0.132470385347962
0.247347644745054
0.164958900189404
0.198326284269609
0.449985839928685
0.512585061222245
0.0849675734952344
0.634141722446155
0.590769722971169
0.161459544894601
0.166166305269092
0.109535503299433
0.681772093837295
0.0719701819865143
0.206245431050772
0.439927401709718
0.304291345108539
0.124834349943783
0.211288303079812
0.134767229745122
0.0812821261034822
0.412654426267656
0.279854662628145
0.409114578868814
0.479406050209986
0.0521945780257704
0.0223267271141206
0.155002476689216
0.3152734536535
0.350562715293593
0.56744242744611
0.0716641168795141
0.416809982055168
0.415925577915459
0.0149031103265817
0.135071317698943
0.251723789357171
0.556402508766501
0.324051777431176
0.0689310136188681
0.0595289528463432
0.611007855893783
0.430374440136155
0.17325791357408
0.293742575351541
0.422446986636515
0.894089707470243
0.0658868875742708
0.0256388161212793
0.295478307456917
0.0464011703247056
0.162274466471981
0.306034629853825
0.129178006273452
0.204978394301331
0.0814970299253339
0.251290879475806
0.304880399766705
0.518665755705907
0.265026959011054
0.177341724740462
0.0181145230828758
0.134744608135424
0.483411493229514
0.100908142018681
0.497811392317191
0.150102735445113
0.236643432096537
0.114649581765998
0.167598259547355
0.0841207262809266
0.108409311076198
0.132420355651963
0.144035401155572
0.133850764418992
0.522798006775385
0.157889385436391
0.303259274034078
0.102210347104731
0.0151996415371814
0.0692985155752045
0.0576593940501579
0.472382608945408
0.235614544033301
0.325282153245809
0.266682479299741
0.223683524401916
0.106344267243074
0.000359259310398331
0.0982925303307235
0.188616848226637
0.214437427929704
0.23027221909925
0.0291187570510791
0.231324656579932
0.158501265751702
0.0906400479583693
0.148456696586074
0.129715680514859
0.000762913298598536
0.106219266336601
0.261068991226375
0.182704761375724
0.196082116209606
0.114717347497624
0.302543797936842
0.18027229865489
0.0233058496511954
0.0726451653649716
0.303770500020732
0.814926173345964
0.0867259834150158
0.39464676460844
0.131475606129754
0.295310204307663
0.212710289937596
0.280061644014607
0.214131687728507
0.459396385173011
0.384839296544891
0.380046969679554
0.358684077796231
0.270238944885185
0.65049221512696
0.105143374293596
0.0900415837264046
0.273897268464969
0.192933726945454
0.415627605929073
0.617626938540878
0.585112215530831
0.0494605090365636
0.536530527680364
0.409642699548495
0.280355843905252
0.111806621769384
0.379143491610481
0.0702796403427713
0.268072242067687
0.0559259264382246
0.11737983944232
0.229814567672856
0.272856924042201
0.353366378433122
0.388846068456788
0.126585318427004
0.209064577640168
0.239143050282269
0.130547976513884
1.02775645276837
0.161108066114447
0.170830422875204
0.105401414007603
0.0160930831076779
0.449041259205526
0.470643150782501
0.252063956326363
0.246226909914989
0.672367233827649
0.591724831721934
0.403798905590534
0.35327386594424
1.23191302270345
0.249913904181065
0.835428334347203
0.0970446503449424
0.25420531568737
0.320841567364909
0.0254597115350354
0.0502958581452366
0.0574149851599589
0.108941588441176
0.0816809527723285
0.155891943308167
0.534459228925116
0.0469817546700167
0.1560578138294
0.0598454310922495
0.191904496636878
0.175896734749248
0.393775095825081
0.103545063839472
0.656019628265701
0.225690492143029
0.0273881032375345
0.0617328820565219
0.0384559575183395
0.0809461532624669
0.453770951657772
0.666090967850334
0.209078109881871
0.171178008501616
0.435894918818939
0.890832409711461
0.272504401549048
0.00528176309584457
0.320994496957484
0.168002348235549
0.633616617882217
0.431888598373845
0.151803759475075
0.379288281292751
0.167793989897274
0.0681313852233871
0.0957421332102385
0.727728732850288
0.420799533764419
0.561846127677869
0.338473367491221
0.0879953657598991
0.724256257230203
0.29375277635925
0.00299056153062273
0.269831949356602
0.320685342507639
0.0333479915652113
0.261894082594234
0.353055171217428
0.144291810986905
0.376960432952617
0.165234734104352
0.2882839065175
0.0641392515099178
0.390471515281607
0.275115263138848
0.0631824005841483
0.236351694774873
0.601580688214229
0.206774085830985
0.678848285212894
0.084427293522041
0.267208031365984
0.122163243669919
0.0113139295785744
0.412866624860322
0.406240951133571
0.497517674734596
0.19812693924481
0.44263944514802
0.10144125015414
0.208287800976789
0.269172612220059
0.261376616928271
0.692170017081792
0.0141312949808873
0.399369183992631
0.117713806854009
0.110194013842747
0.27074208478336
0.210756062419065
0.117260752352122
0.161461743962156
0.310485014845111
0.346195861775206
0.00592441516223937
0.085004807579693
0.215423640140379
0.190106422670757
0.239420592516573
0.358264094485849
0.111372377607205
0.212313331725098
0.0298449586114548
0.0159178862734561
0.0747812374355363
0.387066098632375
0.237644780324247
0.2454477005243
0.21537057737246
0.21884335070205
0.201184992720951
0.896899148584806
0.393125028012774
0.290760836606476
0.870766984934018
0.380906969605077
0.0562162073096929
0.216621986746453
0.48124278644278
0.163336573301574
0.0146547604797899
0.322649652418164
0.244538590552824
0.199437903376428
0.454895970657176
0.165930603235782
0.00355068829945816
0.041207677814973
0.407906891233508
0.145048799353512
0.371058372848386
0.329510436902823
1.01506414048507
0.00119695046462738
0.260380178214751
0.366678810482797
0.0747254300123384
0.245591724508728
0.0306621930484439
0.749494692051251
0.0525070882071946
0.13299110138268
0.122319120253124
0.184644664355552
0.451036957856737
0.44072903932482
0.0752336928170371
0.0805367149845196
0.187809305257371
0.262121965716153
0.159840998854325
0.308765035352095
0.0881421910747771
0.23423128473602
0.611063097191869
0.392508045784085
0.358245376156418
0.112644883940958
0.142688828473987
0.192974985622178
0.195747727460104
0.317224992046724
0.0042963500479366
0.181442502485544
0.194434385216586
0.366431727037915
0.200020013607156
0.165406558410803
0.731535483155373
0.475565513491816
0.223228998088697
0.0600856925742534
0.286444508026067
0.438476806550299
0.13976354702249
0.266501323426644
0.517856702377117
0.51337676147496
0.380851527158388
0.303922912164284
0.127844082933446
0.346058505833573
0.20630552326379
0.255339115313814
0.44306557330514
0.189292492619652
0.0908115464583636
0.0117523218175121
0.31277914716008
0.312576303263861
0.111782627046165
0.555773206535483
0.0743821963791527
0.279602031363398
0.338365971136569
0.276591278449026
0.16345762380167
0.309678124702189
0.457873372028841
0.248704895121531
0.261330679629544
0.0378840642016314
0.705059078760154
0.535697719280109
0.302100072656099
0.162697868591664
0.10367770376819
0.446867735340477
0.291874179297344
0.158025953812569
0.171673141316033
0.157263947821513
0.0514974492856017
0.0577144438542038
0.244267001057071
0.247792023535661
0.13940665554917
0.206708107013361
0.664401507452598
0.0363781541237151
0.23422077735104
0.367953561679566
0.0230952682537775
0.00124070768220366
0.472816212540116
0.140614029371735
0.115640479649272
0.213995143908737
0.526084187605505
0.218519669046162
0.428889113121612
1.11751603657334
0.417653913573185
0.220345213756012
0.123460240377836
0.140459398345368
0.101598683032425
0.047699450720425
0.436514323407277
0.355545046835417
0.197548129081026
0.0209223442519798
0.303354166167988
0.456311720059264
0.193906204526301
0.351391513713186
0.171025068786226
0.713246372464034
0.407242324256702
0.287658215680901
0.164682957763901
0.020395431694896
0.409311212280483
0.262442892854932
0.249490123014862
0.409938692151327
0.0364299547779487
0.0180788853222533
0.0839962331042038
0.313687845022837
0.150646304378109
0.134994154603615
0.395452810535056
0.171333830517951
0.0214919324405301
0.15493835493234
0.253699295620752
0.285539720317688
0.191786776737772
0.407902191427802
0.209764560492842
0.584541713054674
0.213145324768204
0.0494052073274157
0.0244438928774587
0.0696667402142471
0.28974559744211
0.288990720883873
0.0989935468827101
0.0394751111622268
0.107903453894134
0.150948139305389
0.297606095251176
0.0979756822261076
0.406891438622923
0.163092340189246
0.616508449733177
0.0318457146364938
0.415637778399682
0.134550944781336
0.151327260089129
0.0210686314481787
0.0161117491865645
0.77944633696442
0.358477501741791
0.1007497331196
0.000531677854446365
0.500345661886502
0.418914206307775
0.0132270719409327
0.124484280184054
0.0100099678520892
0.194874916901981
0.178246359432909
0.399405333293522
0.0492455585497312
0.444265523741563
0.271731128113358
0.429452478038013
0.115283609755397
0.517335098447026
0.228468311093993
0.431705899376485
0.545689170198964
0.468517759817422
0.292452536621021
0.0488860095114657
0.173547814494051
0.442865472947315
0.487441083625021
0.151786846124877
0.256645530538049
0.0502833090707761
0.205294015302115
0.233730256447832
0.375173807652525
0.440552079969353
0.201143576099879
0.378308178318985
0.12040314975973
0.163400996761694
0.282781475743872
0.161326534842316
0.138773492050789
0.181640090343694
0.224243646462008
0.280567489118574
0.140923120031193
0.00608429913052373
0.522075050725933
0.0593642846738726
0.2751472141928
0.345451563275936
0.231401649997122
0.306599112861071
0.020603760782693
0.0132725357263159
0.164429905858875
0.23204613814106
0.15681406568351
0.00769200566355116
0.227345095705115
0.215540696680509
0.420348554110372
0.0514264191729188
0.117232706049562
0.256282710175503
0.321660726080229
0.253364527930844
0.201356264189079
0.624670766066092
0.473534317897283
0.269753428905265
0.125545786522043
0.671418063103098
0.0444707908834944
0.307718199878312
0.209249943926615
0.0389734716880426
0.255704898268072
0.105229665761912
0.211951063690095
0.181858545578093
0.0385869105182393
0.327868530999
0.0118917848368544
0.253100012469908
0.57513896020838
0.532702785886546
0.072158451529918
0.270422157724146
0.501812958090849
0.305937637523073
0.081946265552604
0.0872249362396517
0.12312003147736
0.0950803871347339
0.162879503357116
0.38775838342809
0.0299569013291315
0.0726810854139018
0.160851694516758
0.107426624366598
0.435387446395066
0.252685727495672
0.0560645428923788
0.358828620713628
0.645622842171294
0.12737610387153
0.179120106229391
0.803357276534955
0.321284290390312
0.269154690030846
0.0985689296791516
0.120783000349194
0.115082648496709
0.238905502369196
0.29244666160118
0.213110520793539
0.129161002591281
0.0962043312310203
0.0370853651599086
0.0698072265525754
0.0166598035113704
0.0470069073805637
0.368094520446502
0.0638586910961249
0.13832726445351
0.690363743722972
0.244440111327165
0.196614133271722
0.35952758230484
0.257761334530085
0.36189826572467
0.128961485792266
0.100341279857096
0.279105435844003
0.376491870112692
0.185378361825589
0.216967461085462
0.388311267476211
0.395353279063465
0.335254727096944
0.171466658930597
0.170878732691
0.322062957185321
0.603410071632256
0.0951620121281919
0.08104345330674
0.1580055305455
0.53531813800825
0.0464590052095394
0.465220111953958
0.291399037083561
0.0151092153744229
0.120928958455385
0.00424992865440461
0.0943102251916098
0.296195691796336
0.19101844080206
0.102631733356696
0.182505599706158
0.73149322079064
0.316906951470274
0.35034941036918
0.145075921760037
0.213144948854101
0.270986020469862
0.0044362335034732
0.226825495318966
0.0822805686666902
0.109396022189358
0.255943064724013
0.107679941922004
0.298284161379102
0.0257646448696727
0.0755137258799138
0.337237386632854
0.256939570778969
0.310201358356337
0.226687079224144
0.0601858077004455
0.509271647011998
0.0774353297149381
0.318811124542078
0.0316451322811931
0.277341726671234
0.516948345999637
0.519510928421646
0.217087274504933
0.0639593429762658
0.14829748623099
0.228493302454171
0.353083873314946
0.256879943751928
0.325935747803986
0.185286990604943
0.535535648927387
0.274245315802184
0.121614111914025
0.114829785658651
0.0674156685244758
0.151981475496969
0.218013249666751
0.178787550670061
0.428147688960044
0.265055049434368
0.027659984405733
0.769519553879256
0.105898429238446
0.219944538835099
0.303689802574205
0.305766539103764
0.771388648718346
0.213291736189997
0.0926067309087736
0.202319190959264
0.150699524509355
0.0992143773516974
0.109604489931793
0.272863325885198
0.108259151899338
0.229539841310499
0.518016380838154
0.076388796774593
0.226259516387453
0.101610007186322
0.399704091523883
0.566846236630929
0.184963793355472
0.153360593252754
0.176391541272514
0.124436630367959
0.00553129797000774
0.29831883284269
0.577083676307325
0.0508515754931776
0.296021476686404
0.0831668787498125
0.422280642718121
0.350346601889449
0.349391133157055
0.141311522064918
0.0968802569518745
0.211501059453699
0.0876703372996624
0.435244004472264
0.272691531186409
0.0892365656857509
0.0596741183734111
0.00101957604967608
0.269982680326975
0.017849963513542
0.0300532141722541
0.448048758822599
0.155283754127613
0.0494611272751274
0.0723676398017455
0.288821044230734
0.56962509058941
0.296357788132646
0.279207260856822
0.731039145444318
0.0970132434635293
0.0333334683817673
0.064984310977496
0.111901991950422
0.0418669021336165
0.0868880137759896
0.177741026720537
0.216242484132336
0.100063700638609
0.179849363365975
0.746611498290105
0.393982941487921
0.508303684988152
0.743983339895958
0.0996948335590782
0.0624280781110646
0.283745957766947
0.244996917968198
0.117841370503282
0.2296991692943
0.102729437094872
0.324782725062523
0.081194750395402
0.168213980379196
0.243164219313393
0.223765846309984
0.306146316320953
0.185621698833296
0.284392983551972
0.0924312229137044
0.0581411080359519
0.0208037353106592
0.0489483230635959
0.0847760407412227
0.901353348690059
0.147798530115285
0.0289103885519
0.133542406512757
0.337640608317942
0.290400629094228
0.157479418523764
0.313888470924499
0.421636175318174
0.692679086286059
0.480183881220152
0.347125353798226
0.00193433023893328
0.298039578693241
0.341504421726334
0.0409219027969065
0.131213694520586
0.0701677802828009
0.276741898902894
0.107904767574808
0.272794714051316
1.05040705055381
0.119006145074432
0.0285377136318891
0.482209833786906
0.176705274926444
0.51702237981857
0.0760559892912946
0.492588096246462
0.0026944441355488
0.129567018425985
0.599042289540308
0.141582810648155
0.168122453539486
0.550939692928589
0.0546452866039785
0.137275713052039
0.317859180176392
0.0980822146203706
0.289442819586298
0.0183888021933662
0.294869912750141
0.124546340949248
0.415141436841187
0.206208910857808
0.113011620776447
0.528086875221731
0.0420027052962381
0.0741077317860252
0.443258098823265
0.196805286612247
0.122218745670719
0.0648734291202005
0.374629235631439
0.00334034423412126
0.0157940242129085
0.0276720207513343
0.272491661078792
0.251734789174651
0.203751970468383
0.717007730706755
0.0825937486234482
0.143093867665595
0.0277528539847876
0.136701430880977
0.161347850906047
0.0611395762759083
0.0311588274689437
0.0964876618834102
0.389921915765896
0.0935917294082008
0.28707755939387
0.485026137611686
0.101747761074223
0.259364249284269
