1.45677243198912
0.579599918013872
0.945295091829014
0.419448512265537
0.939019631336822
0.526860591865672
0.380837571405651
0.715550252143156
0.447721823325185
0.38532690592583
0.385729582188526
0.426062857052016
0.176488378356071
0.475133648908447
0.650797965074659
0.30971296242565
0.842212047394017
0.691412606860614
0.566040061208829
0.446791725957988
0.414728369665798
0.36107878837303
0.502750224035003
0.578886418465156
0.288650682544894
0.255521714429969
0.554734299070384
0.29369598431762
0.411606055738566
0.570548938162204
0.472065614887342
0.401870222825395
0.386486054422915
0.389171068840849
0.563980374132024
0.975992540766444
0.736009458716026
0.770944474552201
0.909327557513479
0.678434406201294
0.669006632416749
0.555729776468697
0.86559314318251
0.367988568489422
0.561753684893094
0.650623331700832
1.03849629303353
0.721690119517282
0.664447021275395
0.716508604660954
0.694050592012961
0.292705915552692
0.926931267244673
0.396113416560722
0.233590294616397
0.406084681540138
0.307047706100539
0.608032515277994
0.143555412299296
0.324117884087642
0.437481713341545
0.514710050167315
0.429319055761309
0.592281602072372
0.428049857593669
0.442664627371423
0.619817091375734
0.64602004206546
0.327565562793746
0.361576550725432
0.648937191671434
0.587162785671912
0.439394077251228
0.158710052896079
0.384202270687203
0.673243580795639
0.519780518109122
0.362032525570543
0.327353889916986
0.676884427651625
1.19458896063252
0.282587639314313
0.583463886449527
0.705874926230148
0.50620009731011
1.09014886788243
0.398604964693752
0.511069278800687
0.673703823407079
0.59750047175805
0.295830536371025
0.674333805150353
0.334582516094372
0.306067013119496
0.353595972045108
0.825419205013272
0.436940628050982
0.43114878209987
0.495209251179756
0.400651555800091
0.380873601925029
0.318634337031591
0.412631600969867
0.8674921325219
0.702375953164
0.39462363901714
0.362513125983469
0.506786731711854
0.617158159757783
0.528904054000259
0.658282299859822
0.384801949124275
0.399098556786696
0.678663780837331
0.631674913140408
0.313002608465399
0.495929655891423
0.596982352485269
0.272752049417402
0.534655435188179
0.610480195286723
0.393444352737604
1.58316090782337
0.986414040601423
0.987560464697515
0.666748350267073
0.385838305368214
0.596936118413207
0.462637543751131
0.776823667979327
0.700712348809824
0.584109865303316
0.604999677145207
0.508789486109296
1.01457855744558
0.445595543671144
0.646907891203135
0.338740699811358
1.01219907788082
0.885009194261845
0.311912249928754
0.47988864721971
0.259364930260543
0.886763854615331
1.04950901846132
0.502523452787396
0.743506475148036
0.807782640784332
0.114184656793987
0.564140664524309
0.45054166030736
0.710244059620261
0.744868138668217
0.374646033975444
0.255357790356048
0.862684409780264
0.876971781843981
0.585246493566086
0.505554513584533
0.305328621323147
0.295273046514764
0.250450497900345
0.766475976919981
1.06310413083848
0.597280503640819
0.391990864368916
0.733285960950675
0.477166452027371
0.980375344556387
0.574781769481509
0.320740499094981
0.510421224793881
0.466393850182934
0.453010038823949
1.00938091744481
0.442224461833877
0.530397924089162
0.262245209149775
0.615529006793782
0.690789020348401
0.673699205631133
0.353592813184119
0.340840586229783
0.62431281088073
0.686135998467549
0.360450591368047
0.585966206274256
0.156714872132319
0.777683303697402
0.365660891355594
0.388445986503138
0.382083010072848
0.525642403525409
0.426351548723942
0.482976231365285
0.653221169081248
1.80644666959253
0.436388478495765
0.151800711862112
0.265726051614243
0.25464078517506
0.47828822261701
0.443198406421596
0.506856035228688
0.410092878295218
0.707717288184739
0.590174694128159
0.429544186814345
1.30908438947069
0.762793212742778
1.30160490007958
0.365833994022256
0.449710540184048
0.824668091585137
0.449633854496937
0.395465060566795
0.279663289388223
0.578110041141763
0.554986794482239
0.310055492814355
0.560894708500126
0.439097522270352
0.415073812265752
0.684868779960592
0.436587202152171
0.297694865642064
0.59840604990565
0.546317662355185
0.399620389754106
0.59889624995625
0.67695724680844
0.419120576211064
0.288767468117162
0.478339630143568
0.617979789616259
0.768146015383239
0.859267609912034
0.93367458511321
0.437574580243915
0.407922502399443
0.313181635674302
0.608266990352306
0.710186206391332
0.419502759970997
0.518821522553952
1.1645856518191
1.32236436574962
0.49144214941856
0.844912084248639
0.375313628299066
0.250725694250434
0.428632635254847
0.644767580704002
0.241083032423263
0.588496035553439
0.21418202572019
0.486155194041988
0.871606732901599
0.499725050962567
1.02504278711958
0.738174222748714
0.369948518732224
0.540159210461324
0.243134514358834
0.421288233812264
0.539624003968283
0.183941976016079
0.43835272621332
0.333607637243817
0.354161797888045
0.625419071241075
0.514542207369058
0.43711693885875
1.00519258299065
0.472920138251347
0.377527127174049
0.442998033702351
0.432589867584997
0.563962546462475
0.435842024687194
0.479154275943546
0.708225722229881
0.631833558884386
0.644595972837342
0.392687028568255
0.514292297509912
0.378197903888685
0.255495638617816
0.360803236395933
0.426048234270997
0.55036607606364
1.23906161573211
0.885258806641501
0.510347712427899
0.345207272694603
0.980824102345159
0.467944514181264
0.416051423689239
0.645610299023083
0.40503983243142
0.803290380328223
0.534170280532882
1.26988189601083
0.381179442735828
0.702248751237877
0.570904230656677
0.546034185625267
0.652716675623662
0.187951196410961
0.498620884258009
0.657933347011716
0.652943724693506
1.04145842119043
0.48981547432546
0.38652848234952
0.506194490609655
0.387459504019177
0.484765980495562
0.215039846100558
0.221828123750466
0.692813689311263
0.876967329454648
0.313860753486979
0.634275477932577
0.706276109289552
0.21973651515978
0.225050932388428
0.604817988150573
0.919208336571326
0.707233731434716
0.38974303787671
0.395792041125287
0.4134426009063
0.507416332502964
0.159014914861522
0.407301877065661
0.445582891377584
0.621497212479237
0.193282737667539
0.39403336563688
0.512158360969306
0.30738587085197
0.698419821439199
0.607446382485717
0.608316163681993
0.544205733131843
0.630833969541644
0.510865355438116
0.443900570320276
0.713846358183026
0.337127593832932
0.267511633085081
0.440055152339281
0.622601944854461
0.601219840177485
0.751652459308183
0.328104159428191
1.28602924566641
0.114046657317635
0.546965231514952
0.450916171320231
1.1439823181474
0.31954355397257
0.918035419343056
0.697756410487775
0.350784045789163
0.631449541646006
0.708142395592329
0.556481493723014
0.472471077003257
0.346882248039969
0.742434217715223
0.560504587209098
0.533688902911714
0.565851431423445
1.05103889662021
0.730797686030489
0.939978522503147
0.585732272132949
0.242074863172265
0.673339958376326
0.627068888657508
0.502074468980064
0.567403229122985
0.850011782528271
0.474103696684771
0.541690841757796
0.896064562423708
0.464090352381214
0.802024585051378
0.849003294587746
0.445663915678954
0.738342066809082
0.466383342703746
0.364235399544153
0.262594005748513
0.612225944953391
0.350035583826826
0.464761124364629
0.45765993764663
0.501288413551148
0.60830255765892
0.40938386928585
0.792002374483667
0.559861451060053
0.449487076788261
0.35576571358584
0.498440794887707
0.69013874801206
0.357273989226553
0.579178146536409
0.543556781132861
0.728674999863212
0.427354208754968
1.44861138745362
0.286280680645912
0.688258185592612
0.410028376055815
0.434185411318391
0.463451919599889
0.453978178690242
0.260009036121048
0.298085594328074
0.320514339175789
0.480433697118941
1.27526936435295
0.775217436103154
0.732577412548784
0.441009258683655
0.84627152374365
0.260831841480517
0.33359788039987
0.759641560791716
0.75977016825912
0.975615073590895
1.1725555542282
1.14234605141405
0.61195736283152
0.417104691133547
0.48080364857775
0.498396807886767
0.262721966698886
0.42039975018973
0.418729074914136
0.315878345067781
0.301633640246169
0.935905881943691
0.588352441727916
0.496607629217054
0.525531779105949
0.435772933305415
0.345940453687456
0.415816162101339
0.321260612747378
0.320495716598788
0.471357637163965
0.984949061971219
0.395862345197632
0.15410741648975
0.555919119055458
0.58045303283059
0.245040095880114
0.376530137507669
0.412633657768187
0.269659854689431
0.879812429987777
0.360180108869123
0.411256376339016
0.583199183255639
0.212723532309082
0.407400563101243
0.632237749660493
0.24612096897449
1.10230727421163
1.59803640462815
0.202066926001027
0.566287136602738
0.436143022586453
0.609816018378769
0.216549306622521
1.74815667528922
0.234261200303345
0.269930910181108
0.362909277085378
0.912243673900538
0.111116846283475
0.757062995960239
0.205665247250688
0.548960354504288
0.460481493635203
0.953312818273307
0.477138726585806
0.702168079315813
0.364264604510017
0.316069341724938
1.44582037911897
0.451808101344411
0.551259181890742
0.395104755089091
0.414969280849238
0.789617691195951
0.550929280402581
0.375705611513343
0.867023789880638
0.621445445765872
0.417987964050597
2.08381897566514
3.40197371209995
0.350696059212869
0.533521693638966
0.333411536661686
0.617617276406442
2.73767114468671
0.122873821452005
0.600817977820942
0.43720563357712
0.658644366481635
0.294410019462834
0.251508595787994
0.476103229772292
0.566352790185291
0.504360960757568
1.44071092355108
0.598301712201009
0.919641206163458
0.434589214885497
0.473414719012633
0.39144376888097
0.309517989776399
0.585211112635575
0.555045886598757
0.260143524381599
0.452810959508543
0.688662667929133
0.596520771363225
0.324233300544336
0.473996660496688
0.249910725513261
0.552707937112006
0.3744865795545
0.715801624377188
1.32960504971294
1.15434031024985
0.629061533811441
0.547429751443856
0.611391575082374
0.827681156273771
0.359748239579439
0.603384733758665
0.524817616091369
0.37854942676023
0.974696079345452
1.6660977700817
0.569505339799006
1.06695875308513
0.506497642125289
0.412306411803
0.349840236547426
0.232372218742555
0.461391338451451
0.493175378881008
0.906432280453253
0.276185216127372
0.428404972861175
0.70160898951355
0.594483378658499
0.647038723856867
0.375552234489917
1.06533039510058
0.205769097825806
0.251753540667957
0.339641422238093
0.323577875538624
0.490249248168701
0.470634734636645
0.478515577450722
0.653291767968331
0.383068447217633
0.52733612393216
0.600663696328574
0.574510884365889
0.687752316392505
0.739507555809828
0.333208413755186
0.337153956308309
0.301258462063497
0.770336995475168
0.209460621925502
1.276930396026
0.257520631116121
0.43704067023745
0.43825840423288
0.409353190615671
0.455387468630243
0.38788149685295
0.724097902715814
0.399802948837369
1.24786095736899
0.333575837512083
0.513380393824262
0.561930495825845
0.377430686395943
0.567238724753677
0.447660502358071
0.415360942838724
0.469537935903317
0.287724029067227
0.511764658420016
0.442045503268837
0.542257983817732
2.0291638657144
0.384397746046192
0.451846829416959
0.393510458342805
0.610211186245909
0.425071305053182
1.11633252559258
0.356490825636031
0.51375409542535
0.596160652089766
1.07052569610153
0.564631111457783
0.400659493242818
0.235326489609566
0.795593002564234
0.556954337747539
0.638655841248591
0.458497009349612
0.411697581346278
0.271162363422854
0.335151756090875
0.759569300180375
0.228513758921708
0.500787910209092
0.926192380480282
0.26652413260826
0.610438560762057
0.34433215694845
0.599241299456929
0.465590276478315
1.19532691114166
0.633809878903952
0.301081910462798
0.697336630488283
0.209657910674745
0.522477819607376
0.755654144432328
0.771445155362177
0.369634081420782
1.21580712500636
0.561534468997591
0.510044661639261
0.676423584351214
0.196762141080251
0.371218576412435
0.482691726964912
0.611258444305712
0.447400148432943
0.428130815878012
0.589781487113993
0.300172407928015
0.696403245730049
0.267788508711896
0.719736266415016
1.16370141159476
0.384540885014749
0.498616680653353
0.257645553186486
0.738257317950938
0.784671197214231
1.16331782780603
0.322952443170513
0.779356093718581
0.452950355579696
0.462787871409502
0.368472585215602
0.275173855542364
0.672715439380033
0.220957907351698
0.452814288834327
0.114932589802947
0.786128258453164
0.535606477775199
0.566233242766872
0.678272815887683
0.453744762466779
0.382049092434501
0.408997043403084
0.419556039925102
0.367517779490159
0.573657836390665
0.604365297317185
0.816339018379802
0.255638482273115
0.536762220451923
0.729585742552525
0.890033405946694
0.633578231705499
0.514652056172216
0.88627299110613
0.494754975631421
0.762415391791464
1.04379468835559
0.52307155633692
0.252372988148783
0.262027606072729
0.363327358164853
1.22322689928216
0.841300400685865
0.842208488292666
0.533289949522001
0.271803159993621
0.44881423215605
0.290411763914071
0.277036822160901
1.78509477433846
1.37027614679246
0.619974197710721
0.480296543671794
0.537603751757216
0.60144274658212
0.918329198938455
0.359255749861201
0.513795841585783
0.354807111017112
1.19947015028772
0.613528755043918
0.535679168615725
0.322373387549055
0.428241373287104
0.398769605007919
0.596594491232012
0.400597533362192
0.445390001575844
0.305718936728177
0.829809352083535
0.3944483704788
0.499094701837806
0.329809802888426
1.45932644446381
0.625971969348578
0.558163886726146
0.907073831681891
0.52631977475929
0.467175686823209
0.767986889693213
0.347697794702157
0.473832420693339
0.416034997612261
0.778512767287887
0.558278169524666
0.535509644749399
0.654434050209061
0.425909835213852
1.55127870182498
0.701823437156333
0.832823535533366
0.400700788346169
0.310497861925172
1.10790230720702
0.19039393749103
0.362670424852794
0.278901988158333
0.317118998145464
0.429595151393561
0.595853528975222
0.374093054523031
0.258616993780775
0.734125723991558
0.66403736092903
0.417182390714341
0.757480094240704
0.719637633890568
0.603863183633103
0.304779887885304
0.353251314376017
0.377205364450186
0.518448377046315
0.623800044572203
0.590904163277402
0.3690553983781
0.957809047528499
0.216596265920115
0.399475540292188
0.514254246525301
1.24118207511649
0.797661485764263
0.729834031360098
0.588420335870732
0.473155571047854
0.4968465988029
0.727252466940313
0.606836615777942
0.36558939784938
0.350089495834604
0.33639342717183
0.264121493842293
0.351851806179299
0.617805534336816
0.175421179342587
0.928646151791415
0.311436442061298
0.430264178437279
0.526400195099704
0.218481768218266
1.08896777131674
1.16099714872304
0.298913580834452
0.248099406367407
0.836891893995485
0.655606772982443
0.319271104877224
0.432100917551461
0.431606166049087
0.810974657553269
0.338964266368022
0.92087353905615
0.476553908471307
0.483576330950346
0.397027316561738
1.07209357682922
0.551301727553203
0.356120399193407
0.635792602654591
0.801107369216167
0.444864850619563
0.454183703772217
0.994578875664849
0.3351982878013
0.475933611990137
0.492947035032445
0.44390687820341
0.588453824566104
0.71863258322214
0.470876744243458
0.348679757072433
0.483661429143405
0.352526625660253
0.487210286242447
0.910500905953125
0.684614481639266
0.35850679502762
0.402708759177708
0.270213598255178
1.35333282724899
0.558624872437072
0.521984286758171
0.398117677208478
0.429204390423529
0.749154768417721
0.358010264379707
0.479972052280414
1.01860232117128
0.355838645559284
0.693234546350948
0.350278919870769
0.580186040604393
1.17777119297472
0.374097586244695
0.662938380126299
0.675792053627059
0.389143433596893
0.0871438858181443
0.338559931622473
0.156474273343722
0.737605445617359
0.793034609734422
0.38053486228374
0.756191810467123
0.525448846849171
0.342807125391067
1.1103211460866
0.630130501925785
0.313996465655587
0.305429238647208
0.307245418149633
0.364794185668028
0.397044807310897
0.463793755629196
0.536181409418987
0.225532468504011
1.66317140287293
0.270842189499116
0.982931298128021
0.779003257477307
1.35037321819525
0.835276393606562
0.458998664183035
0.545922821907807
0.793920853678474
0.589005244038545
0.270628458088508
0.522857858275086
0.677296374991693
0.378323444849837
0.708835526016999
0.280828331869229
0.389397291110761
0.499449177862758
0.387541319938424
0.668504433711303
0.60618067209244
0.441217146789017
0.398096847020823
0.200602034324285
0.347999306027576
0.320578605201093
0.796094220007989
0.57314641571785
0.687533760299212
0.658470401345411
0.175745723133497
0.595936278164878
0.517857996217675
0.251685941360964
0.505610826544991
0.32332544482571
1.09475999187495
0.681354374863093
0.272056420827111
0.52009762769293
1.44356910811286
0.315623736709519
0.515746414254381
0.322990117448205
0.786886281153162
0.751704282285524
1.17552077000639
0.353252507330779
0.375120432331967
0.226170639410361
0.305808510598279
0.61056380112179
0.340919765422609
0.597854047221959
0.506132085611009
0.190747934226167
0.787086898315793
0.102999191667256
1.26822646191638
0.259782741662444
0.843348703491689
0.245692562387556
0.448482966187319
0.353520271506702
0.18142313266272
0.906949942730218
0.83778546314353
0.862548161532638
0.188933377785533
0.283482771651235
0.463965429702163
0.32736278256714
0.427750286566472
0.363697181328482
0.772281554142691
0.745183260206312
0.576983505697487
0.27586633740059
0.36729048251905
0.810683927834768
1.03461510427567
1.18413872254061
0.511964698861922
0.39935262116038
1.46945685018976
0.49110952270801
0.426508560589538
0.252929627404361
0.29885344235206
0.920167803197773
0.378161517125055
0.604621008452199
0.800479511016674
0.298852013856242
0.350808282043674
0.975985107667409
1.04234833323559
0.340842962848446
0.436205548899829
0.712244832466797
0.746315213511502
0.485428794740125
0.573135483125432
1.00967034567181
0.509592665694167
0.708223170859454
0.253505759956063
0.296777696822314
0.242499455114102
0.524338674316501
0.382829649811603
0.801246741946465
0.719675915440438
0.291807634413688
0.399608624691376
0.323290825809073
0.460133335007236
0.687908177955118
0.328931946306354
0.556057717654693
0.349864758428379
0.472260423893941
0.523122994480863
0.509816820772729
0.280004926528038
0.462766396843602
0.635359485568966
0.669050688136104
0.46843799918376
0.34455047250537
0.452625902826267
0.387348979737606
0.333844359841609
0.524267154453719
0.343144830605095
0.510791484115356
1.36408672815304
0.522299634045002
0.940836561979183
0.442062623968324
0.450661778027894
1.20082001261198
0.59071251810493
0.410041214008489
0.327071051295215
0.928348172024965
0.71481438596995
0.685882003542464
0.367468083287096
0.447676563114164
0.47439644601803
0.433865642488411
1.17103404045561
0.621805147565103
0.516635322165282
0.36617874475297
0.996987622739837
0.298781312917676
0.787759405284067
0.100732215113376
0.809276346718047
0.42055059318667
0.584067827477708
1.74932778310203
0.396421654143196
1.00396789565099
0.750457532705225
0.652179396500011
0.372385805187509
1.50746447672564
0.612356008925252
0.529447173126708
0.345657580869565
0.366388396138611
0.396946129855711
0.274470214811945
0.513264374902234
0.59142559320232
0.494558008101384
0.504613705234603
0.29553993129569
0.462690649019514
0.720954955001756
0.29912788340041
0.551244729044935
0.467905740330712
0.895597492388762
0.48660781719691
0.728703308323772
0.827558595883228
0.254317274282449
0.445015927422101
0.503345189819988
1.23200943828189
1.4193736684436
0.989412830808644
0.966823062108034
0.42237462512253
0.542188301251551
0.342571972896966
0.814375185680481
0.473353708272629
0.514910460090812
0.523757196746273
0.486324410729576
0.928461435933107
0.887884465770584
0.693008052341758
0.723617066349491
0.401746773199343
0.391757638893766
0.649174205272955
0.858996955949668
0.813211827175594
0.504074537624689
0.513275042942931
0.438962054686779
0.815857502784009
0.769274226651839
0.281916663454433
0.92306275490765
0.570031285609816
0.390459762141636
0.849201962105412
0.311605274046255
0.0404904857780176
0.491218307972561
0.468378449264116
0.658233949046954
0.542741766536125
0.413664205894837
0.820109025403338
0.491508986823563
0.386837218330351
0.174793774531558
1.16061572127413
0.9617603794803
0.658042188851305
0.383424177768096
0.920569963721335
0.317261049645412
1.0377852835782
0.41701957763349
0.448708463709825
0.41987427322444
0.332309304187901
0.693172231642274
0.781231862129924
0.541284809854913
0.465228044138271
0.321037187610301
0.331284999517056
0.573328599007625
0.570519554097688
0.386171044289592
0.588056575941109
0.536191544111289
1.61556470145448
0.704051843208051
0.391316681413863
0.514736677453961
0.738733425725351
0.305569973340357
0.268437309625251
0.614536532539635
0.309859776485833
0.579931426835152
0.785971384763072
0.332169262170569
0.89238991600374
0.504331706999105
0.224511407811941
0.288803255639591
0.755236406444929
0.47401701337306
0.481433457866073
0.20691281940203
0.459281039005257
1.10852806076596
0.892341077677162
0.299007307874497
0.507345277500271
0.199863247166682
0.957200285902262
0.945299365455279
0.542940083701497
0.71645447848469
0.619699717304016
0.436690411693856
0.613459283429803
1.57287716906696
0.485482480502658
0.863136582604214
0.450396281827407
0.761071439099031
0.642647125284547
0.369320003222116
0.333929938510244
0.531650115915333
0.296102848025423
0.379617903398096
0.405813942104349
0.61439044614706
0.197219682681917
0.319646534222805
0.598019486373162
0.648743278873071
0.594172369308445
0.351746373479841
0.526763475240209
0.499252211969208
0.421964955618619
0.471838247233321
0.531164306302614
0.409647326422136
0.586836162168304
0.637665543156054
0.341624176360502
0.545898370086114
0.754754497352929
0.654773481070208
0.343136733094864
0.508572139819185
0.258047909765462
0.462789250270498
0.404557439184408
0.638668373137117
0.320858882030567
0.585797053336079
0.6144181664884
0.64608261243865
0.532973527505437
0.300560021750249
0.706465586419235
1.57179744982949
0.997163398325653
0.292917243017891
0.320688281489651
0.614975834914658
0.391572940429347
0.510806641115239
0.423702603129586
0.864403239497405
0.186498317449802
0.526820379699
0.55768455714549
0.408934075217943
0.430444301689235
0.430957738089626
0.162506414404472
1.0108382103158
0.838152852070514
0.282282443419337
0.563120976914763
0.999579707033101
0.671601887090349
0.604751562024513
0.468643622040087
0.639069433467588
0.367432972445139
0.671905556602657
0.340327162706028
0.896524813300919
0.54123069998417
0.836792398553624
0.340938229423891
0.363752591332781
0.530155085607973
0.4088762859721
0.305544569198367
0.321116642488548
0.594456024677673
0.47460718908128
1.04062085948439
0.361162792065697
0.499619991651148
0.852042889625949
0.548494661563154
0.488952105859047
0.646408469485979
0.416499613679801
0.437401877558572
0.701530922948777
0.286043659866418
0.738832751578512
0.378745765284389
0.823590734712747
0.205874111347581
0.386691839002135
0.422959209507321
1.0565424034409
0.589846965118087
0.421111294847284
0.261478500520399
0.413299186179939
0.381823133800949
0.645907154559591
0.313775504547805
0.284431558221391
0.399252012013787
0.775440986693337
0.306990613601805
0.184653283279847
0.393748800622288
0.332757051322855
1.41982255389871
0.811269701412669
0.599688745580964
0.357193281067543
0.364209343152016
0.742926990731288
0.389212749775944
0.546015168946589
0.564673398867352
0.48299738602082
0.912912631723045
0.332805844744086
0.425554608892309
0.531677430293032
0.269986075176929
0.769755981986517
0.590000620753445
0.351016533606045
0.255875347216298
0.480561444023023
0.50675184699715
0.619593075769983
0.533166318672535
0.890062412425864
0.477823201105721
0.366481085710639
0.878137907661173
0.507945169936185
1.11500555296316
0.695170520841521
0.409629337007314
0.617195710198427
0.408961503295197
0.232185404030479
0.39089877201708
1.55695643953841
0.674666338477434
0.523945391288029
0.718154512350473
0.465936235526774
0.711585389298765
0.299582590865674
0.459612553318233
0.340020263306673
0.496406152566906
0.507180700591197
0.579193460544087
0.487486003269808
1.03533567988492
0.554733044377449
0.430864354002604
0.685264240999807
0.273671116995684
0.178899996026199
2.34004953613926
1.15880581846272
1.21019883580988
0.668227080989389
0.434409248971018
0.654597580529473
0.886766887540947
0.240283717806851
0.537023103227971
0.214327895840967
0.583281154870358
1.95922741876924
0.588731225710854
0.477324409559014
0.435803212364797
0.701905971083874
0.336636235076875
0.254322008090656
0.983144922912905
1.08443656567574
0.50973723491371
1.10856300785686
0.356250993997351
1.08158150035687
0.189543178412105
0.210229158966
1.0421745063181
0.560205997973741
0.366087921920258
0.712322083250846
0.264978401066416
0.301162540660759
0.423678463382577
0.491402784787328
0.51394199435738
0.637729399861601
0.222221826810009
0.458617845750388
0.536591158536486
0.839506739220012
0.274678792320507
0.699676448756447
0.685923336037466
0.434059863135598
0.385920000682441
0.709481443357832
0.507783965025067
0.481380397953072
0.349878720693319
0.554397147678568
0.193580951000846
0.494151640308847
0.378569749931556
0.826474896015913
0.349563775567837
0.326143413033884
0.448202245780927
0.28096196585852
0.34147402494431
0.428226782588461
0.207970078162643
0.353119696074173
1.25393799842296
0.657437455824382
0.36059932576171
0.584832543195545
0.431511582432363
0.434139701261225
0.523879548742646
0.584027022474256
0.324267682850562
0.417357525248675
0.6866322541201
0.55095580976255
0.229235476082522
0.410176558707684
0.962809171137361
0.569831505845618
0.420905617464247
0.968902536696957
1.82044192414482
0.545714932356535
3.01109724265079
0.667303810189061
0.784556104289973
0.490657091518747
0.314723323202089
0.72846165272966
0.907211083580318
0.44812983741976
0.683707796206049
0.367435430041159
0.455414101677462
1.09238380547215
0.666927697103805
0.787619640556922
0.298934423797403
0.399759066089082
1.00672385781094
0.580799412900024
0.325030847592724
0.318793837187446
0.644812115669704
0.50809747474551
0.885534025765143
1.30499132077109
0.540607168257899
0.283428391056876
0.63000519462307
0.355894126550884
0.487569431151735
0.546749963468094
0.505695570095784
0.571997529672256
0.676870678386972
0.31435138908751
0.781936392881232
0.482023687028436
0.428148321177845
0.602670136943743
2.18126095543531
0.285979241390189
0.234289200014052
1.30025121991841
0.245007215842898
0.639484625583627
0.420335352585817
0.64080885911634
0.689860891515004
0.431654876907967
0.413307119480214
0.530008504565696
0.201914572726331
0.385203896251754
2.01245083206996
0.800886306744937
0.39809879128333
0.43931014508337
0.323887203996411
0.282969548543234
0.582059090654403
0.56325260268381
1.04288457598496
1.01679744546256
0.54342259035796
0.32291660312835
0.441136707421083
1.074645025054
0.988393769311534
1.31403578315717
0.823907679737293
0.534194682907574
0.158006340151486
0.250342859593967
0.456627070050168
0.480617258468309
0.142958012924162
1.06123420225911
0.973393403260721
0.165701309400196
0.560208763865142
0.312875970226428
0.427913451808809
0.50384036182611
0.635122929011283
0.297742919157682
0.283296225080126
0.56745302981303
0.461978953616048
1.40882716254849
0.36333199509037
0.560976594058566
0.458604179741241
0.704063234869347
0.625330149715694
0.699778698678886
0.902737342895214
0.5979720793711
0.579639276069666
0.346476773596891
0.50553406296211
0.342907414997977
0.390019393854072
0.556024364196404
0.367671907811783
0.20947110770558
0.449346858241906
0.217908658982878
0.610832266886466
0.648940031966951
0.705564811340342
0.214094643178083
0.580420261288869
0.350532374967613
0.168839132240993
0.409161475801863
0.667886860008098
1.40497315702466
0.277787565640601
0.541763462228895
0.477279424217552
0.376457780720754
0.659759573215581
0.44485018803948
0.276921867421103
0.704297447445482
0.518578357093345
0.494320332466392
0.364574190522233
0.60572906344611
0.792398388259815
0.407517843173996
0.933596102349374
0.278540211106944
0.712844432864202
0.58947588001226
0.27633421237869
0.5041196214038
0.485146192962428
0.278877561372424
0.486978478964122
0.42156585793617
1.57141471159584
0.483205802022259
0.362346194558525
0.741695745413023
0.31590178468634
1.60948113541092
0.230583382699087
0.842605351249643
0.852759392212401
0.249888416249367
0.430799778116787
0.38658758672632
0.343299977704029
0.432101834197427
0.404593766188245
0.65636736703429
0.801047666008536
0.478833183912989
0.875666425738288
0.286340481485743
0.627484530353649
0.539203746768577
0.284109247799251
0.265595930874816
0.533533531948017
0.34022813653177
0.339773811602296
0.514527967335401
0.44916844546943
0.429012606441986
0.370895520657334
0.788394195992392
0.206652399031663
0.460058582787713
0.925832106204754
0.693549076072668
1.0714182371034
0.487628590942128
0.461817372366458
0.75337623809129
0.51152435091446
0.599913213124034
0.463706507360089
0.868742630983431
1.17983728324791
0.424838221972995
0.263986186079174
0.337310037163417
0.615360312005961
0.312905689703387
0.444548828891286
0.644659841073132
0.683290056189039
0.54774904332906
0.68874242430669
0.525900595815287
0.38803297172471
1.07998196575261
0.513819768398411
0.452055384365464
0.243894380548301
0.343241828307025
0.470738764430717
0.931761137281695
0.573676579965929
0.856401702179641
0.210587296689056
0.502645253492171
0.568590276430846
0.852200369426252
1.57648967842552
0.365260095763789
0.410310450899657
0.442761245775571
0.421117341210891
0.341313442757669
0.54795350963726
0.55736893999697
0.264544675480028
0.904954904079451
0.41090236043098
1.10272962158295
1.07673985690922
0.51534663493962
0.289940534120449
0.196896018226984
0.524665557441954
0.583503002359382
0.629696474713161
0.861499622805948
0.430498267795218
0.534662575534556
0.357280260682767
0.275413103221552
0.852738537982691
0.273564495609685
0.311210181987084
0.555909085458305
0.295912741645527
0.407496284570571
0.999570612185599
0.395260392286693
1.01939984824843
0.393854469767554
0.756450690186949
0.375078918190161
1.70496507855197
0.47855356810065
0.588665541715583
0.357731087143926
0.665901292863791
0.849339944807189
0.709127550330141
0.605885823045434
0.41274158836244
0.636961707911948
0.258463124707564
0.183464273026975
0.436964435938738
0.775082811062735
0.771637238490037
0.375003171656814
0.934568083955419
0.34670508857146
0.55739250989843
0.459834170239241
0.610856538193718
0.419824894332933
0.352427572774334
0.416105365538636
0.620717030895517
1.26383417492964
0.264022750203005
0.329910264432204
0.33803961733631
0.287751766788511
0.441041697145552
0.418149368627494
0.350093955475667
0.450854040861325
0.463753978342675
1.31876461990098
0.658428722320362
0.985711047496113
0.778769319237568
0.408902245799813
0.713946470862663
0.309751026002683
0.300412887764384
0.287409173613843
0.745940943851384
0.627930694406669
0.292977480445874
0.977881341469649
0.584743532935005
0.55041269312193
0.717490958077046
0.292844823215501
0.259603882047123
0.901363911841211
0.582563837874052
0.352369898695124
0.760767236520223
0.158490169298395
0.844039599892875
0.589236985643061
0.552563278688754
1.359814809792
0.401497724922647
0.724273011252337
0.428660489998416
0.421980564373025
0.360100049253929
1.4146618355589
0.463885130854785
0.165974761016998
0.715931143294376
0.625005067262589
0.33857631265952
0.747836904749863
0.362140687271097
0.598735372636949
0.359206416583357
0.593135963795263
0.821932815963948
1.02825126402265
0.50493155339693
0.281380785481388
0.320922487794382
0.733537569757276
0.245362759981483
0.351361229039326
0.584568008075406
0.538408798601124
0.857880522760439
0.518997234211114
0.366122940631475
0.638567859783636
0.446347169878143
0.500636797293057
0.285807242104338
0.696276670879437
0.591014678487229
0.58451417243994
0.556970783066465
0.541106245316666
0.401350662384146
0.451090022690237
0.421998650742091
0.292442178875613
0.452582884393083
0.39227247125437
0.503974604469823
0.450612308198079
0.631877990365888
0.453513335644296
0.721801926081989
0.523764642348476
0.696725452636519
0.432059529069224
0.343059545466147
0.45483366108234
0.303896829982626
0.440949289707688
0.406060251644249
1.0212929542348
1.90768411553977
0.788027767269676
0.856731071319273
0.480301288157334
0.373029432587707
0.802276208463528
0.657475488464425
0.473139131629521
0.764020478222948
0.725262412761281
0.242560495396445
0.20908488927806
0.398380531390499
0.639802759158122
0.456092742993337
0.484728911557914
0.444703557678126
0.691761603052124
0.696716699520392
0.484967765955919
0.537927256600057
0.337304860973338
0.616279135282068
0.261613880759103
0.344326710381571
0.271216732504314
0.554013965514999
0.690261576687787
0.391405702188677
0.378765304160393
0.80259472560266
0.440278210989093
0.430020117914242
0.439277294959386
0.236678084578634
0.443721286233
1.13973878494411
0.235556676098037
0.442618324252058
0.371510567484929
0.715515700685297
0.533312392521778
0.260087369438165
0.308565663022915
1.10496555523051
0.485664835200676
0.206325893815226
0.604138411457606
0.867849683800111
0.412002357042273
0.57020279120568
0.508625990868166
1.29689451965292
0.662597966200819
0.586024368936316
0.495595925886579
0.40657231978105
0.533630509179049
0.300152049740241
0.438763257697776
0.924248159313931
0.477840620967615
0.166008455631878
0.841531190741383
0.390802906706144
0.592319538677416
1.29988847043048
0.345759190279704
0.604133511544504
1.11824026238905
0.569017686625849
1.23203605263857
0.426165732984016
0.612478544040998
1.12099458768103
0.384984617996016
0.264511658906648
1.12663346572409
0.172376821129796
0.544474753891567
0.431970906694105
0.330771149855981
0.238108476817916
0.29912158159521
1.32525382635435
0.632824445665624
0.404849800709776
0.920793273882096
0.804644423575827
0.628193402198623
1.11645641322424
0.637983446058926
0.335183935408224
0.735003024228362
0.39594490996484
1.05030420438449
0.809083978020589
0.355183099882588
0.35972785491672
0.578225425322625
0.610433682067088
0.541205933840486
0.348727383452507
0.454410892061342
0.516937895930277
0.665719631957473
0.609063196997872
0.583438723489134
0.614714644316164
0.40873984860519
0.396886015475121
0.200052691042803
0.587564887098534
0.527038695493118
0.348085295775041
0.529472685534582
0.331304776615502
0.70172557605846
0.539440679130063
0.496332436263256
0.415754354141651
0.379691025344735
0.357335819177375
0.572878817494156
0.496567874600192
0.375503453188789
0.846296368713208
0.24711653239631
0.566624403379233
0.191270794660594
0.56179678220402
1.12738816604169
0.367064876000708
0.431028296300251
0.194415526567869
0.327276406298381
0.483844642967948
0.219182750887623
0.209650137559554
0.43873698591347
0.787469122447979
0.306832521497524
0.384865262581017
0.849339730995931
0.426240025889849
0.680581519398691
0.198545420805332
0.577226566651006
0.906415921650615
0.414346177575514
0.780323171101159
0.761635292833036
0.480218830829854
0.239756966824791
0.545919422154483
0.404580939401563
0.980578698761525
0.420519586754517
0.435770554863269
0.574808642513228
0.407334585986637
0.629377862320376
0.551082364773941
0.235041920453003
0.594345623174163
0.52469611153097
0.297403287335992
1.02899804675289
0.376486536865136
0.341608228022994
0.451532495975216
0.222022393718091
0.85758589087081
0.483098337414561
0.331844027438763
0.837096708556213
0.355025024115126
0.306195826060965
1.68813035566649
0.567591747632308
0.669743015347909
0.732103058683049
1.0148354714206
0.852129677646029
0.724725823759852
1.64550510471625
0.709747302016255
0.193268088099008
0.541289829805887
0.879933095107829
0.49442297152593
0.594429814258351
0.829799245576952
0.643485160231306
0.409924678558932
0.738644907427907
0.259705843347033
0.398423488105346
0.504371406572868
1.04765175206603
0.255938765727103
0.575373367309505
0.771082429037096
0.208884782406821
1.21098801840365
0.830450699302452
0.884928941060903
0.307689642993522
0.154565645821672
0.409229592219296
0.775045785213626
0.872648139591816
0.739024833421784
0.479672952051766
0.54671372253648
0.232622430103417
0.531755475027348
0.171098170229424
0.210458426150531
0.469338148970888
0.808605844385744
0.913749093736121
0.435889170921242
0.78507803521768
0.509939561954036
0.614773186054714
0.448183669273318
0.282786676429544
0.447895576102145
0.469542980655743
0.959164670844535
1.02240144423131
0.543422221959458
0.478105409361157
0.300892837269619
0.492176690392101
0.933159279179838
0.137491253232448
0.958395124725764
0.331127318341637
0.557897744624262
0.906056375048864
0.431240252354647
0.77870484753912
0.503850130851998
0.343632845293447
0.530980543791983
0.192373238859428
0.616357289753624
0.192851444164978
0.673521566701556
0.666935488204558
0.830300042468605
0.653564362760049
0.369397367007983
0.455193915449887
0.556754086147657
0.667438029217754
0.589235255349731
0.438695564335316
0.707481419382958
0.563153367980046
0.607489924831635
0.753851120377394
0.329929460384778
0.442486286240603
0.704197475013982
0.603611324646607
0.397667805954352
0.997578169375982
0.532688006683749
0.441876592002397
0.792166083091851
0.939948298013232
0.437901912062654
0.393243800932368
0.418847090911433
0.671549593642913
0.400217313724974
0.427683819976261
0.593706932975866
0.657505519314191
0.359512484304583
0.61564907066333
1.23692547700621
1.29313020731235
0.469572345997414
0.883414697696849
0.858477306668888
0.297112924561966
0.647933741295908
0.933137077284222
0.4000997775861
0.805481887873119
0.319351354125258
0.275102579164649
0.349618773995792
0.780745854475398
0.998091286142908
0.243697250697009
0.504337055914848
0.620188227690818
0.458464733410837
0.438887160223688
0.869394644919502
0.295004073876076
0.51375940662426
0.310629924263708
0.877766808557977
0.507978000995872
0.477758938956753
0.337257199985396
0.522466894017284
0.3617809748704
0.397586892404721
1.44935523995371
0.545284536746779
1.7319644360915
0.278884746885275
0.309855409788586
0.25879905868991
0.431307072496727
0.569125347841962
0.538938880781345
0.814436931915918
0.437912014933989
0.516199710317032
0.220316910007652
1.07468258489955
0.333291355847039
0.174612268970245
0.776666747956794
0.40230674197905
0.517559537147673
0.464861619122909
0.635433912307901
1.04521862496083
0.99614903697491
0.342586025720257
0.815170059989672
0.494191067866757
0.420382165850485
0.550917674772627
0.342739900973482
0.481048606693117
0.340637356811196
0.245188063022942
0.290653424237382
0.995504244952415
0.459470681012274
0.484429169711473
0.59361340500134
0.408343385783105
0.306006566627292
0.420239153501339
0.52012076425265
0.223409297675227
0.4833458277821
0.786151859144272
0.349830354730464
0.424492636178315
0.64716442902448
0.157199067763537
0.734939194822939
0.794724348900948
0.64517329064904
0.917705199000329
0.753355313077755
0.627934691558771
0.445988345746061
0.436559383792721
0.331557951443349
0.805039173396121
1.05100918750411
0.797568326633057
0.433117259134055
0.58529364912923
0.44525368519902
0.873215056224614
0.329517755208503
0.547417467785302
0.687182426503917
0.508721071585454
0.560057357496755
0.591939370517657
0.658306533163361
0.590023360403323
1.06718763257879
0.951513059734136
0.496306168325498
0.505791636532336
0.669112843558828
0.335403067366433
0.0977067039693384
0.438484679806259
0.292057316895646
0.529293725627392
0.601786301777904
0.418254970674972
0.397405674962545
0.262425589248812
0.467884337536601
0.774665766945201
0.442587190666935
0.465504946661866
0.619000379867881
0.870614806805952
0.524034188940357
0.542551594777138
0.755746508737156
0.584936890514463
0.43863756332104
1.04702795748756
1.3742523708566
0.452783339007667
0.660158642077391
0.504204163959273
0.438638527965618
0.573080417478218
0.268142749034447
0.509953492570003
0.355465581931091
0.409926333814573
0.425966301159787
0.384695231949001
0.452404656122576
0.0194238784900914
0.581562218598435
1.26964544707169
0.474988706413808
0.648458172891048
0.757736171630499
0.618285314723923
0.325708261448009
0.845238556108286
0.472598213164328
0.732046500758438
0.257089952870332
0.403703293019564
0.439006212436579
0.52319632280763
0.241076531947101
0.384772727148977
0.3377150815387
0.436899868932665
0.288146004019523
0.40417781594804
0.581807478170542
0.310238596244964
0.324422265997719
0.441912592509304
0.449420823438519
0.216745406113616
0.471771729208955
0.710099854645971
0.511944665509272
0.423865220329635
1.25032546773575
0.502559072650236
0.279097830373602
0.565718342462135
0.535395564301153
0.465128214073361
0.258989117023541
0.388095821303469
0.440491305807109
0.373494652531521
0.570909247608501
0.35678090699246
0.358398155508364
1.44617007072466
0.980755471488266
0.774541217237805
0.477211222205189
0.864357976441667
0.788883317274268
0.705318398184649
0.400298930149788
0.445268141603544
0.356209568557416
0.459230731928766
0.290387251489618
0.255437519267648
0.156736167924718
0.854968298161969
0.920870893673489
0.536285312603109
0.664061009505507
0.592518608613758
0.577915007775005
0.592129796534731
1.60003278852378
1.24512988788121
0.528226862385325
0.189736179929196
0.236301030625346
0.310909882471852
0.295489858667614
0.488703380042568
0.737473816019428
0.616288822776156
0.892837165973437
1.04615788274513
0.138590965253374
0.66792335684946
0.330095227805028
0.620527370204768
1.47432116387592
0.420443264726872
0.320950457690902
0.643221523290791
0.323877891037718
0.42938549547063
0.79508677223383
0.358587581377754
0.272949174460259
0.710979676672836
0.483597846435285
0.328768738420234
0.53370753407303
0.718496263608589
0.318700623523679
0.261353793544995
0.188256137538901
0.420608560806677
0.378130519679331
0.433917795004872
0.981858224723005
0.444781375120895
0.405538627073342
0.551956924154036
0.589684991828261
0.489894749733064
1.40522127379259
0.99083073582052
0.472045728952619
0.556164084326286
0.898263352586344
0.253080934541334
0.353246093681275
0.292341199099082
0.269636653838086
0.538327839817312
0.422110556944707
0.4083471651172
1.42126029547241
0.68838528904083
0.681473486118413
0.384586629455925
0.394209802109484
0.75979537847641
0.803374085446207
0.801394205603966
0.385210784968971
0.754260105338238
0.649241209488268
0.515896017689703
0.637081386419732
0.525519717412575
0.366665268258928
0.264698009270952
0.80853284084854
0.72369413667845
0.372029888972178
0.601457444803566
1.10615495510209
0.655735863826999
0.582731324194977
0.382078463597767
0.373233011466426
0.311596344595455
0.514443843192121
0.339114173951836
0.388711486669119
0.803523955066633
0.494548278164889
0.584473670490445
1.14136131787917
0.560945015785648
0.485906510296473
0.279252695326764
0.640331099723419
0.37937031071377
0.512869646011647
0.314973763578044
0.751097555827022
0.773535482299538
0.854111477789725
0.619871859796203
0.558627506501515
0.447503475095979
0.736056597265645
0.421025184505566
0.424120499523289
0.76255614941393
0.48340109519261
0.194395233127792
0.914707277319322
1.08384199576411
0.458955501522278
0.360839095902781
0.27715725333729
0.691568740277868
0.703778358843255
0.786666515697714
0.696294372997901
0.798897280666222
0.675349783156233
0.313502701215813
0.89603116190255
0.463324257912184
0.72046443299359
0.706534617327667
1.00946264649315
0.355188867656046
0.754347920630592
0.413416993265073
0.863289761248712
0.956239870195648
0.533464685025363
0.511942263357972
0.351632491231435
0.293433190335721
0.237249507919277
0.255315180431511
0.833304905650613
0.348140933977324
0.374298936378514
0.458674598793654
0.449706617029299
0.28237579365787
0.212896640301778
0.550043951686738
1.85558405342426
0.522363535882842
0.519549054915556
0.759220605716708
0.474896785467061
0.475964449728101
0.301544220915578
0.55782007271069
0.57430393552817
0.895255789930852
0.359131720592762
0.277806021760428
0.267022869252596
0.597682568183604
0.472021411470413
0.573863723586316
0.53838547238468
0.274841358863345
0.55002037620549
0.361419245188491
0.423144705171258
0.343261074606472
0.685772245246487
0.360188501364194
0.436336170733015
1.06804263940838
0.112461835889227
0.370876530422447
0.435672618422074
0.390535032032931
0.459420027219998
0.457739986859188
0.916813749888487
0.389564930004688
0.458544698290294
0.888789166170707
0.522134725030332
0.182832433019201
0.275738158777455
0.748949646715466
0.537100590220742
0.52652645064969
0.557567471503246
0.446318609944375
0.73689923548019
0.539135109223729
0.749925319795751
0.81278443698624
0.832640738117808
0.372279406226367
0.345190400597506
0.251103645252749
0.337796571263021
0.156128273292938
0.618766253038306
1.014668941546
0.340240555613476
0.744555033092475
0.789178279208814
0.463436046357305
0.398983515403888
0.473099866057992
0.551839688832027
0.356806009398782
0.320194092354939
0.589305301058785
0.410037407808363
0.650321189866085
1.14470363089544
0.924589465452787
0.721845374772619
0.762498799626152
1.15636978928239
0.795621220350558
0.609037843389438
0.747843641227817
0.3332101973022
0.577319456948458
0.735784081471294
0.672423331692463
0.237236649928707
1.04543012170489
0.307708635212636
0.351101613750178
0.449254913984209
0.908211175691045
0.276885527169822
0.221279207671001
0.370714660982751
0.509914396718649
0.253222507295534
1.14455569001616
0.373214311297487
0.137917369243655
0.256606259960223
0.366401034374485
0.889680596176793
0.384314837527114
1.48005648664116
0.52471246227354
0.290232272482828
0.476862510507724
0.996039690697425
1.03149147033346
0.304819750025735
0.48931185183831
0.589029141394383
0.378268210741354
0.399524034209215
0.442544033204153
0.42095563337865
0.471391931360433
0.577821151129071
0.276267383591007
0.928659691577863
0.707018661596512
0.448065187317664
1.19820399376214
0.331817900579536
0.756302965616106
0.583699935102471
0.303968646307481
0.375650454979213
0.525287744484841
0.543410467039003
0.403528802422557
0.402651811530822
0.513397365503586
0.906137468915977
0.248032787374548
0.865000532352485
0.548967109199602
0.40805165323361
0.260654880209973
0.607485826809497
0.619330760953184
0.429712239217513
0.273614064877828
0.410906686940851
1.18978659965685
0.499046897004075
0.405926367768546
0.858666216932922
0.219485169315063
0.367605758224866
0.612704280513116
0.48057423456815
0.476581843407865
1.08443264211036
0.647497142732411
0.498457463865129
0.402021119976146
0.763149787097908
0.562775071588191
0.661146505530715
1.66161113271256
0.415867087283696
0.292244525235405
0.754747407316521
0.865945318052472
0.471712148528039
0.516282883079924
0.359311217993488
0.342224130875648
0.507735325576763
0.71333354065514
0.362060795426846
0.249088290447834
0.778314707746368
0.532476263662975
0.689673341071679
0.561732549344774
1.08283903602099
0.360132075146881
0.522797565626319
0.260986335877
0.777395201790599
0.296040341247649
0.715013200428475
0.316378059089385
0.625468545909731
0.893824409699634
0.516892570314936
0.548913210405341
0.330896911113468
0.200699238728344
0.666501038767691
0.763243636818647
0.348014399432405
0.739009550474087
1.03808230872281
0.656548272903707
0.233067391097575
1.47342254486823
0.460094204100023
0.585420697777272
0.355771419776258
0.71242273913496
0.59646364161435
0.245157719705096
0.420256818488216
0.438287032316067
0.605005015420373
0.365321264662401
0.426474094340163
0.579150906630598
0.294628035818575
0.351934228625211
0.312256859770401
0.486333571675328
0.489025903070682
0.321468474581108
0.61587983209506
0.302521920391042
0.509848084932173
0.369195220722042
0.842960803581448
0.608041208523528
0.468960563054277
0.388314544274354
0.619143305955725
0.625229793330696
0.886677865330458
0.498689146159874
0.250143123406697
0.33321955772181
0.472962283310391
0.66528291722853
0.444676322270415
0.675135683750868
0.829431518875299
0.257931735938138
0.336739250065066
0.287253308089788
0.352778241991949
0.497095948032498
0.401408194328355
0.611827616311992
0.36775983631737
0.337965216946569
0.510712759638899
0.187167983495407
0.675039106240964
0.454027685880758
0.28979939576723
0.273695946916784
0.282877029266928
0.871735553766937
0.440468176302776
0.665360403389511
0.343643083671662
0.491067093295995
0.695860987314984
0.367174241795621
0.557493252117704
0.446057231371646
0.344406142354896
2.14964830798446
0.60893512010902
0.35328676740473
0.463711481400193
0.249272641758639
0.202729930671384
0.263478219493818
0.900326606618326
0.459199219339641
0.167945752069451
0.912305640449415
0.315763687939555
0.948580843195706
0.450253880087983
0.421978019245763
0.236109905460064
0.785982428497606
0.354760117939552
0.64102246706277
0.658501419584344
0.678042332850221
0.551025160688865
0.351400520534864
0.58585590039461
0.26224375278999
0.238755164713248
0.704873908928423
0.659972650626413
1.44266471392269
0.797895919635483
0.510019350216772
0.279721562740579
0.828577292220261
0.624116475601803
0.325738303057244
0.486373049464628
0.414015103549741
0.995545316288713
0.330936560541371
0.632612894970657
0.533558545497316
0.49766947433193
0.511782566937499
0.711214001314566
0.544599522072334
0.452347690892906
0.241762163225791
0.351222055545557
0.970071002824934
0.579927911708102
0.369615752274056
0.592459143171711
0.606163710412171
0.540447536671046
0.551499290427111
0.765504051626271
0.459400370515092
0.480737477553054
0.24937332439296
0.443478572486641
0.638324378167206
0.146769457905527
0.404211904142545
0.544968426383341
0.457653954247629
0.434565281864403
0.515064624421642
0.398783062486771
0.766224196473907
0.48839962299097
0.363951605365823
0.420019521470932
0.736553093210934
0.527328821418034
0.39779834609739
0.683289056295829
0.259159546862527
0.463874440794924
0.507525769783875
0.333865437055631
0.356780764044372
0.471895650175594
0.858169871284523
0.652041883335314
0.456272792253705
0.58472926701819
0.577968070856956
0.824621165730548
0.69463874574328
0.920521614159155
0.530620622235211
0.521405740969886
1.16285076677151
0.462756511378225
0.580335457261109
0.71940082703591
0.685464003169307
0.265497903544419
0.401351417809774
0.562894585919913
0.533281799435144
0.672471641994037
0.396003541216534
0.515700566915145
0.356836188552937
0.42629405498965
0.659300436473599
0.606081380124149
0.503082490576249
1.04298401790827
1.14327852648761
0.482823486944765
0.455825405952972
0.468304693456353
1.38405645616167
1.20606672709809
0.517665951151452
0.594649172610314
0.53944619147217
0.458353001482009
0.368361798306538
0.482637937654417
0.352460469418173
1.07956143339324
0.322009120831739
0.98620508738227
0.46515350093925
0.867268323366835
0.43465994885553
0.513102683924156
0.326631492582668
0.389514667243694
0.611704583383227
1.14436594146977
0.69022052239287
0.523128580348158
0.4532078792836
0.647810492477454
0.841153588765832
0.583757786758825
0.404057069552023
0.45851094717026
0.37664969142847
0.647367318007389
0.586736434484026
0.845971583585354
0.67262532988689
0.431546749487658
0.243072820309113
0.629663223111398
0.551986582340937
0.738585893730756
0.36265720620502
0.540497428541602
0.714691612112283
0.464502465879384
0.502139434355204
0.329635322867397
0.243591632889857
0.364509858530951
0.552056936514576
0.28884642831308
1.53630264393403
0.731229182320655
0.592877424715476
0.417335754232513
0.383656949700709
0.716829097042789
0.510673831322054
0.630309089372306
0.689442574163869
0.370976419791131
0.244798708526654
0.335422384342117
0.333992920894045
0.500528537103607
1.00987660989361
0.805038134045883
0.29899869390558
0.412766308595377
0.474663164409839
0.616309344125982
0.333109253234683
0.503430115317034
0.795702007033388
0.425255523625707
0.505357977785669
0.780303477789242
1.13544623954827
0.650731583468449
0.357109568698244
0.718398827141478
0.823672298098394
0.684992861579887
0.518969214566334
0.367225243037747
0.620489563308155
0.690927238918103
0.163831102475342
0.997755962922267
0.499094913628839
0.510002997695115
0.154024187177131
0.432400205653408
0.374718983410576
0.340200686969631
0.55651961126552
0.326585496886441
0.536237367503568
0.665462302009332
0.291470665872954
0.37924937221822
1.00514969231233
0.249408220263157
0.41968911316898
0.616454114139394
0.189929040958074
0.51896916834955
0.239303319079784
0.660866992343998
0.870366097863641
0.352380146968606
0.631550683608172
0.67062197359609
0.607676249384351
0.409775359020838
0.25506724227678
0.559701930984387
0.360084406305286
0.549153447886359
0.855732008817005
0.411283899384678
0.343634996195004
0.590211473100597
0.306291534072646
0.8129433329653
0.577259418217153
0.322479752010411
0.602160618098312
0.943173468295525
0.307807657239224
0.600656000538412
0.323831289538986
0.461730908077574
0.541200584842106
0.274821744158327
0.555279887662606
0.525051052119803
0.263872175265224
0.359130759565371
0.596228372915842
0.229474915467471
1.21906279258041
0.185466138376243
0.471623871938338
0.906812046623871
0.391136211147287
1.10075907206695
0.597858267956351
0.226861345720532
0.795048014925692
0.382407510454253
0.759516270614207
0.414389176079954
0.730352006036251
0.389342973308658
0.390493177227739
0.901777863149001
0.621163807400563
0.492914733492084
0.532881375916996
0.702597270236173
0.737008798837311
0.380110464120223
0.516451514705294
0.548910296441872
0.956295272070746
0.611999308280022
0.308980312672572
0.214842657857505
0.745943477902953
0.509200163852753
0.186819853918191
0.579184735986425
0.398334031852375
0.473450266442831
0.77913476680606
0.386259021403229
0.514272519260934
0.829496975213573
0.583298970575098
1.74213290052845
0.701297099342061
0.612489691915079
0.696655757834347
0.210926490885063
0.772136679073864
0.27769694548815
0.35761784050872
0.386113039195153
0.520868658321349
0.519664613332299
0.709179012143683
1.2561478513721
0.476122215673873
0.293760705488122
0.539261476859517
1.14704471406385
0.347251649766371
0.903821238582951
0.729666216506715
0.270777135950962
0.433780736445474
0.776572376992238
0.538126180267891
1.03218862150024
0.517316171906806
0.351426780759422
0.518023692985879
0.324266634717864
1.09842575137322
0.491760929115066
