0.571685533225501
0.622670703081474
0.616637503635404
0.648443356364874
0.43612691724365
1.26704391168351
0.740136242893127
0.572822872718533
0.503179120314522
0.968670133466
1.40472945906275
0.559511606666972
2.02745587572969
1.56949109817135
0.761884061196661
0.550717640496904
1.15784820746083
0.654783490137133
0.55940935053359
0.625334917199206
0.520981555451221
0.704583550835998
0.381504293884796
0.739352131513269
0.63517373602482
1.28066824022075
0.523641099137843
0.297366616886284
0.635507483751081
1.15398422710206
0.378270117979408
0.567746222143933
0.375999907117885
0.673870327817067
0.465371371503761
0.693531467981857
1.14251300802604
0.494395557987559
0.317080571800518
0.673861636055408
0.949304512706934
0.707383431083196
0.597350969495422
0.439685285661458
0.806263062240692
0.625500663185099
0.872940302089015
1.64724144484476
0.722674974302377
0.599550398083667
0.793461098926016
1.00269693529552
0.699136608647619
1.16219025514092
0.447854531465117
0.67034695646073
0.624915435710869
0.280694668700254
0.942349844039434
0.398579847466092
0.592045297264508
0.593434718363347
0.856249674005189
0.553321603148431
0.785941497337695
0.4503869235798
0.915370391999782
0.516299952712315
1.24600733722492
0.605665453039348
0.962387145661802
0.838533384839847
0.389976578944231
0.543035938856472
0.846638615494042
0.474514999474185
1.09493646167782
1.18192571654248
0.509379832726283
0.735106493902463
1.18064133547822
0.492179500002248
0.610755794152244
1.03781352365074
0.578459849660378
0.827068165198234
0.632260826056375
0.762082438491048
0.686016635286387
0.646060899653158
0.269286576579716
1.67268153769543
0.376391648529047
0.394013999354403
0.676565139191841
0.608581538063376
0.64089427896393
0.547119584629293
0.626279439561715
0.857440205864362
1.07471218764718
0.921231832057338
0.743197904229558
0.412899198075522
0.47916993656529
0.760279211378805
1.14365962026169
1.47614168592828
0.931034377966149
0.709875606007409
0.372390767145298
1.25962981115057
1.06400036701638
0.584555474712214
0.78102380202036
0.739838349768111
0.689354270713376
1.06281172989037
0.638365751280302
0.607182320965278
0.458076741499583
0.724859277180895
0.559769930138019
1.06460187256187
1.12154859921819
0.406930257930784
0.905656066909073
3.49450337575276
0.91694948044859
1.05320075798722
0.467390824043528
0.510837149947474
0.794794111410196
1.18831148912744
0.755570643369737
0.62446321614031
0.424723165515594
0.741938217046043
0.974914563622274
0.375570816461449
0.516771986085267
1.00245338389317
1.01766783335391
0.920564036262263
0.480883879569236
0.481723440401645
0.808823306814561
0.716880209862598
0.548590440414913
1.13232974699361
0.484490473663144
0.821186391626784
0.714323472413779
0.470774229718798
0.804687316597007
0.619978668306112
0.560552002805947
0.178042509600621
0.377927864094485
0.885509885280576
1.1743292560059
0.585228689180726
0.834197806236596
0.965427102674649
1.09988365981731
0.269211775304949
0.131068202162642
0.494480119576607
0.578267179556259
0.749729763833905
0.752279262280636
0.749073221128872
2.59062721123011
0.582736066462961
0.691304367710823
0.375979455743515
0.524750151624559
0.975303408254126
0.883930475258487
0.660569758407954
0.458128502089825
0.810125333309272
0.971099449393054
0.847520847661425
0.767293025848378
1.06737667465654
0.459685246387264
0.466674886939489
0.772196154703576
0.876581962071491
0.66062080704855
0.364858483961614
0.979042825984749
0.795144150737612
0.596482757410586
0.894963562852555
0.40874451544038
1.46766633040407
1.08198925685535
0.643827273640338
0.566992032838816
0.702551616107228
0.394110984152419
0.498630393866683
0.76582377297259
0.500140329744646
0.560684460303189
1.06870486789271
0.381092746437637
1.35494378014799
0.727682907257721
1.5689095239093
0.422789388236643
0.625879092881744
0.444750531006765
0.794456962517037
3.73254867598475
0.989999387721666
0.726731511711666
0.94105955280986
0.589168139287007
0.689743306479959
2.25971133029446
0.739159565155577
0.434741329399239
0.671075957167181
0.541906268377845
1.42228612889443
0.524236483346601
1.01970046347837
0.322983370382245
1.12203245450327
0.618292424559388
0.679820936522941
0.315082967963662
0.625908527371116
0.734553404864221
2.15641894023072
0.458286304401846
0.72898489713365
0.757135727061302
0.69927816866482
1.09761303650616
0.721619475243203
1.34521017645732
1.78059542841801
1.09552375395904
0.508824358171849
0.258838896046511
1.20765366777016
0.474577236648205
0.39306588957092
0.588920874557326
0.333727313786898
0.821665455262839
0.385913132093001
0.900376930702619
0.654968423729062
0.852089651713205
0.434716695238634
0.302794378547968
0.441900654407115
0.631078577327141
0.796333640183288
1.07605637070777
0.516878893007594
0.444670197238974
0.849603796224276
0.926093224224639
0.810894418274907
1.33956647908619
0.448569659380784
0.502927167692412
1.28554604501577
0.42189855808244
0.578209028481061
1.31070236864443
1.01576485278523
0.523816006732903
0.498338786866177
0.806909799531344
0.642641267995129
0.596202887405403
1.02276530782886
0.395875567462141
0.914474101545317
0.994060475154081
0.601778964122243
1.62955944249788
0.491199949435011
1.06225489358755
0.335923182767507
0.520397459904543
0.386860093267044
0.636580796988207
0.859659258577009
1.27501147596006
0.715853591890033
0.544032535282156
0.766663809329891
0.698190562132614
0.495913956881789
1.13783436840743
0.908157657873953
0.317420543483753
1.12971885922483
0.460196606880591
0.582065506881535
0.563096726904842
0.826854142420654
0.34021839335099
0.328035441124734
0.649987730617131
1.08446006669135
0.431733961937907
0.937621076657728
0.586703130222166
0.269211148051672
0.616639227901256
0.505428927346032
0.690173916067433
0.368589258241801
0.299016723110738
0.366376240848937
1.60839770219627
2.04627916613475
0.575496878504894
0.66579325832504
1.02505478272045
0.688544290516694
0.786994471060226
0.475098546558342
0.578917529048243
1.16161261305195
0.628119006070122
0.622672726481713
0.773087739306383
0.433745181858363
0.613646482777102
0.698700072172841
0.401658438013641
0.966701644806517
1.3123690491532
0.590731719994001
0.724189228046138
0.307426661660565
0.536256646758572
0.52662590784531
0.720599966371713
0.5138251656963
0.508077091206412
0.715368935100755
0.518173259351017
0.337680156947965
0.28801914072451
0.482853352000975
2.91421116539027
0.72390616140621
0.821948215917672
1.36173422288656
0.666991042874552
0.322007887532597
1.20187730778077
1.22352758643996
1.19719885052229
1.16162363465319
0.531631738108092
0.789775406053611
0.54833795410562
0.268258988671131
1.66646902601999
1.98610722346282
0.866302112152428
1.50475673495185
1.37114574868132
0.709367974285891
0.341654508747523
1.17494244920716
0.583146660442994
0.341528964252871
0.525317826146045
1.52322007400913
2.40303752867051
0.540580116416745
0.627812001395554
0.686992712283326
0.476403506445666
0.333505064133505
0.533240094951334
1.23477389494142
0.54951016987738
0.476244611350715
1.64561525485042
0.508043547420382
0.446411867889425
0.576639649345226
0.636181711086117
0.67822257753337
0.316665214451132
0.689196475282952
0.924918818336387
0.417103890313471
0.508305712716361
1.2633779917483
0.580357108634924
0.468728082289122
0.572469615924513
0.306545862683868
0.4438994762978
1.21381477130875
0.569135038202988
0.569939567520452
0.820062508342815
0.615861190632355
0.444175748230947
1.25651577320272
0.888099913577853
0.945968662793985
0.601882012476952
1.00287886842876
0.809536159189731
1.28385459097787
0.838803814624224
0.736867464194467
0.747398840175701
0.453512484576909
0.627551064497977
1.2598652167456
0.351049823968095
0.685029212515478
0.804027499777932
0.95854228741903
1.11648101411152
0.719968364839976
0.726061566946704
0.855385218209865
0.472176592344187
0.45076986926775
1.11291593342501
0.803265090748181
1.05175703635004
1.36429029739784
0.637071495754538
0.396371304527234
0.67994236586382
2.44661958347471
1.08159928145714
0.323105836412425
0.830703459302111
0.893911524302437
0.658502497802593
1.06251900990399
0.747022557528021
0.692865134035498
0.529709795653861
0.411265027138176
0.557880224883352
0.712167609024873
0.955909318622219
0.929830686325931
0.778512403045897
1.10245788199043
0.423866820888946
0.62823439865033
0.550713292570742
0.596156470336642
0.743413386960537
0.279227479780984
0.463764650189648
0.784351968289198
0.559578551774605
0.353224613160959
1.27230428905999
0.641135347327362
0.573005697645745
1.39307873584214
1.01442556849502
2.02256655085291
0.524208115931358
0.464771273641128
0.508950580256421
0.869677946379287
0.272975494622348
0.386682439203391
0.566623221704075
0.465186842355114
0.485983148171112
0.475255646415297
0.608901093848676
0.446839832898619
0.493637700056489
0.292898257535664
0.542120923285777
0.376559623457244
0.769018630842561
1.128757564958
0.745201651524479
1.04319724224232
0.507535727905578
0.190214494720597
1.15835764797675
0.619799580994997
0.577261663607536
0.417333321726594
0.239769669416935
0.707850471336948
0.765364461595962
0.898748035591205
0.603128060145704
1.06218926626092
0.725121435187252
0.474426410519915
0.996152922907952
0.630495016543318
0.685532266434219
0.561900546963048
0.996857388283124
0.679896278441914
0.866159313257227
0.266972227576286
0.499024978771566
0.607608749144703
0.99508349067459
0.858958002042744
0.753285369888941
0.453675032408145
0.365747991070536
1.45656192976905
0.94736641828209
0.744679615737571
1.26875321765638
0.858927608958908
1.08044597693789
0.364085510591338
1.56728701552714
1.31981815605125
0.841774206343463
0.541738210635593
0.528563101928743
1.23996187425217
0.696784573095101
1.10474640350091
0.384120784740192
0.539415633645524
1.58355339191598
0.213749626769049
0.616464928967163
1.33888044702977
1.144953686977
0.69767398307343
0.654466064583449
0.83752666731141
0.341781060207717
0.830052131663996
1.18208333067291
0.270937856634424
0.542597693208012
0.398226878305974
0.603113621566218
1.0076650245355
1.12272064794878
0.569022198261286
0.270494968580871
0.898917470407013
0.959347552978667
0.465042754719804
0.929521209944988
0.402058122515268
0.883877547611973
0.919328038117398
0.492392135252987
0.711719296530259
2.33731267788674
0.471950450930893
0.572287571545888
0.658086529592354
1.01567825216045
0.383699462750102
0.662168819565516
1.12315376055686
0.954998642925903
0.526045331799042
0.685629931481267
0.611995916715346
0.624499935528599
0.732650893107558
0.738519421064658
0.611779229234373
0.714906701514193
1.63762720830583
1.04460948095115
0.327369259368622
1.0961186474082
1.92148641210675
1.73741803021037
0.817494046598271
1.04442116038759
0.713232830653277
0.462149620278537
0.959497754432955
1.04862135632129
0.525833877748143
1.01965998121652
0.556220109786633
0.577693962188033
0.683826441924847
0.550055894796982
0.734273616816651
0.660433912662426
0.589518192312814
0.886314171478877
0.921008677038487
0.489765384054605
0.402640590809646
0.806215456678489
0.964194308969431
0.929983175312593
1.19264240268768
0.795153790286922
0.604087530407112
1.18279197342312
0.727827310334861
0.331819238759246
0.498218630603678
0.551682844360781
0.409954315958518
1.4527163499234
0.280739041589582
0.756171099302872
1.384899225402
0.889167174515723
1.35640248403607
0.7973643826605
0.522581703040523
0.494850094504368
0.988621862946607
1.1602302708043
0.730378937282834
0.432990244288254
0.962384116253888
0.687949011273893
0.399243971105824
0.732283254990483
1.99799198094042
0.297765578868656
1.12747268228394
1.05465469011403
0.789173709515824
0.596763052220817
1.18780447898222
0.327686526868831
0.650854822745674
0.903603355977024
0.391625800952773
0.368405454117091
0.749266213296471
1.15689057879403
0.532380860661614
0.437344969937616
0.45449143728006
0.80596235815069
0.924557100026009
1.45084234170678
0.720090541208816
0.923243620295609
0.421287639235612
0.34258386056147
0.671856876897394
0.548355768483568
0.454292788428423
0.642204530236398
0.68026833371793
0.616249249264193
0.711002960651592
1.3832710413034
1.15055341039797
0.516430511727162
0.531398211843652
0.950765593667601
0.360430401309618
0.876866091483705
0.402002312778992
1.31708829686555
0.4295981287898
0.935400702173174
0.40503988909541
1.20050993865172
0.835401173634067
0.572505587160509
0.980320173525279
1.17289777739226
0.459550881876608
0.973292695579069
0.626952596022799
0.841945987064731
0.927923283598833
0.441616539598466
0.950589110939374
0.499004708989554
0.404986778030349
0.70567055926977
1.08943851916704
1.11248703209903
1.0097225085203
0.423035703670936
0.632947977150972
0.892552499071008
0.472577495641394
0.782995144423859
1.51101488281204
1.0313130273176
0.463006745486007
0.67918712981658
0.436171030522691
0.554503402986079
0.746306222902616
0.748531918171067
0.257325272199525
0.752698899295484
0.87414340641841
0.778433093683211
0.867946303006462
0.881429943274275
0.976924101053072
0.478381512934603
0.867784153463079
1.19164884454139
0.860289878152474
0.526856557392745
0.867688903572804
0.375063880267809
0.453447304191171
0.744657704748035
0.575293446150101
0.720647557584906
0.405467904142153
0.887870338074472
0.899208983633068
1.40608384438879
0.650927940917389
1.61564008278143
0.651502605172309
0.968594957007524
0.487603223449609
0.302179650748587
0.553418005477562
1.24712147435552
0.469722062779625
0.691364052089932
0.939932116987433
0.343289301695634
0.764387997465911
0.365261153734557
1.85450950701707
0.564775465724615
0.614947045613606
0.816520017211861
0.871955041260309
0.778397006648068
0.40317065184927
0.707390666889834
0.492287691582093
0.917622841683842
0.763348721510114
0.677972017915412
0.482377015065571
0.910492385937969
1.21822926763732
1.81557787364088
1.03083023329893
2.31084148218153
0.744768611290952
0.524479322529733
0.424439938356928
0.973482210182884
1.41664800866731
0.654487601453644
0.415841293136284
0.260175883695333
0.579327368377252
0.555376117611165
0.596689364095928
0.736513055483723
0.844462742941681
0.751298276572032
0.655177384222657
0.725555249307533
0.781432398737972
0.447747775759174
0.318683277179932
0.514046585275949
0.913314648847521
0.506974438613509
0.504769173901741
0.419283794276942
0.915075871398782
0.828369595596071
0.451514675307242
0.346854342775727
0.392717635808297
0.942106550963735
0.533520092153558
1.12431137732635
0.672933591284113
0.72308829248294
0.874892673563656
0.767627396546379
0.999608144137838
0.867461476203605
0.838517646184007
0.543307417702323
1.21194850019695
1.0478964905693
0.572500929376842
0.918706400162507
1.16927507471621
1.02587799279682
0.614770703060238
0.616106649244062
0.578076526039243
0.788882284757481
1.03075350116748
1.24184606599731
0.817652434621817
0.423976029771625
1.00064552442277
0.308208265064344
1.22918102476553
0.819268831375089
1.03594626849327
0.61073989618968
0.962402307614537
0.597155785606687
0.568193734039961
0.321409121880297
0.363530564158169
0.261677293241016
0.377334673736764
0.674729763395451
0.980620415291808
0.775226987574995
0.541298076434593
0.490682354500334
0.3820763226006
1.34123206031308
1.23924583856971
0.432248170259447
0.847781374411141
0.751808926031119
0.454749984366497
1.20321618152779
1.32382681370802
0.6667576733123
0.668261071039233
0.633110879728306
1.05633590902297
0.765919844972022
1.18626908640766
0.412452776905903
0.302640927019824
0.268060402638863
0.6298059284732
0.433713695716019
0.449335876459108
1.15095635779006
0.751166293641807
0.664696148868594
0.319993539610977
1.00227300813978
0.596960131894059
0.319712251351675
0.391722362229266
0.9876452242611
0.491993717309839
0.97147303202638
0.763154282896832
0.825362837780827
0.529391663643236
0.566327005179253
0.397515472583217
0.933983224887679
0.327031211269781
1.29365881327782
1.02571880355972
0.5371778289259
0.581767157006446
0.607101507059412
0.681506061604645
0.92583625941077
0.756141039486318
0.379480474827373
0.336566464478913
0.394003184584964
0.715039675426339
1.58336433399158
1.08698737768034
0.804519306543453
0.51616338324044
0.619370112288948
0.537144433766636
0.782347901729804
2.05979191968861
0.862265684423422
1.27133282777171
0.728399324377764
0.312668043401507
0.885846632655422
1.20270538790928
0.647854662294794
0.516794110927673
0.605776859532565
1.37933569308743
0.518725516033
0.485601320642437
0.584252711191139
1.01598787085763
0.671633238412968
0.970097022400949
0.678368789367731
0.595285454439869
0.570890571458848
0.342323356370539
1.33083121942406
0.460144840942201
0.246843404203177
0.670232930143029
0.972326862290955
0.821527853843869
0.782081763585694
0.46568701433987
0.502358428012371
0.700071422896465
0.445034318007956
1.21244079587754
0.500345302825433
0.487289156237076
0.747368056838204
1.18921190071415
0.858374624580476
0.754938883828089
1.34434257757037
0.716500137779431
0.920297900243716
0.642710510033097
0.79905971651296
0.691769216690226
0.495308987563985
0.758236298393708
0.934526994850799
0.69335814831863
0.721844269245472
1.13965756274803
0.634900954880911
0.580025243801913
0.714111997654618
0.571594939032626
0.649368497480994
1.87514423358579
0.700117756831191
0.535024999147347
0.740501485962723
1.44735573619461
0.838148839388804
0.540349106942126
1.11067390593614
0.68042607734716
1.29658925575814
0.641901833684866
0.532402302081995
0.888142977933184
1.00219338968048
0.738174787602584
0.703450736054166
0.57367804703773
0.768164141220666
0.448036522674271
1.45876317798779
0.638537967109099
0.532632843564673
0.668688970338839
0.764169792666112
0.656261204481806
0.594002160580798
0.934806835346006
0.853685261883205
0.914899967311811
1.27541739513055
0.721077773002135
0.848936082572448
0.445770355807288
0.705874817391666
1.22339452220023
0.48070096072303
0.246537662780099
0.65635352560829
1.28399275140768
1.09869458055331
0.607977873237864
0.92376832850538
1.02926737210211
0.443977539612546
1.42342254783323
1.1950665505
0.457793652480142
0.602425303184292
0.627281018528321
0.572022772782716
1.03474628412563
1.03072641702194
0.724211473666171
0.846066073719354
0.518800520581914
0.346134695093275
1.43248603756912
0.886029064944002
0.564436863658344
0.748926609280639
0.762986236727807
0.328331774684124
0.711348071084008
0.693826040048467
0.418750615590114
0.746588800484557
0.387690441427969
0.475541731220254
0.442920742926979
0.940979440520782
0.614727482274891
0.416142552592484
0.529509626638445
0.485439216038323
0.663691823999231
0.568213611453564
0.866655485701859
0.471223511803282
0.504433030951219
0.442749112062949
0.583868513988616
0.543842112226321
0.656725195017605
0.693422548016456
0.791929860960613
0.963583540114772
0.72168535102423
0.96159041300359
0.588212360119353
0.398893143136502
1.24734055130606
0.307908022592229
0.541379210703439
1.15068491698219
0.574813449219705
0.521602800868914
0.564497040419122
0.986813041220624
0.779669991090942
1.37901024516219
0.584063360530769
0.683008619425857
0.678949765090104
0.376192511913276
0.926882102585679
0.812459378253869
0.384251142588887
0.994242102203682
0.59863609613022
0.887522324245859
0.585254681118154
0.55870753876963
1.01913732688832
0.847910561435244
0.850755377524775
0.398223117495993
0.89078083522961
0.641325160928447
0.684702026591332
0.653241933209876
0.647196937837238
0.653223116940121
0.66709467642621
0.274405679277669
0.671149291289652
0.419066043589169
0.912884233181006
0.556636885961763
0.547646975520731
1.14724437381559
0.737436708439928
0.797528449860739
0.964320904461016
0.719805767909705
0.449260638478553
0.70330456399322
0.660733978875931
0.920483980333219
0.709150416384546
1.49454326276197
1.28233869906047
0.289782529748344
0.639338708572483
0.809437652510577
0.363829782973822
0.551811624827544
0.852699364975941
0.365132558213281
0.789495572890254
0.785346196077248
0.603517595299571
0.64779312726779
0.476466776764233
0.634176312904936
1.00489518195102
0.577660896780281
1.34729944493826
1.2966190345605
1.51692156838401
0.605801304017486
0.551403359744004
2.17774713015047
1.05690737981116
0.795881024085817
0.804878525514345
0.594159081588258
0.389964644973046
0.664931418555296
0.734695049508605
0.820493978696506
1.71527460050771
0.539461459437877
0.607575017642569
0.997917999985332
0.656425158682553
1.22892041655136
0.545568238301173
0.465628669939114
0.440285867334616
0.635761697012273
0.316425893705093
0.466744845694709
0.475579220583636
0.641631783620543
0.989454187416392
0.782563012573157
0.311322548078187
0.762029217287322
0.586196672201978
0.317263758569432
0.358389459383257
0.763395369446247
0.422444178425242
0.617213178272358
0.656743509851036
0.234583385038832
0.676097229257484
0.23697413256711
1.14906001179044
0.751194628545088
0.546753324509539
0.272309335129468
0.895586263535783
0.654252824462437
0.716344770946708
0.279936238449545
0.934709715805506
0.370235940748039
0.278033815238695
0.558902882743727
1.03889763765426
0.387871907439462
0.721985843079002
0.820580806459044
0.660447489581418
1.20143828924692
0.407173457018397
0.739219858248069
0.620423640113391
1.09679033412826
0.945486365821901
1.05361874069962
0.611438665061198
0.663681765949375
0.523422723961925
0.937387410776058
0.443511230008742
0.636813451505412
0.442407390865451
0.495635294421517
1.1823071710382
1.35864566010182
0.609910895612102
0.791772402475237
0.467719741534971
0.485315252878959
1.08414172933986
0.410544991533303
0.677418279534786
0.559910398258538
1.01375945497752
0.43528253494756
1.1001343198392
0.338697127344986
0.405847264764077
1.86577565771056
0.674122346007756
0.651897186616095
0.490892139900231
0.633914536066721
0.99995379763677
0.382689105672698
0.57952866581477
0.907009992083658
0.625392992995913
0.768903191387315
1.09926262147811
2.05851713535368
0.441902723683981
0.458276745509672
0.514464697735976
0.33264263091221
0.882380965260541
0.596512157668941
0.980377973117351
0.647905686753052
1.52954979191817
0.361830817105167
0.427092385278319
0.541100829964788
1.17368198819387
1.01036639495376
0.982344937863176
0.422062845150243
1.41448028284258
0.517704132989576
0.75769674801896
0.864488365255211
0.334413158878956
0.351979755133276
0.795928922328069
0.961144380698885
1.43859481772631
1.51069739678969
0.594839869248943
0.734902751760209
1.17234651251971
0.776702392921258
0.425586360440044
0.153805308878706
0.57316572203183
0.709294820416104
1.22650458468097
0.474272806561173
0.779253588496043
1.18540275242277
0.44722135818764
0.401190234102512
0.524953368481594
0.691093915146857
0.470233472243092
0.925123811481174
0.435404691165847
0.361523424187338
0.905572663504828
0.624207944859449
0.979338478359148
0.857097335445549
0.3337282716504
0.381569618264789
1.05158990306218
0.643887616403901
0.448081527285002
0.915915533078587
0.434341693539275
0.842807578123267
0.492821413482138
0.929835373398107
0.410951873151292
1.57398486167692
0.818161575404176
1.18325050068932
0.969713680629285
0.806686359919475
0.917417152635918
0.622455129932892
0.522436207350511
0.571486893248127
0.953470396072105
0.922804033730079
0.627816956550945
0.592008551437549
0.510898052139889
0.768470143611829
0.770610235187838
0.746370055909471
1.33304483969048
0.652096743962079
0.839036682450363
0.554709465186906
0.504839203412141
1.4394974146631
0.498544738856207
1.04058913777814
0.54611094064844
1.0439020133773
0.666744911829464
0.975440810416556
0.748647859080008
0.854077326622206
0.736177081092228
0.626884537436488
0.49184295376223
0.63530191143409
0.706640579772435
0.699472048331796
0.367508882924042
0.4127410428131
0.681611868477939
0.616193186713994
1.99179996309968
0.716853016609105
0.563654968641793
0.50931693946056
0.440984546401915
1.6662078359495
0.602558543879473
0.827015726359876
1.08573890801374
1.65671944086152
0.430326239916113
1.00085135336806
0.532553869151463
0.25181213430032
0.826632400613246
1.17917881381157
0.632911484664752
0.710477351213316
0.479890706057826
0.26860055518272
0.612045051128805
1.51810327203087
0.82073979945875
0.558685388006844
0.68219137401726
0.726428882118404
0.326734844318401
0.646535940369955
0.460805009344705
0.558557693249198
0.641431479365241
0.757456631731454
0.675156961717235
1.79351760541361
0.928737668771262
0.749951776121493
0.508962951706814
0.785693728786434
0.916305573532024
1.85832233059555
0.80961906757208
0.738623925121659
0.828407509056818
0.464822350353464
0.822108513436112
0.397805252285275
1.74783996558112
0.485644877444334
0.569548877832632
0.68238403180598
1.15977746827062
0.510601130499246
0.58665352950219
0.531635374098543
0.530430724719193
0.567518932332961
0.806612306781965
0.504587265352255
0.99288214991141
0.556230566207231
0.516650873049179
0.885886230618786
0.909133918624735
0.49057853415874
0.939469180793347
0.952524808549387
0.71845494766003
0.757983892505153
0.646317929247718
0.96850191372166
0.402666377603301
0.718155873749255
0.38883134328807
0.484986556455754
0.797718679089523
0.38897179930711
0.91696394149275
0.525416025236181
0.670478343407551
0.646593486868924
0.497650586717027
1.29346272474234
0.446384752661184
0.846946493767658
1.34412275850874
0.82732962467478
1.07460265787732
1.08582956060933
0.469303827110089
1.09347990949615
0.654645841237911
1.26177883097858
0.794338407558464
0.936349211712064
0.479745875652357
0.517411241625091
0.55316065746857
1.06522262189123
0.569923420115983
0.322064418626999
0.727784383799982
0.505995783043049
1.88962768143978
0.433392182267964
1.12898047679445
0.592870114027247
0.738052467647408
0.93022406494592
1.07978948222963
1.65226415984564
1.07566226059609
2.14897361394482
0.437446758262452
0.498426214866013
0.841542225725703
0.590050333316809
1.0042370703855
3.42456388351773
0.422699125280079
0.40987338836304
0.580195235437578
0.720536660030284
1.02951600501146
0.721885095818005
0.474344081337175
0.463326084809044
1.67259241986009
0.441866152963519
0.557695059956631
0.776045675882048
0.951302834882385
0.441545167250541
1.2404870459203
0.64188400703899
1.39538607034251
1.41804556194484
1.3593765252868
0.449868873039474
0.586319804240522
0.535640729735735
0.526826572571735
0.48336892437387
0.609136856152169
0.42132283955393
0.576880483256868
0.916557044403756
0.601978915561079
1.87851997180786
1.34904849032489
0.884569056062786
0.323749716825287
0.662970650333721
0.606114726553088
0.853584376476247
0.685252611835795
0.579766813916999
0.896869394398924
0.546055414615555
0.540062105107096
0.449180587560722
0.505230589049109
0.609321295192482
0.457976518943127
0.414133484132586
0.889506802646519
0.666392200106215
0.524985636593634
0.585445308935764
0.773625492337731
0.692171122106553
0.457667621379261
0.530233554306204
0.760962124160177
0.732442711876162
0.642797580975227
0.824711430445845
0.342076633887563
0.770807940830625
1.01573231805523
0.747570759758981
0.954986888408435
0.729171520378065
0.92986449401898
1.26224275500031
0.439003781941804
0.579845733062316
0.564006826277371
1.09924657795105
0.867984653030676
0.645848288904414
0.710194015163592
0.966053076088841
0.544505218062891
0.686134327114154
0.609689135415187
0.480464476632765
0.663536382314586
0.624932684265934
0.255367116034986
0.587004754109079
0.660284377753784
0.803635936686433
1.11461046920512
0.990960745561523
0.619178143882427
0.54623653908628
0.244622095078557
0.488556777266466
0.351946204858324
0.812212789860642
0.690341409297821
0.803151796383603
0.70647863426448
0.864195764327971
0.754694813557026
0.601304201599883
0.736335325314654
0.468685403676762
1.16978060614387
1.60765493390328
0.862311665657692
0.770095359113625
0.869637067696943
0.301190912262987
1.11116033426526
1.45581100179648
0.656201385518174
0.984745071911705
0.456475586257671
0.513704180648655
0.433873780909819
0.294476321086635
0.791859856657928
0.604538307730154
0.669065926301396
0.885598742229452
0.355168060161374
0.621567597410147
0.32925070881809
0.651602493095146
0.408958083410523
0.470959584365986
0.7138634381939
0.472247482628064
0.499710606916162
1.11801503510462
0.578038182271922
0.738479134593232
0.890346738484752
0.455785270967668
0.691774038476158
0.449209055258682
0.360205582042607
0.595083415212964
0.367832776959787
4.6495948677855
1.05976359891445
0.878137046362528
0.770424385668218
0.91287138504416
1.29254559900245
0.348046631568641
0.598792106125234
0.279614457415038
0.839231414039145
1.01619330001671
0.833326430407885
0.911256997632518
0.883390935144026
0.809440963699292
0.781175551770909
0.648657648152408
0.818558383702996
0.64964438992246
0.852809973509131
0.973866581273326
0.63848393897418
0.537529459114542
0.865278897186137
0.866970038544076
0.76010751628994
0.874160211674209
0.735351154505693
1.33859963559606
0.621439517221217
1.04662677288346
0.411085014963898
0.689779040176226
1.16049209445867
1.08471171788524
0.797121381253792
0.783740290232506
0.676629156886068
0.545249234218899
0.682584846479096
0.451121799205826
0.340289239812118
0.76386971605967
0.517922664670041
1.60512136104986
0.472239055650369
1.08340799677312
0.520145245203571
0.707328451936493
0.417876010521461
0.659481624031173
0.512507495863542
1.17992301552173
0.552111275178806
0.475417809880225
0.953459907532056
0.625473239932971
1.02513311349755
0.696843024390064
0.922706065729377
0.944759300177002
0.76168513314297
0.716234508749693
0.94587342576455
1.26428282785783
0.403318598393094
0.947745552122808
0.496463180618638
0.477215425029561
0.913818526525424
0.975781780691144
0.844958044931154
0.335441019284258
0.575022323048124
0.558275822713444
1.14375490934355
0.724187880970418
0.424185367904863
0.950124605308942
1.39794318736431
0.645223922186579
0.753605075789164
1.26713728846151
0.944258504412296
0.614101694563204
0.360679960126821
0.469679696169336
1.23886727991382
0.643080668969015
0.597622527279339
0.574123579086999
0.742581240109247
0.587145661856423
0.720875902525069
0.821269952332979
1.13532353345252
0.305513125825518
0.597369874064677
0.450576218992113
0.483099689719149
0.741432486765605
0.580370725679054
0.454275881349288
0.40102008400799
0.711522082029565
0.638014809530639
1.07841394202311
3.11852699390898
0.696285202351628
0.859594485930516
0.465620341269312
1.78710034840705
0.55556400599965
0.201331334568447
0.820883041915903
0.598012849215549
0.510591193636294
0.98048290841796
2.11623037507907
0.398159577406012
0.905517355686032
1.3807966113379
0.759033985271994
0.802174673535029
0.678619247229965
1.24773578223134
0.585184131908145
0.286491731676489
0.728769656607682
0.573478026863204
0.727979015974029
1.02063749966443
0.86220773194043
0.487450562664096
0.413186801146228
0.797669257064122
0.54030925896536
0.545454803918318
1.13676109471493
0.645512482439088
0.790829833539315
0.410672499114259
1.19264664290208
1.37849794096229
0.845419362215431
0.500756306163894
0.916671846114818
0.620751159406843
1.04681067969348
0.765472540767537
0.677177435538691
1.03269048579185
0.72007815072294
0.888057866995555
0.829344968695806
0.504181757282996
0.862583541239296
0.65704336580779
0.679241919271224
0.818767654051968
0.931247863283054
0.500553489776655
0.563442374695446
0.888631016830025
2.05863060844425
0.221549385313307
0.750702407454645
1.3514400343304
0.670239440102362
1.23046457207931
0.768204348984913
0.614851701461466
0.65140235374755
0.658217831591885
0.83540064121776
0.617916865183019
0.827584584159769
1.06954728323897
0.832273818284041
0.70014524628553
0.781851670179685
0.624174932227998
1.25008735541061
0.704307657957917
0.752289063502684
0.613567255308576
1.51683358383108
0.865919051693325
1.24566178001756
1.43418446286118
1.23451664642178
0.687425241894039
0.967365494016173
0.762769791760472
0.774047862077057
0.892481520801449
0.814456617276268
0.490599900508208
0.77275508096533
0.630247482613356
0.894236815947515
0.661192128458636
0.649055592620091
0.697944409996694
0.881016452951577
0.877355598965456
0.686049308173361
0.792838347666178
0.62868434282204
0.784658309011568
0.39757496763537
0.72751250635878
0.573684026685761
0.914960381842185
0.723381470175802
1.3597728110242
0.401821778699552
0.594250626903901
0.441995409443296
0.759967588233024
0.641305731943954
0.639564062422356
0.593564655309498
0.944899544189809
0.413255899624783
0.885761745079291
0.839191534882368
0.721985771526445
0.90939758424629
0.562590041263688
1.18071880234264
0.774510279442408
0.801502218743735
0.722761044165907
0.882631542676232
0.726477090716252
0.937885907793563
0.470110939577813
0.728441799225751
0.846162813696351
0.665119441658058
0.405505065385908
1.32004635164958
0.510811794776496
0.813143096524575
0.61304447968916
0.639760188002529
0.361062514342495
1.32255813453456
0.385312590394952
0.694662324927354
0.605468681373378
1.14130212674776
1.11332929571345
1.07256287419366
0.701446791220991
1.04782041691909
1.20909129262138
0.738326903179342
1.50963318230739
0.892268082045725
0.527757127023681
0.660086793347638
0.561577865951842
0.491210905245394
0.521344644110644
0.504115609846776
0.918031618507771
0.884874307042891
0.372908051274728
0.501652630650895
1.04325827411662
0.546907840579567
0.96834130189193
0.48536808885261
0.559774079743842
0.735251010503363
0.335112519952219
0.497939970554756
1.37803114082783
1.32756892413995
0.566149915914354
1.12553302205937
0.984033100795743
0.639067366719555
0.533980107427985
0.670131384409514
0.787766325158988
0.771098496225517
1.37851385957654
0.43816123267155
0.459237365048523
0.610273538038518
0.820254949590945
0.69980287716133
0.377083290076908
0.440531663598488
0.890842795458102
0.69790552181055
0.549974985146844
0.429430860316818
0.476052945547814
0.738707321855408
0.705317995100666
0.473575658878974
0.641878604071445
0.561771829903167
0.742334138210863
1.06389874882332
0.966455021401449
0.892903398124965
1.14407431664856
0.705445074358312
0.441608682358321
0.5736760526711
0.706941391075978
0.904162676388628
0.51222843727764
0.254640942213182
0.658856409940267
0.397178904558841
0.985918162545833
0.896404342907248
0.395603209729736
0.894183700893555
0.547052361637077
0.310940846791826
1.40600288222943
0.911379499822377
0.251534019065851
0.568250400242729
0.442513298143339
1.39988115174105
0.624582164292911
0.660008692045233
0.999133156628508
0.381110586709901
1.21313559221442
0.639965604163127
1.09889836449685
0.941231932532607
1.07221180130142
0.26139063174664
0.594095940408167
0.303107507687065
0.444649876972842
1.15004175790851
0.76843763614531
0.642527071670655
0.423535221588239
0.62535933639996
0.857495628729344
1.11114655384092
1.17470163518712
1.00643455093156
0.861018172201434
0.485792529995438
0.805523006517821
0.535796834017699
0.574197863729821
1.43423621104783
0.881781019493677
0.988587389287762
0.263292880018588
0.512347676123389
1.00311322463312
0.408491289795634
0.748035033966832
0.616279843214688
0.969243916988662
0.693087586410564
0.395690013291602
0.479446670733467
0.768279335187185
1.88093473797676
0.700769516333727
0.465654129278964
1.19468806343789
1.30048045827633
0.826556652307254
0.636628568994222
0.498883735610841
0.433905668950332
0.783820673701553
0.709568830777659
0.461585092425694
0.254264955278049
0.897560758908235
1.72889708454438
1.0214470334759
0.82691948517356
0.729350251849132
0.771817374093553
0.383514397361052
0.533245709999066
0.535743554144788
0.936984862467158
0.903744008581833
1.11576590663268
1.95413063259203
0.473882416431963
0.761155361486383
0.967109764600546
1.91869931273644
0.514214525545385
0.320613957008696
0.436697445602359
0.735244222006806
0.359041403342204
0.6023310616328
0.702099945425566
0.495806916426176
0.793925541792355
0.810321500671167
0.649001113963205
1.25933940698109
0.591270404823912
0.165822170070932
1.61977798450268
0.596101046104271
0.944812859246495
0.498117475621972
0.493577448078197
0.550509804728526
0.678884218071505
0.724694084099176
0.303678907853505
0.58282953638418
0.44338568718481
1.48172837124597
0.739280719626418
1.93722920020878
0.710677281751163
0.668063646203656
0.454669860847537
0.87690743131183
0.580445175850934
0.961368198729323
1.35661538581881
0.494915617500268
0.355528161902932
0.863466151083192
1.06242774744725
0.625119688710711
0.421767275839281
0.452709435985052
0.389498926327938
0.379352134402737
0.388652186279961
0.543449797012518
0.474654546467459
0.760403157286354
0.90197603599349
1.06614742743587
0.596378309503239
2.46342752572133
0.425251962634342
0.54160787665223
0.586613985250156
0.627910357101961
0.823601945227353
0.459298630462781
0.61870446756455
0.430105207985291
0.424396877310385
1.12577614051639
0.849062166638047
0.630108919842749
0.471365839879145
0.713287175309314
0.532416396834321
0.742203404483536
0.931654837254237
0.580533152045489
0.391604065023152
0.775031166791014
0.339955521091563
0.594399862618811
0.791115071542074
0.93448935246251
0.707365079288455
0.903987305757276
1.01179322267781
0.643052762954141
0.656963271491094
0.472484985558196
0.914013271034951
1.12646242960856
0.439717548430292
0.399247738284907
0.630909089055561
0.611848145293256
0.585248782589687
0.680432396770305
0.863438317963912
0.906872057205093
0.596719279978442
0.708563839015155
0.324468323839299
0.597971173688963
1.23150808750275
0.682613020307884
0.509064233196529
0.704835811827187
0.765325867036467
0.729540271674125
0.794683208564749
0.901265248612544
0.665777010174793
0.536614071504166
0.893634706738777
1.18055438496345
0.421354037321599
0.745969398595484
0.960224325441566
0.495627053786414
0.338465213202568
0.856389556955858
0.577243973807644
0.799121653237362
1.20867112997228
0.573463623368354
0.415579500964689
0.365898065777717
0.799128697330283
0.458052806392691
0.656956771684396
0.536070725774479
0.881547438982077
0.564089433277106
0.751157249180206
0.825738591786311
0.835480762108534
0.627285142416857
1.29536271251593
0.358597438078146
1.06386863519249
0.442150714410677
0.423465527034675
0.395693224996801
0.568098896842098
1.96470477202059
0.656686336228806
0.565270931623429
0.539998533067909
1.06043263563587
0.436918287663289
0.540150494136545
0.851504840590906
0.349107751514887
0.66753199491331
0.441787891982661
0.779760808421944
0.511446326053959
0.617088830480164
1.53090462009644
2.10974011498626
2.20779792447725
1.1924881384948
0.650935560045352
0.594810947311729
0.767330110329831
1.09269869736424
0.600001762989632
0.875709092997248
0.415256240875734
0.706607983304662
1.21237417423833
0.723578713536976
0.467702935497536
0.726528624602311
0.286322814351673
0.66459064034868
0.569664971633267
0.387558590612059
0.484418037666461
0.788587608656046
0.513288284369388
1.18345059520515
1.04567149327751
0.584695873117001
0.849390470447717
0.990846263801882
0.538014761244498
0.924493483108713
0.706315245948386
0.290808913147197
0.612037211483821
0.41753736124202
0.444796893339854
0.546970505231548
1.35978737826814
0.517873142211876
1.14862991046579
0.824180957946503
0.707708484832113
0.744910251908141
1.44041209404656
0.439508861599206
1.06401600352961
0.801606786922099
1.04357820356704
0.404466105736711
0.886003224224659
0.182237969840424
0.30390269589898
0.932947573779225
1.49577571390496
1.16827512367319
1.05629602687369
0.467335779601181
0.66507528333338
0.532801309877041
0.859719638108029
0.693504118859078
0.463651640133473
0.56448789337953
0.515076143830954
1.38506925848511
0.308953236089995
0.54798429582812
0.682302933847998
0.391334235365059
1.01763425248158
4.47687308336824
3.28988360237361
1.92093976394496
2.10387711671867
0.331671834005309
0.841883344875039
0.680613836154313
0.379186344755821
0.770476012584934
0.385435703876677
0.437260646799445
0.577845890065158
0.345413393736359
0.593665357421261
0.202890432471572
0.682577743824601
1.50568241634426
0.620271295569245
0.341735045900813
0.78941810591906
0.667807663793227
2.67531491744635
0.406539858735088
1.04733047416358
0.430958468229083
0.660656070779594
0.759051211364991
0.636015280078971
1.01985715484724
0.331707713767084
0.387456894613199
0.8375695633046
1.40584409140172
0.739471704149393
0.773085542385825
0.312216145659016
1.16303532911001
1.19595798368008
0.47580829106209
0.802569478578379
1.18870351475071
0.635797929135166
0.43600831626379
0.613261592471794
0.596712247559874
0.333152045779245
0.306660925063784
0.761757519891547
0.551285336686569
0.814492040179157
0.61843974890398
0.56344805069529
1.05199442799281
0.715743924193179
0.496642334138217
1.06527652661702
0.541225346020618
0.825982199614726
0.917901645956963
0.847896995911433
0.539733460559076
1.0168266285675
0.154664715533622
0.935955262317257
0.638914172524746
1.25328069348497
0.850041596127482
0.803511533401146
0.250817035762953
1.7825994282084
0.83052132554894
1.13470285215805
1.07547199844699
0.638360766214787
0.471465816836041
0.651460132578472
1.04590610848269
0.521224917891417
0.870897572908601
1.06618684070827
1.13296212227732
0.785662052105879
0.640769056443299
0.316588213071528
0.501374905226225
1.1995046795287
0.749979572696109
0.296665039258964
0.70583722958641
0.573283947342052
0.435575264967392
0.966226646309198
0.677684709998329
1.16128803863542
0.803902289888916
0.73523128689151
0.731495716523584
1.21155066800376
1.14635998837138
1.27650364484101
0.513076626631656
0.381829794636151
2.4875481913492
0.86245283818262
1.0365121770351
0.433491688105966
0.445734471241977
0.395798878725843
0.528252826958145
1.0453649550758
0.802979389088176
0.532226754989781
0.912293643845612
0.518003980102433
1.07286543674357
0.760735764527107
0.612608432694605
0.743785398135066
0.753868750281278
0.530300810717652
0.234204556167622
0.782643642874996
0.327048830331319
0.176400234972722
1.14817548224685
1.24414319854254
0.922362127109242
0.409732341881843
0.836058316166436
0.659145066236599
0.622129138309753
0.48216694900534
0.672610916346454
0.461398872718193
0.736710710882893
0.847373435474413
0.886917652154245
0.98293756246228
1.03554846592018
0.647008089867077
0.785070086553986
1.3640956010256
0.688630483553902
0.37932450510676
0.771454037722845
0.640515322929866
0.392131519870799
1.11525631577038
0.575487275125521
0.444321869032835
0.684425893214142
1.20841226770697
0.728158678519623
0.811542547738079
0.342284100281955
0.780004915071498
0.432559566448034
0.845493209030859
0.847336782579326
0.512448276678561
1.48653259300512
0.653241266984633
0.731618904439066
1.02214387611431
1.06155997291961
0.998825731792982
0.670774847179843
0.721807741965309
0.718238101313134
0.737260535110202
1.07944800141403
1.12736214196675
0.395861792583338
0.468510035377695
0.716484711560137
0.402588128817452
0.883253126402989
1.65089363114905
0.84338458605084
0.54842854681019
0.42192085400263
0.646751575535254
0.822030309792376
1.14219837158179
0.995925286849698
0.627920786745202
0.982825976968231
1.53952363650627
0.680836941025388
0.312234811580157
0.783486836374903
1.28808517080371
0.608288185946895
0.990282589822129
0.281445768295425
1.0620270221182
0.320539768866458
0.959364501140989
1.39252971241996
0.433056750216247
0.51375637852589
0.576947342639516
0.32702398746294
0.921793575913727
1.35293505890005
0.600910100936078
0.584024757695481
0.466131758966354
1.04223192811859
0.90721475435527
0.720110002604354
0.428345242737525
1.20546770786137
0.604524392585959
1.08287672531673
0.535779720871788
0.427903547666792
0.823306503199364
0.709970583270266
0.521196014463095
0.594165802671882
0.654936094291693
0.350871724788025
1.19173368258581
0.522475040757806
0.296010607649174
0.463924646590317
1.47368955406217
0.654806035366056
0.434832473653803
0.71966185783597
0.506377711482099
0.567280076469465
0.550149301881784
0.96852184353793
0.641837926532251
1.02144382136794
0.568954449734804
0.754691289033554
1.11005601492179
0.35391239045144
0.897789141576864
0.866041755588624
0.618297344879174
1.12533578021923
1.60728208473124
0.823565946033552
1.08146463280648
0.948988435165843
0.51649644092937
0.752552104641199
0.817997478341482
1.40761004023548
1.37899740753047
0.735157766532677
0.536401547788084
0.96702577626342
0.49185697082253
0.540224787175981
0.771044695335198
0.808015037698374
1.05807475539819
0.357979933035977
0.634548351138742
0.871097119847609
0.57481982739117
0.923424753278889
0.529526584948473
0.906981583103868
0.621268941381375
0.433924253208588
0.61468494151152
0.930626679641912
0.680364435610022
0.476065708029405
0.747055425836308
0.319835390108893
0.44829358469415
0.704493187241615
1.02501184906849
0.853637641420623
0.521570398393114
0.673157603337533
0.615851779769776
0.543421603519545
0.575865063077282
0.27425736781766
0.932144511016363
0.377434941506502
1.04925200468109
0.752431741239025
0.283131718518544
0.606691295255092
0.532177570189673
0.918181802316972
0.558280699925301
0.709226262792259
0.768320838518636
0.964324324365573
0.451582037971821
0.833466568695396
0.679753442846683
0.390787542999355
0.931017616909016
0.519288208824937
0.195075069969577
0.359067487278447
0.760723667631484
0.631127121149202
0.717707681421875
0.325044121961616
0.80565540801567
0.692289684259097
0.608534641573869
0.535142745723661
0.543024901787183
0.582531966341855
0.664465611466314
0.905011317046508
0.538822915230169
1.44459099020089
0.332577401191583
0.68837824724105
0.505586208013183
0.289528445250797
0.856944335928803
0.913348646126467
1.01036134029357
0.825310525667892
0.482995503883569
0.323778449025861
0.553351312829565
1.27261949941365
0.381844504868601
0.452958548321662
0.500638180425746
1.1971700480932
0.645952167882736
0.506321190141485
0.764530965168266
0.551896440329718
0.691390436225121
0.842279768050278
1.50391643631017
1.07201542943237
1.21417911318424
0.463382700294884
0.715906608993613
0.42542716925731
1.08264343165935
0.647160310806342
0.788077165836337
1.15271130192276
0.654987044583326
0.506130668378593
0.945428002224834
0.34998804691953
0.50570669732849
0.665521946083722
0.311587291681588
0.468493671132602
0.673069020271848
0.847677394875052
0.961194916214874
0.410783156587102
0.736589035756095
0.429306323047465
0.828026865096674
0.516773476437694
0.641842828795355
0.584232205908226
0.510221939775353
0.667549537491083
0.321237650837361
1.49009727167654
0.5544252690911
0.794955933632285
0.578053299841559
0.857579454416418
0.950277954539519
0.868008697710118
1.00758636040294
0.941662552532931
1.24448628063428
0.99790696626398
0.540794833233794
0.702453351754402
1.24780080223439
1.33077134518591
0.713892871190802
0.863717100907345
0.416468852065547
0.397631739631365
0.57525106274855
0.53523906999776
1.25708803556392
0.783979605285685
1.25762554750619
0.453020691457775
1.18911328611004
0.874589360782348
0.816336206619005
0.532063210140633
0.611899092622999
0.800612641107335
0.545760566725726
0.658787765159439
0.497282589532365
0.421017619126499
0.718960007166644
0.617911041349929
0.711654948747858
0.801470072304018
0.492320797890932
0.624808054753569
0.563646531915929
0.748938004528102
0.455673564417669
0.45431599367005
0.354800327825568
1.23621940229705
0.308626502520201
1.08824930461463
0.817373044920436
0.929726662649454
0.729167674087551
0.874443487440298
0.984548131704667
0.60868479922803
0.883140800178142
0.608593968040342
0.62363009683599
0.621382872525679
0.701509588243479
1.07482255974163
1.05005652969108
1.12162184107462
0.742271535808625
0.994238571874868
0.453153526891525
0.904242354884463
2.10427446003614
2.01089844007811
0.847351888769283
0.580144663235325
0.252095692441485
0.632348264978237
0.683965793455934
1.71821690613167
0.43648602774138
0.702430531126079
0.712100037411925
0.587811801574549
0.6326295193706
0.55152096140183
1.11826212883051
1.52686984370854
0.500271250585533
1.03010605771988
1.43009732255187
0.71930499977931
0.504188328742933
0.360070691669953
0.411623104709949
0.554332114690618
0.854717450935508
0.654809054645457
0.485173941007299
1.10787359001713
0.509861924310028
0.397915876868253
0.781132813747635
0.78591044402704
0.74098082695973
0.972287560637689
0.645208751425575
0.972426208893243
0.793399482596162
0.334710595435333
0.592890361919154
0.389743776246801
1.07096274506388
0.4902976814541
0.841994373687902
1.45730732426185
0.675948586029315
0.912346691605318
0.622077245062901
0.62667756329734
0.436888220285086
0.588545009397204
0.296871157059873
0.94873963836119
0.734690717590421
0.307021423124742
1.05150416292731
0.670718354046567
1.4051986216778
1.80863444594293
0.510088188714126
0.628095123543587
0.724477581804773
0.426398962155939
0.936669168711761
1.39918550378628
0.859497119160743
0.544859972888172
0.671474594678019
0.952548233332489
0.410680970302486
0.987820262522802
0.707441807864623
0.949675340294478
0.302800613753335
0.778354039841742
1.00648273715981
0.978651127206263
0.941266103528519
0.388178493910514
0.250367687953818
0.659635783329059
0.638743432157559
1.10216362348321
1.12083180771974
0.950979029108422
0.771508132917134
1.01309113819162
0.802433672343378
1.28243949060794
0.663575390745749
0.550423383240273
0.850715349737734
0.553691047567448
0.75662456648426
0.56962278732826
0.730464693888475
0.871470157510162
0.462654719560634
0.345287563339415
0.737315372005265
0.7940542202091
1.42086398385159
1.27364565586162
0.790189820113827
0.725420252528929
0.629732568370455
0.288485333231152
0.49637637369011
1.20506153978275
0.510499941159316
0.580342377830804
0.83143208874641
0.249757040235842
1.02314689318635
0.482181844758684
1.18048803786024
0.283463377346469
0.872253670618207
0.459865988848329
0.97979783983588
0.562259985703276
0.404265135186172
0.39233550141264
0.468329903462374
0.421842861884719
0.413320085062206
1.12230248017255
0.895875717231463
0.724846781847349
1.15037221787283
0.660033901588515
0.91095092620918
0.623086491296633
0.666156972588722
0.499741845682254
0.702593369523334
0.394783053452851
0.456823903184563
1.24927480521114
0.914599680090451
0.372019190114446
0.429169648536121
0.729302147881718
1.32374646447217
2.820846950966
0.768842622903175
0.977630323182779
1.04965202431879
0.392440437678401
0.492178660206909
0.39446302915958
0.617681188597557
0.856968362345361
0.987459992361921
0.598036933562652
0.463407987270075
0.537420599338807
1.18191354048093
0.825656938486331
0.821083147844375
0.710109348006649
0.450992739866399
1.10220820844278
0.208460026416445
0.493807501837253
0.481606726041443
0.68561702914763
0.596447866999134
0.610755010412004
0.375537549807402
0.98660647928327
1.04735947448438
0.7309939215152
0.888964912533183
0.893639606280882
0.913952157027682
0.616405712217977
1.07135755629142
0.448822341113505
0.228080247845119
0.664182652482261
0.512267680432277
0.747590957101788
1.39374333072524
0.819319419353088
0.57424416456899
0.749858784563403
0.484612508530126
1.00297873885432
0.767072804310598
0.711343365730831
0.497344199512558
1.49144536960592
0.651720281355746
0.640439163244371
0.828795806527964
0.71696391549537
1.33302865546194
1.36289721026073
0.660724249944635
0.357450641349541
1.36402831301952
0.50435200630929
0.556377598785209
0.882106614683712
0.557591366860999
0.599839382714136
1.58478415921467
0.86752106201187
0.703697693326596
0.876330198333457
0.636421640574696
0.474337274653342
0.688612671048918
1.18703166283261
0.661018096964362
0.613467222921717
0.605863838258293
0.369826863028272
0.646416808441647
0.476058542580729
0.405411385166357
0.429651370117601
0.685498300896564
0.940592713561578
4.87535989863619
1.97690500401107
3.6806114624428
0.784714257424441
1.21460941114771
1.18874344682979
0.40304907160518
0.386067596250339
1.09138324523144
0.878065124237576
1.12845380061948
0.795969599808778
0.752242608220895
0.63530718210346
1.05024808354281
0.691038992120809
1.32317116743289
0.776817614302002
1.033621021437
0.541962634870675
0.650748718073554
0.875608802923113
0.741180928347436
0.386817723085624
0.844944574338854
1.01520658725042
1.02656283636285
0.705824327599702
0.675314171584446
0.781384377131323
0.245507261834033
1.01858916978718
0.68092096235641
1.44290678051143
0.568674820778267
0.956183940270652
0.583837842685488
1.33299437689792
0.591083286629337
1.87437950048911
0.706920146216819
0.486750174767868
0.850304701825212
0.578522370773673
0.785153585707916
0.839069115189978
1.06390985742696
0.755684887710357
1.16220612080815
0.501519307648629
0.97348228599975
0.422358376211297
0.4217238923102
1.01515553566944
1.20377484025897
0.745937235632642
0.709940499813931
0.361988726964066
0.983970811482247
0.464960906354644
0.653187794249071
0.634322412965662
0.532976807707666
0.518325689200298
0.881163908027745
0.537440990140035
1.16382602676143
0.628357443121982
1.50261040799088
0.76467695151817
1.3559767156043
0.715672027651467
1.07694999603049
0.415354142640063
0.367483517170477
0.908933789389625
0.964812345119561
0.53107150480597
0.507074156930745
0.710793985809867
0.761418039303304
0.66200949248329
0.433530125541803
0.844546776194524
0.368211710678439
0.623055234379671
0.381562789739199
0.668294190084518
0.340582459242659
0.470225572351875
1.08910543033593
0.8896761153202
1.03533879025506
0.896898045872347
1.03988905764174
0.744919081518269
0.442216707597695
0.549931124074417
0.58671626318734
0.570260817874727
1.10039001957131
0.93802968235456
0.58656185895514
0.703946225248493
0.912948060904174
0.62799477782735
1.30230729033979
1.1041795943771
0.770995227417177
0.355538338563697
0.513141061019446
1.36309068849386
0.464441299108843
0.280108430692667
0.899002160456547
1.12498573384143
0.556124561798981
0.647658969971904
0.674179486756153
0.716215205870753
0.96710978975905
0.581867630341649
0.724711779014164
1.17206775588435
0.876177315683
0.513470354915492
0.756983619687078
0.638611663870534
0.670775523195068
0.658460172818865
0.513856022880185
1.75527162642119
0.475971018617638
0.887110563612273
2.14017794826359
0.431848816908892
0.852457018851264
0.601597999899072
1.45585034446787
