46.9239191576617
51.4160009250488
47.5765229884742
52.8560796454096
48.573583066542
47.3393096889527
56.6959271453991
52.8324176269844
49.1467910976266
56.0577538675975
43.9570305425204
49.8668539772116
43.4194960300191
46.6200997004742
48.5288521012726
47.1617239440133
66.0897379602702
47.1161230639141
50.5667448618921
47.1232002399099
50.0307433009033
49.4582866804064
50.0500764720315
47.6562568425903
48.2938609276688
49.2470731319198
44.6614498024327
48.0006841469252
53.9590692928367
50.8726288674626
48.0808168373477
48.6548688758798
46.1529346728334
57.5768670361218
55.8349528385581
50.1251785340133
43.565620204836
46.6304859540157
52.0263820431046
52.1397221230967
45.8580968839161
47.0045850538138
47.4104361191204
50.9340235298249
45.7625372029905
50.0464288448555
46.6004925048953
54.0863352659449
44.3223137522067
57.3932614472961
49.942358230651
52.9159421809011
52.2456798299047
50.6021782490841
51.4879477419796
43.7031797670917
47.6185774358689
61.5309248636172
46.135365351239
53.8472550121373
51.9210558574139
58.3529302656975
43.1186233674915
45.9370716051232
45.3654861518036
61.3590279990795
57.9272103074377
53.6960923010564
49.1381267528894
47.779808793648
47.2511788414298
49.4935886561332
44.475760695697
51.4432840627663
52.1478628032826
43.2004245136811
48.3843765409363
59.1287229006381
52.7884245759923
51.4677143868461
56.138558867017
48.1717820045472
48.6522643659368
52.8121437930097
47.7422058984075
54.3632886714088
47.7032887107381
47.1402212526384
48.6631421065771
49.353345413739
54.5939551807693
61.6307571622249
48.0271734335771
52.1736133126459
47.3531785487994
45.1512016447589
57.1894321714846
50.7374461983347
49.0793235800475
48.7606233228259
50.6270647453446
51.6919568382714
50.1020484628455
45.3841344843075
51.5118845766158
48.4729847734665
54.9312168839725
59.2073469258215
52.5164591352791
46.6868058823555
56.084869240062
49.2498580421352
47.1914271893035
50.4183574178781
51.1090037897165
52.4798862501694
50.426388957269
52.6725916000398
47.6557355726502
48.3050387914988
43.8278693594192
50.1048860772034
47.7361399637306
45.3793376950194
44.4381548065023
49.3105016424069
46.298113389783
46.9045049755544
58.4554931206759
47.3296997755924
44.8322965210492
57.8113767159783
46.4716437209777
48.3405310400625
51.5771188951525
52.0275798908191
54.1945175819642
48.2913048142568
59.5770181144012
54.3665541672799
47.4765950085953
49.6471994712683
56.8812769458616
52.3745875517117
46.3043719139924
51.2813081504013
45.9483099637286
48.2155936969293
60.5779029460017
53.6655407186879
44.5136275434785
48.3034681574926
49.0352936185036
52.4682720637087
51.5354790238112
52.0178575841117
48.7637373503443
48.7258710611633
46.1037576868482
46.6377853514615
47.988533352923
50.3116289597295
46.875540072097
46.5773088085761
49.5005308110437
57.5808020705524
44.9521397605072
46.2068994304783
50.4881221385427
48.9660298155644
47.1434058410013
59.5257857784855
52.0946237240024
52.7199323743794
64.3206526485857
44.6119497866456
43.634488792813
44.3847920993855
53.3554732071586
49.3676043220644
47.6185974145158
53.4668876558566
52.7090354472747
46.4560764888969
45.4107940666185
51.6973098648665
49.7734968458253
56.2876420060173
59.5113528973826
47.4488769629603
56.2653130895295
45.2118910509707
46.3555050263315
47.0949750007289
51.7660801591204
44.4583557236133
52.6381305341578
47.9414602045305
54.9119018108978
53.5029216890762
51.5357352515391
45.5068664269894
49.0435183680312
51.1702625936802
48.7596302058747
53.4170351456523
49.565229718396
54.3320838391125
58.921861935637
51.9294247559695
50.6180779147039
50.6985648198229
44.9011511735782
62.1233099942509
48.6377086266889
48.8687700707935
52.8239003162201
45.9392836639131
56.6493493929681
46.6189218351438
48.1055970773552
51.7081348734087
50.08056070878
49.769820274833
64.3068207873531
47.6777437302185
45.7982081463225
44.7377700157924
49.6872729268524
53.4726199249159
53.6653986633555
47.4875727015117
44.8174154564067
49.4348861722166
50.4532219341014
46.6386712347847
49.9709802375439
47.8858975545294
55.1778365965568
45.1891080500008
53.6655987087813
48.0936560231192
48.6794225868333
46.1087530438259
57.2949155745078
46.8127863450997
47.9773498323075
54.3723344912308
55.4629913262529
47.8899690944713
51.1355644652332
46.9193943627973
45.3842848820948
52.4951792078809
46.5361154551515
51.3783248946346
48.4249825673019
53.6712134730537
50.0807691530808
48.4382685106876
52.2737890003794
52.4069177760807
52.4156703591835
47.1593198890469
46.9269224716345
57.1727393158696
49.6811499091262
47.639774277483
49.6533706351463
50.0426101364192
53.3912222607021
48.0779779031585
57.2683123496683
50.1578522119459
53.7278293222157
51.3849599977462
48.3053413433067
49.7234974183529
53.4982487660454
44.6731817627875
49.9684825874841
50.1869028186302
44.3134833878774
53.4568555869626
52.6679162553608
45.7651314738903
47.5779701234531
53.4660074300985
53.0518335830207
46.5969966321657
52.180081207697
52.8359124407713
53.1006792778156
60.238734372969
60.6582505312108
50.8357440093241
48.7500898382578
51.0616318821415
56.0761731919092
53.845197242724
46.8455255477413
54.0663183071314
46.1807902775896
48.7437057287316
44.9997447447447
48.7387113138765
43.7338626627757
50.5826617034002
49.7985718064958
48.4907596057015
48.8349638670206
50.017822552398
50.4853886119051
51.8019361892776
49.0082221212173
46.9367820129657
47.1102191091761
49.8577252944888
48.6622133576549
55.2784135138984
55.413057291038
52.0408565468846
47.3366125934624
46.1778967811531
49.6087566120414
50.8094243455572
53.864057712512
45.2696293101515
46.8382554464922
47.7741714157382
49.5045052701999
45.4930799251957
48.0260270827396
50.1982345230004
54.891128467548
48.2453395432165
52.2691554402872
46.3330545801155
47.5165982605674
48.1950465216258
53.9648687133499
49.1523529197229
54.0492665256748
50.6637669027864
47.8558245671717
45.1668155369222
42.895359545762
49.1232788008398
60.1912200788731
49.4422283844726
50.6933606010434
44.7135386673831
46.2508935945601
45.551119724268
47.1186426401777
59.4065201066252
46.0242051405508
54.7883903019992
55.0398517816324
51.0731667862986
44.4539822155747
45.7871861697665
49.1258142489424
43.4311014892395
50.3832209844083
61.4310813545596
52.7990738866627
46.4290659061937
51.0000427666476
47.2372435887469
54.1317276799838
52.7836461001998
53.4401796187792
47.1029186234923
55.7731818289984
47.1659917071753
45.806529144395
42.7578586173184
51.2168594692423
49.2024031868737
53.1287246917052
50.0718373294373
45.72961796514
45.7065327919033
50.9885375940913
51.3116622052783
52.083161497456
45.2567101361813
45.4194193404108
47.2674175236568
45.9758674291103
47.1702904110884
57.3406987637805
52.788544476921
48.2181829671302
47.1302411121164
46.4183516667205
52.0376828056854
47.8567648704428
52.7746216346598
52.7522566243947
48.7745826916028
52.2454519767493
45.2613479316164
47.3017420132144
44.5997317892131
49.8847947245358
50.0336400432228
56.1214832987185
47.9282096458008
47.4726887001823
55.9045535883883
47.8558296943384
51.1632068375004
51.1982335062479
54.8029706225313
54.6321695435477
50.1223759106673
52.9625044135465
51.3470091568845
47.6399445822377
46.2015822190306
57.9911961590494
49.7017291347827
53.8320524394386
52.5351413299292
50.0558501299355
52.6666741696126
49.5519924258892
51.0845621867249
49.2683889448876
51.4370227599553
49.3060931546321
47.5303353154867
56.1862861058001
43.2900862729543
54.6397105371053
50.3455851338019
49.5851825242707
47.4097819173204
44.5505908480373
51.3187695737609
44.3209107945268
55.8965923936916
57.8214588018967
60.2226228816169
44.4534805019955
51.3858558229622
46.4753403545204
55.1018480870805
47.6397523593696
49.5087734131647
47.9216372225862
46.605766217103
60.3265927792682
57.8894047460182
53.3109124782993
50.58989475765
45.872866009031
49.2138010680185
55.2360792330683
45.7102320146041
52.1969165184188
53.1550711704687
48.1783578177135
50.318997865623
48.2643899839994
52.4125375131902
46.4784376177382
50.8807284759192
49.4480704917878
60.9605034992742
45.1315640503616
52.6654801248102
52.2997072925166
44.5502725350793
52.9067497826614
59.2815985149694
52.7258955381564
47.097735786754
55.2505969712743
58.6036421934183
52.4783300045758
53.0333524817474
43.7022758533227
47.2559243777228
46.2966296180655
51.9143418155775
54.1409320334229
59.4211978634058
43.8879885924402
52.5790258371681
50.2709691074979
50.5960563719038
52.7963765935341
55.1677091263578
44.9509513873972
47.2555080700994
60.1210761088679
47.8295398163126
43.9962264059334
51.7010367794057
49.0635515274678
52.7063339205863
44.3890794130062
47.6518631258979
48.5743572664114
50.9075646481366
44.9432236868769
50.5276402668986
47.3881499166385
53.0979442375307
50.4992128097041
55.1599008775503
48.7917730437072
46.2358434244806
55.3146593131505
46.956315794698
52.190395240231
51.2740562564384
44.6268176995169
46.5166807967877
46.9582466663104
45.6802884443696
46.1943034366694
47.5739515053494
46.5569978586822
48.1695608347115
48.7614891420406
46.7501452253115
49.5743928167008
50.7452534758165
54.4614330465826
60.5199162416265
59.7320142030726
51.7938559441645
48.6441894165845
50.0827044304327
50.8771242026541
48.6332231947325
56.742433726273
48.5658350186578
47.7041665174009
46.948202661702
51.3290258488863
53.3947574111653
50.0095200170221
53.5483011855296
47.8809332669146
50.2698349025777
48.8195732506258
47.3341337138566
44.2963977151127
47.5997176611687
65.3659451844125
49.4705486648825
60.9136588439904
48.266798384568
51.0743139475145
63.5728074392992
47.1208135699366
48.46900142887
51.264230156185
46.8124344240313
55.234332169824
52.9699209798054
53.5882751565629
55.2895143488976
48.1247723152785
48.9777659163996
47.7122894402826
50.8243683394197
51.8896308477232
51.7598910266188
46.8174041761731
57.8578915885567
49.0541174452095
50.8968006167204
51.7489567675459
49.648284332733
45.2585010546357
49.4360052591775
50.0305552636794
46.0718687266869
47.660508721185
47.7448352997351
47.5843718354465
52.9170284852862
57.0666794227762
44.5591816657861
50.1832200079731
50.3597348394384
51.1350158280273
46.5787535118883
47.9838274919888
45.5396398294814
53.0955681247192
49.6390368844172
47.6019421920794
51.7389876486773
46.8129187241524
49.4064019746759
46.3900133616717
57.6656513319479
57.5946145129367
55.8541186667349
47.1463582322697
56.051317658586
48.2898643545613
48.2619931000864
44.8344452351536
45.9455782551569
48.923124104362
44.3906081412674
46.6927864073656
48.5760847757465
48.3152535915633
51.6061171934693
53.2391898206143
52.4212682682298
51.5821991215789
50.7390113565788
51.697673600133
46.7722666752106
45.6218071142702
56.1372838346752
51.7888976153961
50.5341589004105
47.3028582073628
46.3297885781183
52.5437570327668
51.1764859285405
45.3779208736163
48.9569053666878
55.1795808698974
42.6980428077316
50.2613007975852
45.9930323310069
47.8702537598453
50.1113065491181
54.1964918414914
49.8008197107581
49.6889717591204
49.7392480059884
56.4072085912398
48.4111179203541
48.7803624974538
56.4302531568803
54.451015108402
45.3676351120674
50.3669982799219
45.6326795943501
56.8276310861087
53.8092455771863
52.0138844963167
53.0861515065745
46.0334227681021
52.8023878160329
44.531516704566
52.8338095961765
55.7322869392722
50.5884439686138
45.8921981711302
50.6883745449635
48.0151107121349
45.1637234218924
44.9075599921109
46.9799093993896
50.4804787901743
49.509438551208
54.9789139138376
48.2097590484502
52.469983152428
48.4632846990076
46.5284003290708
43.9907408738808
46.7419135162157
48.9094538472407
50.822519201876
43.5650645358128
46.5048902792922
54.5127133760682
61.2140129922163
48.5412596042437
52.2294554823135
48.3629878997242
47.7653252372023
47.6928299424478
50.9907463319504
50.0515436138077
47.4072902050412
45.4817533992722
43.9852601342205
52.9288539969398
51.0146682111496
53.6248064970426
51.0837363159879
47.0334861613499
47.1403465048287
53.1290813680059
71.4861060152029
52.1205721686946
55.7340599845676
50.9313716678472
55.0723325127105
46.4290476983695
48.0624409492934
48.537625157754
63.3187704673726
49.0447580345091
50.0504113724604
49.41081627523
49.5184397539641
50.5861684349198
44.3180711693999
44.3709080320974
49.0932745407033
51.0503692890433
56.1793197709004
52.0436235180071
49.7621711502981
54.3066669473438
49.4384736724696
52.8403556649403
46.6998721387981
50.6234114047822
45.7850451042237
50.3966543259401
50.979542708714
46.4561161989072
48.2618309005364
49.9368857516658
53.1367892921279
60.7868418072592
46.7000917061824
54.9695452041668
56.8811739644742
49.6377297147322
46.4642747548457
49.5710669574814
52.0704468254891
47.9233493998945
53.2314281001488
52.9125641519331
46.3056069231627
48.7669074504978
50.1994806504513
45.6998291735365
52.9782265870202
47.1595239831633
56.5166691813809
45.7284201777859
50.3100374514449
54.0099523100176
56.0900726823791
59.9303832461449
53.4940085110316
49.2578033532077
50.5920805901016
51.6758073617712
44.0391996451144
54.7149754662386
52.0162345289587
47.0415857258027
47.3682885575119
45.4251025540364
59.385788110258
53.7482579538459
45.524433014558
45.4541669721123
51.7377911173435
45.5312429926126
62.786643886375
44.2185529510323
52.9846683941235
58.1670671259888
57.8908382847764
44.4448124411695
43.5699545452855
57.7745458609666
53.7844578397764
55.6298706364208
52.4538209559134
50.485521911819
45.4375371589659
51.789141988734
48.0312508489601
49.7240803582883
54.7469608710473
47.0080153727681
51.0758602152707
47.4022835445399
54.0319642819841
49.8670233848001
45.6624359469536
49.1183212921879
44.2291572064219
58.1654515144014
45.6197813328686
42.0486090154898
50.5209865073463
57.6520682871309
57.1684472245681
43.7884095579212
51.0870248623231
47.6759750600695
46.4731573869839
47.3199789600079
48.3571864122545
45.2114455026511
47.6587273207741
47.449124883508
44.8833321438591
47.9235735375815
48.8711498880338
48.5231361305184
49.7581578989843
47.009313085201
46.7359638799107
52.2730803668277
49.4427072517578
45.6612097281203
59.7958877410581
58.304068723629
46.5787344039981
54.585166993362
50.2186785279833
52.219512543647
48.195213612836
54.4449226704706
55.6119513588022
48.4042942569601
50.5459143042143
46.5265282637025
49.1187698690591
48.6464517086271
52.0068897878859
55.6426717992742
45.3763234089522
46.4427506092093
55.7720150138554
50.43538935071
52.2946486421102
51.2530847091736
48.3143082202312
53.8901949192726
48.2271390754247
48.5458888773277
45.1033545270137
48.0839013411904
47.1666462762192
49.8528525989355
47.5485379157459
47.4886143315445
46.0979864040083
46.312923456007
53.8736615587105
50.2299092751401
45.4176070769709
50.9259346278426
44.4554000405756
51.5833942151968
54.3823562023368
47.4674715561668
58.5529372964359
46.9298044747233
46.9409077086106
50.0264573745266
42.83942998757
42.4902460783371
50.1949784660747
48.4190896931319
61.7329911082226
50.2049822923423
49.9233055777323
50.6968108804136
46.678457509924
53.3666486023751
54.5200097032127
54.1222571051916
54.2348675965572
52.9164954420522
46.2090776530028
47.6338598271707
49.2643301671406
50.8403631964673
47.4341182159846
49.161535900517
49.2153890560667
48.0725928647744
55.0156219272728
51.0802324644469
46.9393974131508
45.5963338762957
49.9554654991565
48.6328347650839
48.9016040671971
49.1517546222531
46.5394604554982
49.9547225350237
50.3618150205173
50.9561055426607
47.1384778696653
51.3228395153271
52.1706653242019
47.4919820530724
44.2914747757074
51.2085016540436
52.546853423898
52.9732584758597
49.7413253236524
49.9417652160505
51.9736861431811
50.0308641196455
52.0727968044817
50.364333016022
51.5963434543314
43.5194273856566
48.8139545103426
48.4794876310822
44.2796246553969
47.9717066141069
49.6284947297492
45.1907789911673
50.6522641951092
48.5237423424772
53.6209000275053
48.1377647564691
55.1630702918321
51.1784028076723
46.4685612410433
50.7470303983862
48.0135431401596
50.1821593437533
47.1443030931331
50.4094447733459
46.8849347900122
51.8424740964484
48.0467986183106
52.097512432619
45.6809842058412
51.1527141280904
47.4986218433076
49.5501260682158
48.6163812577009
53.604353439046
53.7214156261066
47.4382156010396
55.7954790440621
48.4075043882091
51.4769402531176
49.5589985850313
49.9040472247601
53.8895214358738
52.5129912033502
46.8152199258511
48.2812055119629
44.7771381044882
54.9164292028633
45.036684616223
49.3988427982638
47.9596449643568
52.8998345411463
56.5957200944754
49.1601786548539
47.9694265504149
50.5101650530814
46.9780571008352
45.8394752116095
48.80196229787
48.4594598839508
54.9024231388035
48.3926128621503
49.371583239661
49.16566288588
52.8849937359976
57.2126218832376
52.087644311036
47.2467576190332
49.7107064439378
47.3626990391028
49.8095079971299
60.9958846099595
61.2273381764978
54.7931917372402
49.0156166483904
57.1687630480851
47.8028084348998
49.6454039529767
47.9645282148623
44.9991645877105
52.628193599005
45.7197455755262
44.1382216690119
46.9944580521142
58.2484018857979
48.690070148756
49.3424803388495
61.0803206481226
58.360082350574
51.1202097456917
52.8881788248571
48.7540941194336
49.3563407133258
53.7781041808505
43.2443780674109
55.8246218979032
54.5121962642882
49.6158328366406
53.9774861875623
48.0326683602154
44.6083365539502
49.1941108460713
55.1920557471637
45.7466099799549
49.2940322838615
45.3229754268973
45.8810838661745
45.899131542461
48.6952647971377
49.1781565916119
53.7504905408275
48.1183153089121
56.9705664788379
49.9175792902221
50.5360698585409
46.3706291558864
46.5101879269375
45.9636999912966
49.0725608586487
42.3660935055385
48.8111159236429
49.6234416007224
54.7316639389488
49.5431840205871
44.2669522751205
53.8377598442419
46.10960193829
47.1919713275387
47.5142707020179
49.0555231775107
49.4397560836608
48.9872861003654
52.3442612092079
53.3519388671952
45.7994775905669
49.7262169466966
50.4064541278382
49.2801134062219
53.487040369769
46.9051607863408
50.3345676567038
51.0846831121772
54.2903933964863
55.7092435354733
49.819924794567
54.4878188185165
48.5877304399774
57.6961718411875
46.1023721805223
47.6883892475337
46.6454076916916
47.7582094801009
51.6755596281836
53.0071478423544
60.9945738854065
53.1318173322691
43.8172044203985
67.1812910792224
45.3013513079314
57.408910887011
48.4285150191254
53.3064161635695
50.5033110444624
49.4052643328543
45.5234601122375
43.8849953178804
44.4481746388085
54.9020946983775
47.8991231073884
50.3125264275006
49.3577510486452
56.7290473429649
51.337731297637
48.4918345028807
52.4810940034773
50.9995394193547
52.8941215140658
49.3491444844622
50.7783121021779
49.3104276803196
49.3902341936373
53.3887288925863
45.3466797582147
53.3148134859309
48.3810590819355
52.1087750000545
47.7090258804612
51.9254013475583
53.4602656251751
49.3142906397057
57.3981116573212
56.2405658519512
50.8615639647099
50.8079841642703
50.4912761170712
49.3434848601791
59.4265296898289
46.977492695518
45.1449948352041
48.1244983094801
50.2716319550571
56.6624370273812
50.5135211519593
48.3508866151406
49.9259597952788
48.3111750491359
50.9409683258887
50.510446657246
48.1701830936278
48.034526208869
47.9068435233273
49.8930099220924
57.707147618783
48.2410430717859
56.2786452489011
57.9673585314097
54.6956695411732
51.6099196149746
47.2993119510659
51.6663146440502
45.0924102085873
47.8002710020218
48.5423908651813
44.4227107939406
49.8079070558295
48.3650335508013
44.210469107338
44.5073516240848
48.1731544829988
48.8476368227631
55.6047308942458
46.3961721782848
49.9159580548056
49.4101601344239
47.2418505408486
57.931491117771
47.4777296417097
51.7449804306715
53.7462594317477
54.0395547482825
49.5162766010573
44.2942058551836
51.9435479218053
48.9788952651127
49.4908882213889
47.9530129950811
46.0466201487602
44.8489934113548
49.4927735625327
45.3529162661704
50.6143377271747
47.0680360496941
51.8189273781727
49.4142917815
46.2490784720706
58.4311637592504
53.081837513962
54.9654689920958
53.0258366624777
49.3461977402421
46.2289896102221
46.0042917602269
55.8284798689341
44.9365475728589
48.5391152432003
45.0948446405103
52.7468944909753
49.5813053846032
48.8608550596121
53.8760637407387
49.5238877190589
45.6418813437284
51.7376489259058
62.5132472567047
50.1008542275215
54.0307758026686
58.411944921086
65.2898590211231
47.2841554241716
51.5337118255868
51.7013594473252
48.2309715972137
52.6249290352102
47.0716327602832
48.66619043803
47.8985448952623
51.2513949380618
46.7953913722865
49.2296898686656
53.1509056370625
51.0847126629547
43.7847097485608
49.3801544454846
49.3420702047179
47.5275583874525
54.7026977670687
55.6378221914706
53.4438413084269
54.4443650601455
47.002839924766
46.8182571678709
52.5561093533286
50.7846174163606
51.9832962993976
51.3695015798449
48.1771872363359
47.9612192173421
45.5658714557742
54.8880584557445
48.8545731598603
52.7760047756208
55.2181496759014
46.44782489995
44.1906236814409
47.4684827158443
59.6251536231346
51.548570148379
61.1724036493605
63.8673677217196
48.7606363051705
53.4781706322883
53.3844531136551
46.7958266427338
52.7738864534985
50.9496309903826
50.5505149653955
48.3574695932021
45.6541450377091
58.9246415125721
46.3260313146603
50.7472890830525
51.0010966318756
50.8366770626809
45.3271663974634
53.1645113970331
61.9313599802644
49.2465207382373
54.105302574286
44.0961799072208
48.0894378371906
45.8998221526378
46.7134240083515
49.5958721247808
49.1126695290384
49.3325675550153
52.4689289440012
45.9234854218535
53.1311778868957
45.2493960188791
46.5475832075414
45.3737394047171
52.1796771277988
51.8759342158421
58.1280587606444
54.7295680977074
46.973451863503
47.1562723837619
50.7990189990264
58.5526712414818
54.6405364814119
54.4613516213752
44.4622467291731
57.3931636071843
50.7096460383121
47.2282033061293
54.8755233356599
51.2573676005943
48.7722523608304
56.8432696780222
49.081080872642
51.7494466644175
51.4722840052199
56.8439364413101
52.8876065393831
56.893801254679
46.1145512205317
46.6933949604852
51.8683267169445
56.3010990072648
49.0249793103712
44.7411208662614
45.6696763676103
48.6504597455424
53.6010480736772
45.5019812345553
49.7043031142762
47.4820759679252
48.108861850535
55.5979375779685
50.4422701975537
47.2323005372961
49.357548192265
45.4538795090507
44.4776790043284
60.0514150933365
52.3569895627603
50.721691664189
48.5664489849948
53.8512074367486
46.2845068234009
57.3208476968358
47.8179236886918
49.8591553555202
51.1804889668346
50.3540615901801
49.9899296114396
61.6202479827011
53.1538838603252
44.2790568741532
53.4051103862938
44.3163592352406
57.0904434562209
52.1188846905479
53.0550570853549
52.3016577166499
54.2269510224569
46.8425068049324
44.2597008135283
47.2657451537006
49.876501948638
45.7945012140805
52.1471123034628
50.0481334865916
44.7583554102074
42.6400786311086
55.3358599791394
54.9282055814982
54.4633772492131
49.0491621399063
56.8714766747932
56.0045252281916
48.4595248008039
67.9706159692523
48.4865664723928
57.4781574627661
58.2389190960826
52.109873354826
50.769555745198
47.1797533322918
52.7824827890712
56.4108115470638
50.2644404897915
49.7246222964991
45.7241246749349
48.5476161569017
44.0692952337383
53.2273661592119
56.2112565908852
57.4373377737588
47.2611264393765
46.0282118165824
44.441646085267
44.5934387064864
49.1447782934462
45.2549817799639
48.8801451414513
45.2826667937694
46.5504281699303
47.25589100298
57.9929860963528
47.6927619897674
47.8163457731148
43.6704239474092
48.2397145326635
56.8544680158735
60.2030238438112
49.6320518387286
49.4702405674156
47.1107925897884
43.4234796518498
48.4117939855654
45.7528730546173
57.9853031719929
52.2422958744533
46.3754007195406
53.183856189383
56.7734526985816
45.1170990503613
47.9727330743674
47.8383817021463
55.5798116174393
45.4915948477065
51.9045003936442
46.8309028541243
51.9455505605528
51.3685325171587
48.3619271911155
53.7409899008826
44.3816259686835
45.450574986217
44.6868065636736
46.5957527108264
47.3998679154473
46.5464169067866
46.8413029627
59.0929596916206
43.5160337695605
46.6609377534267
56.8758421985266
45.141856639501
48.3965587445543
56.7162304007133
49.6652061612981
50.0898274212791
54.195404114622
51.9369047244848
46.5843988403572
47.835624069277
52.0493452484139
58.6865213921108
48.7375304207277
47.62670913078
51.5410420045558
46.5227888666213
52.3096484523263
45.7591767831025
46.871870724568
51.0143544290816
54.2724083078549
46.839999224664
48.8126908043457
53.6241085886035
49.5273341989585
45.9323599665404
51.3648729609584
47.3586017409674
50.9824436764019
58.9829243110557
54.4112988029117
54.874518423881
43.5052944120717
44.4628865928773
51.781375997139
46.5133699006523
50.690442987787
48.1642073841948
48.4145444421867
53.3597794908059
51.6041868472158
56.2733874823472
50.2200714403497
45.7737732433038
59.6872860366586
49.6459553185928
53.5333212317417
61.3580030150135
45.7031174144788
48.1578086894462
47.081306131075
52.5796296638227
52.4815401755003
50.5093727575479
47.3036835110466
53.2483540938066
44.3348555042807
50.2336643418487
50.9178253001411
44.7257937723533
47.3102195176412
47.6542301858229
45.4869493291417
50.5641792134981
50.548525297027
51.9676175737054
48.4979421447444
48.2955157719066
44.8398093544795
51.8976472946253
43.6573144210372
58.7065315188175
53.1788436655527
47.634326850783
51.245386688346
56.5377063474256
47.9962066157684
46.0638871128469
49.4275588452005
63.0482584391161
57.5559861399424
54.8539341152264
48.5237610273854
50.7374772041676
52.0393880075115
45.7217466902008
48.2300331333113
52.0775797605866
49.7214360948817
50.8551416281024
56.4517556833468
45.813002370653
46.662499900822
50.279483092604
48.9938337800917
49.5583642688027
50.6186167843353
55.0727194676693
48.8550555315377
49.4562317918458
47.0688240671238
49.8699884929041
51.5302329421182
48.4524970081719
49.4608562246644
44.8679092120741
44.8391567214325
46.7832458224473
49.2954160749777
52.5061623551445
50.7319775933435
48.1330875428496
45.4526559583082
45.4435648220818
50.219152941932
47.8530933117829
47.6312670247245
49.1596152648987
59.4068615547738
48.8791792055883
45.4973372282833
47.8961800321995
46.7298507963451
57.8922991761664
59.2061888848351
49.0219053728307
58.6550577819591
55.335379059251
45.2866519113627
53.2627833029437
50.8551074440421
59.0962055812397
50.5935006889742
47.3674146906913
53.97675799729
49.6082004771585
44.05596095736
60.5960438370069
45.5212227214766
50.3663403317936
55.6530844641046
48.7269031393313
47.3676822059267
50.1689104429935
48.9378708225975
54.020405426642
47.262773016756
48.0105337439532
49.131941329818
54.8317131146564
49.2280894917851
47.3936045751843
45.8173865110354
49.8840115627479
45.8545148208482
58.1965834342748
47.6854858410801
51.4688227690688
50.5679233296374
53.9948887773061
51.8944548207592
47.6091653079663
56.5505097345411
48.9244293348226
49.1229702279052
49.2475379746326
49.7184114671647
56.8136623856928
51.4442723967042
47.8814626111924
54.5818740846193
48.3353205992152
47.0897934109646
52.0231878282177
48.4445725228083
49.0916200382943
46.1510276316013
47.1250917786482
47.0495542424985
55.4866297719602
50.2574493964405
59.5386628529851
49.0238624863625
60.0751052791776
52.8465231548809
53.8432729077393
49.5429439751681
58.0394474601655
50.4501113804299
50.1229437622055
46.7627743025194
51.6089617975531
53.2181410899417
47.076265632546
47.4386632897771
46.4489634189624
52.005136258737
48.079025827848
45.4201429230433
54.5486785406197
46.4850133939973
47.8432762491818
46.9770757075157
59.8523459502128
50.1842491335359
55.5544711177276
46.0451677118441
53.5113233246562
47.0132024741376
48.9141832638617
48.211526969365
46.0911070833255
45.2378324943658
52.8879205635256
57.3370415385182
55.0220945321171
43.9129589268855
47.4284244388626
51.2562906119345
51.7767526647426
45.4925661120661
55.3016215175023
50.3246467381753
55.0246100133705
47.917315342759
49.6862433367755
44.7065566024966
50.1258348956038
44.8791754485825
49.8207649827155
50.5329031427171
53.4702878173365
52.3000818357509
50.5580993616893
43.6843219105199
47.5353536766772
63.4896132689331
47.3073505862205
44.6512704724478
48.8008315532123
54.487583399038
50.3720544015503
50.0860120210502
47.7311011155894
53.8284956169672
50.2865399077257
50.9004866117775
52.9327322928155
53.9369158301906
53.3465061874003
50.844916146308
49.6006028602138
47.2585053636247
51.3977541477242
48.2882974675985
55.1319726875916
51.3693591581723
46.1494190325989
54.5872314535597
54.4391647907936
45.5991271309726
52.80685518234
56.7618392587127
46.800235240432
49.4664123486105
47.9424358134565
53.5900990646554
49.4989289666034
45.9737432662484
49.0097048642389
55.2493457056437
50.4188109680469
47.586952983225
50.3406358612165
55.4326288137107
43.4868985130567
50.5943043782044
52.4133030357292
57.0380275552151
46.3154012438175
61.0378752339826
46.7671983537896
56.2555853859956
51.837284912887
55.0976589500761
49.0301170175094
53.5178956336241
47.2389055494118
51.080527061554
60.1955248749875
52.9752510096754
53.1848361703789
53.1672813932307
48.1514270872956
61.3916972075858
49.6317377768614
51.5092743355826
48.0315720000007
46.2958978537703
57.1526169036882
55.2093366613539
52.3357468693285
47.8947730668619
48.6607699970149
50.7974886758559
55.2167523349456
47.505677698954
50.8262363943735
51.7216229241927
52.8960534332769
50.2325286064237
52.2232488655772
50.7470701568137
53.5935500716285
48.1338409377785
65.1378294155012
50.989867733603
50.9616042568034
51.0983756169485
47.5325829443872
53.371982219793
57.3285434546823
49.3506655976733
48.3061843407115
50.8571854221063
52.1585904440771
49.3342608906728
52.8833017165674
47.9299579471356
52.8644368588989
50.5051827581386
47.0324844510569
61.1005538992034
49.4404442147741
54.6649913519115
51.3124185155883
57.3624671374975
53.3221082887757
43.8724271069174
47.8593266860532
47.6386647446211
45.2738663139192
49.2399387334706
46.1866437935694
49.6185647029223
55.5496998676362
55.177044356296
47.5302933673785
47.8193381132295
54.5788754846961
56.0320643643422
56.5066025938105
56.4415173841362
58.1361325586386
45.6688050522436
54.0875299098425
48.0762118445655
50.0819047902043
53.7172015843443
47.07087918042
49.7480863069084
50.6350557906749
55.2823535475691
51.5848108371774
47.9262787920399
49.8275386239954
46.3829538050291
51.1085540889564
49.0274433767335
45.0665546684586
55.3039815168131
45.8716165965787
43.7003304809276
45.1519139351844
54.5439045690769
45.4665658664801
52.5353060636749
55.6398056936909
57.8049704581368
56.9481521481811
49.7649793808303
43.3737016702592
47.0785516293467
52.0031957110304
47.6441481075608
48.0601512855975
49.6493486803015
58.4503942497642
51.8178742727758
51.364145439196
47.605893680165
50.7255827258624
51.436120324404
48.8399719777931
50.7429614971615
55.0607867620543
46.4847959911169
48.2222460845494
51.9788117169481
54.6072661532674
51.3850967984026
53.9374892006842
49.9923049696208
52.6238745185066
53.8023986649343
44.6515416051505
56.2314663565507
50.7216469985876
50.1199249528917
47.95308945293
55.0535630517691
45.9311673804511
54.7530600428052
61.6856211555963
44.6803201521668
50.7979607123972
52.6325244334641
47.4255215684199
49.2610791486347
48.5840904766442
49.4865027948543
46.0935905850504
53.4891956985028
46.336230726022
49.4156714887358
42.8828811603047
49.5873014496204
53.6737833685668
47.6206713735489
50.770594941178
52.9727066252323
50.2657432847595
46.3440229191624
48.2972396189869
63.6743827659059
54.0170275114266
48.4716973510784
54.8250186407126
47.7675834077341
48.8957400814484
47.0730814121348
44.4110686742938
54.4877577204977
56.6260431883775
45.6346577723014
53.8714558889496
44.4310846518439
45.4278275229538
52.802945487957
47.3578045402057
49.0543405604699
50.6634968275591
49.4514649259551
45.7564439224529
55.0676328632468
48.1353562110517
53.1300435406993
45.9049585653617
53.4628779529666
48.2876589256426
45.975176759848
52.931272490204
58.5252090732362
51.752862648052
52.6429803396119
54.6205984870554
55.1467882500364
52.7816107871192
49.5427916879343
58.031203251175
49.3062018388636
46.4918846290272
52.7264172795224
53.6886876073902
46.2252328682958
50.1582386744067
50.374053647164
45.8747537778071
48.5657826357651
44.0260340515694
51.0899557149464
51.9267926414741
46.0665091305091
62.955186619164
45.66960715071
53.0872321782374
58.2627382345335
45.1635194419788
50.5001074917973
51.35697037825
54.7125568468892
54.7567637734817
58.2547266048502
50.5702566116227
50.172850414999
46.5097138150525
45.7011507688071
50.6346010952157
50.0780731664707
51.5696954253825
51.6816414751813
47.3765378913805
58.3016737224731
48.855581864543
48.5872309444789
48.8677811487186
47.2647614090802
47.1178389126079
51.9401761601884
60.4496809487953
50.5147305872282
53.4217130799629
50.663866278941
43.4301154545187
47.2940955249827
45.7630055992802
48.4424114374333
47.7188846877304
44.6626133589017
46.9128895125997
53.7635624909432
55.9768115236643
50.9969822078934
43.9731768348308
52.6365702107773
47.5898217994412
52.9928393687349
50.6213594705359
51.6703512045988
56.3417206760364
50.9489390509006
45.611292730498
44.4495455198925
49.8794021353596
47.371217125992
45.2949664613884
50.2611359496256
59.396857016152
49.4019101789947
53.9944015854636
47.4460649656063
50.0618552399239
53.7367873242104
54.2436444524157
49.5052317796282
48.7281893183937
48.1986132829014
46.7182680937856
49.3333874594342
49.0374643633849
54.6641055478944
42.1256330374185
47.4748489996809
52.1045527426929
50.4212093063959
48.9078786454526
54.2971678400364
50.484553774077
55.9577244441565
65.0103237550483
52.8607662342141
46.8354228362658
49.6521795296124
47.4092432379471
41.8075071437906
50.2102089755351
44.9885182453136
57.7253125879749
47.4309607173026
52.8711236772478
48.3412495296443
47.2684800919644
50.2390668867931
45.1237019980708
59.0546197555366
50.0539061074685
53.801450553013
49.0245352458171
53.5897489980456
45.1920112301074
45.2284888804427
57.574476385519
50.9341372175755
46.5126998893107
47.7179692428005
45.1556901947453
55.5642435701239
59.4955751574381
54.728232035023
56.0828174723661
57.1080113410712
48.8185474261801
44.1338105957387
47.506631348343
57.8170660657104
54.1004154010004
46.5983458383556
48.5343080278151
53.2192460048982
46.7187939356429
48.5181251880211
51.1390732460639
49.0101128508892
46.3873985880269
55.5993461342917
43.9878812691882
54.0204588773444
55.5197348578294
53.813037256663
47.9925695237031
45.8708401657809
49.9431993772668
54.6085514372944
51.6603589850604
51.3944092072915
45.4744272522834
44.7518572657861
53.3928925293854
49.1179094102423
47.4862652765886
54.2557636831053
49.8625804325336
45.8641253450674
51.4045322916307
52.7509254465614
51.3690619633815
56.1184092614426
52.4050270609561
48.40573232501
50.4062295062356
52.6424790029464
53.6293612222052
48.1935001604174
54.7018378343602
52.2471659471559
57.7131512131589
55.628209847818
46.7461410310429
55.6622563755084
51.4767774275128
50.0483437446302
54.1664653509345
56.7799472497385
50.1030340343578
43.6377142521499
53.2900682920754
59.0190118756434
52.5714893583094
44.3162102293086
45.5693437812449
52.2969039553254
50.2916824962633
46.9011028793153
45.8944958681398
57.262935700641
50.7908407165796
46.3215133379466
47.1683168824992
47.357724454936
44.5374669660332
48.3236313045317
47.1002611569692
46.6568378459263
43.6895209363648
46.2608943156539
52.8640341239714
54.6617769201557
51.9092320983457
50.4171958617058
51.1955172305706
54.3820757575042
51.8192991141147
49.660309970023
43.4699679042757
44.7386224052295
50.0808477577938
49.5385555670207
44.8802473483405
51.661982085274
57.2257658502996
55.2917958229165
64.0665172051574
45.8308888871451
47.8007204710613
53.124698674707
59.1118820067187
45.9509478249465
47.3336184011926
51.8282621727422
54.8763430466173
46.9559120297309
54.2617841829915
48.6657184521659
55.2711856553057
47.1896683464781
58.8175170067612
52.2154680615772
48.0191486130933
51.2156798564505
48.4629240756785
54.4423337175295
53.2024016122997
52.9027961116829
48.7640275624986
54.935448151064
47.4376489053977
46.3018714501806
47.7699153097105
54.5379947945917
48.3132363064068
45.101200259978
52.4787189444786
55.1526838120102
43.7782766732654
51.5096242334366
51.0470403519933
46.2728446350356
46.5624915128993
50.9994014106338
56.7508473336804
47.3274855780157
46.0267753890761
51.733430263299
49.6240350474716
49.512655783068
45.3320712943743
46.4728237392962
53.795892446911
51.6004113116
48.7404587609525
50.0955715898794
49.8971920338365
48.4741590818823
48.188874570294
50.9952834351901
46.5665575313603
56.0963370123385
50.2969435779317
44.4826908260604
47.7772583384455
51.3649315750583
49.1701244007678
51.2305474440746
51.7220965751819
50.3671495497883
53.507082639302
46.6528540853291
46.504172391361
53.4669724037271
47.6041158718531
47.4103766835527
44.9531925852807
55.6470164859659
53.7930543971438
47.835867295093
45.4255213945805
44.9926148151444
55.8112593402328
48.1694499469925
48.2589528968597
47.1826768282043
56.9473206158075
44.3650703415203
56.9603272123949
62.8028354031728
50.2507801337879
48.0575564896673
55.0485811758015
58.5914720194021
52.3323874304278
49.0044559857191
51.0556088657598
55.0687167995954
50.3256702041297
46.2255668762746
49.7783729374824
57.3444181513478
52.1448900185598
53.5440610998463
44.8424877954325
47.2071370130737
46.7832728348024
60.4936420714201
48.9846443060508
59.4436080000836
49.9227402847292
47.5556911417647
47.8296864907269
50.3023665532572
50.0429521667463
51.6808951589334
42.3009133571998
51.4357534172156
45.0475812647372
49.2287138167182
46.7274128883137
49.0430694504255
58.2572273075651
47.7519447744178
48.0672807875684
50.7842148993711
52.2656339110641
53.7935508335997
51.8992130407087
46.6434775829952
49.8374023979525
43.8666933958099
59.5872832932312
50.600635845244
52.4406008969197
44.2557754147167
48.5981660090714
53.3062887529781
57.649310133644
50.0784241033208
46.5094131035218
58.4610905588118
48.8535870088825
45.2769853144205
47.1072170761996
49.910255005597
45.6159997870367
55.9237545615756
48.5351467961678
52.2493318142083
52.3023509111424
45.9909485982753
54.2712062551385
46.3267813626825
51.1219280734546
49.0035863980502
54.6290255619598
48.5382459235058
45.6256673296155
48.7884057743352
47.985218676696
53.390725708106
45.4077598206199
49.0045980885209
50.9092186537694
49.1740726815161
43.7735119371012
52.4247883221481
43.8433322139053
50.6306337393705
51.2662710375036
60.0089142995327
50.331082880876
48.7233573870394
51.8327694441372
51.3063762852522
45.1104289255635
48.5356009258121
50.9271043191328
60.2591825028342
56.8430648031804
47.7345938132921
48.461216424168
53.9900917562725
60.0195963814432
53.1493616094886
50.3598812268339
47.5405572928151
47.5346415074202
46.7202551309816
48.2065610618414
52.1989067357658
47.233669468584
49.3434201986325
51.9575115866913
51.2387034768197
48.0654235735905
44.1545953047901
58.4200994370052
43.1506307349876
50.7795227767631
50.5261916724152
52.8593584786951
57.5736236937541
46.8545650218193
45.7796622977415
45.8671892499334
51.9786135609424
52.5650964685458
44.795943409738
52.9396263951979
43.8034226656806
57.7423993431653
50.6243444000541
50.2884432636923
50.8387634483748
50.5584165431095
51.5781392292318
50.670180693624
46.7878564499225
50.8202496252228
49.2066395825848
49.8254914640486
50.1621813251662
50.961855388939
57.1888834256215
53.2585667488561
49.3109409161402
51.6089803657466
48.1255210913941
52.2546408988539
47.0913440758679
47.692167793573
46.7115612859346
55.782295264217
45.5171785995044
58.0420578326581
50.9226258083875
45.9330159114748
59.5659206770432
53.1782125510435
47.1652025800612
47.5031262312067
46.2827463571362
45.4461449554413
47.3054792122521
51.7746173471048
48.757333413039
48.95057668342
47.0387790010383
49.1868491143799
59.6363420833785
47.9572809007324
50.9312720553486
54.3741237673785
48.3757400652007
47.6558174609295
51.6760957377801
53.0631210069462
49.9776966627522
56.4426966621994
51.395649471849
55.4023081325015
48.4138747307569
48.8760318905978
43.6998646166194
53.9718715435731
58.8410142784115
52.6322532066717
44.8135374965106
50.5002928964367
52.2659953008985
50.2206033196143
52.941033268888
47.5397699209929
49.2619033292017
44.108683105203
47.5802328798677
60.9570401269173
51.7354941981579
48.6131492852998
52.6297697319237
47.2611940344174
49.9970743950696
59.1774507671814
47.3761108156636
50.9952374718814
49.3254605115834
47.5604838357614
48.8701525817263
44.4839604035747
49.2238486568296
47.7557010322436
47.3484701557682
48.1592349162587
48.9219496825924
56.0098291899437
43.9430166851841
53.0507690707678
52.8891579783995
59.0076722712015
50.8431734203582
49.0317277967982
47.9232930969225
45.7926813920728
49.7920551010019
49.6383172811644
51.7059825318275
48.1286198941904
50.6879039602499
54.9562948507592
54.6445159796565
47.8888674565437
50.6793833051679
45.2853995295416
56.3308566304559
46.8891870467942
43.8209058526365
43.7633157330465
43.9749283396209
49.6746771271133
51.0544600591917
52.2186506254356
55.4559286645083
43.7736029741715
44.3506982607394
53.4907137605162
46.0279504936276
47.7120263016894
66.4703728483428
44.6277291768671
53.2291923285797
53.2763062551521
56.4305467055105
47.5799201250457
54.8951759636596
45.0621868247265
51.7268291999291
54.6802007688098
46.519088002411
58.0697268939387
48.2391494548922
49.2798725236425
55.2659728686628
54.4410153421723
44.8717825221216
51.4270382363789
48.5022654605967
51.1750805423419
51.9287196163791
48.1423649124463
49.0511161399094
48.6496915752289
50.7999427363967
44.3335150867711
46.3615366216596
56.653814062495
52.8100523241928
51.0464639161506
45.8545527373832
51.7915960911951
49.6551459999742
53.7384564750446
54.016124844186
57.4179819431927
53.8037471931997
51.2935483215964
53.5543484507105
49.748309919638
54.6601988158061
52.13829145023
51.5380608033315
46.4618752983518
50.8811445767442
49.5054094420057
49.6112389115662
49.385948433269
47.0966330728897
49.8962799155827
45.108794431289
54.0509343665308
47.4617970243431
47.5091298094302
51.8768619640793
56.9533369270477
49.778353551141
51.7862815057851
54.5613483135947
54.2896627837182
46.0764391948269
50.4903876141918
48.3171638673287
47.5334967846848
49.858266418923
44.7181098165245
53.0005735580363
56.107703582451
46.9975068938231
56.6462452093531
43.8242042604973
52.6466943555588
49.8455792323384
52.0190864388968
55.2293615353236
43.025630210954
48.7477423534732
55.8952283416605
51.3976619564382
49.1669224162964
53.469681066749
61.7881183700369
48.6866291750061
48.3685725540648
49.7357603064859
46.5446553476284
48.0976701318067
45.4194214013176
57.8236428416678
54.9717040333053
60.6349597429248
55.9277720636096
48.479332484314
52.8053301980465
53.3003628437102
56.0581047458062
44.3433147332759
44.9548575272145
44.2335724702623
47.8005330341945
46.3138115380583
52.8623290715439
47.3083350319724
50.9320987115356
52.7850416715331
51.4042425706122
63.9376707082841
55.3763761072455
45.0817620596343
45.8503822407224
48.5576810686855
54.7910972346318
52.8645996554708
61.3022837736236
48.3560478190273
50.770127518981
50.0324630440862
51.9223608473988
48.2838883440908
47.072356160369
50.1038473268563
47.7272036208288
52.1583739899613
54.4898207833492
54.0563753869141
46.7069851519327
47.5161732616379
49.697032007232
49.8189507573697
46.6611809051087
50.5267662243871
46.8667333243111
56.4345467658134
47.2980763760575
47.3772813651416
46.4921232795661
44.3952115136246
49.9153367402006
63.8869813019224
47.8889006263501
51.8467411002048
49.4320676157712
51.6385874597758
51.6418351625916
43.4351115870925
48.012833910841
51.2471621526417
60.964606699468
47.7714395135979
48.4262314758428
57.0758528355135
53.6536107900785
49.008147665156
50.7838338353676
45.5658123742939
46.4364405507392
51.1100575819869
56.3569895037974
52.1064663893172
53.6336032420877
47.0750693588688
53.7325740485657
46.4196311718095
55.9902548904722
50.4567350807606
45.0955121085301
53.7920442548294
51.5735646136201
53.1921391438759
51.60934032141
52.1070037757651
61.1497116963215
61.3286576758007
48.0291061592136
58.37319297684
64.6624476594767
53.5192663121707
46.3278565883219
48.7797867612454
53.5396549955556
45.2335421122552
46.5085939647391
51.9196119292515
59.2559200921231
46.1930537323001
48.8698430371604
48.7369829571419
46.1182170028691
50.4325086071633
46.9876019159153
44.7426632501301
45.5544176646618
51.4383818720228
53.4400322243493
50.554900117517
54.9571195076601
45.8906047612474
47.7830630106235
49.6049475557344
62.4463966554727
50.8289404918067
47.3050147088814
48.5592000423475
49.7065614536367
51.2270614758509
47.1744624438036
54.6218252418906
49.1178003101736
53.548672996835
54.3628981824636
49.1812777031275
45.9977450312135
43.6532365071155
52.6596484288811
48.2076736934303
54.4756680931411
47.2422820194229
51.3728207816714
58.9257448083702
59.4851022155239
47.1277651952355
42.501431626755
49.5759236741476
48.1400329089979
49.8048756567918
44.3850632956727
45.267926665044
46.447807269136
45.272379084232
53.0600957349786
51.0335063304842
48.8369780460692
46.8374990661017
48.9732457061428
47.9458732776549
48.3234183854931
46.6625845368303
44.1787664109151
44.1859553381517
46.9030395626795
46.7196574167917
56.4883494655909
46.590729656266
47.8564302722708
52.0746312478038
49.9655331830481
49.6970610745177
51.8878905558936
48.161502355249
54.5744994329967
52.7172654281012
54.1960780123483
45.9739156529971
50.8439574525532
51.6648862273225
45.3769745716018
53.3861732479806
53.6576047415238
54.6503673286894
50.3249804985459
47.2676019867327
54.9453584593351
51.9486970733975
44.9871068863864
42.9078763533977
51.514258790955
48.7128950311037
52.0120971048633
46.8942420081524
53.0983730981799
55.6828088006701
50.6130647631167
50.8384067782545
51.4480116142768
57.1819312568044
53.4428387308866
50.7411288202221
47.6453747659932
53.3097668357942
61.3149035788928
47.5068934819388
49.3418425992105
53.060581969444
59.5897825856932
60.2520276090545
53.1336525793733
57.7748222425228
68.1660881724349
51.5111026566198
43.9046956553287
48.4102180847384
43.5506552728632
45.4734946933749
51.7773654838597
46.2686146739587
50.627853668249
49.273023114494
57.9168316730845
47.867732465428
46.4291491275058
50.7965769031059
49.8430609437798
49.2112178056857
47.9493364445928
49.0799489249136
46.1024123702664
52.0670986348767
49.8245762619236
53.7288827197593
51.9587530856407
46.7353298072619
44.4367024792431
48.7702394076427
55.8663669091388
51.5547686046174
49.9787785113867
56.5998455515582
54.3097243733812
45.7519792901964
48.9738152148816
59.2333580745139
46.4943261104876
56.3429879550062
50.6503531355914
49.8152879617496
46.5086495400932
58.4709085753657
54.9242776613971
53.2072251486161
45.8483897812091
54.4654157589555
48.5480037655009
52.1843120460206
51.2745454676187
44.3951509484294
47.7606686092608
53.1939033508936
50.7827403870398
58.5216524196616
51.9188096034564
44.7796129478713
52.3041480442468
52.1194218074551
50.9052751141568
54.0778527722677
57.0655453562122
48.6558146548044
45.1492084362661
51.3303328432878
54.0849494899346
52.742495735393
50.8936730575273
45.1477251780359
47.5075305209013
53.3199082378912
48.9585316372482
49.795360615762
49.1516387829196
48.3868856431874
48.384481726151
49.9080679878736
47.1350955221113
46.5953650935211
51.0665118002084
50.2543617768997
46.2596064653089
49.969983328388
48.4963971234208
48.6350129426497
53.0528081444519
45.0639198445884
60.5743475303415
53.7794687885689
47.267723935622
54.5066472370257
51.9059427178219
46.807139645002
44.7284832452675
58.4185810874667
51.8070910195606
49.4270783262557
45.6534142094881
56.0749034326078
50.6928082259082
50.0701731503494
50.8274425614184
50.7987309552464
56.0048252478308
50.6954570473542
59.883921031845
54.9126156519045
49.2673175442819
44.8466343967173
49.8374340454086
53.5406076274575
54.6656264983226
45.3200366006463
50.7748471151172
62.2995452931274
50.5999632547818
51.3941878987484
54.8089711628439
45.2146748033138
46.0702622750387
54.8065369061323
47.6366751790075
54.5008872786098
52.364231475593
45.9521643788867
52.3699623479781
51.8293512407041
47.1788121368141
52.5061573656847
47.6925299773292
53.2366755257541
45.519181676715
47.0321180566396
55.2422676230305
48.2481311056171
54.4594553534158
44.8402435040696
47.5672044846555
48.3953137348768
61.3342678840411
50.2257148604892
54.7535881407452
46.7601343350237
46.9571649257981
46.017655103821
61.5263726033324
60.6010138270863
58.4559623032277
51.5139019974246
52.9385563011169
62.8268437717348
48.198730118267
52.6426882896419
52.29403850228
52.6575801774088
46.3693975793855
59.152880362964
49.713044918111
59.6823633944158
44.5340592827047
48.003670619966
45.0037817132553
46.4505756007852
56.0273279436473
50.8739535631539
51.9165503833678
46.6175139763605
44.5048311222885
53.5209586379483
50.8327480082674
46.6063788309165
50.0891142901392
51.8259185763706
44.7677264011173
49.6367860643711
46.2403352701314
53.5932966176274
48.1495630448572
46.07009835056
48.7028335160909
48.5736020349697
55.9092701489652
51.7065912302687
56.6288371528332
50.493157744891
57.4250463808035
54.2294168293784
54.5134286428086
49.0629610835409
55.3570144611775
45.4847494520329
55.0075489678737
55.5166913474823
54.0273163739712
47.6185902525546
56.5584092186527
48.4408777437431
64.4077587172919
59.7380057978777
47.697740334083
48.3530706350484
45.4399889422543
46.4155698203519
49.5309323120495
50.2942390774848
54.6027869161916
57.1246978584806
46.9820055244465
44.3930277537639
51.4999333787329
47.1738684329549
57.7419765336545
45.3069942687626
53.9249313822076
45.0853224610932
54.8856488985129
44.6105118686107
53.1898580158499
48.0004278800874
50.9883144675542
59.0137824592941
53.1493421731648
50.575605671695
58.55521158076
54.881608493945
55.7399982252401
49.106029065313
54.9412104351046
53.0598762940299
53.685862464019
45.3730337834846
47.4306282323609
46.0039442240307
52.1468721553316
43.6885382064541
46.272736108935
50.871279833648
52.099127257361
54.3456944154833
51.5440367460363
47.890209769644
45.6210888900141
50.0656929825503
44.5315393242207
46.5408600989374
50.2126707463213
48.8347199200968
46.4451110986995
59.1777667373964
47.0493587247579
46.7200720080337
53.0649237814695
47.5604774573592
48.7845962850122
50.9887783761131
52.938512594823
55.5407926470769
53.6248871615562
48.09124931373
48.5130993690679
49.089493802352
52.3537266736232
61.4752536824768
48.4635291927608
51.1216617088456
46.7826607968713
48.2860558918537
50.3256462989977
48.2616820064176
47.4549230883117
59.5352409458098
50.7398757193168
52.3035781940489
54.2817855050883
54.0061736534362
50.441591150845
45.6809538145115
51.7261243301223
52.2820545875623
47.0580800939892
55.0821736225296
48.1138253793791
48.9871995332956
59.7574508361709
49.6674088432585
47.0764211163279
49.3077139841036
61.298369286053
49.8326390052258
51.0525261676041
47.2255476847874
47.4945134062952
46.5240780580423
53.1775800477155
60.5695879624933
54.0612787666769
45.0588575926083
51.8502550177327
47.3252675666653
53.9736153190223
50.7618136135354
51.4076661132787
49.6500859657691
