0.0379089652631888
0.0254885328890861
0.386278540853556
0.18874458689814
0.249411146104756
0.645765634969203
0.138840086654186
0.182721180430384
0.101158537077814
0.154524908713816
1.26902157902504
0.0797885729437394
0.0366477159678067
0.0293557956833798
0.00463777096618931
0.513861428475467
0.588222900626855
0.117650858388316
0.0446154786262535
0.369891205215137
0.0448191991493544
0.306313912207517
0.207463527577432
0.18114054440235
0.37227039923733
0.555767529758663
1.14166254048344
0.51090648783937
0.712458754185801
0.238663850527409
0.30105128530681
0.18333291224031
0.1873793019793
0.0374684456983747
0.372770117344518
0.363014406233982
0.302138668085666
0.0827254000356008
0.285101129889596
0.0274305762819035
0.314838313942621
0.116254862438614
0.629504797624419
0.0149109245706014
0.0116095742744912
0.280625408427062
0.360964471040627
0.317267070243193
0.312480810756143
0.957862228811795
0.00127341338239201
0.19114337976698
0.137786940187455
0.441752970858745
0.586742252633582
0.12134799996378
0.0351406140381786
0.0155254267867507
0.369847231743567
0.332716133881701
0.414009976660931
0.267629792237108
0.105462389072687
0.404759718141569
0.183070933189624
0.488316088838979
0.337613482047733
0.234696801817256
0.130038622266194
0.0897994354828171
0.38185859250184
0.0979058040038656
0.174099417164344
0.248377312497292
0.283748783438672
0.0713855481439021
0.0964159807752185
0.362780544790008
0.00265999565086436
0.25661824861496
0.21601713243417
0.294406385135909
0.15554005613053
0.146626269516286
0.251101468536793
0.418812887191167
0.554034295296845
0.12157238911445
0.146294703449915
0.0895948568828144
0.0970654217730736
0.336009658538806
0.338343910525997
0.288069278962416
0.279848117346634
0.0235256592731654
0.6258242039156
0.176294921715991
0.0479990466909139
0.201851582027692
0.693128969364259
0.169785112949695
0.304299562697229
0.366524314217967
0.0815805011821648
0.500944356228548
0.127181338758316
0.170126476804248
0.154197308787338
0.0236258303979732
0.540542438226319
0.0677932793698102
0.0198826832908112
0.0863593590083818
0.0312967863661383
0.244070358159158
0.313237678326476
0.153547278454575
0.104935893864659
0.00974033962749316
0.536087055173008
0.321301103372739
0.315940359930414
0.246636420362051
0.391452295236732
0.0190392397728395
0.25209798074021
0.811408263964716
0.245299448982613
0.239974926497226
0.43436714655475
0.0829036058848946
0.556283826684447
0.328315375808763
0.0250634504030781
0.251800384545251
0.0243179224818683
0.296506199882662
0.169710469671762
0.212975332074651
0.0905076433493107
0.494781004935006
0.403964947168798
0.0549779037743727
0.0807439610767833
0.0800035083775364
0.202454893639663
0.376490328257027
0.338408600589854
0.446542303885082
0.319914277889872
0.825992413156731
0.106531196635486
0.531244654703049
0.159476489139723
0.174427142232503
0.354474196851196
0.113745429698623
0.134747494544092
0.602928788344247
0.209769734087706
0.270199849581163
0.15494438553862
0.431169372561605
0.528641280437265
0.147980001088341
0.515304883412611
0.422783608685216
0.323375254261737
0.219789264235379
0.269766745560076
0.1911025207006
0.0179072598657669
0.167492603199559
0.730282518803488
0.431180660649008
0.147868238654099
0.130405399990664
0.419777208537561
0.0619772157174482
0.70774503752712
0.345584688416824
0.119019246867813
0.266160654611171
0.099774578272804
0.254560501669577
0.22098172424157
0.393161246240414
0.276602327053322
0.732212875093771
0.120987707184136
0.00756084030981294
0.124594859491287
0.123711465763617
0.779570572091905
0.0953626911925559
0.774883269058241
0.101639904305137
0.443808618644046
0.0606100705803068
0.957095572702893
0.12988748955201
0.17354921535504
0.484094848493579
0.402870875823527
0.270140292813531
0.231498553736804
0.204861649888222
0.369062088401225
0.208412567391907
0.526400816952764
0.256630609024293
0.274959726545071
0.63572639408761
0.111274898665675
0.387491539601739
0.31046662751518
0.268947395433369
0.945286879608569
0.206574614197962
0.493833795653686
0.130287294087025
0.206102501858681
0.54713424318564
0.22459818179718
0.128356382831323
0.376381309253209
0.564938732614461
0.462323070159942
0.0715795976226958
0.179338779493579
0.22811620113672
0.202414337894534
0.0648116930344802
0.690851223334369
0.234438249400042
0.0630214074883316
0.196870924747053
0.105844645351922
0.0725575952988527
0.557606260749954
0.0580303712122479
0.0303712125009018
0.807832334923909
0.55743743835103
0.0296429050108802
1.20057534108449
0.402850175299329
0.160791284166949
0.00675074918356015
0.0112967451581901
0.352688522232911
0.0520626870490219
0.118253765667892
0.159394241730486
0.0336102923710167
0.0221158815882841
0.151930706710992
0.0773588826726807
0.645327932542906
0.269502277635458
0.0602983059404033
0.0865312526899631
0.330208465258372
0.171932481598955
0.286378394565599
0.353439218357481
0.197690524554054
0.0462791413790983
0.231866292172348
0.148416239077988
0.23905217965279
0.175373826018002
0.327439171040015
0.160097650856342
0.2938207760092
0.212938697182341
0.951046537763158
0.147344909991842
0.0699213581715528
0.293440426750037
0.365314661641225
0.460780879623946
0.121370980428245
0.377973226569167
0.000349696296562671
0.000252806464375949
0.469092810501367
0.146731447548284
0.320671294729186
0.247056645903338
0.244876249285226
0.184935002552809
0.0770107958616692
0.0263111673081014
0.45064971479514
0.605949099792479
1.18780802546543
0.24202998071988
0.135559095104972
0.250370572233047
0.314106578400368
0.0254474113890803
0.164225423216838
0.142798384320138
0.0689474749920453
0.0922645906155036
0.360066161944788
0.141347706019188
0.217097303203656
0.0704419844632379
0.121024791901929
0.254851080186068
0.532102107958519
0.0661296333801976
0.309823071270126
0.0766939183765953
0.159351464271953
0.328468468946397
0.346362857429453
0.223547686295614
0.521158012347427
0.245499694046193
0.303015505834018
0.258488072968356
0.0806635757849779
0.0728144137197093
0.271326323289948
0.220741226845907
0.340724288801027
0.0561794631431745
0.456847946199788
0.13011777724847
0.232484748500078
0.327655921777563
0.0808579281157626
0.231023850475312
0.0166413330427375
0.317018161497697
0.222514234179547
0.202308668465683
0.426025055826393
0.0447003775025337
1.08463217159741
0.0642232326468427
0.105292845019288
0.114263383424652
0.256378929520098
0.0390076395861274
0.247747429639266
0.291043670512915
0.634226320913279
0.307833920102144
0.788712058627346
0.105598408685348
0.0319096361458521
0.0402074149180468
0.168561713700789
0.0282045070592925
0.542636198292448
0.366219835312352
0.228085037954185
0.0911017064759805
0.0273619457360966
0.0529405712796364
0.0100303981411515
0.00240089948042513
0.0225719878440958
0.408986550786664
0.0146196426325444
0.543005506422811
0.089437212930108
0.310880985475243
0.0502492872093986
0.142949309108085
0.27389061784141
0.46940009132074
0.133946204811241
0.0102522471733659
0.0431930922191847
0.357279855219113
0.0830154717441408
0.143649269962263
0.535268752549983
0.339991745142414
0.0853857351148672
0.400839768114663
0.492912825732371
0.000541517725777992
0.261034033838211
0.10637573824883
0.64562965960818
0.279686598773693
0.0545696716726944
0.247885657501313
0.299306058044716
0.167333701250971
0.217215112634615
0.443118822813028
0.371659194361733
0.110472236137815
0.138177172390659
0.383724039315157
0.229579409566494
0.0427690948409012
0.00084777700911985
0.17019386943868
0.0400327311923203
0.317346678761047
0.225785782727912
0.0975890947243892
0.0565644614989292
0.0841065450489782
0.590959309469123
0.184230980150985
0.132948433116761
0.0458985443874969
0.543298560574327
0.435989026078514
0.440793169178716
0.401549292665467
0.188539169608806
1.01049689842811
0.111230697631855
0.18830629013306
0.0762174882137911
0.0491049818391041
0.322317275990764
0.0291299049337118
0.0321950178564899
0.375919425676808
0.00651254596174681
0.336939509659846
0.145868082254486
0.306676245986268
0.0176449026252001
0.395568065682826
0.00600345074325831
0.136078606332005
0.405976190390838
0.149783141596519
0.0797853213765415
0.178699515889023
0.125270041656757
0.00354926943021764
0.132745191482029
0.0807185849807367
0.185168897014505
0.0120051547113546
0.338437021304075
0.415046638704371
0.274011903139237
0.240748142002268
0.163172473686239
0.740032700326546
0.0197322158550151
0.0257011671929996
0.113713901869201
0.00272556544767381
0.174244059414429
0.215326751796114
0.149472356297112
0.00715663275963887
0.105382707230816
0.122362110249401
0.602350709410873
0.347097728272779
0.0398914333220096
0.200476986844762
0.228438998015848
0.0293157687397725
0.610174953138742
0.382766396458986
0.03654776096818
0.390678216028598
0.34651259979024
0.595670732733313
0.37529357836131
0.0868303097171484
0.101184217806755
0.112852066818818
0.858718969484323
0.259189197469604
0.123255715305051
0.31961920611228
0.125789469246077
0.224560941005186
0.168736892602722
0.153621930078022
0.0528381782106801
0.424249664380584
0.373061752884916
0.252691088181601
0.259238170904311
0.148094908079813
0.0331410676117753
0.120130292863572
0.468701106932969
0.00241953086267672
0.204603237370667
0.0915064279159708
0.347750836351138
0.965476099855036
0.136495831466846
0.291644229903293
0.344052241137688
0.193395599558623
0.33733251117706
0.185353984379511
0.256471250295283
0.243577918306451
0.608154837271479
0.192514832378284
0.013810193180806
0.142771396036122
0.331212318056784
0.00329743571648137
0.160894792037391
0.0255423854517368
0.0170424320857076
0.043991009255144
0.675296859727607
0.0736902632388443
0.740358484015878
0.472563583207119
0.335862257844014
0.431816451101621
0.0190508089756715
0.666907663612327
0.0609783596083347
0.694027540801536
0.188584984661483
0.177552897369653
0.11513200527003
0.169736304720023
0.27840680303621
0.079868058144328
0.747434398815216
0.496266336705406
0.013490487794737
0.519504744923071
0.155279567381285
0.62750691180668
0.489012722489219
0.188647412279373
0.712339728645754
0.196610844757684
0.617225289517311
0.248076220765562
0.139635466994631
0.125675739240326
0.19313291368937
0.0381012577370035
0.167790751737308
0.210431428160447
0.0690996154098573
0.230676098414842
0.426560752497094
0.497197840246595
0.203647662336423
0.272494635925343
0.0810005687973519
0.043064435847819
0.0275435827721681
0.30786000063646
0.0913578210114181
0.455239598634667
0.294912030948962
0.109289879231668
0.8736714883714
0.222909598593404
0.213653095587945
0.0884038341676436
0.417216846617814
0.0356451645031049
0.0525681143189655
0.377712846310202
0.20109152272828
0.16015316698577
0.34843240239204
1.01639922519882
0.0660794570569233
0.129839484340499
0.149461089899623
0.080278263851134
0.200766348013004
0.239056034888971
0.0365090944123341
0.0395127094703354
0.50390842214684
0.959725225968978
0.105504238018233
0.35208105316933
0.0016247872661057
0.142438765310314
0.120503785090344
0.135211156058838
0.0474063048550264
0.600304115879255
0.0228695452815859
0.135961973914128
0.107678701338122
0.157010512720597
0.810422572560383
0.253798683347471
0.133397371225241
0.460406540050529
0.730101000845947
0.117228404066684
0.446937900632245
0.265720148341374
0.353759904918373
0.154081438622201
0.0346542650453242
0.0208367438230545
0.133989082733849
0.0520782363699495
0.113327443386408
0.174408616529289
0.386498058034199
0.0518493307591981
0.10188606401386
0.339376488589615
0.154809370398206
0.854658260203826
0.217892614341696
0.145412271809639
0.705006888199042
0.121142035365222
0.00918685867536462
0.213042161997793
0.0594544990106613
0.264151928026006
0.323982587817334
0.173475509472153
0.214878462931911
0.135954056884199
0.436410204566651
0.0962364793248172
0.11547008902
0.056393065838028
0.115823631245439
0.299471480297214
0.163428583676703
0.838793960622914
0.127929913466828
0.285226793823777
0.441275973028104
0.105863497490122
0.440017326114097
0.276932606540231
0.085687175231432
0.370125460735574
0.196262067737655
0.0799582693824482
0.332016466210774
0.245591691531797
0.161143699006698
0.136779659033466
0.14976147856942
0.00904449482985895
0.168724166131987
0.186483478566239
0.243503853552643
0.43380733860845
0.105886056899609
0.129681198434329
0.564839553404596
0.0671726420425946
0.3914969890724
0.0122779896087174
0.455778152420087
0.492265084173946
0.143146651886215
0.250339618116338
0.0285728959141087
0.647592711789434
0.516579628956258
0.22509548889642
0.0379553970319557
0.181259890382266
0.178272149083611
0.0643158728050566
0.205203315819556
0.22165847379798
0.251075629625806
0.023559711212157
0.214054314853991
0.259405276092978
0.360324908165299
0.0733921833422992
0.116615141052822
0.309738442955873
0.306306743437031
0.00681352988662665
0.133440250475786
0.241701313456141
0.491787949066787
0.480599683174289
0.331607559249347
0.038723814651024
0.300385853301448
0.186785808306328
0.468295724377573
0.329896149789864
0.0161791341814223
0.293960961250589
0.112974359832264
0.0747259444823761
0.203296662617348
0.0431230799349651
0.0390224470335974
0.164993961267411
0.269447550473012
0.393765724380753
0.0954644486824586
0.130020367950082
0.16804768442807
0.631744470961644
0.0726984449500092
0.0873373771967544
0.486098667612633
0.233638662007613
0.210900726834219
0.328402208891995
0.141553141847639
0.0131748498684926
0.267763479852177
0.239270706426539
0.0123825769391738
0.0895130170013384
0.537566340831419
0.0422253691859953
0.287525638785224
0.197453201159596
0.465252682872694
0.113361291431178
0.296693404571107
0.315482124955284
0.173972724754196
0.537911456935021
0.145401503841708
0.438474820170278
0.160824039295823
0.644168833917498
0.0514654244192186
0.0435374834067747
0.140252976901642
0.0335029963283082
0.162459100803043
0.588199661119243
0.261947780651018
0.321187794146583
0.125678162694953
0.00838007718644739
0.143634156738128
1.09843548559453
0.154100320224678
0.15533301353405
0.204321773903444
0.06596678831911
0.320590747709948
0.035394130340258
0.0507664566636606
0.27385768635933
0.0145690421616509
0.137867902271744
0.091338668903555
0.0275227829937953
0.0373444437221991
0.231215767049201
0.0259971941786759
0.144247351287808
0.138266386228527
0.085506527038915
0.0316733211828997
0.759293891211012
0.0904745346997877
0.223700877144429
0.134060017265237
0.495207953236243
0.515687406160411
0.28865192531439
0.458918942751752
0.357608265768246
0.250605247326771
0.38714759101218
0.504467179867671
0.0648374839780352
0.130002615706876
0.621338356827039
0.0754326330580036
0.107015059855731
0.144613194350302
0.311090521549698
0.00916105553189077
0.0747443817924244
0.264620218342344
0.0346462480665141
0.607427569269762
0.396744435127031
0.163216429598607
0.263759305497862
0.064512658115089
0.106149622146202
0.19257784879456
0.112942528942234
0.356764843073807
0.288197184834926
0.318279674006845
0.0319253312591747
0.0181740324810537
0.129798575606424
0.51720837092307
0.019603614893498
0.0645496078289411
0.562089875315745
0.17436443072818
0.536995910857718
0.0140506530525908
0.0780624374184347
0.0909025176841968
0.229323063847372
0.512912155963519
0.198758404423699
0.846266833586648
0.130719467463637
0.186742872652069
0.074059902042399
0.332849707424439
0.365145040415746
0.146223854457872
0.628451299644458
0.435496554419974
0.103558009186309
0.470253992870383
0.283524957659389
0.602659037657495
0.606730678180807
0.168408576716875
0.386554444304834
0.0227657061526244
0.0443844878059481
0.163926842755095
0.0862916629858774
0.0200610374575472
0.253709750003026
0.164671945018296
0.140543487221235
0.0840798025512318
0.467029244489312
0.0470991547272146
0.0409375250696344
0.119743276901234
0.305888898965145
0.0461627234316883
0.0124083049149659
0.118648439049113
0.131677414892412
0.110022680447239
0.809463006156949
0.383507497260145
0.361063781476083
0.351870602830197
0.0568445319936671
0.0560251228114052
0.270204382884161
0.175344972317943
0.0973729966624748
0.317499240048852
0.27380871094001
0.174474638395845
0.567738027593336
0.330184914730021
0.258646544129398
0.299311719869032
0.258083873189423
0.0406283005749686
0.19670604261123
0.189395303337515
0.413580658378291
0.196952237061865
0.0899703394977428
0.121885207389409
0.16228141763915
0.047013149001072
0.288565512781075
0.486688515809849
0.090686754604044
0.0199597326709302
0.100488170666203
0.366641067851397
0.449193230392581
0.180552634567966
0.358822052514262
0.0115365521084253
0.0972794850760429
0.182393800062138
0.0615692537545758
0.393037982590043
0.132051936107681
0.0655751508860008
0.849562483899985
0.212960875558474
0.0993236730186547
0.352264250630113
0.151799029932734
0.143698520757924
0.18654345867321
0.0621291024181158
0.0344419882095574
0.151120247883872
0.352701392977558
0.200753026139516
0.170676185475451
0.526680777088586
0.266364385315045
0.0748308095806673
0.0384691238781733
0.124933142376001
0.315484040584698
1.0246598455351
0.0470926374878027
0.0617720782124725
0.24499661147126
0.207264070302375
0.10341971411082
0.499525756486958
0.0591621247040378
0.0502745872540816
0.252257447121909
0.0160382130379933
0.279553544106214
0.141913422914369
0.562712974031786
0.0348425475585746
0.110885243599874
0.223056476774046
0.170841070780247
0.103309433195711
0.0730248940215141
0.292731735060053
0.137602997863256
0.106089249601372
0.145979894519448
0.718346539992209
0.326553150746815
0.0682036794832075
0.248427959935654
0.225784808488811
1.85348610454993
0.127410946822183
0.180049176445891
0.0994810838092868
0.337505900464162
0.020866233027686
0.137241529990936
0.350551342791372
0.468169957114273
0.0846470423294544
0.10777458402634
0.32668689844515
0.451456414988251
0.0816670508790485
0.767345360971751
0.123529269148487
0.441316145667052
0.0471409568956592
0.186482000169296
0.516100121984251
0.27420396122265
0.0496357604677095
0.184329238025926
0.230186058923981
0.413305981302132
0.0920768465319386
0.123197209427266
0.146931392385036
0.296922833573745
0.49426721133739
0.13197912200598
0.0201898409636613
0.152185387826962
0.0818873792264979
0.454735786225783
0.326664278559767
0.12460559174113
0.211951762970097
0.086352707187941
0.00597451913045891
0.231097185712601
0.290317784920266
0.048623704622858
0.0879486527602625
0.0838451098461319
0.310423703421797
0.183587464134913
0.261027752385292
0.0881940548061084
0.0434939483721426
0.125379036903377
0.0697746743918441
0.4829634692537
0.379581245098562
0.738729288158588
0.462463010029363
0.202733562553205
0.32267241820151
0.429682268494042
0.545563349661878
0.03805293168065
0.271692449318458
0.428115545312365
0.323467969505707
0.078436554748728
0.407861620064894
0.0735551100239326
0.283901815846385
0.197572635952694
0.0271494691214672
0.0516098464947102
0.372081101856575
0.962916207680979
0.190200946867088
0.11065946012179
0.447489063540391
0.0572985689411307
0.169199784562649
0.14694246477993
0.329829769604963
0.179513042234634
0.337851725736032
0.371275875607931
0.0163275954056014
0.166467804454649
0.241063044902594
0.299352918445889
0.139093416848921
0.271437826195473
0.181503909674941
0.527518222394123
0.231868740064859
0.155996890258551
0.0553945465001933
0.237025155467606
0.328769154664575
0.073187780596562
0.554174718198618
0.250886722471527
0.0661700940248032
0.0307668203314411
0.168323232359714
0.0852529508121559
0.28985574339699
0.0158204634905917
0.00325359426737869
0.0752355850367581
0.117253815028875
0.122014508720099
0.286002688336874
0.188121428256644
0.226035092782082
0.277337325293252
0.152343084561442
0.284728562070906
0.426689975943887
0.0174508619056303
0.489394443526267
0.33788079894186
0.0916944967078226
0.05198785623186
0.028810590684628
0.0244841441438416
0.607397579873973
0.202670022705577
0.247094294033111
0.0856077374618565
0.147115692789542
0.224540437969443
0.0767171482113705
0.0691785324043859
0.230439177231503
0.204658005996892
0.12183735906671
0.259890866806014
0.135382798064677
0.140924396052185
0.119254706946281
0.183328680316917
0.103414073505202
0.118009508057876
0.374908291398624
0.259366502685525
0.314646435620912
0.351432762045332
0.224660096174695
0.311984944462864
0.253575967046644
0.0739178850451774
0.054664028272524
0.454515088497694
0.0419075941196005
0.584931747337578
0.454419916878882
0.36115251292795
0.361355144448302
0.13044024622339
0.4571027070035
0.0540674115425432
0.135136156927679
0.566041707110361
0.31568178681565
0.609476031263343
0.0972127426110486
0.0756989082102475
0.364625716283763
0.163324538278609
0.216680973720086
0.115457393902245
0.864328998742255
0.53136251453468
0.050849855380952
0.198932771078917
0.465977963528204
0.422045693108687
0.27634556656652
0.20277888201573
0.1178744443695
0.169649969241729
0.581006794775926
0.105916587954601
0.366656120403427
0.0779423584180514
0.6709769318009
0.0743249440801154
0.331745423282703
0.104915786169216
0.369862901927104
0.108987447328339
0.186105484586671
0.100504024886851
0.0641462410476815
0.35663412568243
0.115303167618837
0.125248073116085
0.28357575412223
0.673002722235967
0.244873279940906
0.0367124232785717
0.134600846289018
0.317390773905033
0.477603194903376
0.532923247541822
0.0797729790110538
0.205468416697487
0.0668077804066648
0.292545074288436
0.161851939396298
0.000505835665104425
0.318847883351093
0.274110115207622
0.411158208795753
0.0528593553398722
0.0340848182304483
0.197881850656831
0.016013663342685
0.604814607529638
0.251219408845589
0.0693361303825426
0.355028971218328
0.341015446134513
0.276242879292074
0.16615066758855
0.700751908441442
0.315038503769368
0.387435638239304
0.103781798590538
0.0146860544484163
0.520533909452555
0.0219654946310197
0.439671577702139
0.135515463863849
0.474621572549403
0.0351560163737685
0.380593045388849
0.0667987383720367
0.0264156391801271
0.508205076746511
0.0788675026580884
0.180416559629387
0.403068466714661
0.659258482594482
0.336498204644751
0.134214628760884
0.343290626896738
0.297789228181159
0.406457920857324
0.314214973389776
0.650895614788936
0.611912546820928
0.00925473730790693
0.208500692667822
0.00149026908835085
0.109364981171817
0.48023479183163
1.34209989372769
0.630565821106611
0.245530144849173
0.148061692640392
0.114172450314552
0.335183074750951
0.354554506465908
0.831855249439107
0.451480193914577
0.14601544728809
0.240547543305181
1.67772573899966
0.141838527858101
0.115487305114687
0.16351784432699
0.428905636466816
0.0408163602545726
0.132385509817582
0.293352577060777
0.332442057009272
0.539769788008623
0.112371284515171
0.0152180651558574
0.485130386915897
0.327875926658921
0.162873400880263
0.161754244033022
0.169047354670182
0.697916506962553
0.168524551241437
0.604624600689189
0.316806739860176
0.143394502106471
0.39636101956762
0.0671557640234797
0.353301518300684
0.0771498867035955
0.0987948608834555
0.530451371294843
0.623846624751046
0.0717771261863119
0.313530610308388
0.116526244417912
0.241084321012182
0.203629972854507
0.360180493342094
0.602311339181618
0.27301784038132
0.145122150920943
0.114665467605324
0.186680683348615
0.018344387623739
0.0807986521946038
0.134199770523377
0.0527215460549909
0.324290779218562
0.230849488599727
0.0495326097267134
0.127539901096352
0.0314924492841025
0.00989887095570558
0.230397099276682
0.153864661505862
0.52767638400106
0.0435844899723133
0.29103603286142
0.203585271746583
0.111081088793859
0.254590336368905
0.242297959585195
0.158973342692575
0.0710316482212315
0.539685696885928
0.300057023710906
0.55531763637309
0.0368782336341116
0.286430084223134
0.090510790836358
0.196810941948983
0.0439680637881178
0.0102832422550164
0.224757589897087
0.204944464960961
0.106713376481571
0.277927962243534
0.127096169891664
0.0120166715452171
0.358744580621593
0.164971417516634
0.270298938507447
0.121484185675282
0.348388163130933
0.661569005249377
0.274870141562366
0.475448609565146
0.335292031215938
0.025453150343248
0.313248680127777
0.353629909309798
0.0759089653307281
0.0110050258079008
0.0768514152214395
0.563588034731761
0.172675016860035
0.0967563733420077
0.154460393172521
0.0209160278861005
0.36340483394252
0.295135515168666
0.109554331419234
0.131473138182282
0.152874597200948
0.259203236454116
0.00460609219779981
0.822502113311318
0.396932451449451
0.207600385144373
0.474127599245825
0.103399994105357
0.0800752271374913
0.298493040098171
0.0679077630701872
0.303362845395998
0.18284468476212
0.0483040397164702
0.93635335859972
0.136774699247883
0.2956703094287
0.204312497987209
0.298202396372025
0.18362621749463
0.183644254861513
0.257689111310947
0.316233445008848
0.166130477761676
0.0869319237848152
0.46383629632229
0.000118809811640982
0.202335347747971
0.143618957365233
0.475873416737077
0.163631657260937
0.488237478116077
0.363896905911775
0.0448084773182505
0.157476120156652
0.197591400874974
0.140046761209749
0.0321886407255556
0.0368868678483135
0.190370346869001
0.014833111552876
0.411527045713519
0.282956476917086
0.429973294645543
0.275775569904971
0.285585091181286
0.134341053409632
0.265800407587676
0.120929573466336
0.128767128857197
0.0801056471726497
0.0731669307228549
0.0179590222210258
0.131635339571799
0.130547355424805
0.349643512483962
0.0959769881796436
0.218597819156241
0.585818212884362
0.102157205027886
0.420118298026509
0.114989362071314
0.365496133493837
0.000573149756841266
0.0260981272591807
0.297426581107575
0.089163818001652
0.154983488049701
0.00958258911782277
0.0263050824684701
0.40517980197881
0.199554476056562
0.211797894322327
0.105520879336322
0.351916195441799
0.126170004307622
0.407762630885664
0.173930037769429
0.0461690056750528
0.32797914231475
0.232297336468427
0.0128218765616708
0.153370415025861
0.670345162148517
0.117915677651249
0.221877768976497
0.240788101584557
0.00305203278406943
0.234520312838557
0.0698161824321938
0.0558038189858142
0.7356842491422
0.425387466967582
0.30941495342694
0.0201930165220717
0.190190070949951
0.271127801923273
0.341318669311071
0.330703098735564
0.108275531617248
0.185170537632603
0.321991301921923
0.671323925883042
0.143447961085492
0.0497799372627314
0.0637944181293147
0.113140963616957
0.28602487110678
0.399383867456952
0.621951553944572
0.266603926680845
0.865430316562529
0.181310761058087
0.25575801237504
0.218223977527356
0.00109401357865996
0.241548270311133
0.185290182419895
0.156816479486792
0.0973804572350035
0.0895827217798673
0.0890933040978163
0.221158125403564
0.514964203238191
0.145102556293577
0.0682787067953093
0.109109468523869
0.190913786121914
0.962320358147552
0.340760664369276
0.0331034695721559
0.388127220282323
0.146548731112861
0.23592784057922
0.207363301409666
0.502803755220145
0.835651117090009
0.213838125312572
0.377260371992465
0.34780923436345
1.09688038913784
0.140502718168762
0.397064490474704
0.259398433579464
0.0354083841341653
0.167041235146295
0.102006618263099
0.185589193727499
0.131155275438741
0.052895499113489
0.545909389027601
0.242219960146779
0.182484266044805
0.710812516970519
0.333539958202311
0.582209222922416
0.113150937131561
0.2798756845538
0.266223874135025
0.170421697380349
0.336752732357376
0.15354451042908
0.114820395491266
0.191402019547385
0.473411840838857
0.0566008429602398
0.327442608853855
0.107978223364303
0.423900401240664
0.0468787572623858
0.0467872587188085
0.594171595658054
0.0571643399182057
0.0929860338067338
0.538508723606659
0.182059777533262
0.19176692495761
0.128392646915322
0.225237349001106
0.184969312564169
0.378687306411234
0.158836302110439
0.150277337209689
0.221569801057357
0.0712117836466481
0.432236695795592
0.233559895686734
0.00016507109790476
0.326230956986961
0.195985602317404
0.0678507170946385
0.229428011629177
0.153061808874478
0.0701648074019417
0.0582753193441835
0.268510781961985
0.287955116220336
0.254117113321879
0.322207504736084
0.357929323287596
0.842130461937291
0.140733626902023
0.530934334578893
0.406347685247455
0.836418808987667
0.2103235537528
0.35489399753405
0.266168948290448
0.631675201185486
0.740080841335968
0.349331531916821
0.104955837621867
0.146396842410051
0.0907534603592171
0.243474881904649
0.102185234906475
0.282982976899593
0.0741826056553398
0.0390610529208436
0.0620853981215306
0.111182586683831
0.0394383494020693
0.407898505221441
0.294985107383336
0.47708698254791
0.0937748139762198
0.185179915099902
0.101500940882076
0.08087580374659
0.0486380024959545
0.0600428636282386
0.299950301223737
0.174041122998435
0.640275822959477
0.0209642659676384
0.293626418140643
0.125534887235851
0.441569517192389
0.0392398316941689
0.285222292773911
0.325003893459981
0.0829084987689232
0.837218413090599
0.645841229341923
0.174606072546009
0.182850944534751
0.605889436897969
0.210376534074048
0.0763643393872378
0.672426160618596
0.0927921445148861
0.333187852602909
0.483158610461279
0.0126839403909015
0.267932192630931
0.148554592883167
0.115417605786283
0.218547606961157
0.178444467389388
0.221966900602079
0.195909874594345
0.203641451725542
0.0143190669138175
0.662929713888648
0.341183390077073
0.305867303692917
0.146769448028267
0.220795499065007
0.15595305086378
0.349161404226245
0.268109129001702
0.279378199370473
0.508567856792418
0.0562975619299607
0.127972096806067
0.0202809862150849
0.514901721941004
0.223166109280137
0.965406030378059
0.123223786686849
0.499029516143976
0.0669882176558076
0.0599737944461803
0.150902035816525
0.165182699262622
0.106921476624451
0.0747556890298297
0.0938730026615417
0.192005958528064
0.105126103960589
0.454966189286756
0.00772202351289157
0.315391856582245
0.248802432750561
0.752400649934345
0.274619342166282
0.217256999973569
0.0883586513496195
0.0675850231161862
0.654983273140684
0.395611341636398
0.528586259047255
0.246975088080003
0.317731849029407
0.155352263807058
0.376814257010334
0.255512484981103
0.53418001964108
0.0508508631743661
0.0731888748296359
0.129429305944733
0.211949194271937
0.634315414165606
0.514698178913632
0.432772322904909
0.0793508677096672
0.100670459831516
0.405252121273121
0.502517789698976
0.0217408033546845
0.0051845176089615
0.304220820644879
0.399799240666159
0.264829335637936
0.530120952111873
0.0625272238925165
0.569583271890667
0.253560755848184
0.138685486498256
0.588349235656793
0.00192746045152085
0.20670935859773
0.156237937456444
0.675192859219502
0.080221504867428
0.289898749969272
0.0180863946848361
0.0235607317632742
0.157783271968099
0.310613421172311
0.323384123627616
0.0671444955599285
0.26933986706017
0.677810234612052
0.489161812965242
0.559163034589209
0.243238481295376
0.0977618212819577
0.53756532476178
0.319141747644106
0.0903566677339769
0.679693532761628
0.215672330476189
0.182523305079243
0.176374285614493
0.459875058906676
0.415291018564264
0.0145869729265306
0.506194795286351
0.171418142102777
0.0100368210070794
0.0407337764711594
0.211607248696919
0.240564829113814
0.256247862545606
0.270490319810324
0.313678709852181
0.450854355247758
0.363979600254905
0.299306333917724
0.405077880074175
0.00604067624886866
0.166934110536346
0.204082961397253
0.499249221206737
0.0154214391575587
0.27377273671726
0.226078411208583
0.186620341956977
0.40541761285822
0.109521327969741
0.0950058047948949
0.108233425280334
0.594593234430463
0.252998506707781
0.253991965026106
0.024230471607013
0.0353468411717407
0.159724780678146
0.158990834436854
0.00787085045741996
0.0651212414045709
0.418853522617055
0.0987751810290126
0.0202838901738645
0.0108091404138559
0.065379705819526
0.352720834853745
0.242461053236009
0.364582596420803
0.198121321048221
0.275976912780359
0.094628029935487
0.129008695793608
0.0887500114647226
0.187784347755778
0.0368325950542422
0.0842771146463923
0.238039521561478
0.201135236817551
0.0431641056876853
0.000328387107814412
0.197871938196363
0.0988047729823199
0.238543206427086
0.17929265361109
0.371675441729472
0.246506118818332
0.488316131724116
0.577539974888764
0.72941678827211
0.189500887778769
0.219245802491313
0.192377615003982
0.0625052715511871
0.121890085149492
0.202224857123086
0.216906592787616
0.232012350900534
0.693604406129043
0.326607288712043
0.169443317714719
0.502674809207094
0.338088000861453
0.0417797478237569
0.332591523533531
0.148219219055661
0.064920695846898
0.603916421819363
0.234576031126189
0.130385833035785
0.0217878530292873
0.0470184133520704
0.108809085072246
0.0460521505149255
0.0534247860444603
0.823491300692334
1.84333428004071
0.168110551073306
0.359724652790539
0.168341217726448
0.29815915318601
0.0434354534297818
0.252567522828137
0.235584994052903
0.242691224761472
0.428451716997226
0.0728587468315283
0.00489774114617923
0.192674243757805
0.277794433115894
0.048254521260784
0.063853845026253
0.537094680947866
0.0749580086601416
0.171030779514802
0.167011916998318
0.224331587920221
0.0623385306257277
0.565853945473625
0.423108041223283
0.217934338886813
0.512038940421959
0.224056079385711
0.337381792160581
0.0432392451192804
0.201675413174394
0.114019980712052
0.184854368048957
0.0368334973339933
0.0951103677040295
0.151608570255993
0.36591500271191
0.188394077792204
0.315753761038112
0.33544820088654
0.216489544600781
0.0403720041275992
0.362366979110667
0.0908269216191907
0.437507012484999
0.0620819374853011
0.170083436796018
0.243609064297072
0.0604286225207906
0.0650531450628606
0.046314146400501
0.0726754277311816
0.057463802492479
0.00791446480131926
0.0570489771206075
0.432600992675185
0.267859815860238
0.316229270256669
0.120541714084892
0.130641299268737
0.474978497719882
0.146805467464779
0.386319792695801
0.0794071834450266
0.00104352296307619
1.73611378219641
0.0900050128647638
0.121771018997846
0.104929331247154
0.111265655669582
0.145230233739723
0.0613204905184329
0.463560647343604
0.356214881936713
0.0297485051595719
0.151918327416724
0.19780784162247
0.0521291764461184
0.34678070231951
0.0683970374375455
0.399605739766323
0.351159346618459
0.14908962139301
0.451720093429697
0.182180514152271
0.0202278277875339
0.176297015399801
0.00747922363298918
0.235355836217806
0.132788054145845
0.38913615341854
0.168907569364676
0.283603506901961
0.202037905797386
0.281775067184813
0.246670920146944
0.505950816731335
0.336908058802117
0.218798098009994
0.48351989310364
0.096119802938612
0.128498695517202
0.171655508882084
0.297881728320554
0.301477620518396
0.421812717114091
0.0525752763367391
0.0802835047637014
0.0460358401667109
0.0939050980387222
0.0916973572808288
0.900710056572505
0.0601832104145695
0.206341753453591
0.265917766378102
0.417355498050613
0.115769693783498
0.0625584834522632
0.888309850448248
0.276549737342775
0.244299449419138
0.112347340537807
0.128598125262123
0.00183015791651501
0.0728685468589542
0.164417815804091
0.323525246550112
0.371251215751676
0.207362484200349
0.0794006284749288
0.101330004285357
0.446915646944921
0.133081547628942
0.0230226106121565
0.1323233731742
0.0668076109142177
0.49367635078418
0.212257167215696
0.0318786984048858
0.307046261070549
0.0435250207743271
0.0567215060420526
0.0870585332186247
0.100693171319662
0.300991300741731
0.106051463754319
0.231160701367601
0.0141081789132303
0.4507292876312
0.424565876000334
0.236962192296624
0.218928804465796
0.274290198088267
0.245680364672289
0.318576788877923
0.346048308264522
0.152345017199271
0.284675156797049
0.153850689404276
0.170701846020997
0.0307553099705517
0.6302105898444
0.536320177462726
0.233906516694273
0.336338265996251
0.111769311526838
0.241473507309907
0.16336374917109
0.0168407292634205
0.155506551129723
0.0525514964522642
0.0737685656552644
0.076615140202101
0.0582036508976838
0.148434422068311
0.449031075341143
0.236334812306905
0.517144231368632
0.257692673675742
0.0690584269011263
0.0872990560398233
0.111193539964435
0.150086070046967
0.12242561772766
0.302202806745907
0.0116014986338017
0.381655378173711
0.266967413641273
0.0952497662378695
0.254272900291059
0.0347967295012381
0.0661684210503347
0.241532224506323
0.120610890052342
0.133226003941351
0.0535961152602443
0.332618645216272
0.04103450320171
0.773724530182129
0.332629445614841
0.128499196739455
0.460201429178837
0.0160344584519863
0.505076166667794
0.186857886279227
0.780349026354424
0.138977586545875
0.0955877950595255
0.644303400863224
0.185344597894983
0.0536254868301694
0.210430859231169
0.41914898155343
0.143221064046516
0.256981923565753
0.18813444584942
0.593049242858216
0.211960174068217
0.389877927605937
0.393081078713867
0.2058287847143
0.161563629304764
0.35204628974894
0.222684944338252
0.202068732535399
0.428926306679746
0.258591350198793
0.0120947747461941
0.140135688240894
0.0840730882686848
0.447105313542339
0.353737531277396
0.395618490877902
0.0727937189607446
0.125411995610086
0.299798005796585
0.0130976966575307
0.0517653606464209
0.0574103279181298
0.290654441970246
0.167701751336529
0.186486914039358
0.398957595983024
0.116675061900071
0.104377742719548
0.129052670579496
0.292436404896831
1.03390842001738
0.281626501828411
0.736267093960479
0.204184168291697
0.117413150416472
0.144156748311046
0.0798875242926849
0.221147682730407
0.142404765386441
0.469498574613885
0.341084568140172
0.144713152047177
0.0884981155608893
0.0152700511657708
0.248611063906826
0.326510204157691
0.450749817050917
0.0299119550755343
0.0110169949234738
0.340852488093123
0.208932638741576
0.634145494074993
0.0784013637857199
0.129563666304737
0.105128334017227
0.293266692751279
0.313821789806534
0.0929665854604833
0.172307547381203
0.646953375818311
0.69158249350297
0.185354559311517
0.0407876292443858
0.0785677222834621
0.37779927046068
0.17129765144952
0.120246920517059
0.126107262507784
0.193211544420677
0.446238057488884
0.2860018428931
0.427381098627123
0.605850302714099
0.0291395219681741
0.256429466656278
0.203934453931017
0.0764389852921661
0.0651934428887329
0.0853007630221237
0.285086794093277
0.550919043182716
0.000497193039843545
0.035119667686757
0.140498329491764
0.218622309291122
0.335301228970405
0.0187775081449786
0.116854576219271
0.225493141406086
0.0212297748140567
0.370803513023411
0.145497734522441
0.113007967989363
0.0984084013060534
0.494734710033594
0.0659173440649501
0.126397269898399
0.330231520305286
0.276501334035454
0.00303564697664058
0.380112894181437
0.391871545586001
0.287361918196859
0.398973610920247
0.136499475905792
0.894249887629858
0.0205295768666488
0.0355566670523419
0.051155619316506
0.156645976295681
0.186138849724723
0.0705832661448605
0.622987181406293
0.0629121267618965
0.190640997843075
0.0826856301231736
0.39598633159206
0.0326043749714509
0.274887699857061
0.387994637068967
0.206580401347722
0.201020534333711
0.240374300517798
0.102368216559407
0.12371475762481
0.627834214114857
0.120029454273932
0.0649031630731195
0.126238407288814
0.128066284048402
0.732702829997507
0.204591017385995
0.0098150556740673
0.349261274635411
0.0637321006765716
0.0339307721297457
0.297657155738801
0.680097229946788
0.367091332473432
0.0725098171996045
0.153108131954964
0.337374956237061
0.162699590368137
0.0890654009288037
0.162653819857383
0.0180040186637194
0.343938825300081
0.084917418308404
0.229866547849943
0.178215427029461
0.315450783885674
0.38839794979792
0.00539017963743207
0.714901477392944
0.0979898027518762
0.775157539089307
0.0676600891290561
1.33444281481826
0.516515571761737
0.347860955215738
0.449656390891455
0.234646519004586
0.14213016115226
0.392311769592613
0.160011188884888
0.0128093549206358
0.0475265537076267
0.11098716676635
0.0508923125854936
0.617807286868229
0.561894380559047
0.0907095381641008
0.438651460912017
0.0441637775642661
0.194394754505196
0.292758688183021
0.329326061299306
0.144102392577619
0.0637956892896851
0.056273962746416
0.34830028623228
0.476449024101032
0.0170701572609667
0.726419784256208
0.111597948785057
0.198834713838204
0.791619773909647
0.230125925368486
0.0462451997845961
0.590336412000915
0.161611840769386
0.214467650712853
0.273179887872988
0.1031311436033
0.105083976464852
0.0715285529223119
0.047649466524751
0.141657013008351
0.169074697606657
0.264032732494389
0.10005457834566
0.406931440553243
0.0674278480795306
0.43407580865473
0.3177971832385
0.118000059211933
0.54879150310774
0.0668525866750111
0.243371163873615
0.203832735920219
0.366831510172233
0.213572093779782
0.295335060394868
0.0882232703609428
0.541298722286675
0.0624739819251284
0.236649961924974
0.0490071587710016
0.183960014662402
0.00187335072462318
0.347694904132109
0.0543048932941503
0.135044481925342
0.186926303631214
0.286988651503438
0.000106474866893067
0.200964966239816
0.144111277705597
0.111661805781091
0.259677725571421
0.219362568391845
0.174701114806502
0.150365487390577
0.0859050839807339
0.388800150328716
0.321657177899262
0.084687232104084
0.337443638332553
0.214518879285494
0.0775462316362184
0.206410573053665
0.461229909987325
0.172778921876418
0.406819914098885
0.0302401966746971
0.250274902154765
0.381412036412282
0.0803521034769592
0.517130309244222
0.313486000320085
0.0791199278156195
0.200082232431026
0.264673081832736
0.112952917792091
0.20860441406147
0.0695748847706002
0.127305188007484
0.096211817728302
0.191211046442946
0.0753545781297713
0.60598165065102
0.342059135107174
0.011444356558831
0.0438757498435612
0.1284026365618
0.0226792301102871
0.669340205369679
0.13375787532384
0.00169293702680691
0.122455899752902
0.540144282661977
0.402704177342136
0.60387821352401
0.289829895551108
0.576560373236506
0.384281454283664
0.099972307200051
0.276839198468535
0.220645227619347
0.205561150305634
0.0277927623421226
0.359861672945177
0.403245702046453
0.27350421613184
0.165082456234587
0.201480216892321
0.0275991955575517
0.260170669553445
0.329540843538067
0.829614307504345
0.169472307297607
0.447683848465826
0.349540879531889
0.424039522212028
0.349574192010101
0.0223698050961051
0.405698852104873
0.0985874009670769
0.0800355316087793
0.468961082245946
0.0364357158169851
0.071166167364952
0.182027857552786
0.0423633251224487
0.0723258488599079
0.010817280999854
0.38086279643898
0.195245949828569
0.919519728736482
0.0387357736310456
0.367343330351614
0.306814298911896
0.379502185684316
0.432075708556478
0.216205059763313
0.112735946260658
0.0286078933910855
0.302201544217489
0.320107020367663
0.442023202656092
0.290009730086693
0.186774686833428
0.175155817755151
1.38367221341695
0.0979827405866653
0.0224432628573959
0.163105786431572
0.336806847597573
0.186684936327501
0.76805231209606
0.185682692014444
0.220138175210613
0.0769435590175064
0.0578797187695102
0.376812764594032
0.451173835641423
0.150701742233375
0.17598434297563
0.102152028495396
0.207873888072424
0.122521754480807
0.0578697098877894
0.142026260649942
0.0466894940485252
0.0564370281046883
0.381670344204756
0.000241842080051227
0.447739921886002
0.131830963242126
0.0154325522898925
0.54524558351486
0.185746375124139
0.388913925766458
0.173888777651431
0.2833883476518
0.264047768050588
0.0727164799727228
0.143113413065299
0.00754299601558626
0.507031553133146
0.292152561799777
0.196791278807783
0.477121120944779
0.264231491212464
0.0296988993237404
0.598795743209384
0.0566041214647949
0.792285501107997
0.359101966783807
0.687534384988871
0.706902425914831
0.449167407727188
0.902392557394392
0.141314740888133
0.00993575960250557
0.369627172345267
0.0952614605961772
0.222666585229751
0.296394998887026
0.611827678384139
0.418452821584529
0.471792922225723
0.287794623819486
0.156636822768551
0.062233435282489
0.068992468298854
0.138100950758268
0.393791680021417
0.693125545696312
0.276637710442154
0.16925531187642
0.219522657132157
0.462570834963586
0.0396107001912235
0.150392431309675
0.446401416230498
0.410014211134914
0.335624851491549
0.0821134380411521
0.337380405366013
0.0727330319648568
0.508680843695269
0.207966599349368
0.243410652685134
0.134909064469011
0.341307491386058
0.2088116678448
0.0408475938482038
0.336082269693316
0.134569078572394
0.163166715499044
0.373970521268937
0.0210882200783688
0.224070686936397
0.307925519990029
0.733318591553379
0.412556294446106
0.128397795242922
1.04091286156562
0.525742569146494
0.372142975499696
0.0407966536432448
0.624757038687552
0.0517670063512899
0.025875259211295
0.829393214080874
0.743329193216579
0.0908206012649151
0.180511213007677
0.38902836599318
0.135381681242652
0.211943838989503
0.315734778535384
0.646271881323116
0.356327460508669
0.37120028694047
0.166972884792777
0.517326348633958
0.226806351309689
0.212683438772853
0.256433960178245
0.00821581188650894
0.00357520765316753
0.27138400351529
0.504387786913725
0.0966571870296796
0.620411128334659
0.216869153143489
0.0807722909364236
0.370761722730335
0.1559462927619
0.489395091860848
0.282240647329568
0.15692544715126
0.156375204017676
0.133717647255923
0.380713622240291
0.207458572534401
0.635765029429219
0.325885163985539
0.258752394732024
0.0336966315841238
0.302354474542912
0.0177576398212599
0.17988514983617
0.212802813737072
0.0785635345671008
0.311873871264141
0.0729617219441697
0.0656194706665085
0.00483797238257232
0.284568437644919
0.115924122000556
0.180683366210703
0.145102703985492
0.286849866197328
0.118490310172118
0.0602963808127485
0.455830390357573
0.127559065348359
0.556601847100958
0.593695603611505
0.343563134625989
0.203306357947057
0.54962540491886
0.127065903447921
0.25726766751617
0.331764335556749
1.00335540272164
0.469477516054608
0.352961213380771
0.0679004592987876
0.75856526042559
0.0122264061873924
0.539323602019197
0.597127958423342
0.129784894421205
0.418415465023782
0.0702664165040654
0.780314966029281
0.000461883761125194
0.249729313742565
0.190481337962231
0.114692382176598
0.398431516146663
0.0568626557120993
0.0737110446167799
0.200841311162579
0.290491177388239
0.64607339849937
0.336216877916828
0.549607515145562
0.0967637244785388
0.307664995321342
0.482284578010278
0.280138865951332
0.0570618847543024
0.0711056150989377
0.491045270385161
0.451607487843826
0.074521239319016
0.0336177429451882
0.446382811496053
0.464037698479813
0.345870721362527
0.0654482881860547
0.195317270497574
0.561946357735656
0.0285591331612221
0.141017968305776
0.4465214224256
0.169869497039547
0.172450482311455
0.0218150378290814
0.430964694702964
0.234092665539652
0.0334606412856426
0.125975524864703
0.0633584523183467
0.155629256952832
0.339586510838021
0.0620825897479685
0.235211246962858
0.150467195689618
0.0921357011757381
0.00217081789919687
0.121673765580186
0.171010624523302
0.529868326397675
0.27330357445087
0.226754479972794
0.0141688839869729
0.0665832978333014
0.0506494505164153
0.00124247118722915
0.0523509320218072
0.310535174835239
0.134561984449261
0.187383395875217
0.289662373013389
0.0618736056352996
0.117258328384196
0.057395112697087
0.205557970523461
0.00895743768200285
0.280181114644776
0.246967010086041
0.273204879389018
0.185395001394448
0.519551457828828
0.158620358367659
0.351153370060213
0.0183592731900666
0.145426913031428
0.21967723983148
0.0241725917378024
0.227022807020607
0.282825309612199
0.216420396115657
0.0827186112824145
0.299546663301337
0.389075889460818
0.306829428247256
0.0257680647071665
0.416112954747299
0.199244838364787
0.162192086673153
0.123122266354733
0.0454746554904647
0.0976733393964586
0.429317822826845
0.143270718319138
0.138796540203622
0.0391276209234342
0.0438693469744313
0.0177033060786148
0.359648307252265
0.327667189978379
0.139705025819016
0.235644290952542
0.0800108967272203
1.06102817640248
0.0216167662347561
0.307933822336169
0.408899490614123
0.0683141578690104
0.384233922259485
0.0247348975785871
0.296170093515553
0.331878050286274
0.280737886907569
0.135949489870736
0.0907562460669578
0.00191193287615316
0.0370332164707269
0.132612399111209
0.183220349365143
0.275033978853625
0.033364217673335
0.416501524828533
0.709257556759674
0.166114270134686
0.161677829810616
0.169314479881212
0.0545246146218672
0.00974606989016047
0.304883218111231
0.751965404590519
0.536609439430611
0.0730689300879517
0.0297313473172011
0.234281239772493
0.265522689878664
0.104580929501365
0.110284737986412
0.298289592478977
0.179640232957658
0.187414960935858
0.187677534727377
0.387491765246525
0.202447416047295
0.162195939553087
0.130935409029107
0.405784169215049
0.0270418117586243
0.0065869069568741
0.594875286332368
0.324041109664581
0.887105779558119
0.660535515928627
0.333539636024671
0.0144306010430978
0.21701209990756
0.0334912183354138
0.00152410143819438
0.10086592683317
0.153994548074579
0.103362952646434
0.0602263508807688
0.315277055953449
0.261988497000596
0.291780429373579
0.248462835558594
0.453839829836635
0.0596504377210699
0.114945011404002
0.0494266638950794
0.0601387421708166
0.622761822708004
0.439566620563338
0.149601813669162
0.344925076498278
0.0569333928553892
0.140464126898167
0.405764725834408
0.409935582504278
0.232297892360658
0.332461740911186
0.064039330985907
0.264372122250788
0.31411720453193
0.271765992359425
0.203427462866602
0.199146009252699
0.265101824147079
0.262568749951137
0.16978512096944
0.373807389638141
0.179029738200464
0.472339573478626
0.280772627636432
0.111959508639633
0.0559586368502738
0.218593458251868
0.110899559333428
0.39880396755957
0.204423215744965
0.132043426588788
0.491350725281722
0.252869072476361
0.371767895019433
0.610619664823776
0.212080474745172
0.220650874385806
0.0783130387834304
0.228824597717194
0.015332499823535
0.0948296085930857
0.0163967223909417
0.121872122372298
0.00627362423863743
0.0661587027993734
0.0281025398803675
0.318799405260585
0.0468367402898791
0.0148396287248955
0.372921254335569
0.373944493067963
0.416237265295291
0.0955440331902032
0.624219753274935
0.378423932947042
0.0644424811900358
0.242420735742926
0.668024138587434
0.190899325292826
0.0716615509844832
0.594332920490551
0.493523294774062
0.356296704046527
0.42356637588255
0.108086036100162
0.00115199303868216
0.101954000700742
0.236530892990834
0.763923701246724
0.231372705584429
0.0597420051185405
0.052267648933065
0.192137076076431
0.0808307235717546
0.167760393079653
0.00265017052651727
0.148373654535915
0.369938371929011
0.0998879560663776
0.258977653003957
0.151508401878123
0.362341131826175
0.177509243801082
0.176269995930817
0.222895081240554
0.017355873275761
0.439721832712946
0.464120208758846
0.287846181364229
0.232796687065744
0.0785733430139468
0.157678992489713
0.0499476049645664
0.320378522585557
0.011796136663416
0.53540035681931
0.0277447089785258
0.907904377099188
0.127519741742222
0.563706718139484
0.372127985821328
0.0633767913301126
0.293055018613412
0.37907248466655
0.312053362922358
0.00875177950344927
0.0389167539927831
0.265338223591421
0.456912648308376
0.222953923518492
0.113514735058733
0.226949427557809
0.29186235104486
0.177383371079818
0.204493858366479
0.126010290371157
0.805782579706973
0.244360657418197
0.220090647802741
0.0990664745541131
0.166266655356175
0.349406023372043
0.590046930765882
0.336126078285348
0.0760326241897586
0.126624631615747
0.18524321380526
0.537142386971014
0.491375897913053
0.05517432243628
0.48289937900805
0.128073605292007
0.436921522992342
0.362119630133027
0.0565678282449183
0.186203404248892
0.0615105306834481
0.0150893032236962
0.322994915743329
0.213892014168677
0.332752297228223
0.514963310306837
0.11311677850261
0.0457949430967798
0.194360363148415
0.120510369423042
0.358731526809976
0.417740688577709
0.564379872416516
0.512923997879985
0.0306862722198981
0.39083054793041
0.542193209823277
0.107738540664243
0.126173137901853
0.370033596434108
0.434558761519988
0.045465478024377
0.106610188887987
0.0761640188117736
0.220403912545904
0.248262560641086
0.262688069082325
0.47162037608261
0.051043206285927
0.0190229465929771
0.00114050884092501
0.646922807042572
0.484559442703339
0.0450816241181658
0.337309768153992
0.42956751433532
0.320800598456754
0.163179253100183
0.210552089256175
0.119931601940416
0.429123509701337
0.222009801745387
0.275427444691224
0.161219976620006
0.426274062863582
0.0544091593112729
0.0943902688965625
0.219471430918654
0.0461038032238116
0.157697276358389
0.368031221337788
0.622070547669571
0.242190635504777
0.0126729867772107
0.280260507428493
0.498216915055649
0.0816632426104351
0.0122298550523283
0.297800348044494
0.818905418096503
0.327802558164634
0.0792863739820558
0.697872893472972
0.261054379364722
0.331145673951765
0.425335189584273
0.167919288788566
0.337390318433972
0.251128426153253
0.45396511801031
0.316881151748239
0.228132377018993
0.0205279262670373
0.331658276526986
0.352504387836082
0.175574393709731
0.196780657571701
0.271889689497333
0.507832861843645
0.194319038564233
0.121900590898665
0.63488778851839
0.0629199877494632
0.323775771796326
0.167075777847917
0.134711289876331
0.534895452651152
0.025956227137267
0.622723545919327
0.373946709218381
0.45047126662151
0.183110270398649
0.0438258963011388
0.352475450088079
0.432618913637489
0.288336517014197
0.770410191355314
0.0918065734872337
0.192588183093251
0.0344171864180923
0.414964519696227
0.429621311338313
0.208530537457539
0.142450725096604
0.314900353790795
0.0620629085159569
0.234255768783847
0.160812154300952
1.04290262769613
0.611637065142962
0.26186481706861
0.00942752171014589
0.178979306514257
0.142115390873249
0.138003464831295
0.157411426546533
0.250794076127213
0.0467417908151436
0.0134792347129951
0.331863243466271
0.142728868035945
0.130147552069117
0.0758583740772885
0.30856180887633
0.149160665873176
0.27918040699747
0.484622711590889
0.172906530688319
0.00737261132964587
0.283105569655746
0.398041835391678
0.284833431569634
0.305255086296826
0.0301295711661531
0.114278412034356
0.123262882096154
0.0484490863983905
0.277981470862407
0.456215625896739
0.0783399523096126
0.102601781026931
0.109473680931428
0.236873831041853
0.0688811584131583
0.253860942289729
0.0381455672355372
0.414807908347008
0.25680819575521
0.069197178202781
0.32962760123903
0.119291388579315
0.315393372561941
0.0811569280845841
0.564020412072315
0.00956840603847503
0.0421586304940135
0.152599632731248
0.122294372750841
0.186696163768204
0.319985483916032
0.159671344516591
0.0728142998190297
0.0822947806959792
0.0561008565794661
0.594403480438244
0.00632306785360008
0.24822210772337
0.30446728429072
0.106271121248452
0.230557317634909
0.0251365732820712
0.298019802528156
0.141450754049109
0.204685697086303
0.109919545325701
0.269673040862396
0.0322386718788249
0.00858312054904693
0.21252683064967
0.382938036123354
0.054921031518286
0.283223987395494
0.182083356352804
0.0774539721913097
0.0926511669802154
0.237191507833653
0.0183138304207385
0.269322954373529
0.156150641493938
0.227380265902736
0.16920258109176
0.120689354749839
0.25069538405553
0.247810109052986
0.0618723835403398
0.0513666612558546
0.288491188686369
0.194516185180682
0.0770801665776892
0.192874280967626
0.535415134200924
0.149423970317306
0.410615878980085
0.12242314487812
0.69645022621869
0.25525761754661
0.735142633665907
0.206363484378629
0.533925726084567
0.0914719176943786
0.0912078602975001
0.187398759799173
0.36021470469423
0.522560504166541
0.262870973372312
0.0642828976331203
0.0998254051541543
0.219118146748262
