49.5012513170302
53.2387043653557
50.8257052994735
48.8297091261639
49.4319328597191
47.7930864824527
53.6348325537757
59.9029637723529
50.5282107173977
45.9971306404374
54.418903601625
51.8229942193994
48.0011664061591
50.5547181509057
50.118257071268
45.5792495139292
49.8373282628357
54.1124238255082
47.4182558386585
51.5391017245642
52.7155338109197
50.2447488005068
54.1854658716681
48.2461718362562
48.436052441514
46.9045325051976
47.0413796865137
47.1067704049953
54.1338968294062
50.7202574860477
54.9939395312486
51.4554920587894
47.0442178893277
42.9302877841385
44.4061843621765
48.2575374987924
61.7058944722761
57.6610821356467
53.0139210732049
48.0142441381364
48.6821244812589
50.2339723027767
56.5065034063163
53.9854805155612
48.2480183979931
49.0040232157638
52.7621024737299
53.6879894247381
48.2679193979746
52.5408049604357
58.4561798221155
49.9751842700442
50.299700316011
53.9290185945792
55.1640197975422
51.9360242478448
53.2391170643095
49.3057659239046
52.1972907984841
66.7319493379996
53.2790754517556
57.3223722953861
46.0452214109583
52.2551587095832
56.5494900835073
52.2640122687763
58.1060121380436
50.7315170735968
43.5031676455808
45.175086877197
47.6862418964199
48.4297502940564
51.5945455952007
45.0586175508278
53.4030749572311
59.8773610729155
47.1768662178247
52.8848435687284
50.1667664372497
54.781399116914
49.9203523389384
48.9222044237948
51.1441936579082
54.9408776033066
60.0905307899393
62.893289092501
57.3404654221839
56.4472684295329
49.4004638707194
49.8298609177255
52.0416887757449
50.3853196922246
45.3990005411318
47.6339455206439
54.5028417543684
50.146172280975
48.3083839374907
55.4181774130092
51.9451540449078
50.0343764135017
45.1830710165387
44.8685271765398
49.286400194904
57.2020320622347
45.7410607098782
60.3681529472151
54.2559557732736
44.3102351591004
61.418157492428
47.2502718629276
51.099913932416
50.3761362757979
48.7769005139706
55.0744617550894
51.6436931380834
51.6770245271387
53.5124931137371
51.2913900190212
55.4779023358653
47.6628764632966
48.0934298886382
52.2635855868058
49.706583570044
51.723710420647
49.9771600765723
47.1261573614172
45.7582659563098
45.2860900917734
44.9684717419135
58.1757180378147
55.4401896959597
53.0983066386101
45.5213059930563
50.0578220271388
49.7406406852235
51.1583571524462
59.9827331816868
53.0669008476993
56.6440686401422
53.4397725889713
47.9288340178762
53.2084822498907
47.1428516549748
49.882149451296
58.8482445059061
51.4536916060397
49.8575709025635
67.0547895847536
53.6592676231092
57.283389183751
47.7612597411943
48.5330933305719
57.235098215713
48.3061341935996
51.2336085822474
55.5387543731363
58.5952931547106
55.6533503560721
46.7441173109411
50.9566853373131
55.3815519738974
49.6138975081612
50.9452198737657
49.265671284209
59.9627074522977
52.4718921651046
49.009592082897
54.7949408119905
68.0569955748852
50.390339809673
49.3084987204328
50.8965156041544
50.0733707182372
68.0548115351958
49.813014600277
51.6836124360717
56.0053488006661
46.8778465313271
48.9629009503672
54.8823829934548
53.3486954434954
47.0689115047248
46.4664600277172
57.289420981152
45.6639662185314
51.7983343776141
51.0352710525246
55.2934629465973
52.6758118050859
51.172126973063
45.8064587165319
45.3409246468612
54.8665322394118
49.972224678984
47.4034597362843
46.9711181536529
51.4256331733945
50.9673060185881
46.1786746451536
49.8319382116373
52.452261465953
49.4462278225644
49.7403615911159
48.8006470170011
54.7050294233459
52.7910291528587
51.4862794863855
53.250749444226
51.5794856661405
53.5353994843715
49.7853800491092
52.5198985328135
54.2583492594101
48.8310835496168
50.4744462869336
52.2553601369182
51.6079153484133
58.7517224536015
50.11641544646
53.0963222116008
46.7501936442295
50.2158056937627
61.238355934479
46.2078424631268
50.5757712981029
48.3401376548909
50.6399924112938
51.3574900971209
55.4742715179806
46.5294465933546
60.6750523712537
57.1370681252069
60.5396914711356
50.0417991511248
47.4889915474718
51.3094738632277
45.8637177801064
51.174130895722
46.9448070293377
55.1854985101466
57.3203066331024
49.3580235035877
53.9173288872904
52.1900033782615
46.4319409032765
50.9812341252232
46.6063157897923
51.8647214071082
53.4880075782397
45.8705045607158
55.2345909053167
47.1966172873286
50.0712059976025
53.2212997405031
51.5199419815928
56.2238640634838
49.7420423063978
49.0179159922983
51.1834075757663
58.0237674607029
54.9429545301551
50.5503738803537
52.0924046905847
54.4242084873748
45.7808115727087
43.6974909363267
50.5911042779163
56.2955075598853
55.8330616421604
53.6164992517761
55.9326966742099
56.9265791167765
50.8077280876351
52.5782737710893
44.5688159850184
49.8472399510915
47.0747307165684
51.7008661455159
49.161104151775
52.5853781296312
51.314376104791
60.4792241045362
47.3245975291903
51.0102271564322
48.9022194301592
49.8563233258764
48.5609288202957
45.6284919652641
50.1522857442603
62.4686260591224
58.2536848434405
47.7016842850166
53.8774556473887
50.1490345931326
50.4377304359338
50.8878361516614
48.7772973221246
58.387070525962
45.5222994889338
46.2886025465769
51.2837406598952
48.9742746912518
49.3218283168337
50.4285916441749
45.3022272112183
57.923008365986
56.413150751407
52.2125384577686
49.2508375843539
66.95870420793
47.2200797057917
45.3054058700329
46.686913630908
44.1819191431067
45.8047996037922
47.9009272520767
45.8558049942718
47.3441931325581
54.5572969031374
50.3512521096072
46.2345065768236
49.6867812558731
59.7106239878298
51.2945811499907
43.6914262045133
45.9966367608573
51.317788547281
48.8608031037428
48.6984117768076
50.9479460028602
63.3234257858428
49.5837105393115
58.9036302609517
46.5047414870643
46.9634476197286
52.8117547130932
49.2388772531715
54.0384103788791
47.5729070644785
50.9821017011649
46.0978505639249
48.937807992237
50.9559713221208
46.1370124056594
48.1262692985113
47.3400822587746
56.0117227987468
46.6578068516549
48.9438683718455
49.7110100612028
51.4869165911284
55.6170473002729
49.2447873104853
70.0487148630906
45.4670320249213
57.1524422773163
50.4254443431951
49.751213815981
45.7508326423992
44.6780745756469
48.1122596332239
58.2042351185193
48.1045153864636
55.6918416282112
48.5607335160668
54.8651293150331
43.7269000883644
47.4198438646461
49.9477670985521
56.2559851209562
52.8737295586417
45.9625936764583
46.9560446082912
48.8815433807953
47.7421214021086
55.5636613462877
50.3308062219069
53.1678813161588
47.0355227146594
49.2152267759444
47.8930231905386
52.0134655894958
50.3032932287787
47.0300303917021
52.951656678526
56.4284414366755
57.2101623409411
50.4239250750392
47.2605484980837
51.6033603251301
50.3154638707623
60.7169203890183
46.1246136394186
50.3212610487926
47.801856761153
46.9819240995505
52.164729633025
45.3722521077945
47.2897743474314
54.276790672344
49.574990577326
56.3396174607349
49.5220590888807
54.363431977955
48.3591551749505
55.2775564195799
54.1337101353284
49.9745477267098
52.3802823356755
57.709950273919
53.2468984379639
57.2763290898721
52.3841995438199
50.2479747673004
50.8791872335187
45.0820502668883
51.3310372234653
48.0108748325232
48.1763707948088
47.7338007844859
55.8261256440208
50.0915952979553
44.5731408769732
46.2058890444112
58.223743923772
48.4207505532584
52.7998796313286
50.0504430147129
57.084707038084
48.5690382858918
45.6211274994774
49.0666945827195
50.7151334911398
50.1569221062846
50.9505520982075
57.714462175039
49.8472387935285
43.1762419168969
47.2816020606327
53.7386951844114
50.8458392387142
44.8549428508614
49.4654269982094
45.9708444180561
44.8343010851123
47.2865275745999
68.3408501911833
45.2618899453121
49.6327029180566
51.4719766369495
57.5285266988912
50.9638102175333
51.8149645134921
49.9956663772559
53.4941643756755
50.3870198973719
53.0307445352525
50.9756297842352
49.7246832964243
48.7650827387101
64.6641801061394
50.5298599978997
48.0319634735497
48.696892717775
45.1329258480481
55.1852308209101
52.0499656036257
52.164858506325
47.8631954510897
55.9004909278291
53.0078260431836
51.725405524033
48.5688836083173
57.4968253016204
51.0499799378255
51.8935112010896
49.7332871062439
44.5428618439962
44.6568722301964
44.1031406385123
46.6343135698154
49.1174273655159
56.780314866224
50.8892650340839
59.2827256196369
55.9634817804834
50.0328975350231
49.30854255793
53.0030135475914
54.5884371766676
53.9892946319833
49.5274722008567
48.3869168848316
43.8395418998934
44.8679722738029
48.0645614552441
43.1771396481033
51.1617073938255
51.1266656732821
51.8274791180819
55.461817075469
46.5731973605087
53.4320554089003
51.8872076300245
48.0960268853334
46.0589227461528
53.8367691259426
46.8936843300183
52.8655009147819
54.646653640801
57.1379001066373
52.547331940347
57.2659892309392
46.0724991677776
51.7601794202969
44.2511533242476
65.3502939067893
49.5565067590706
52.5467297335978
58.4421181255658
48.3444111099631
48.1231216619369
61.2082994744213
46.3314148796849
49.0300685848065
56.3497416212023
57.1325272199026
58.5573757200163
47.048352747564
54.0700086262742
52.2089813091952
55.7899141713542
46.3281960119984
49.1528241461053
47.8285990013341
53.1376829350123
48.1872047324535
46.7493911046113
50.797501326799
49.3207033863884
56.824865424884
54.6494484311299
48.7367116502377
46.8467378546819
46.660057743429
46.2288335356507
52.2598044645839
59.1927222974848
48.2124558842594
56.0248930404738
43.8962542749468
52.903178059877
48.5549580431109
55.7291124204079
44.6884403398591
48.7958227361071
54.3647749797877
50.8774088204304
46.212044623532
49.4305335506474
47.7397750760258
46.5663460947685
58.3343285103843
49.0992599593461
55.2785417652372
47.4445046947039
52.2878509039356
46.3197086000194
53.2816833435769
56.1054013611606
54.1964848310584
50.0286501945146
48.003798936593
47.8190871496656
52.345245234919
48.1959393588139
52.8478871925915
55.997534247632
48.1478602657113
53.6221254057347
46.7075674478709
51.8280398998224
50.5956623809257
49.9818835608993
54.9911824374136
49.6986983575284
55.6066069614265
53.1257021849864
52.4625128909277
45.786807491831
46.8620907819502
47.9623189843183
50.8744804086058
48.2427973454112
56.3140353118649
53.2547169085966
50.6728663762694
46.3713413186193
55.9175996827015
48.9831765082007
49.5246701337683
52.3043790993416
53.3362779518598
59.6225099389019
49.731779441759
48.5461759972707
53.556306107273
51.1727738453818
54.6159649594789
50.4318249230498
47.441704330611
46.4491154088307
47.5118924253253
51.2065487330384
51.2168677852552
47.9727920641152
52.8878687671274
48.9052117946901
51.0135467290036
48.4028578461308
49.4277187635843
44.542682414999
54.6241468081422
62.7649304712787
50.7822619082044
45.4180612399655
44.786211694738
49.1684868771133
49.0668915506267
55.3777343453943
55.7671593299086
45.7541104170513
49.8675235701914
49.4521692435564
45.0826671517274
46.6713173345955
52.4168492991545
50.4104308974476
59.8451350717876
44.8485145669536
50.3656814306551
53.6601064347533
57.6040474547789
53.5988720580412
58.2326608396146
54.1079047073563
49.232558633283
48.2846249678004
57.4434968451692
51.1467366322591
50.4814896892811
48.2065375033834
52.9881196838184
61.2877883561895
53.5031922074431
50.7996882197536
44.5359211182694
48.7888126604746
52.02960682379
50.5695382568437
55.3639867773841
46.9586532115618
51.4677577443581
46.0502752313748
52.2190087087928
45.3637795365044
57.2387038795332
48.2618853829483
54.1137867344978
51.0999392070907
48.4600976315039
50.2345848341756
47.0072205837876
55.4614265025226
51.8008224145192
49.1326351178044
46.6626105749761
51.017017112061
45.7612552742423
53.1507970843846
60.1507482202846
54.9650743910231
51.2356496547735
52.8310854892058
44.5032392742259
50.3959649121919
45.0575440786277
46.6772149381141
52.8389432067935
48.9978872752772
50.7499167026627
60.7692184827471
49.7916938862431
51.3137910015366
55.7847797969268
47.8300345430439
54.3817626023208
53.4894855513107
54.4202741305822
52.9229006417015
55.2657220965191
47.1434852704336
57.6892122934038
46.6005327922605
45.1843983806415
53.5209168522681
46.5361879417813
53.4244833932175
57.0382765249707
51.2538965946532
58.5071504514707
52.395877725796
54.7397893930732
48.0635829220263
46.1819824337452
57.3183912439264
55.5265061247332
52.2538679699107
56.6102527506833
53.9170450702373
60.2342550261425
46.724089141188
55.8039948310191
48.5469114509922
51.6356169100918
50.4777003124091
51.5912604640718
51.182574648204
55.9151259628741
54.7413082874474
53.7442771675282
45.9163076190881
58.2888443151486
51.7486954502308
57.2912016429433
44.7999614520357
49.3048779797984
54.8821256509867
45.2136975377007
53.0274645112897
56.1507744094158
46.3667398576163
52.7089528275082
56.0397141727942
51.9745216593794
51.7282542209957
49.7805651325526
48.61078547123
59.4538669006062
53.5975020703945
53.8438397017096
47.599149906487
55.1872173295156
56.907125210541
49.8761638230383
47.0381459693547
49.1461502922774
47.0419699768512
51.714649890164
51.9031225732028
47.4698191450849
51.2662424840679
65.9927415089338
52.2658402936754
49.5327507282021
45.6250675528883
56.3211902031408
45.9226486205581
48.1902498160233
56.102756154812
50.9960164515153
50.6254544967011
53.4696778967455
51.5064077638212
51.6146368408979
49.6917594107211
44.8303761000168
50.8494608636039
50.5902753493238
56.6614567744185
49.6913699812478
49.7807367685967
47.3914593504357
50.9286882154836
48.8127410666753
43.201308312242
46.378135902399
46.0120370824071
45.6002552822991
56.6203226401851
44.5271821199909
49.655534050472
51.330516507845
50.0695857213794
52.5761399884335
52.0130430303325
51.625040306811
54.961240997938
50.1292247146912
50.6916028779577
46.0504979323092
51.5004169618683
49.2134626344869
52.7604852543366
52.682234421939
53.2894648121849
50.1028866532456
51.4289395269243
50.5469861863329
48.3383570178279
54.1978948603622
55.2866685091987
45.6384258895694
49.9299754107478
56.5991849927477
51.7767936652424
50.9137664367071
50.3604495171353
56.8830370561074
47.2456588378724
48.1622991312562
52.384973743038
51.0097388984406
44.4820380728233
61.6246129361937
54.3617381613103
48.9578593264644
47.0011506175991
58.4626913879209
49.3786012637022
54.6655858524866
50.503942321746
48.5994083434164
49.4192909739521
50.1742747007638
47.7344599857295
54.0360092356637
47.2026644537702
47.1492549333789
50.3489327250513
45.1079993157624
47.5767239673115
50.1643956116261
49.3596985851007
45.1698203250336
52.2468933772105
50.4398617467865
45.4930981346964
44.1818236949017
51.5311492983919
51.3044231939055
52.0319215825561
47.5355769426721
53.7732984038798
48.6329986554595
48.8194025768966
53.7248108599716
57.4399842729019
51.4879494089049
47.430395497293
49.4029688147263
47.5109134450914
51.0146059835128
48.2599606508072
51.9541304889645
51.3918229818305
55.5952974494649
53.7597226596216
53.1244285894532
46.746035927644
44.5132642458921
48.1575522761014
49.227494508579
49.3447769387964
49.4462157080838
50.3623184536962
48.4556440493682
51.1264581283375
50.2456517863577
53.8837060465275
55.1827730793956
53.6605503325403
59.5527851995873
51.0331293028147
61.5538486790838
52.5000166936555
48.9842268000036
48.6639732959778
52.6164196530092
46.6455854674348
47.2328435702308
54.673688751997
49.2541364454819
49.6907581176466
53.0592138131889
46.2291690180643
50.0934818983274
52.2983916084267
46.9856468617253
47.2079659892507
55.0745854329805
53.5477719432185
52.5084964554327
53.2619723438683
58.2758933965718
48.3452716126473
49.7075504829727
52.8332457558772
62.0787775570479
53.3853705743022
49.7166261564454
59.6488540837829
52.7156355299265
48.8624687113151
60.4437005729055
54.080494628546
51.1809708474795
49.2530002538845
51.635345238958
51.4955302202263
50.372138113915
55.2909141210641
48.4593422486039
47.0933529061328
47.8190859969801
48.8727579059219
48.2406973538405
58.8864314382038
49.5092955563709
48.7506130543687
49.1642223028663
57.1790660390069
51.2025687608835
50.5334967206678
50.9538375202069
53.3161562152088
48.249331494441
49.1276884383636
50.9932877286066
46.5038786230019
59.9919862200208
47.0239777579346
51.8937547969782
49.835289916715
48.7918210818154
47.2126462348211
51.6662098315371
52.3649958902015
50.7470747833587
51.0874618040142
53.7323019690872
53.8848162057906
52.4498309458372
49.4615120987215
45.0103393593949
50.1796670308555
58.179463769957
52.3652357312839
52.0795240749117
53.3834289887496
47.3670245136149
50.8663116632005
47.7190496712741
51.1890797426582
53.8162767674171
53.5000622124419
43.4542059512523
50.2318713066351
56.2572265434045
47.2979089726018
49.8751372844813
51.5071867922944
53.2575281706549
48.1619988551698
48.3280898580127
48.9687824743006
47.060625379797
56.9557112333064
46.4455159032996
52.9967297337658
48.1879879088169
49.7660556362247
46.6641745587885
46.8188910521439
50.6781378349461
51.5106923958482
59.1368394350852
52.4178418386459
51.8709006901844
48.1126828207554
59.6297885098098
52.0048765430045
43.5583512852359
49.6424990649096
62.7952488462525
44.859088648416
49.3650233774002
47.673604367461
53.7824573570976
49.0770044963744
45.3515567224128
55.5521180855936
47.4690094361344
50.9162914836218
45.4601079687975
49.6182634967998
55.3968165550434
47.1473660182814
47.1663433423993
47.1301897563593
49.2802149461949
50.7466968577782
53.8253332058021
54.5628632086494
48.8581354519887
55.0845862944318
53.3733994277638
51.1350243105304
57.0086538413847
52.9399961181273
51.768327775094
51.1936140088474
53.3568744858242
47.9931625297573
46.5372973425634
50.3905222995075
50.5867870980959
50.1903801788837
50.9193773512652
57.9442134145429
44.6554767605879
57.5983405221909
44.7594034737616
54.0733248493113
53.2463444159833
53.446574135784
47.716660424945
51.7343214117781
47.0560102868802
48.8315476344729
50.0829758879474
48.821584067343
43.9181764320666
49.5494076724423
53.0755381092113
50.7310579085745
56.4875782844475
51.6064907374412
50.3251000147148
51.1554062502862
53.2873145939436
56.0241959857983
52.6065345246137
50.111798166927
50.6628205041755
50.5245887773449
53.5835294611543
48.6260523297185
50.6583842506246
59.1243860236611
46.9412029323543
46.0001526794146
46.1895226935182
47.1502014735156
49.0255130440593
46.7972453905287
48.6111701798067
45.7017863626761
45.9165177537773
53.2970056427354
54.8445147527872
45.9059623828759
47.5279459184426
50.5531187400679
53.6530227580484
44.1297206509084
52.8452935014345
60.0497098917581
46.3088018991583
54.7640043374812
58.6671634499767
50.5113732722989
50.5529025185439
47.1491324288058
58.4567961473812
46.0941376794666
52.2949358877994
57.6220229194588
52.8682189198929
49.1218320091988
45.6798798109545
50.0514662732095
50.0031503448422
48.0357448410729
49.2493042951567
47.4670334597329
50.3407328872863
48.420007539437
50.1390490165086
48.8206567724754
53.8007845775068
49.2334776501642
57.2766825508124
47.3481192264529
50.356486415974
54.9138044205179
49.1351228146946
47.6996775483604
47.5292780303471
52.7589015096644
53.1211248750746
46.3865988965026
57.8107696183651
50.5689177158523
52.7477558747055
55.5248685983782
48.2664901374319
46.1115157528401
48.969901566253
55.4608826174645
61.1448501255956
50.9115074649575
55.7713373815717
61.8144388489615
52.115893005858
48.1926554129507
43.9978437672062
52.6271931358121
58.5666903402145
61.5158349060826
52.6150433300575
57.1137400463855
45.9531098378297
54.7527723129102
48.7322735395315
49.9599914985862
57.0293100738351
47.0806655154618
46.2448008027454
51.3845966356608
47.5678975737945
47.5367841063334
50.5119728688938
49.5666296437375
48.0404017889389
50.1639676773885
48.9356910065184
52.058970068462
58.8838440987709
45.8737905552498
60.6421631412963
49.5439448815583
59.7720011145606
47.888945794418
44.642626567121
48.1991120679791
48.9065699723772
42.7744999245312
48.9852513026691
55.6269354396681
53.1368921761177
49.3695932833453
47.4273454479369
56.9275628107917
49.1765752955521
46.1467531346528
54.8755569409488
58.2610980360323
55.4766113542088
50.0978765088245
57.1711410249144
47.1693054323731
46.0787609043588
66.3902324593929
53.8474052123212
52.2861637402712
59.3468677605762
44.8485193396952
53.4312066650915
46.4379222213737
48.788620609232
53.9148248911989
46.4627826181055
44.995956910072
55.1121904986761
46.6941927951313
43.9849733160585
50.2199463870606
45.028757746083
53.9223520122085
44.4973380971169
55.2016128542665
51.2018252642644
57.1977011190076
50.1893302735093
50.5738668346963
51.7226920349856
48.3587345491016
60.6042540640726
49.0348007865882
47.082960299155
51.3892743365845
54.9891474400769
57.8420254021281
55.1119356453176
50.7109823737188
51.1708562965793
49.2071018467616
55.313889715693
52.7962679402133
48.1282668488881
50.2154211000052
45.9278034805551
46.3264587099662
51.9941047343825
52.0823006584953
51.5859920363486
48.0090021127506
45.0748676495271
47.4279177600589
51.7814841451409
52.1074409655817
49.6128592457675
53.5218529781966
49.9028206650911
50.5173998724452
50.5360566932875
48.9030810106453
45.294981110297
46.6932700635308
46.8074194630374
50.9733949069528
47.3407126155917
55.0880115622425
71.0013745590396
53.9851517410706
57.5535235861459
55.1049798641478
53.5419690841215
56.0302353418412
43.91366352054
45.769654527032
47.6223189868839
50.639425358487
52.4358225965413
53.6875260111764
50.5005839892843
46.9767562108461
43.6019247743973
57.8584396995925
50.2464487102579
50.6046119462534
52.5263172051427
53.8516719070655
57.1003741081178
54.1311220537306
44.487790776721
42.2620121114092
53.2664212302781
51.591959485066
53.08936044813
53.9497646309144
42.1104663485799
49.8880695260892
54.3645157183875
49.7981937812728
58.1333872934499
50.8984258159128
49.0415526251497
46.2309809709446
46.2887965421113
50.9457874114153
48.3896000408488
47.7813923883255
54.5207483903177
47.6588266810978
53.0357255883567
47.3659389228104
66.0731945881769
60.9756932373527
51.5359807016366
50.490478451374
48.2080897468794
51.0459480618393
54.1866799178707
53.3114047274104
51.6183961329268
51.8079944633164
50.7803170718105
51.3170472910303
47.256643713298
54.7768035187292
45.3954517965825
51.4430990262135
49.473946812113
49.8246572953163
50.2957770589491
46.2869168312418
56.5353271137026
47.4181365078538
56.3941033556254
54.4784525973736
48.4228394507237
55.3690451976121
54.5023947554059
53.4154088783906
46.5432123903397
50.3377796367737
54.581446939903
47.6914794624666
49.3386527178984
48.2905430077517
49.5142777916404
55.1647886071598
47.816948282502
48.6797225010869
55.0420072741497
54.0598664644058
47.8125975255373
64.3469837140184
57.6248012832201
46.0877077776087
49.6803172901785
46.888914424551
53.6197679240373
51.5015689768
53.6225310290637
47.922048260899
54.694120169936
50.2929634744483
47.6043649836599
53.2608298387468
45.6337925764637
63.0194446038758
49.9572902096881
50.8296305113891
51.4012612858567
49.2398664114932
49.5395455508126
47.3235624507026
47.9468384033161
54.9220869719059
49.8881339543109
49.6966402955481
50.8246835090317
49.4154246946715
57.9092833468649
52.9771594882501
46.0304478304665
47.0361511121149
49.0669832203447
54.7048520874524
55.3600467795634
49.9129361744984
49.802646195603
50.0139758892095
49.4779745227605
47.1928579833545
50.3236630992994
48.3623984816129
50.4879098948657
53.5076122993901
46.6851769724249
54.0238851053349
48.33643333298
49.3246847069787
51.1149979903205
47.6780792362729
54.6029229605543
52.9753038880541
54.3247662362491
48.27154919707
56.5691199431997
51.6805381055933
45.1178827186745
48.9005862722139
46.0102522529956
49.5986454683005
54.6736832528338
43.1546332032182
49.2576485299435
53.5114679389665
50.3617895141627
47.1134530333827
42.8453929418842
52.1151459320423
56.2805423445041
52.5872516590964
51.5929824818802
44.1414806998689
54.2856778112098
53.5532733040742
53.6280298521888
52.9037345772006
49.6830236629792
48.1155739445561
46.2364493494772
52.1612757834473
44.6608812871538
51.6803600712139
47.7774672882411
49.0223425140351
49.0326659966496
48.9415028016982
52.2313397594766
47.7342437851146
56.2993962211909
50.2623863364992
48.9969691549272
50.3196299875042
48.7907911616165
51.3918550975225
47.4200363661174
46.6503704069784
51.949466369293
53.2594349228637
51.1192561648927
46.9350009946016
48.8874423511778
45.6913687181177
56.4812360868022
44.6439894521694
48.1075832114153
48.7764235206225
54.1874555165024
48.1593527086857
47.7385392225706
47.5489822263493
50.3692682922993
49.5460305506028
47.5773363852433
54.9229130340124
60.2477128221647
46.7121842473901
50.1646081616465
49.4581245790686
49.2090764240914
53.2208960384728
50.1012806353151
54.0563345708918
48.8399516293792
55.5064281321949
47.0941315745257
53.3610564951621
54.2648669755802
46.3590644409527
58.0889538051958
52.4810680403145
55.8893518552797
45.9780414065487
50.3036746455127
46.9636425992763
56.2732243902235
53.4508971531405
55.3751279729996
47.4080041177164
58.9181665337972
49.8714607849714
51.0918928635494
45.0377501167849
48.0539677782904
45.3743554442527
60.5523126367214
45.565180297133
57.6170581552063
54.3734896949495
52.0799428410798
48.0361391814969
50.2874857471386
49.6163724583546
45.6731290806907
56.3696835956538
57.7358947030417
62.6510768330064
60.7825442517396
53.4470234956389
51.6666703443222
49.8163310386605
53.9055075242037
51.0106121009988
52.6846846515059
51.3900580075628
54.4022338678208
47.8423527763628
53.7527991474585
47.9614589320319
54.7120380713596
45.1584101825598
48.7630275237013
55.8233919630616
51.9883364165064
46.3596062454209
59.4038721808306
55.0076083200969
57.854142884695
43.9058894168733
59.7326976103271
47.8632453577328
51.5481129591359
46.666092014002
57.5473319332319
55.6724052441947
47.2467540626209
52.0784302192969
47.7557757775399
48.4665089388114
50.9377470334027
56.3123605369032
57.5290619034314
58.1485866584726
46.9936784128944
45.5544874231671
44.8126354233728
52.9301925439335
51.0682828271193
46.9994623898305
54.1767103096596
59.5213487075981
46.2353668753207
53.7398496254295
55.5486927167063
52.0942155549431
52.0056113115959
50.0184857733843
43.6845367962827
52.2551087700854
50.5626352283389
51.3708483279887
49.0021220618057
51.6975289937205
58.0583732407361
52.3561956057066
46.0846149175404
49.9607128755047
49.5745976918883
43.7699668839656
44.8340491336742
45.0110275262133
48.4951109450045
48.5263848575967
47.8130967409008
45.2572042509002
46.9631344096396
45.3784516359461
44.894471888212
54.4378175575972
50.4468461685293
46.3699949757847
45.2661833622161
52.1366006136894
50.2153428098585
47.3661314841728
53.9288991647674
45.4887763093174
54.2501015045777
56.1141310436893
57.2586134529792
48.8669761828878
49.4989282763535
50.2556374603098
44.2391876339852
56.9548715775626
45.0940615121542
52.2240169564647
54.0541941829715
56.2379117289973
47.2554640645137
47.3397553452147
45.5307261566407
49.4423638284254
48.4537843367379
54.4816903152033
46.4603809380305
45.1786114013702
47.1184944395757
53.0313199217064
52.1775810254899
52.9546902517806
47.1017807333243
54.1185786438534
44.3893132311673
53.2839373773385
57.0542302840226
46.2529659503767
49.3650776018341
45.3649620802996
46.8249844444077
56.7622879265905
60.7733148178365
46.5341749059638
61.1482215549637
53.7121185669504
49.2864079844749
48.7457877759753
48.5092700189766
48.0801494945815
62.0870218675
60.491482550955
49.8385686952981
43.5166849917692
45.8360236148463
46.7002038047869
49.7740273059738
49.9814189143885
46.3747339691425
55.0252494791885
51.3164270393619
53.991992784464
46.3283242486339
45.0849747089203
49.693603040284
47.1208608806473
51.7824754387917
47.3284872200941
47.239934448604
52.2256409527737
47.6583870517885
46.7047867356142
51.9926076596617
55.561597266651
51.3359430129411
43.1417401666064
49.9619750767364
48.7786823484607
57.7500538746006
47.0842332872129
55.9766851637522
49.5982443583211
57.9037759359715
51.1674778564845
53.9764828895792
51.5234913295603
50.9153168468916
43.6404430236038
48.9349621629776
43.987517802953
55.7669442296918
51.6318473738269
48.2413729307406
48.7239557519738
46.1930741012783
52.6387644554482
47.9139877983644
46.2348430662716
53.1733880706401
51.977221087214
55.0492045464202
44.9458247952703
50.1620839288917
49.9681373910222
52.775537238283
55.2056691399797
51.8613187990722
44.7824644434715
48.2866339059753
63.7332953646393
47.7771358064914
46.1837577565954
43.5572969763606
48.7764217159203
48.2545725752032
47.1197444639893
49.701687239079
47.7476610589743
55.7173833311567
53.3463306557903
51.9715363109692
46.3204956624112
50.2528206939017
54.8301715903769
51.1521852204375
44.3480661569929
52.8408162965434
50.4883319145112
61.7668442176071
47.4324026102718
46.0809339980191
52.2332181508371
53.4750573119939
48.0193314930705
47.9002473418945
46.8270088435135
48.2394850894566
52.6130071578875
56.479613398916
55.9744741147206
46.5009636864193
53.7503432191757
51.3672362725676
57.7304904965557
53.3707356557661
52.0585532664465
50.824829461286
49.971370971419
50.2027821231185
53.0319991373799
48.5985093677663
50.2397414178949
47.9510910878691
50.1622170401534
55.0518099064293
56.9045371272981
49.4923678290816
45.3555025789262
57.5159083020634
46.1439506362419
49.4532197385694
50.4877268445398
54.5416819395055
47.2086666463734
49.4786115839596
46.5179842324429
54.6622637695073
49.4232000100153
60.7534324080809
63.0562354347557
47.5226792840604
51.567549757048
50.2265618447815
51.5987785491553
64.0309324402048
48.2175905419613
49.1935380234503
54.5977319173821
52.0980681569511
50.4868252970196
51.7958883491847
49.2642169695478
49.395507020088
47.1172761268998
55.830584216653
49.5140841445392
50.763765226125
59.2677867482842
48.9921530101965
51.5292227018731
50.9693922834018
50.9411677118422
45.5943612191424
56.0884332741133
47.1461170827676
47.0119822166017
44.4236888097315
50.5485664876801
52.705212503092
52.1397547957709
54.4862964128682
51.5961796194135
53.3162853181186
54.7532092486102
56.5862347859902
53.7727203063894
45.6562116836118
49.7169882647296
52.1546692045606
49.9014773387167
52.7441262676684
49.4842550181869
55.7302625261637
58.8315131749423
51.9265047820385
49.0843564753303
44.6028461830953
49.8661723796939
56.6033968695001
48.9676666152049
51.1703710991813
49.812155055812
45.5746603971333
50.6651709196502
47.4135850051855
45.9516795458173
45.1223962373796
55.7554320402371
53.9102508483688
55.9250689439879
50.9514756167488
49.1463977492665
49.6499089970887
53.1439074967461
45.6841789553695
47.8423572034718
54.1556234306126
53.1633912150845
47.2632750461608
58.4753543338697
50.1074166800251
45.5464388719786
49.8748074659366
46.1991709636205
56.6673672726962
51.100848552891
52.1695999792514
44.8938831042595
54.0609687871258
48.7725702138771
60.4154175585158
45.7967081586893
58.8274537388076
62.7469376945516
57.7579405156793
45.137786755627
59.350654353462
49.4588914711536
59.8088134952572
51.6728838575521
47.2685995528994
55.7186398790353
50.5780376527917
51.9285113218406
56.7272389966436
54.5081486044912
54.5004197023717
54.339033361385
44.8739301818449
55.5623149002913
48.575205704811
49.3948573395161
54.0296348662363
53.7882354896318
54.2712759201038
55.1226411973614
55.9683937978872
48.3950218898547
59.3786627125573
46.880655986175
54.6043779391979
46.7489221097973
53.7277074376997
48.916187053183
47.888451225211
55.0262757818697
54.8782568181135
49.5183452919006
47.4433651508696
44.772471154375
49.9090259057692
52.493928957499
54.8793229323048
46.8066301264832
47.3269261420289
47.9611498842327
49.6517024884813
51.349521444796
46.8478777360898
51.5013597874368
48.6549630329893
52.8175600722016
60.6543153047269
53.1194010662602
47.9091609662605
53.2056673064156
47.0161290107798
49.4579696337406
44.5104377008694
58.0594839529015
47.0993777140506
49.1559712401826
53.2349608593002
47.7645561835264
48.4482610743834
54.3002122153272
48.2909174910468
55.553279758488
50.305545565763
47.3044442917754
45.6341172805195
49.6962862677086
49.3949377042773
50.3058411576638
50.8491500628728
48.2843978391793
47.7912875524529
43.133620550973
50.3973389907323
62.7341764407102
50.4162091624636
50.7166663378075
48.7612805635056
51.1838771730585
53.8114303967254
47.8586109225127
50.566295208116
50.513539473575
48.8952910734182
48.0911048541396
51.4687184909937
48.9744237131054
51.4328374615455
47.6872794023487
51.2749003845877
49.8649187347324
48.8012108045485
51.6767026194151
46.0886129040931
48.2551469611826
48.4771135612549
59.517692629147
55.6882884416855
54.0190164881408
49.2132530807332
46.2766028590537
49.8515551798787
52.614484028037
46.1734981209836
53.3676281671607
50.7707513992037
48.0982687768103
51.9207234365001
52.7434136326783
46.2691291343462
48.869502504099
48.7956520748665
44.4141766053176
49.4774746242691
49.0684910211241
46.0707709751536
62.9609500525561
47.3731274967756
49.8590887927123
51.3689143283628
53.1076393119813
50.0294149077993
52.0539809394651
49.000830319432
46.158792515745
44.9594434718624
52.7205124931747
59.1277998286998
50.7417381863381
55.3115309359294
54.0323518231776
45.8045688016271
54.4872591521713
54.7329567778148
55.31537987476
50.1959499211178
47.162227153215
48.2144828698097
47.71139067112
49.7850940633634
45.9907174052761
53.2338421089268
48.3567305376167
45.1108690686168
49.6387363513329
48.4649995555665
48.8373121377879
54.895688239166
55.2791397166918
51.5430515420339
49.2971365677707
49.4610972034197
53.221591420976
48.5858690588444
49.6550733718991
48.2821183499497
43.2366434858381
49.4837746264355
45.6438258329848
53.9648265472985
53.5930226428131
53.4185371085532
52.3039220684197
45.9780264286295
51.6945252917718
53.9213602489579
49.9259353339196
45.8685243821869
55.5835350175494
53.4035535223007
46.8297913403458
46.2246799194649
52.2444260934712
47.5136403551975
53.2952786944305
47.9469434573918
44.9275596730602
50.8364786231286
57.7639364233258
60.635106105876
51.5803297077325
48.6182786077251
57.2173015813614
50.8086721614075
49.0713713105746
48.0707712551508
52.923141939609
49.308675753901
62.1670327973433
50.0022563072892
53.0618322866846
44.6038545540326
55.0297277493569
45.0134727141915
51.9171746132285
54.5163515696507
51.8139783039538
52.3397509725753
51.4938603944051
53.483212071775
51.8979771623489
57.6665631171147
52.0760982148114
61.6693227202893
50.4997680870697
57.9285448375831
73.2692089746203
48.087793355706
46.6863543482025
50.0588482352515
52.2911077431966
48.539266531587
54.2275332927343
54.6563306684988
47.7606743013248
50.189268671744
56.4132931101861
47.9751139708038
46.1501524269796
51.4761763726069
47.0435009990694
47.8320236584819
47.9041844344539
60.0499943117734
42.3165568927919
52.2670552951818
48.9119572960057
52.9142826292102
48.9111699606542
49.3455850788451
49.6161058090127
45.4563838294594
60.3937717914987
54.2969405731211
62.4427863300226
49.8051413042649
45.2846235081
54.2137862416483
46.6963882141777
46.0317198188389
44.5354621998436
49.7867373513161
50.5033428050883
48.6196277017333
51.5621678306703
50.8487897687376
58.1000506253119
57.3152378474939
67.0916963149412
57.8804764671837
47.9359428539798
55.2938510478545
55.0164730557894
54.3443494097442
52.3983160749956
50.3119458598394
45.2639428386708
50.2727482609585
57.7391796593671
47.3496711003668
47.6411113343898
57.5038219062989
54.5600193461221
48.6311677346758
55.1964457224651
51.6523610764558
51.1419630916366
49.4104166785288
49.9390510026048
53.0689086597587
50.0261385004958
51.4787627521757
49.7875449540273
52.5030367639435
46.3806445188092
46.0769116772142
48.5203457306247
56.9133982065422
49.7780847311839
51.5106508735056
44.8215164735859
50.9382477315546
49.2292013562284
52.1873640692602
54.8010730977279
45.80053143596
51.9093949348188
47.6257565031659
51.3006284950183
51.3475330988469
49.9398798954484
52.0425308408013
54.4397264699722
54.8911047653023
48.5966596837647
48.8478292079625
53.3174212092205
56.621974860027
48.4681238889117
46.3410568668215
56.8802854139997
47.6178755206088
58.9308417300125
52.7516895987486
47.7677967440683
44.1121036663101
49.8263089105611
48.7959036965865
52.3244048561953
56.9293699743825
47.9729416574262
48.7752241955762
52.5023287182533
47.6325185295116
45.7764357989242
52.9746896449252
53.7768626481651
45.9301680155391
52.9020966840586
48.4505515837042
49.8196185813574
51.8058587927002
48.3872090467828
52.1892759133412
48.3829029128798
45.353576116358
58.4551074087008
56.6472871289384
54.0511266656866
52.0729044864441
47.4195318454204
50.413583673075
47.8217240274525
51.3974709718318
48.1949386068357
56.3238797653306
55.804783256994
49.6770652441503
52.0925563311456
50.4328320258589
55.4099850585484
51.674155621263
51.0833542242456
47.6841946385315
49.5433714260925
45.1290563346261
49.716549964971
46.046200080999
51.8924130243809
50.1643860758557
49.4784529858166
56.1226939061889
54.3502473066852
62.8779194051833
48.2152233867241
52.0810345130743
44.8164374502579
48.2320752113503
49.9889705761681
53.4741720757642
47.1428944130424
48.5577874321231
45.6264975824597
48.033068906389
50.6794405037985
47.4374447628938
51.9817657486368
51.2787078096735
45.057125411661
49.4590025478862
53.6004801332048
48.571726052339
47.2364694442023
56.5963347077833
58.2289570165552
53.6597008879481
49.1142155109986
48.1753179349953
55.3992025447851
47.8562553278037
49.2917851661939
45.3045825196892
53.0562096335437
55.557416092242
49.8214845042182
60.2211176833716
54.6247346200749
54.1686790001087
46.2695660140076
59.2942683195136
51.506101635549
50.573653425036
53.3110001660898
47.1855180732651
45.3293563317636
47.8398073246255
45.8921858232569
45.7761287448194
48.6464779603822
45.7535974946793
48.2780958239724
50.2852904978339
53.0216193118967
50.5861897984556
52.1898835290003
51.7885799313909
50.6471376032461
53.6348317233922
47.9143289807847
55.3067999421991
52.7859902132191
53.7272860645485
46.1090213569555
54.428953272013
49.5235815699654
46.7661844370547
46.1798197367187
45.639254794118
57.6957812826146
51.3990087203902
57.3292882545759
45.7397829966365
47.8380819219618
47.8768692727993
50.4941389692212
52.9187549469424
56.9080692694475
48.4871324647957
50.2055982561954
63.3973747059812
55.6829677089192
45.0391142160114
48.603784243006
49.8086718147077
56.5597815705774
55.1853805584167
54.8662824593625
48.8171422408432
52.4592378683621
51.0176870025639
52.6962025870205
46.2064075338861
46.2860896706591
47.0415389043
48.6752462671809
48.6505378120932
44.251631883233
46.1543605358281
48.8732469464666
48.3489823426487
55.7257595122416
61.9825896721072
54.6902242987175
47.8991986046578
47.4055784420442
58.6049915989726
45.3537935760708
51.7884015453978
50.5687846765294
51.2123730439121
45.7774178199141
50.2970415115877
50.8450103570745
51.9321697784946
56.5744938425519
54.8733426200694
48.012250642474
54.9920809437006
46.1528842851451
54.0743934390837
49.6375641315278
58.1630812490059
52.2746770647217
47.4182532745891
50.9201782605145
48.4209297813495
48.279264612921
51.5989746380831
56.3296083491663
46.1212471991159
54.4606474139275
60.140558795117
47.9892159466143
49.4795936321763
56.2044045753692
49.7103179395727
49.3717696839487
52.4472346403196
52.1824146653879
49.6419202023888
54.8365965176083
47.9023687953488
48.2445963931512
54.3943002245708
50.4694244458903
46.2402892850638
54.2598507206176
54.3940910390648
52.8310707541491
46.6496524082206
44.6221868960652
43.507413125525
50.7831856693236
52.1406163357981
51.0108874779062
47.8861538326446
46.2363430947839
53.174286541743
52.2479915748164
46.9173267435471
47.9772371006646
46.219338572674
54.8855571253208
44.0811638993651
50.9015895700921
49.8772089053342
54.0895930938761
49.0639821668057
62.7387388862314
50.4878251651616
53.7022603112708
51.2298916872122
55.6766882674444
54.7085732231063
55.140847202783
49.7293121232419
49.5318686659336
52.2189005276389
46.8894772576716
48.5093458663853
55.2500280308917
48.515345821313
47.6263215846283
49.4918649906106
48.2474949483757
57.6283185420589
48.0438333152894
45.4190279613979
53.6092711793352
48.874600101006
48.9794715172154
50.4073200498793
48.4088994972076
50.2863377888637
61.657429399878
46.2473798665304
50.555583650862
55.846697307486
51.0641062989432
49.4668517325685
48.3431752552339
49.4986447352693
48.3887395752477
57.1950993642469
47.4518786145518
47.0577113954074
51.0690210613773
51.2422122160509
62.6205710572489
52.5400643476216
55.6245975771556
46.2726703821958
48.8924107371219
61.367597039484
49.8058710160555
61.5481589775217
48.772491567168
53.0223721940759
52.6510951879303
49.5476775374797
54.0691266187264
53.4866581475629
50.4127898072972
52.8481267957096
59.6420417326164
47.1938437143908
48.2468137461206
57.651826839176
57.9018671740445
56.8976184505013
53.2448858755783
50.7538970907351
53.7092683323301
54.1556604636451
48.3339795093483
65.8410790459068
47.8802129034146
47.2056143487826
50.3682073886864
50.4000090608414
46.8694272982697
46.7084495204446
52.3928301052184
49.6254113538132
47.5059519871057
52.8173583811291
50.2778590410161
56.1305524930477
45.0868873274908
47.9951279991514
49.6824848958987
50.4629079685856
50.1497890060207
48.9616518974088
54.5341267768677
46.1131448672647
55.3405818999737
50.6228131087597
55.3914469596662
48.2205369971462
52.8173305886499
51.7393786122737
48.7042891649556
53.0273401546694
49.3568134883479
53.2402595100355
49.6625324953644
54.8371321677429
47.5895490559466
51.2288728614248
54.2605019507268
49.7060416609597
60.4851839508636
50.0404299049908
66.6240589953685
50.6620314558635
48.4048468047919
50.6446539421674
46.0386814483835
56.2608570218557
56.9288547258949
58.8557459966345
56.4127456471503
46.3107294392613
54.3492656865378
49.0235781513413
49.9286497945582
45.8941466018377
45.42413322476
60.3973138705432
48.3515095882601
47.6277291364992
55.8730268796172
51.5702664297967
45.4583798281955
57.6423592053422
51.3640902110835
47.2904340366927
50.22464072615
51.1698442017023
50.4326514342303
49.4976171331864
71.5051034795535
46.2349435146456
51.5244020835785
50.4463904604771
63.7898909540967
48.6282954454655
51.7400853195202
58.7843543427905
50.2187905862493
46.7951223902564
47.819198238143
60.4347862185172
51.6467152030896
53.0296999393516
45.1876760684632
52.6343484521761
49.4610973251001
46.510296790012
46.8328133122485
45.7615835929537
50.3226073376716
57.8422673051011
57.776357271538
54.3333950884659
55.9245121489895
49.7065059872615
48.6445615975133
47.0675696417164
49.8699841337531
52.8403590203105
53.4013714791049
53.574756172998
48.5139638380706
46.5967471020257
52.9171131627039
45.499290761916
45.001663375006
55.3865662234003
48.5927087470497
47.3983771693086
50.0787940465528
48.1740036477281
50.3942517072303
46.4944638126615
44.9865222802779
49.6801511262325
44.4251985830168
46.0651689146314
52.4599606584762
46.4340482856743
51.1790595193078
45.443924084537
56.6607048245693
47.1248999753109
47.1427978837717
52.9039520849786
45.6639341710486
52.8789028264321
46.11551987931
50.2297480754981
56.774457069333
64.4045382735042
55.9665741542461
54.3944363162548
46.941220984161
50.0446847173156
47.7293716550737
51.7587592097492
51.4929877814972
56.4032951759471
47.6601488665426
53.4126141206912
58.2129371428274
53.3938431063345
50.5104902536257
53.4005265871223
50.7688644205268
50.3810682098368
54.1842712034758
52.7359217773702
56.4900724701705
53.0777683779832
45.3863745031993
55.4582046001374
48.0620424193031
51.8697450163357
54.624523277521
46.3863142316137
48.3863014879911
52.3994256315876
51.1948274742435
51.5606590378095
55.6991005556502
49.1459569719376
47.4981092074457
52.8999675437252
49.3980978686079
64.1249459261989
49.5571695285603
43.8817672732325
50.9497248940679
48.2858017675596
50.8796782760615
50.1855874618872
53.1524742833804
55.1258691060441
49.2936305960495
48.8583611844922
51.0870918003955
50.7183462548068
45.828585941887
47.2754586227528
54.7744533871169
61.0314128068393
52.404798693608
45.231298997091
50.2942096776043
59.6562405196753
48.961712564211
47.2566784007287
56.2801225343515
48.3421454352243
50.3815637764184
58.0797943045492
47.8343833500636
46.6824438659954
55.7509885086187
56.8491181640609
46.4520010776466
59.075891138317
69.2319083967949
48.2227195777001
56.7651178342909
52.9184544075989
47.3920976080229
44.7030098031911
63.1557940878601
57.0526177294758
47.5211452057437
50.6593180229331
55.882383679964
52.2378128146143
54.935684200074
49.2517882784342
55.0800354621081
51.1722873069539
45.9986676559498
46.2175449221487
48.8971818193113
44.9816578265147
49.4462145082569
50.2148355779057
46.9285374523555
57.5595530034683
57.6701079156068
46.6906758729069
44.5656306327569
52.8879392775045
52.1332628934465
50.666404789454
49.4400293305578
54.1148334034856
52.309722461521
50.2649483685901
44.7464920102553
55.2182689636179
49.2799460971923
52.2109772302741
50.4957761590443
48.2678789167083
52.9427941607944
50.19111659765
46.6891965545178
52.4554136952632
50.19603971451
48.8235887567366
57.4022539574311
51.3123645798811
47.2899249230199
52.6943206874578
55.8491139553427
50.318061986415
49.8163935327683
48.2067415960491
46.5011193371442
49.0679632291086
47.7575749989749
47.9305742101767
46.8983808603755
49.7261057394311
49.9751218989419
54.2147458043355
48.4897826314672
52.4086951393469
51.6483587514525
54.086817948794
47.6704854065185
55.1110110667088
44.6395990031006
69.4656906726141
47.2092430299555
48.7396800028604
52.3125273360479
50.5696239482248
57.5059618766181
44.510498156098
47.3699780007229
55.0484123011357
59.0637772767889
46.6361156019944
49.3977078087061
47.2647155243502
51.7170833656506
58.1688513404874
60.3355315319827
48.6879424336251
45.7318218345014
49.0900073194285
48.7413179889089
56.3092353705797
48.1631878389381
46.6436190984926
45.9517863041274
52.9150984821661
44.0900597819191
51.889364261486
50.1670813755051
55.5632186638933
47.6335812877145
44.3560809182925
45.9010325391063
42.412781309288
60.6181225227068
60.4930850200113
46.1406893205921
57.7622720431695
58.2453991952907
45.9517037965696
48.9039376095044
54.5028966051974
49.4601334492202
54.8079138257351
45.879043039114
51.2727898385937
51.0322578440232
50.0709446348761
49.3319996107966
48.0529657308409
55.2472979952653
51.7293840793275
54.0690777135182
56.6595809783442
58.2561495999374
50.2695542369493
52.3526989146904
43.7771127909759
49.4854178312316
49.6475492947703
50.810561235891
47.0600229679491
49.6161149146181
49.9472175151457
45.0388057787503
45.9843588206836
48.2451895189802
54.3881372339657
54.5347114254217
46.4174168525105
53.6782484581865
58.2376258240471
54.2913433168835
44.6635764823396
43.5511357087963
58.0285658196309
53.6287116664504
53.6044666610306
51.0725773828224
47.6264559477746
50.3839139040059
47.906049205487
50.5224466835993
48.726528806062
47.2798304512048
55.7929887231312
45.3731540661021
50.8414053644487
45.6417161720861
63.026715928575
50.599297586833
49.1851567890102
44.4314063292557
48.3365107040379
52.8750905981964
48.2978892467273
47.2577559732267
60.8681443247842
49.1855370494682
50.4433947160425
52.9324782011825
48.9170476579909
49.335776013602
52.4984358777105
60.1099235771365
62.8491630765821
47.6081749856807
48.9331727022728
52.1793220207178
50.4150508584043
49.3837058537394
50.4232770173142
50.0386681651239
55.0057221351885
48.9646231345268
45.2362818481723
45.6751242460868
52.8645135171444
52.4482092982351
48.8879373411822
45.6363173947255
48.7863845082241
47.1604744337802
51.0180762141621
48.3390645071964
52.538237053581
52.5999571874628
46.1749651081056
45.1892072904886
49.7197932935957
63.0575261636006
49.0485384953011
45.7683983700009
43.5391726950159
58.5306084284725
50.3385056764731
52.3054682686508
51.3293903713133
44.0794617954486
50.2402695947312
56.0191670184942
52.2270806612445
68.5408089862101
52.998394485404
50.0110644861374
50.4320009191905
54.0973727581756
46.1524881396248
47.9484951328991
43.3826468084943
49.4192748385877
52.9887957420002
57.8089856025384
57.59425964083
54.4799516641119
47.5386634910667
49.763713959994
49.0028510656432
51.6095086426286
56.8770410718759
55.6360046035334
46.3438342246241
51.9101060331676
46.0818250246204
51.4975991797004
53.221232541268
49.6321819505957
58.3220920627736
55.4278445918601
49.4852617627071
58.6942400258106
50.0854837730506
52.8567126235501
64.388211316288
52.3324394879896
54.0972497736729
46.5544829970933
46.9402540755352
49.3681104713599
52.1523097678758
44.7461143349507
48.1224049233728
48.1512900019162
52.6465289034556
49.112137437776
60.0584926528831
55.2293284285514
47.1612825085559
47.3245431765378
55.663725663596
57.0868707995591
47.9162283979476
47.6738157756073
48.3642691789705
53.5974121616516
48.6069997542064
53.8703036356637
49.8963050705843
45.3104138548923
47.6450759220217
56.1382660629345
61.6441297346136
46.5126075427783
45.0132142931449
49.3216883969875
60.2822579647054
50.9504246779739
44.28125910604
49.133313924942
50.9849162470448
49.1606897746698
46.7945747828339
46.7361969286488
52.1794371297266
48.4203315236237
60.5747795822865
44.9652245827882
56.075475181741
52.0852338731316
48.5009429966263
49.7647373389889
57.948112668611
46.6925367029269
47.2817157215298
44.9667846427741
53.5947132457197
49.1747758036665
48.5271183830705
48.3017820945972
58.0537172064297
49.4187228922856
54.0768283265166
46.3061224942234
51.0086588181037
47.2646631350384
51.4500191426882
51.9637354347165
50.9180103078338
52.7457794652466
47.5460266954598
50.1810269972203
51.4408230367648
52.9135988697635
45.1755427150825
51.4532492028513
55.7597058166119
55.7727328134728
53.4758319679108
45.7576687104537
48.7115493922786
58.1837510870326
52.1856444620346
50.0452390696334
52.9646794104672
53.6723432311546
51.3934743403466
51.5887552983409
49.2533109181571
53.181791311886
51.9169936463982
52.1259172464595
57.0748431111308
49.9039923589278
47.1281640132975
47.0213313543597
47.2360142751079
47.1523288150963
50.0999015146507
49.311839439044
47.9829321258923
48.0095886155082
54.7226669030705
52.8901818951757
46.0087345040044
49.9843474788875
50.8202600560947
56.0906201868208
47.5177449511259
51.7574182221226
50.7740715890334
53.0654336822525
48.3075818196916
46.8077910979114
49.3862011950716
55.0287711930845
54.3236175237855
50.1015236072488
51.1501826764013
50.0094419252149
55.6617123848107
46.7679773806992
57.4128796369639
53.6090920476998
46.85142882574
44.1630618879062
49.1234995737646
55.2332668976592
50.4223862283611
50.3826005758859
44.9886803278042
43.1984827872767
56.1547661214513
58.4699354314968
49.1475480991387
53.6097771178057
43.8269143036831
52.8568231445606
48.1597813561107
48.0688387790957
47.0564364623601
62.4873912854597
56.4408569563621
56.0030879148644
45.6185143755828
54.6665031875807
57.2919420155242
51.0983957430775
51.1739042938495
47.8949092928478
54.5035748404399
54.8344308626673
49.7140116369674
51.5480703586836
51.2658815830528
45.6867478775022
46.7721611885346
48.3406863019533
49.3631240626603
46.552259414608
47.1058353975625
52.4088967978193
48.5570993839696
50.3248778113901
49.7756717659129
47.899526980647
50.1754719784809
53.0914812749467
56.9441592811364
55.3399400776782
52.672886076566
52.5159664820518
48.6043707343836
47.8803871999103
52.043343712389
49.1633220656956
52.0449038150292
46.3107302768566
47.8756111474004
49.3705507651886
