0.766315444309589
0.725056876229324
0.289568910428839
0.64249720870787
1.31057717489149
0.442338663502863
1.04739886241172
0.730630019330026
0.403294077726732
1.80564684615978
0.678650023333529
0.488816110574291
1.09984025801599
1.12288168432622
0.495863298913347
0.584617622527937
0.876823058838374
1.41404349925297
0.370508447588827
0.810116166285047
1.01951585339188
0.543464526401772
0.66182096069
0.555946134737912
0.45601651053512
1.12984223108079
1.27667591527921
0.278202838556562
0.239573508365609
0.748482362341202
1.05274714398324
0.922748888682925
0.322445262168776
0.39275914342609
1.31024502424233
1.16707335124874
1.24730780131178
0.859478391944079
0.398039399944808
0.592329183681458
0.836336244437921
0.653906109234216
0.60046247066258
1.05011011046443
0.396095399603665
0.568314055424403
0.82454931306632
1.4873330702537
0.674149361961906
0.48091286848737
0.690849764900781
0.666248589399873
1.12031487205113
0.700720146297936
0.373901882092917
0.898019382165528
0.619576875525566
0.62791421844334
0.576072068216757
0.899038977826658
0.478716886440418
0.905000600336161
0.841182081290398
0.499740352037713
1.17127760026966
0.574172482067367
0.725398458846421
0.690142671644319
1.23117823547063
0.682733432682162
0.464356716325643
0.921248284211372
0.66137894119582
0.695630859087852
0.738656020513139
0.925898381431839
0.383525654374616
0.832359471471148
0.453461654927191
0.706838666836658
0.295714596512388
0.487603709427022
1.13470603277485
0.208178943285348
0.926973450543491
0.654395446144837
0.430702739732353
1.8550972828428
0.779883064967239
0.324833671512134
1.35166632205393
0.782710780048586
0.542165127548826
0.632147287328088
1.2334103725174
0.433213989906672
0.909340383087391
1.24833392794229
0.3474204461384
1.21617376835866
0.726719565364615
0.32369319312465
0.579420937985451
0.750671593722838
1.140985791189
1.05911963984909
0.68691880322472
0.629070426331131
1.05434793842393
1.86158631811024
0.817161830835672
1.09010821097448
0.278691679764638
0.886369434109766
0.425698828365517
0.782970068937613
0.954792387328779
0.701083395026575
0.539958250396984
0.455606954376322
1.04885483396853
0.496151758838138
1.19122520263644
1.06704444935246
0.83853948642488
0.485747092263029
1.06838171896876
1.33124005369398
0.632159086901701
1.16713920318821
0.847430313238979
0.537368663236812
0.341879366892475
0.710446859737161
0.661459347174443
0.467906490130509
0.785725162802199
0.726615151197948
0.348210494101622
0.966462732889745
0.322748569285273
0.367358572588845
0.956861572135166
0.52267669852422
0.434077883458537
0.558868940403659
0.472891250518557
0.405190429058352
1.33566743751375
1.11362104048055
1.71846591693147
0.728648772366391
1.28299303678769
0.399831987715487
0.91253861850413
1.11367660517356
0.539832347865142
0.446899087451045
0.777049525211717
0.636083971029864
0.731663352970256
0.535111913527452
0.55672543786351
0.437466811402382
1.70357024537839
0.141284994704669
0.638142777945923
0.963986526570445
0.353042009366241
0.405872858046692
0.748633621077823
0.292483550975537
0.951571880168729
0.806962322045925
0.917710387941508
0.949653672696762
0.759604789550245
2.19804843713819
0.528885458096167
0.554024103068423
1.06233545269572
0.420392709176939
0.581229531343221
0.359355711603023
1.06720126966577
0.730380659180767
0.770618010840618
0.652105070007161
2.10854693168716
2.04970739884206
0.357919185187107
0.820661751360218
0.436813116274322
1.04011141710776
0.994604678977858
1.07558957792372
0.675770112834074
2.86498075536101
0.719846387985507
0.828760790651921
0.760648083233387
0.692072423684161
0.557626558114222
0.349208281017656
0.394363938568939
1.2696232811193
0.227394482240912
0.635157641962364
0.139932776167045
0.5401025700111
0.972770514600772
0.927626694593343
1.67864379880162
0.473150433680625
0.478719102582458
0.615942355759306
0.258623782810527
0.628957899491016
0.979068712644266
0.54985230838926
0.460250536647551
1.01981511103279
0.952311935748743
1.74708278973412
1.08913007347292
0.363283498530267
0.883068218228266
0.778845856571481
0.811829217106464
0.243919331977954
0.367373738010057
0.558527332513892
0.724008684617215
0.843945888340238
0.713205546162332
0.65651089621047
0.541801531756219
0.903146713307956
0.296983690622253
0.581251908950647
1.22175696290481
0.661035657731361
0.686971376502726
1.32853243441144
0.451830254475808
0.694604183425508
0.272310304527326
0.374166879196062
0.628736177201216
0.907410592976661
0.30645979545007
0.894777822387182
0.656215440196057
1.6035695113013
0.5290630714444
0.477562494434959
1.09045314476318
0.807800038442301
0.882503796177588
0.756293760811476
0.481470105220565
0.809921885280032
0.348684439360218
0.464168403460721
0.481701229790586
0.56803726980538
0.588720830301601
1.10487374460521
1.4740697280312
0.538410132040499
0.298554333026703
0.921655310677169
0.669116941099638
0.489557294163815
0.752715331468663
0.343252997582722
2.5697840766124
1.06069659827354
0.937492910112286
0.582160062101058
0.940882449077147
0.749099093322458
0.400648672890956
0.557983963636134
0.484163297650772
0.585266077619235
0.497949637263491
0.530613717045134
0.431468628636827
0.442730945855775
0.815770139187871
0.633919797935801
0.293955832387657
0.939224323580571
0.919185624323945
1.22810938511933
0.793821352109516
0.644216467919608
0.828044004349213
1.20379793509709
0.939388964293406
0.459488383533959
0.649528337865122
0.592984918145351
1.230410345414
0.412789127526933
0.65857462318544
0.418756341925164
0.343735165307509
1.19826171915711
0.865181487891142
1.34750112835075
0.662341270782625
0.660663384892205
0.81117456497235
0.529784905823409
1.23528458671069
0.8976638001737
0.504806167883978
0.809256939306966
0.592593572823369
0.405214114212113
0.430604742112545
0.477627584777873
0.835832004396026
0.389743331700374
0.698018074160003
1.12089272485999
0.859612402866631
0.588762097993932
0.944221087145115
0.762094062247182
0.798995617746218
0.908239968225347
0.389190530575477
0.75416561893395
0.515071089137586
0.517805752265458
0.658003855374599
0.527968347914151
0.429372784454784
0.601475728995648
0.964338177874042
0.713105670274213
0.450919402809872
0.485743522844902
0.895104823392486
0.458047808693598
0.678136781021548
0.86345606360401
0.364535403416786
0.268159336367632
0.750306865017375
1.08788783425456
0.299479614679034
0.521360218175699
0.424242120503975
0.370317242064727
0.816671727432261
0.717349296487069
0.700148616624146
0.922409628481782
0.698083354278398
0.848822880752212
0.507694695739662
0.457361464780175
0.451196066235043
1.28808817434529
1.38134745402484
0.6335923547938
0.680664584159352
0.468256067891594
1.02125368634616
1.33273329123055
0.793075124703591
0.818126153991364
0.958120206965662
1.01225598078064
1.04038037567929
0.476625216215668
0.814409259923999
1.19102325799188
0.893520986407169
1.3286516918771
0.716407095413431
1.21485264345466
0.991081808423264
1.01591582219701
1.31001932297377
0.705395769949601
0.441548956888086
0.838634040296539
1.30469220976939
0.777674734788881
0.533184660076416
0.436184993389629
0.368550388062724
1.77122937456254
1.05695186952079
0.717467453777271
0.543222657919519
0.511120279573589
0.850856712907027
0.498975036269318
1.20291570795798
1.3790841632122
0.636164479253585
0.769334320938784
0.511706990814857
0.85233525179737
0.69627352997192
0.827651103021098
1.4497458912763
0.448597529987869
1.011300001322
0.643776834510488
0.608206421973674
0.444306499346623
1.27423042633005
0.379309802327766
0.580377520723344
0.561031335801252
0.431332306852336
0.721278627867819
0.469888157307594
0.397083733205272
0.858274478535993
1.6364824431026
0.502889654416025
0.59548467597385
0.429500193434171
1.27861342589667
0.9194306873411
0.957189626964836
0.923032429203954
1.3352516331342
1.28678631399424
1.0341807846684
0.739022564417336
0.376680336986328
0.735511805577063
0.481796583214908
0.651666754044523
0.827260223252258
1.54026374245823
0.912632850946763
0.545951924696868
0.419703876193887
0.684213087933211
0.967211618131668
0.716186065402269
0.825768580740565
0.845797513779259
0.521098274411445
1.11238312350349
1.05005064863039
1.11533647089536
0.936874990130962
0.478011494241957
0.639174942852547
0.612936462206972
0.659990543192129
0.969144017451077
0.862394260758035
0.451073681622996
0.41776263347688
0.874176227095537
0.663123461605769
0.316067610338468
0.72030238427677
0.537808314721906
1.01829584192484
0.398293148732819
0.973001554486884
0.678164517750152
0.363676720433962
0.732027716283882
0.572052075004208
0.615467319406377
1.58427569826001
0.91862539400475
0.569074356836157
0.28634730921814
0.604282099338581
0.430218014708675
0.727894754127119
0.702128260436483
1.06840710162153
0.45364036471824
1.88011253855668
1.32248255085809
0.857128872418971
0.622474677943564
1.21213982149284
0.93976905687717
0.678735278450926
0.37510412922895
0.726230632975762
0.606086884395592
0.52174327249276
2.30308976963174
1.2680006290503
1.11715962176366
1.98286990771942
0.39112234654706
1.28895721475388
0.827377501630695
0.779400519610734
0.354342060613374
0.772277352529903
0.574092024898878
0.561698046058472
0.582764464658202
0.761950838235011
1.27072607121335
0.274345090551628
1.19994776761101
0.823576459619871
0.318584391326522
0.539536722550657
1.15652532083881
0.674893116041614
1.87652405370712
0.905503488556393
0.637645031495373
2.30640348059996
0.646547231493096
0.609706827162886
0.424884459289114
1.1475222151083
0.926025538645569
0.880318464114048
1.22802746255666
1.18698868172396
0.893295725149105
0.917168743575924
1.10487982418465
0.856174168444914
0.640488464453986
0.62100373153018
0.483429229287653
0.66916620450276
0.428669636495364
0.549954884819984
0.408683243981563
0.504412593884497
1.13846130278592
0.702537597012045
0.880252414453781
0.796689165674566
0.445977647299002
0.71016337779561
0.539718657178223
0.717322196844174
0.656829140072438
0.68331477315519
0.651061923623932
0.727737834732172
0.391884408753599
1.32689981122928
1.47240468749216
0.964785895996018
1.13543791953127
0.770335530293587
1.14459894268728
0.753500505841633
0.768899442307376
0.526138717580557
0.475945644603507
0.932152921972821
0.644728908632214
0.758341666234657
1.08691594844453
1.31547070754293
0.602022706421145
2.14942176816606
0.734187616626263
0.797022735463284
0.667846701810172
0.891282915288583
0.404928962904311
0.627648892174136
0.652627932440146
0.747564559840909
0.632707056806232
0.324370974140274
0.614158199128376
0.290242486391639
0.85050398195774
1.40732489001622
0.778113487686068
0.86950054750028
0.534668990388202
1.00221059037118
0.866677135453185
0.852128915568357
0.634872987751509
0.882956729628204
1.17842432835267
1.20273332269148
0.580454879168186
0.864925778063738
0.959623502591777
0.759569154671379
1.52355344799351
0.560836684121877
0.574599298974104
0.756103980705518
0.974627850796032
0.558670600670724
0.281551976931066
0.882751367579188
0.566388712158303
0.607570556163222
1.02615246223223
0.945536549152943
0.269213578025384
0.403644745633055
0.364884497175842
0.899059002986996
0.603352402493232
0.763596002176111
1.61602129021787
1.04070038280789
0.571874252101954
1.29316959404331
0.619381554950966
0.807488036254455
0.599290569324785
0.971732160713134
0.7947035436522
0.826623129355559
0.422456880718185
0.502430041707677
0.606927120375812
0.555316989808907
0.75893091221182
1.68031840098337
0.383428479940399
1.3524039324962
0.789150053740135
0.648819080299936
0.987864687426458
0.651596630705449
0.62080045970993
0.714387710329875
0.850413957916611
0.743702176189059
0.344488694288877
0.420514524494397
0.71255051306111
2.18410012362134
1.15077705163836
0.750304947145245
0.397149083849606
0.779818189738735
0.586755469637276
0.785145153502077
1.15476845509248
1.04004469338161
1.19517814538799
0.353028582282328
0.883427804983501
0.49549226704237
0.802235997550702
0.87957769153006
0.591953321396328
0.316355786854827
0.546689101099147
0.418022929981487
0.594871554984124
0.701321252411117
0.458222426520446
0.626117815535141
0.659179333078662
1.22187308072757
1.17485670056833
0.970297894257076
0.684970113568065
1.11549186893495
1.0334142247307
1.22640508815656
0.631495464855765
1.117909993358
0.858577841742622
0.389905873220214
0.614645111137154
0.721719622254532
1.33721507119439
0.397602570442773
0.819945503055635
0.377131624738096
0.654030362300183
0.523661862005123
0.89492387959658
0.76654891153822
1.12204646346976
0.698398064539666
0.42961070388633
0.984451163516615
0.71219611251791
1.12753659361204
0.927997998529489
0.74023827862838
0.611839943830273
0.563971658723941
0.470822759798382
0.854311276429677
0.499756311985231
0.447647977418552
0.680106155988408
0.673424678585861
0.828395870916884
0.285005275614087
0.556450971088175
1.55599329059808
0.856010315863754
0.317567536277502
0.975599373041536
1.40817624255998
0.568030613339001
0.471620453108309
1.45600049813139
1.15199141414833
0.435925817359796
0.533465493832153
0.973622586364084
0.426046708479483
1.3027607584966
0.707463447025404
0.69018745898496
1.469044650789
0.645670037481087
0.653470837487888
0.718876275577943
0.737098006459612
0.650583668805812
2.1018476369174
1.46818000766229
0.636303922148433
0.499200576349136
0.497726978573897
0.529765883241947
0.993884399910463
0.619811515978319
0.570936672257073
1.45358413511784
0.514149717976199
1.09294045229533
0.911610997112992
0.766763006987471
0.527340369000655
1.17001040381201
1.07378517409832
0.491613643698877
0.619926306831407
1.06725813294896
1.69250745805387
0.250328175260215
0.704729183847168
0.386206957092022
0.560191095309574
0.279012383704666
0.756285815832144
0.78606240478599
0.489427701343862
0.368340001892066
0.35711321983371
0.726266051744667
1.69806922090099
0.291684737173733
0.767211341273371
1.162408299122
0.773300672901636
1.03237890889415
1.74029225034221
0.741554082968247
0.900795740058707
0.790082025185163
0.674973063152248
0.960234527806379
0.776160750942276
0.453157022563807
0.613434220620205
0.605619317980121
0.795760232202614
0.499556097568751
0.415725535429912
0.967865528928246
0.750904707657899
0.861038344661915
0.781051799947957
0.75813489797578
0.702142984949857
0.72894822583853
1.37514845375449
0.459250787876496
0.495955961641108
0.741996950399874
0.641960963512355
1.1766657000727
0.612479438480138
0.635176089341753
0.647089697223934
1.12739972338016
0.953960592322124
1.18287859640978
0.902302721073001
0.801603825679905
0.522818458991295
0.860159576246745
0.828794507842818
0.598490331122857
1.34415795346871
0.653791891346878
0.338280923086454
1.08748048181673
0.857644587866286
0.61164490034154
0.575733729897753
1.18273106867662
1.37678391408828
0.531136240850134
1.12455882842812
0.654122891237968
0.965745246117112
0.846976996653319
1.05534939812636
0.301688568006268
0.508628292530009
1.97389037591541
1.03976340159982
0.873195750702436
0.808934342690349
1.14657140515301
0.489798629597797
0.391794043257368
0.778200758006094
1.04350674745271
0.6931500518272
0.744311600453862
0.76495403904393
0.517964806444904
0.400223344647556
1.18103138463457
0.494368941822739
0.611303469090565
0.670410873907546
0.347323108279806
1.27794312730001
0.72367172991708
0.744969447336965
0.408282521003692
0.769370054604886
1.19068734652276
0.479666383982139
0.809112574941001
0.478159859937266
0.787001199507725
1.5473777947379
0.528105948213385
0.27993993459029
1.55548038410831
0.81095583174537
0.779700091132796
0.75054683405331
0.56858794606084
0.527817555949235
0.823938231265046
0.372361023084423
0.479471655904677
0.663065170637215
0.79844594654193
0.878525480726941
0.756857815540912
1.21908467055842
0.484089483285989
0.27063027662699
0.494711357320184
0.564601725004455
0.446394788478322
0.948520523190168
0.994917948409217
1.26857072866964
1.43557305934577
1.30188797551567
0.739072744134742
0.651393639431525
0.509643702711194
0.947478952584626
0.659920291779882
0.53078089974992
0.54540326383232
0.205801140650485
1.08027238053195
1.02448748584415
0.731252232058621
1.53178915300709
1.05619694906606
0.739898677726766
0.492899564091602
1.40387312856778
0.246375167224543
0.475050038614859
0.394626228596951
0.787130671186573
0.977901815472195
0.777743876472841
0.66416627647575
0.685359538764976
0.549738653930412
1.89391463703434
0.813498865282401
0.594993205095671
1.19539604082133
1.8066742383259
1.05194924914478
0.797576413833112
1.29669572237785
0.50025647738426
0.958561781860482
0.65677891925773
0.952437595068897
0.973509817703278
1.69223427288621
0.303731757145177
0.849191041767045
1.08985296985489
1.0818935491345
1.25615002026989
1.32153612142033
0.518841313488655
0.736882484537122
0.550179493675043
0.490428297555564
0.559612341864395
1.33297359652803
3.78184169767307
0.46058733256539
0.834402812865513
1.01278681720987
0.756070890184215
1.22479419566158
0.507351661638349
0.481255561196563
0.664810331315687
0.460101774997685
1.44853566303949
2.46162958634538
0.693866415600287
0.631883079060601
0.656555081638744
0.698383048974891
0.536873053025143
0.752734686934589
0.388571953613267
0.652902074548069
1.00156232184791
0.395429630696458
0.524690800569653
1.68007568920805
0.75255044984874
0.560414915888007
0.483134207436681
0.772373361908612
0.453250323059322
0.887178784085077
0.807057322543135
0.634819848440501
0.313163958371524
0.588690562220145
0.441366851780818
0.755097972994361
0.582239755871526
0.90875043654652
0.878565180121137
0.759236825759315
0.996171544034513
0.48188406761197
0.99795742037771
0.744441660143111
1.14327167205562
0.736617309134068
0.652346639537159
0.585358309487213
0.842511223224811
0.906878076850052
0.654757544638129
0.514071255649621
0.476742494162336
0.1560916836988
0.876349391923838
0.526172275344026
0.397063157963104
1.02161159815644
0.437087838755667
0.58110302160549
0.675396481463941
0.893412706477755
0.531695971354816
0.420484176459986
0.657874020161492
0.734991174047539
0.602480659669132
0.546682761879819
0.434508219308877
0.621786448301503
0.669845203997986
0.734140172339504
0.430852588925125
0.527131857140473
0.959287738428671
0.770040961856097
1.60703521300135
0.262523039766561
0.853985723586007
1.20451437565025
0.981941582306618
0.211672098655352
1.01671821183132
1.11383145767395
0.974713146088003
0.58574334616521
0.738611131532587
1.42993099022508
0.433866408288724
0.942697329716533
0.385217951601414
0.82823924272268
0.928982324086078
0.48594635727355
1.00182723370427
0.80520779519916
0.906413797515763
0.782253077968048
1.88048544493298
1.59557436032105
0.727789758577632
0.655906982220411
0.930394934899334
0.559018361136229
0.622835613124016
0.554792259929219
0.363888672953199
0.289383046363509
0.55357466692566
0.569758134594784
0.411599592089538
0.49148131334618
0.706435048237272
0.549952560530342
0.658836495845277
0.795975339941368
1.173836853924
0.434255975742896
0.674763106001204
1.01013884583083
0.572800854465668
0.594130604172801
0.741721029584121
0.514548292962183
0.495138035468802
0.51264291407508
0.389716283976545
0.301903615683098
0.52461049408431
0.976457128964754
0.507644267600064
0.718628662408188
0.355738349967055
1.21028458595323
0.797963146811905
0.652134261467231
0.516148301534797
0.966456954152987
1.2689755418199
2.39286591762531
1.08954054974461
0.560213754665175
0.618390613643985
1.50582600022624
0.858578894796209
0.319471604942886
0.916045697883417
0.673281924548376
0.532283991579374
0.508775302957047
0.539661759492291
0.89110625171528
0.299140497548092
0.366163418766921
0.87053469569728
1.10053022793821
1.04836693708238
0.738495493245039
0.931167155653833
0.906396118343346
0.609286793171685
0.959792327505967
1.29290769160721
2.13271804101374
1.00439378543642
1.07491275071737
0.441434852762741
0.46942681814078
0.395843902236897
1.4446158469527
0.490344955845316
0.982094484695294
0.561942234804516
0.728571964790385
0.452969091742271
0.534174858439003
1.42747389576248
0.579228355930572
0.648505712371721
0.895904963625593
0.692689288339966
1.31494471522634
0.405161678144589
0.514959784937861
0.774119939414552
0.550939640543471
0.451122120231283
1.1795020725352
2.41767258981429
1.19603919355316
0.924968771233991
0.768286774059959
1.03193577961612
0.410567850498197
0.510808862121803
0.764230264475311
0.422678224156134
1.27491086493442
0.634003452785437
0.506921176822592
0.437478390868218
0.545472372953852
0.69694786223876
0.815489697455042
0.471751525467458
0.521350112865655
0.463873114067757
0.909180740940497
1.03664157438381
0.557033650779827
0.472809939652803
0.663171142238729
0.482026047551933
0.459768979149208
1.33207372406278
0.636707770389941
0.664644833091305
0.83764631409918
0.483933331792118
0.628362305477248
0.487177776487769
1.43016599477829
0.971059328094956
1.11962558323814
0.511363860176365
0.709927356926735
0.673844045269873
0.336219150948517
0.843930729540703
0.338880133135755
0.559428935902502
0.908155156061952
0.751748438586789
0.526645293848697
0.740549272466358
0.680117138064705
0.726935872204167
0.60535483078347
1.01709401247461
0.654884876329775
0.884536344175963
0.557812695585866
0.708229085710861
0.412701243779281
0.914539528517048
0.454105793856578
0.943442375146804
0.472147539611711
0.21660652989227
0.716422182662817
0.590702257625765
1.15499568234747
0.533169158687641
0.691407121200996
0.659984358240523
0.204265416364255
1.0742744394004
0.309997276514579
0.855244793116754
0.384744535040102
0.968896625195099
0.807484853155473
0.693280468666832
0.711871201584413
0.802227683465324
0.78872400182008
0.528418615785417
1.44946020072811
0.834873071261008
0.461787106830934
0.428760774092115
1.29333819605914
0.893720408066714
0.388219976897612
0.727367488078151
0.372539987906485
1.21354569289768
0.591666766028487
0.308417298240514
1.60281391459289
0.80625204544294
0.705601976372845
0.485158999934102
0.762682129968235
1.04212141095798
0.675497978862467
0.393724361832207
0.987644650954122
0.55445944561775
0.799053905912696
1.42440659571835
0.320538859633095
1.3959401096727
1.55143222217537
0.390112021289051
0.274546943158048
0.62885485502523
0.619589106050406
0.510457953313723
1.36717978043513
1.45673165055529
0.871741066157791
0.728313800060649
0.659779988704197
0.801960867857797
1.30948358435955
0.724921497356808
1.14222077540522
1.39014138242884
0.381632625463575
0.883561941136372
0.76649098762094
0.602091302920935
0.700080652950467
1.33380598972572
0.894690679620428
0.730570843498751
1.03166880603175
0.993653337570098
0.809683850734563
0.931497381668295
0.83550848529668
0.412450949155594
0.681502411772538
0.562230748875324
1.11841485928473
0.61793234830792
0.622912753027626
0.518672184792984
0.615376146929633
0.748849116671655
0.180138230973302
0.554832722582731
0.51376541148297
0.421615354677943
0.686798941726466
0.769282539854086
0.553270974273575
0.727927948981676
1.79597779934799
0.999155985075633
0.689868445444041
0.972775558329056
1.00667056079308
0.390168516711633
1.12869713903358
0.379653606504654
0.707647982989752
0.573728611655908
1.04197827750299
0.750386977602102
0.397008974875282
1.46256340986766
0.570015826749152
1.04187046488144
0.53045969709768
0.645790768998933
0.291669109800909
0.420505992709339
0.474606142272428
0.690406130829163
0.86997125225606
0.373156051749677
0.738219509674652
1.75093064139454
0.570416400159359
0.668876437961829
0.554285082213159
0.497259612199236
0.897013504787505
1.0187947587472
0.582253684130182
0.752197777647106
0.648355005408808
0.182796692422812
0.40995166502068
0.828586638536912
0.754389750381019
0.80829743525578
0.81923112996649
0.833460523466631
0.962966982852614
0.744737167840962
1.19747744982745
0.48282751952687
0.495856824226083
0.393351522806218
2.18353283494432
0.848387481104927
0.780568613007801
0.821897757348285
1.02361547023036
0.974052718040046
0.598697224621625
1.26019023451513
1.75558750003163
0.768046718523764
0.560199150570503
0.463484754012293
1.49667268751254
3.09416021484197
2.11142160942933
0.746310855971545
0.363615102048808
0.250797917517305
0.348808347687706
0.901551901092311
0.585177249843995
0.765815453718241
0.7345630663768
0.615034243059505
0.673551686958106
0.723620697687323
0.374192101734019
0.28851194043791
0.961133918836758
0.877731622114267
1.47345604517591
1.22134692623703
1.00381717825693
0.57606528932099
0.917870250195757
0.787847043079578
0.571775895733546
0.360067880315172
0.503478237313639
1.0259943299934
0.382214358616584
0.746832835053878
0.631275654607539
1.09477459104326
0.352913154340943
0.253004137295272
0.397277130135572
0.61274556247947
0.515497843814206
0.714289325699527
0.5613863887951
0.737879896913658
1.25458755530876
1.40308887381462
0.755327838740658
1.11084311438451
1.05689868576583
0.497100255868555
0.622168172669465
1.09489816372939
0.949713128937095
0.61808669458606
0.321562530536414
0.584533325234681
2.14220961937599
0.452211961458806
0.486571223362449
0.6442018491122
0.945746648292296
1.18286050345974
0.456635679309412
1.06061479995448
0.550305672219724
1.07004247223983
0.700493157785494
1.37351444513631
0.704468799455528
0.36570014811395
0.551903554220745
0.726116984834828
0.471544791307713
0.71154975034781
0.588678697539552
0.607655126899713
0.661951725113986
0.827313075618586
1.11666897742183
0.472387014649679
0.586393568581652
1.38671700003453
0.782204098934231
0.523803585892814
1.08206169246659
0.472599805197598
0.492269635646553
0.565854828905599
0.963439315334017
0.594370806571414
0.580901145022834
0.999201579681928
0.643969032814953
0.418323217835552
0.809329848484648
0.538460189144474
0.575445131363739
0.689415289214738
0.246472280487621
0.731625187547311
1.18589885979204
0.655733028102236
1.57804369242997
0.474945850604079
0.651275285028963
0.659582284675217
0.305890218560205
0.566312736247584
0.815333059729327
0.617907601886377
0.682038265535477
0.970268680486726
0.486794782612607
1.13988921836999
0.436917554346117
0.619309820246704
0.420236245613185
1.07311207701685
0.677766548511231
0.582099420012607
0.552554585411647
0.632751720361362
1.10077990179283
1.25287050915791
0.470209199582831
0.288152396829055
0.666347173481303
0.714733416945655
0.504931607965476
0.782302119398994
0.28129374684293
0.69060470887305
0.664576823866148
0.905703017338133
1.40983454000533
0.613743430905446
0.441801937808488
0.40283466605964
0.327930343283259
0.746550562883524
1.30293298033732
1.90097707985705
0.750571878941585
0.758694738768017
0.43662332536212
0.962343545284385
0.502669383257108
0.495422406278151
0.949141948211187
0.747418974672741
0.510783422252166
0.772401091293728
0.679701811437369
0.591404224729448
0.45880012980904
1.30062898491947
0.544284679909851
0.552030042177964
0.663904375075959
0.368056629160435
0.516527799628952
0.471041492598428
0.664651843804463
0.531443321100781
0.12349688139969
1.37498941311675
1.10007251271631
0.197511690984663
0.441673743683967
0.216758842804418
0.785620931091744
0.618111573811217
0.371291852549667
0.820409653738313
0.508390076646613
0.733404723932449
0.641587650093493
0.421041032407524
1.58383185089863
0.468931720649998
0.504358926428121
0.7073122152672
2.11311154806272
0.936948024240707
0.373958883209964
1.82411894086971
0.723245644985567
0.707508881825212
0.41837874469946
0.909227849597789
1.00580410396207
0.568569623564417
0.370434822331021
0.663596189996468
0.314466690063718
0.441811975087932
0.463654927002601
0.991893193619977
0.703696903812925
0.734014428813998
0.959377905058918
0.981981859032692
0.473142802330626
0.28179818931936
1.08698008326331
0.795033015396616
0.776866129093058
0.370061489816947
0.819227054504577
0.413565321307384
0.488627918368272
0.622476193639519
0.396689906985555
0.535018115865339
1.78499871580899
0.512240054490825
0.464169939184293
1.32390115224588
0.891825930377439
0.576219576326276
1.18615267448846
0.48727967794908
1.11179818921859
1.11958745534429
0.880737121075455
1.1687052140841
0.961188025340075
0.63648078883417
0.836080925040028
0.697704008022774
2.54639129895389
1.31075302121556
0.911378651250614
0.651827666267612
2.05295661498686
1.01331873098175
0.796929570160031
0.90863934146562
1.17250017062446
1.18650137779863
2.51532975815802
0.581956138106363
0.588703863548645
1.08365673923399
0.560427630498404
0.446532556820803
0.55896070053047
1.03141462849545
0.514262699105084
0.833879060261551
0.430736633635828
1.08169320975713
0.641421664198752
0.498727482154135
0.810863004889012
0.862004343338653
0.73980508979149
0.623447385317268
0.937626381933713
0.754264834509919
0.325145916229207
0.776876975610511
0.61790937032347
0.594470869954597
0.683699706807132
0.908212074234179
0.493812685759152
0.184498243651286
0.472340528817928
1.61311521667271
0.693889959945023
1.06259255401579
0.544580421014518
1.35695508623984
0.898126585785065
0.461011096304863
0.578660622315627
0.625698328838717
0.652004362669583
0.893738875823362
1.03222434723801
0.392936624162501
1.13769892280223
0.718637428382301
0.59143577073992
0.352269806947884
0.477849311692875
0.683087430691258
0.414625046593596
1.5425700009185
1.08071565906044
0.306491969525386
0.76403944694478
0.590232532944969
0.360901113188921
0.89982373163927
1.22282517026934
0.548968821542392
0.500165198326123
0.563407976772837
0.541453029660784
0.638325458700388
0.891322490101045
0.679547517557318
0.771285664910637
0.64039038659141
0.885547958231728
0.341687161219757
0.462095623207743
0.370322847913984
0.440598228086281
0.96580062124916
0.481558508794034
1.73201092686684
1.29386438581629
0.579343100681525
0.764733722462291
1.71090157363437
0.843924447580906
1.47211871612071
0.457632516288761
0.579058566463469
0.96210594431576
0.950181162641505
0.564076792520108
0.42931706687498
0.705356663441607
0.59955734031608
0.837842084783929
0.765281547634505
0.530578722946644
0.427525965949135
1.1709619190886
1.01756221996598
0.346334964896816
1.0778337505101
0.816381093384789
0.596595329153708
0.399366776158638
0.476951781300341
0.829402213435506
2.02936438305565
0.895644875712699
0.354654937535587
0.770799648703638
1.26324471806315
0.442811753935805
0.886897946445404
1.04711178388677
0.553111510585204
1.89403314405539
1.62776566983336
0.596848034674481
1.26696419211619
0.810193389186912
0.280314624546125
1.04336950210422
0.469463957034915
0.505013361960616
0.674396337633947
0.659730973027919
0.59030755618938
0.578437496481485
0.86088639273892
0.314993251418115
1.20292928705308
0.675846958758451
0.515419053653768
1.95991981990896
0.699365934862746
0.677084206542443
0.662021410550851
1.16787729212363
0.888617382284974
0.680917372042423
0.474903515220446
0.471913931881133
0.863091039180389
1.00756009861524
0.425919603237844
1.24519223624151
2.37297141257935
0.94077170728666
1.11086513142042
0.683002331822166
1.35876200544261
1.26769314877236
0.759963790072294
0.598618674468011
0.636526298562865
0.96864354020926
0.883078957940123
1.11304007828055
0.68206503038457
1.6258546399194
0.534382484635413
0.776080714918846
0.934047460334652
1.09243635436355
0.603087358544016
1.00846958124043
1.19373517909558
0.815144097406811
0.867334548615544
1.38283834438185
0.64829342240935
0.370751865103492
1.54492154525339
2.07116374167361
0.820721013973735
0.176759618025012
0.76795365983331
1.46817842782183
0.825102964875832
0.539828375131174
0.8933528442916
1.32496198520229
0.732734820579431
0.941213389992643
1.46904849429963
0.768332830657327
1.31657743214831
0.853392625235752
0.332500187284156
0.63460706904086
0.961634819657829
1.06072326158416
0.568991189906366
1.57258871615816
0.687741141292185
0.65151415664786
0.832023492391355
0.601404552177004
0.599817158180365
1.27901141661975
0.362526808111692
1.14596509858029
1.03482278669823
0.819575026267997
0.795128664931522
0.373395584396739
0.476232352073115
0.559044211597462
0.715577662374127
0.665316271521069
0.785418418856064
0.724683167772956
0.28127253696434
0.855646494211441
1.48709725158681
0.535425936038793
0.539417838583144
0.852516901491867
1.05024539739431
0.583328316923995
0.357913171484535
0.829593308375663
0.421247702678363
0.53600769305013
0.281661301333734
0.507815021050009
1.18326036240578
0.271753030197388
0.553733659999252
0.774320016293358
1.10863342483255
0.416231220094237
0.628549386989627
1.06761781276604
0.434303719375259
0.480329774585309
0.42756296829281
0.46855360950803
0.448151624592694
0.454412217779112
0.5730308724876
1.08717296405602
0.5446549283967
0.485379799197594
0.412600551746764
1.53726244389517
1.08386602571712
0.644659911787709
0.704551173123564
0.343604805164705
0.379786043009193
0.653471094823505
0.452776214030148
0.920266432571145
0.506667474130447
0.517068521436794
0.690771964030399
0.712061765649519
0.867593349608444
1.25106157661392
0.80039724794447
0.426212130664797
0.568247205675833
0.773019330728975
0.610526759907525
0.93688481405237
0.970989755648542
0.658359220239351
0.536871177384581
0.336324896617504
1.02028212587771
1.51308986189603
0.423661041685652
1.32387661635747
1.85539270638438
0.999808874745543
0.595090122560215
0.540624292841362
0.309037029136265
0.200388528596454
0.40823436637615
0.67909674501944
0.663989091148774
0.768243441309629
0.754409673640441
1.09098306165756
0.581238454907067
1.83122516210425
0.760769591507006
0.671923978863291
1.2522145385958
0.37188416440434
0.819531654076269
0.729634400253872
1.25473894716206
1.20613495222533
1.05576818062477
1.04139474051259
0.431717495039928
0.659232878261281
0.768238263989208
1.44604451448902
1.2968404118144
0.937152518646659
0.542074292777916
0.497614257497629
0.487207362424363
0.515102963202252
0.900344637911401
0.440995011681953
0.564930387002062
0.709643912403772
0.353605537679718
0.401629917404381
0.67854929090961
0.716290466814543
1.37279215966786
0.956551091151788
1.19155201516116
0.465218964867257
0.751637713228001
0.963224593002429
0.657574781205468
0.649315467723338
1.17359124888516
1.09531453318422
0.526426084305791
0.460585423253853
0.443477960399885
0.812522601380961
0.653801878685914
0.40528828518162
1.01265458150756
0.326003607360512
0.738599107306294
0.474944165601772
0.743007360966208
0.371911155033081
1.31263956550447
0.715451485960175
0.530684816503409
1.34547293360629
0.616261642928342
0.550269570176838
0.308583024160188
0.463762869202452
0.459759622632894
1.3838898841112
0.413221047102317
0.812291456038107
0.802415594706375
0.297049566155333
1.38797541702199
1.14807525882617
0.432258564296819
0.973721725594586
0.79206464206227
0.96940600032202
1.46710848987017
0.386051013660661
0.49713792199646
0.330969577983212
0.853527985007353
0.812893991589533
0.968860290652709
0.485947790365921
0.687622012455214
0.588578532067179
0.580273294464912
0.692872232717622
0.314443684537754
1.20521441350441
1.01687652605162
0.871731213403014
0.400869077558125
0.811296419808204
0.899976535856456
0.457681062328185
0.701224827327159
0.797559266222796
0.991335245304109
0.596355155086873
0.50359594242893
1.78390103595022
1.63210728165754
0.821874734513885
0.527771163214769
0.757135590784763
0.620136617475239
0.963827719553108
0.787327083716446
0.997087280263363
1.63800538704865
0.716991373044217
0.202046695186887
1.23231638199196
1.53763286143457
0.476121105214096
0.752109758742899
1.20550805911332
0.501895789220578
0.540290124849703
1.59428973984476
1.3730360991991
0.705027470973968
0.621169781934958
0.542385596440588
0.724607871168608
1.48534888153793
0.421530390007046
0.402365263179952
1.4973917717701
1.251474290003
0.849864143999214
1.13188640895998
0.761529372883373
0.851907613061774
1.09924009344473
0.409272658783198
0.786061884073757
0.657221732211151
0.417687398366332
0.496524663371861
0.578220740536354
0.769515740397508
0.674944681897876
0.413914924475164
0.581831772565991
0.351514672859037
0.350464508471879
0.867044336176042
1.28678373148465
0.712101053184756
0.432757881771244
0.790594131767869
0.412152817140794
0.771968010875024
0.501845870635304
0.88769321138342
0.516538759703062
0.553774284681523
0.799695650886631
0.939497993001117
0.579450655462833
0.443057206809664
0.629558739482736
0.867315915104063
0.540326300901245
0.569261442064138
0.379821994394145
1.49545593978395
0.414674195615066
1.0795477118352
0.584166075013427
0.850309767471683
0.480878268160547
0.996209385832219
1.25899052150913
1.06549474905827
0.445238136454051
0.829462223127303
0.558546399493768
1.03482366871737
1.00987946251147
0.54984992123093
0.435864348202443
0.712394384779395
0.354564411723659
0.6970640333494
0.548437579682032
0.596754992515047
0.640786197225899
0.498116894294347
0.356060014294201
0.510498666893115
0.259324983716708
0.885204377376781
0.652133125754883
0.460191540677873
0.679394019927169
0.944505522609686
0.653372353890328
0.214891386604656
0.406347015090726
0.798848741358206
0.813699377089039
0.896505698086911
1.51064697028345
1.55060173385143
0.832544118594884
0.626679601801878
0.631251850731063
0.85852117967857
0.491155582388682
0.85513002748511
0.917666391158934
0.99377877262179
0.70287463641847
0.453366144766646
0.785521240595835
0.286244202402412
1.53944577523478
0.490429352075039
0.78025888839058
0.487316005627322
0.295952229317096
0.634811532155979
0.901137525362511
0.459363688796323
1.0137488477365
0.797272249278566
0.382831126256286
0.733596208251429
0.946504552164048
1.03422919358308
0.797023894334141
1.13975224598302
1.5817120163114
1.12440237361039
0.717543748002487
0.534621613558403
0.442876581377378
0.455674088856583
1.14854855180766
0.518112725092406
0.899500473780058
0.379230241115184
0.896442210008978
0.50985990394798
0.841324363430794
0.632531707011506
0.797427745790517
0.518215394798852
0.420679666561472
0.672334472981766
0.654457532762442
0.276517033965666
0.863573763981884
2.2926911085229
0.448936732946887
0.756093157078346
0.509432625214901
0.684323503228729
0.61699112714368
0.394356774959358
1.4204807384857
1.43237256014581
0.994629141078074
1.37764735847693
0.522045646285313
0.790767605661462
0.481170293482329
0.573521915743432
0.445139355538933
0.33883303283683
0.613337806073466
0.872799539082256
0.807812774606868
0.562795723187744
0.794243694166128
0.310624171357483
1.36673325589877
1.02695022128895
0.71459213921472
1.37947266938328
0.505909295350096
0.515397331256711
0.749493357746536
0.487109270005587
0.835317467238495
1.16007003264106
1.13478866616923
1.08624141921584
0.696680171577819
1.12640891715614
0.419061093982606
1.14746415073371
0.774173086564452
1.13292158111406
0.66416672519599
0.86131695494135
0.6572393897485
0.239381481045152
0.865819159781194
0.585247236170829
0.916776516372748
1.19342085393143
0.777023683989296
0.783815525025468
0.781304260094449
0.706268681319826
0.717929950855712
0.943121718263534
1.0563176567171
0.745611913314323
0.536424014065057
0.489061076532647
0.368581668268525
0.657093178671471
0.775851509365758
0.783859852551406
0.532264487329088
0.776270527922474
0.705752710375713
0.538107925520786
0.773343993486525
0.461485972908274
0.986423972876327
0.420369530311551
0.350292747321401
0.86202688606579
0.633242082215068
1.09853823923202
1.62819556920078
0.765235546762273
0.956810283612742
1.45249837973168
1.35502347441635
0.819654740453938
1.04511638720346
0.443386880420493
0.873394224519324
0.806272600265047
0.391876011603281
0.487317493004972
0.768724602400956
1.52950093113409
0.526696351788581
0.748116694867672
0.589929968077564
0.561055700748884
1.21563094657564
0.600377170908986
0.30320527348685
1.08148457993065
0.929082045491531
0.772213633447058
1.40756607206873
0.427453328955491
0.764779704219592
0.407099402550617
0.368957053109723
0.663221978065207
0.928261928235807
0.640081595785573
1.30779752496114
0.331148264419779
0.594495169057455
0.655523256555042
1.2384360176998
0.998846948265549
1.05242754974767
0.729013738637232
0.69623731472838
0.474812824802522
0.592936224502795
0.691436488261695
1.52544709678849
1.22524666165533
1.23276825151007
1.0179051981826
2.50638093289723
0.432851143848622
1.31772416886836
0.678232518752007
0.760359439994253
0.590345254995134
0.388160708269044
0.405691265076101
0.680843824607452
1.31034299313682
0.704704958231913
0.782136423707564
0.713206450861098
0.483839794663881
0.563735135402774
1.05327598873738
0.334952756128286
0.900945165432688
0.582019267525037
0.618301131076292
0.415432694907823
0.193614839294885
0.412379394190079
0.523066511059365
0.472221407956184
1.15802959591463
0.324906833233232
0.527183010545344
0.591059494415346
1.93425667180905
1.63290015072823
0.666355290995123
0.738357346927793
0.396966930694205
1.30698317699353
0.952148278047808
0.767131021057197
0.483511587179391
1.127900199619
0.648976298585622
1.19910752415394
0.703269138406173
0.963769261112916
1.06830345855991
1.06163585331896
0.471514055513076
0.402951184419249
1.2559054439471
1.03279331903658
0.720412072869501
0.718364867821055
1.04568770814399
0.436482693428374
1.46668244726043
0.350682499260222
1.07326141536991
0.431959817702372
0.727620856065059
1.12556916928974
0.812592867980798
0.352910423245048
1.50300077335485
0.643458833961024
0.573176209870393
0.948876945825007
0.50607213896134
0.59706934638134
0.591919985157844
0.336043081214918
1.49075167355847
1.24538091504514
0.542296935997304
0.862983017069583
1.57193749522562
0.811953726957452
0.458491143875352
0.351264358834487
0.789497559134431
0.504899033014713
0.717327084265491
0.652545129374711
0.569558660757374
1.27556219249247
0.934601621723235
0.637090613020028
0.68420507782874
0.384464478637429
0.42044731974704
0.326325392821639
0.367897444901002
0.992875320476287
0.440666936869417
0.771014384298583
0.175039425391422
0.60402415624151
0.4259317725742
0.395163415454499
0.696197337913524
0.365566583924512
0.337172939618484
0.876976651393918
0.547837991596447
0.415558583022505
0.423048909017513
0.998031524237859
0.368109473770867
0.566042492477759
0.703378166871331
1.04105780854202
0.89895913802596
0.909081073743806
0.45612872419011
0.484689852549967
1.48487481887816
0.421650964844756
0.401486689668456
0.912574933444706
0.320711955935445
0.640971943754251
1.61000935637117
0.795125798984657
0.323157826598402
0.727768018850163
1.84603431315167
0.836033976140073
0.842431752390724
0.610347139118431
0.416873663509595
0.857431047844987
0.8447532626144
0.628616926813779
0.597894402922338
0.678896559120923
0.900943287422368
1.01327924123637
0.547386873309068
0.77724681790984
1.7115032851437
0.986537390420394
0.491869110551522
0.488036544601296
0.631983443065185
0.824588638653915
1.27811274977781
0.599392045386532
1.02221365429068
0.266655335674548
0.823093057565939
0.621102490193138
0.662978249984846
0.519949871394325
0.840626504433927
0.880409718015022
0.849843987721325
0.440773881812462
0.32197566687962
0.642248819638301
0.451383537096395
0.651534712531002
0.705738554547731
0.698895954613884
2.32756897011002
0.737819357218285
0.499682159014883
0.407627691667704
0.400389318160637
1.23765669048949
0.413806142856565
0.793788532618006
0.461288292639398
1.08504453330603
1.06100776832272
0.73083826038444
0.628103729162915
0.546824159495815
1.69111890629615
1.44166832213465
0.628616854286277
0.186394861506117
0.49838529297584
0.454053564320709
0.826273079323643
0.880443042813779
1.15648415168008
0.726393573099336
0.564167393313384
0.629577477095876
0.322373544563658
0.592672812187675
1.29410950499046
0.593035083356782
0.604158766112376
0.740541850265682
0.587275596007449
0.841485925214708
0.731362768325393
0.345871825894885
1.05319491640419
1.30434570845507
0.404128920891631
0.614930450351841
0.655579114928402
0.940521899310999
0.998414693704306
0.594689296548185
0.416000720355418
0.559105391383733
0.4068140020659
0.540231064033358
0.38449510176817
0.444685731585444
1.1185602601061
1.96531877683089
0.701465745934165
0.404319043613752
0.992975481677629
0.747453236496104
0.58709407852179
0.535448651727831
0.437062830118452
0.720176770913499
0.463226400484441
0.360802882393838
0.964331497636284
1.22174530342372
1.87689233767625
0.471807944363983
0.484572066164229
0.635944870770634
0.587831190536806
0.635533180021099
1.16421210050928
0.472277637026401
0.481706597071257
0.783717649207003
0.492194593207105
1.22266202246828
1.02148816564002
1.21148001018977
1.00035325801048
0.519880084867815
0.79346230733134
0.842562117094726
0.726153477863871
0.902698055115909
0.434052854966285
0.512191868726443
0.347911178655715
0.494627283972535
0.503731669547035
0.290421705991881
0.761731175882314
0.315014570404029
1.16618516404033
0.728031766272852
0.679097243404217
0.700301309737895
0.588182397430828
1.19013578400955
0.528995228708658
0.812838215865036
0.824660856590175
0.567563032678672
0.583666911321739
1.04407186844052
0.640443191155299
1.93118669949852
0.750178451555454
0.447244263363002
1.63597938388888
1.43649207295585
0.268344152400046
0.507088342382099
1.44573831401219
0.467920511044003
0.677766103124424
1.01928502928192
0.63619294189894
0.84847389100039
0.589859835953082
0.960498933485989
0.558639215779606
1.3079571617241
1.01259244192616
0.849255847862829
1.25669010332447
0.733903212415248
0.654679042455944
0.843465714939146
0.83210602662369
0.503905940507291
0.623973407539429
0.641199826456595
0.743468735344222
0.371593451411494
1.21383381741736
0.930121411248886
0.556658394994268
0.622287823565214
0.520825559921506
0.743407196224884
1.12024007270269
0.744616722535573
0.393277833705222
0.744238520957725
0.592361870365679
0.625077989513659
0.470659451414897
0.897495762115658
1.23023251103699
3.9243821428203
0.711171586554159
1.08164655701174
0.986949484273126
0.232207540974816
0.776493380617158
0.413302980953231
0.474545742266889
0.59806888169107
0.647636432049591
0.590375020991746
0.708246106666115
0.416986240498098
0.506222265987099
1.21216495466927
0.516618439491313
0.780015540986643
0.651051865893101
0.705791742253913
0.540313865960219
0.585186051090838
0.862917574124385
1.19877941189802
0.741477857394228
0.99971605017394
0.830661624891406
0.721388458015427
1.02283849100439
0.45065161980002
0.737238162579632
1.48062906825283
0.583551425096611
0.886305474786479
1.12749738703732
0.195650574380101
0.667683214310597
0.757020068244957
0.692245792291741
1.43057776808819
0.464854404564767
1.23170620863531
1.060652782111
0.947353363712423
1.13283005763306
2.27428025772354
0.316614323496447
1.41280027797183
0.784339969988474
0.512482852131239
1.10926091687713
0.904420087653973
1.2448540672291
0.863250735807407
0.665930348093643
0.735262673331997
0.644384829621208
0.5808627621413
0.595311272498124
0.919160371005609
0.584314955450967
0.73129702716302
1.07612430041378
0.721416268980689
0.618331545587881
0.740388971716377
0.846494212966721
0.883137350719484
0.306326232502842
1.28657285814043
0.650962186489039
1.08088150456656
0.425954157517672
0.738953502593051
0.810690727170257
0.344865543716545
0.233847087336035
0.658271138741214
0.830236870797488
0.562894529629773
0.464250517367968
0.851719177610072
0.69797597340373
0.781447904756932
0.68327949832581
1.11054568641619
1.27008273799492
0.368441646360071
0.856898302923845
0.77282535084498
0.682752983398916
0.382051460692673
1.41107760967514
1.25167950904471
1.0702528596832
0.932114879655111
0.864014844942857
1.16583539413072
1.61105495046266
1.88954343308881
0.974012796506665
0.579720667204552
0.471672204995854
0.739093608506993
0.533975575282067
1.66369363403539
0.467266165415483
0.891881636418058
0.578843327019071
0.962742279058221
0.849311637086151
0.519874620783296
0.864061716076831
0.799736225731282
0.551814306647775
0.606437996639951
0.589513009614381
0.546148616063975
0.488409803421538
0.742252219447497
0.294376536809668
0.519479687216223
0.686969071620477
0.55179185852027
1.1865353055491
0.758349095197542
0.479096097816265
0.397524338603057
0.745279708742342
0.401111134031875
0.747629488585018
0.877125474858707
0.422553137540496
0.836767409408045
0.766053418793996
1.01514670991728
0.67005684393641
1.39757601716425
0.875118265736468
1.00079991291688
0.78382481100195
0.826814380454038
0.219310374614814
0.683501820066376
0.758353080877027
0.319874296313023
0.940971485236249
1.73508222527811
1.75869738065174
0.840963136491894
1.41468088546223
0.396252769333026
1.6571376415698
0.916652317045797
1.21772896868592
0.78291555238043
0.342477451817703
0.508161972738815
0.6546225832558
0.8913734285857
1.31316179051123
0.815949459995252
0.597247788728612
0.765391475645865
0.996220560700645
0.924974824495538
0.878688133951188
1.05700429562765
1.87670508632922
0.588630362598957
0.475215067002077
0.69829474736307
1.29092663510573
0.439049770242453
1.11052705112611
0.748857664633795
0.956525965975576
0.575244518880118
0.940881373010665
0.612331113751786
0.591703121393734
0.663673205496442
0.756471511538818
0.948421611367221
0.876330012069039
0.559714928996787
0.733447190941542
0.631230748315658
0.721250469451883
0.903317030694792
0.88651124097294
0.587668694251564
0.510330875421118
0.996817404323998
1.09553962742471
0.544446747262064
1.72639671799653
1.52539507292958
1.42399625766302
0.55039327639524
0.646534710871656
0.746687016553391
0.659314352994404
0.278027046753511
0.251733576949056
0.518231640716157
0.993569166445802
0.522688192339242
0.982326612473849
1.06319360660253
0.467238120472655
0.591521744602432
0.375792959987281
0.599334165386886
0.766148811565836
0.524196408197802
0.36469059225325
1.68857761403268
1.71737645794378
0.634667110481157
0.527375170537183
0.627004646427395
1.10862531488165
0.485682332643028
0.637807261424098
0.827002471415854
0.728311547960242
2.22779962581467
1.08210601636959
0.519103595779889
0.60446642888857
0.304568398773231
0.506298414284942
0.495114999655754
1.44562107878486
1.00178053570534
0.347910902299307
0.543341669083919
1.15696200454393
0.540251306694907
0.718320557070963
0.586805551317843
1.50719980682758
0.835574862619888
1.00963724031484
0.606870287200192
0.672861937652658
0.56561187360345
0.451029095054246
0.72977362223312
0.559941355543765
0.753770476767001
0.607488911976135
0.726236474558744
1.29173483008545
0.38069462156236
0.837790428939533
0.422963847530479
0.440108136390696
0.90291441873778
0.523042287885309
0.947749295958504
1.24230868489933
0.49437693146557
1.02188497959633
0.459142649113232
0.44864961190748
0.665033232488621
0.935374731740705
0.486708195845174
0.588733491519362
0.574902497317158
0.907494160173217
0.439258112011208
1.37080846168296
2.17500427909139
0.439513315878388
0.975298532704058
0.605672003572925
0.49871559009658
0.667610485590875
0.357772400876045
0.261302488214489
0.288173997128498
1.34189862514199
0.651046131860935
1.16511071498062
0.459868490659483
0.879427222755421
0.627629226484146
1.36846879381038
0.334514920001883
0.940832858839235
0.38306793791064
0.557754812292647
1.12044466245875
0.8302991054095
0.595242552586141
1.24112002644069
1.10129648445608
1.39371116836906
0.518730363554927
0.426511450645108
0.486300842620255
1.06983351302413
0.534436536372858
0.878767733241871
0.860388195677711
0.577142277079666
0.716864380735557
0.551167133382933
0.512463553686073
0.752854666189173
0.547794619205024
0.719056242882131
1.6098822948195
0.342710596637362
0.812325284245225
0.438198130875884
0.67695946916792
1.14767119265183
0.770509670093881
1.16400990114919
0.942685146828246
1.25093322554961
0.434350238244215
0.649033795032494
1.02702131025611
1.29662735617723
0.819227144629303
0.67315139595815
0.63126535503994
0.401322000736396
0.740548734544125
0.571308521941854
0.687978362637521
1.01403797789115
0.528493464969765
0.817250743623959
0.410431149538762
0.479742575355047
1.0816746584245
0.711642490027979
1.13330189371311
1.01973802725579
0.402846766784013
0.85175303511135
0.373750030848179
0.545305895585082
0.687592851725565
0.355601437637136
0.824505142488468
0.734170180354762
0.884047856944476
0.876266646147256
1.40313319844224
0.460933535572554
0.550006064048724
0.505379627863301
1.08316581114688
1.15995859343915
0.622876170297073
0.300866543752404
0.774523906919893
0.911214787210792
0.805737741103055
0.666207569057864
0.81030755542552
0.440313932378821
0.684143888128692
1.07164062172533
0.968457173755766
0.539372502207518
1.20855266346134
0.646636981530481
1.10778945722567
1.01977792313918
0.434466803061541
0.700829565268118
0.457293028078954
0.653545874693428
0.536430752022621
0.783837371624554
1.04961092970279
1.62559409783366
0.649026855327754
0.657220059123775
1.29509060421505
0.359199078795205
0.720835378486866
0.852359385595326
0.590268272021058
0.798807815207885
0.511684269684306
1.11334068084173
0.568009202733311
0.426309255365368
1.05640589326392
1.14235137086371
0.528282222167161
0.852480866552797
0.437646513080776
1.12240079776636
0.946494096286211
0.557413235312782
0.863197759182482
0.365204774460363
0.535251351042286
0.543513180528977
0.425295017683489
0.836349592796518
0.366519480581797
0.810158801033809
0.714277680911313
0.386611012654928
1.08259863327462
0.998761817479255
0.951870237709883
0.826869814093737
0.730415568294984
0.353945976108158
1.11412790947946
1.0496781265839
1.2909697160393
1.23685645194324
0.378394287956057
0.635840702857514
0.401418345396407
0.840621368653569
0.286719985703684
0.753804641789648
0.847951028591126
0.363127958261704
1.29273977696583
0.602490599758751
0.789633147709866
0.348061491447284
0.489019849222312
0.506264810317047
0.66343059273028
0.654208546635075
0.408465019006186
0.452443900081738
0.716342328260584
1.37140146734317
0.854581752274507
0.683070469380558
0.79893424310454
0.652814350641116
0.51628094003939
0.511565387815604
0.621973508071654
1.3617146338047
1.29169668134687
0.538753282855543
0.38732976400597
0.913785731843238
0.43205950231582
1.18766368759441
0.409514832454648
1.19151212576941
0.814849804066028
1.2612086950623
