48.7143411044186
47.0630018846664
50.2829032655137
48.1179196305833
51.9554769119037
49.5533949803932
49.5741894525755
54.4720504556534
54.0385548779761
55.6585911789278
50.733907887742
51.6655549641397
50.4534811335617
49.725478394797
51.2737371790392
51.9663225946107
45.319494993674
47.2764082639663
46.0066557617991
45.0165974270625
52.8834640294475
52.8294109201539
47.3761931616548
52.340139955587
50.4417527921354
55.0255969324474
50.3883558819566
46.3478787655286
53.4488546813576
48.3415240617064
47.9748414159728
44.8799656362029
47.3482222721901
50.6085877198817
55.8328980959572
50.566532643719
48.2429743046778
51.2990821727903
43.1849724135494
50.4408053062335
61.2325685096397
43.5118042321751
51.0332436140322
54.4481135003106
45.9425181623246
53.560394067251
51.1080914177076
51.2026284141131
52.9669837898471
49.9833066015731
49.1102238401662
46.2940757221621
55.0864338308308
56.3009125543876
49.9900433482736
46.3799747544169
50.2566112285199
49.0291727114883
50.8271812723226
53.5685036269432
46.8789278029023
47.094122371024
49.837330040585
45.2291056602022
46.5424857320902
58.5048622023936
44.7887447171319
45.8429286950414
50.6109743006986
54.8381862203855
51.2602621955688
56.8051364454531
55.9518502227235
51.7962771426757
50.8393163524927
49.3105723451226
43.5840922533502
48.0710687777002
47.3465533813474
44.7884296952548
54.3197236686064
48.9049890620411
47.9508169818218
49.5486990518673
51.949704275694
51.1101904623165
51.28883591209
51.2399692237018
47.5449364463981
47.2836761941009
50.6896645646597
55.2620836025795
54.6798760813742
46.1802687021195
46.0033697174664
44.9628235546192
47.881753911502
53.9645875835891
45.3319320543408
54.1796680149309
48.0430841205715
53.8425529158167
49.8466638204358
45.8609648693125
57.6027003530122
58.9760887405153
50.683144878103
43.494138586808
52.8762424963307
51.3067238268518
53.6886518243926
46.5398720333739
44.3215585761653
49.0824435317779
49.242851744465
50.0409136312204
51.5993546447877
44.6313282269433
45.9412361686993
57.5227180593272
48.0222202377099
46.8834392403675
47.8920648098522
45.6146298816897
48.9639300017401
47.9202786545055
49.1527255336693
55.6022040420883
51.7038099800749
51.6673051569211
57.4017488488388
52.6709079926353
50.9279493984535
48.0921905676567
49.5545191638004
56.2432966939627
45.7191359199573
47.9552812224193
47.2013117410248
48.4666299509612
45.653612237358
44.8339475238661
63.7876866931352
50.9943997708959
58.8071028046302
46.2926521467313
52.8614892171756
51.2274741975227
51.820600247506
45.969010593014
51.4937303416818
45.554127230419
50.8863532516914
48.2799155565662
51.9480272902186
49.5595146789455
44.2512653188843
50.6073877057993
44.7415064826273
45.4081571435979
53.4221635632157
52.1276797771449
50.5118003245649
48.4732660482777
55.7827899519267
52.910858172376
45.3747938085839
48.311693398699
48.5573031858845
47.0610149198985
51.4462270660534
45.5048586397188
43.7406879873601
48.8083200748236
51.427835451893
45.0437914988642
51.4526210924513
44.6267394792361
48.7679967155312
47.1523520391156
48.628576298584
50.6595284182189
47.7599280342269
53.3910829463706
50.4846065950084
54.1636186638358
47.5159746198934
46.6064857728746
51.0579374721147
54.098507113418
56.8213471138494
55.3488005315538
53.2493287100965
45.4709604916781
52.2621734251434
52.5881940588793
50.3830553184029
46.2761563441954
47.3810822940627
51.2248291444955
50.4213248667202
47.5261157006399
48.4610996814623
48.2590592869256
49.4255251537385
47.2352783476611
51.4504779807021
46.1005514314776
51.525882635006
46.1753874998579
48.1383822340435
46.3293931245192
49.2513342757687
47.7054890908685
47.6816612561162
53.5891721895285
48.6716488838007
47.3892059029579
46.6989146809066
44.9392677267955
57.7202119977332
48.6594865126648
50.9648784486975
50.2817367310352
54.7409669604148
49.7792735286496
51.3734602849999
48.1971581449435
47.3298975990263
51.6784738771471
55.2541595201464
52.8851542564234
48.6457561491122
55.8293891166164
50.1164178920755
42.7913350087381
50.2420199596891
54.285741572042
53.3819359645109
52.8283059186158
50.5817104662143
54.6170979294179
54.3235905706024
46.6435618944686
53.3991305125928
48.143001435879
47.3324082653234
46.8957782816254
52.0953734740272
47.7667722458493
53.5334488857284
54.0207783248706
47.0240981344507
50.39383112644
50.5240393779292
49.3936863666572
50.3014697818176
52.1119058951703
49.4872422054859
46.6555067242435
45.9793551544329
47.7931847596399
46.8837620833301
47.9468919747108
45.9101433108856
54.5132876135518
50.6411519776834
53.9056913314495
56.8906266779833
46.0496258273308
45.186810924519
47.187054096032
47.1381296586787
51.0635542667191
59.1392044722472
43.7249175065096
50.9078151652678
47.682688524624
45.5634519511025
46.4507829625436
45.6532517827093
47.6298248518919
48.9490926635112
50.0037424377327
49.8429846282822
50.6532329671188
50.7874335295581
61.5661142199253
47.0589744867108
50.2249759589228
45.7874337848341
53.6364792212578
49.9715943931566
48.1626278322826
49.0349632507787
59.6263940316206
49.9825574113301
62.5196559220946
50.9965990454648
51.153623520066
47.7605764155389
52.8861366405834
49.556517968626
52.9340752217973
48.7322037649696
57.793293581653
48.2530035490075
47.7086759883177
53.8057630407386
50.1401268622242
52.4309795180735
49.2226895295587
55.2925912918954
48.2173664031234
48.4347570217541
46.162574970971
54.9999293911251
47.7379117405568
45.8362359859762
51.1753171353264
47.6944624904501
46.5820094009119
56.3655065445321
55.566330357906
48.5609756985209
60.8712096054975
53.7142797223431
50.5024999895456
49.3775452792378
44.7091428705436
43.9267230270916
44.640934140607
51.3556761433858
50.0165323857148
50.2762811816735
47.3855071005908
47.0812755202191
47.3313793078665
53.358276523689
48.2562924004324
52.3040097801535
51.4605647360272
48.9772232159281
48.5936484355173
49.8716841118377
59.8701211634251
54.6523117906821
50.0273582121411
42.8205781176088
45.2463281571537
47.7603657414338
61.1386488012739
47.619500842546
50.1023641696796
50.1442081693424
43.9876874980367
46.6934244074561
44.3859206395783
49.8481608098749
49.2106389471876
55.8209050246135
53.6183904382678
52.2731547538331
45.5477554697447
61.1314049257221
60.6661928917935
64.9356022810584
52.4102222488067
61.3227543975878
48.0107372888342
48.6286516082972
52.7998848858319
48.0023106799929
46.5970514502887
51.0495734383906
52.4605715810145
57.5880245861566
46.5909982272188
48.4403845484686
59.7542344213741
52.0686570288686
50.630952887913
51.6113816724928
58.2983929881963
50.9047421865108
47.2716789588666
47.7546959243898
47.1724465125838
44.1730326651497
53.1427100617944
59.9107773988797
52.6469383024289
45.1601626877829
52.8375250017841
49.8948972232762
55.7308865352723
56.0503524417923
46.2037359299626
47.5644757997002
49.7094382057391
51.8327723187629
48.449194413751
53.399435262571
53.4869443846782
43.4192178788445
51.0492288476431
47.4723752377783
49.3823677437774
62.1197982857929
49.3128343351329
50.2720858113117
50.5387689100259
53.6863492984226
43.6580941149576
63.6030301334031
43.7980086325703
51.6325511932826
50.7492419485721
47.5249128375106
50.9146799919118
50.048881758581
54.3884823989912
49.4698276000123
48.6412245909185
60.7364437718697
53.8947290300711
49.4828127414639
64.556109590689
52.6181954266524
54.4084841918332
47.0723899285297
45.9391115060607
45.9779205445616
46.1650281148147
56.6407511041329
51.5882206259479
51.8826595014848
53.7000185290538
50.3769924289096
54.7248874189413
53.9336346869588
46.496372297579
44.1816713491482
46.2303241045388
49.3399344710529
48.764776599928
43.0260000847759
54.1798787044154
50.97653524718
56.399477694401
49.603451855998
50.6718644608538
51.0179156908781
50.5702909551927
51.8138435516996
47.455549146334
51.8119468037132
48.1479255247395
47.530866781443
49.0011966231592
50.5269469707218
52.9538467147337
50.7391617339676
47.2772134471496
47.6775947228065
54.6093894666551
54.889498509797
47.8678759893361
50.8418953850859
47.9306673355786
50.4069587702574
46.9321785460047
48.3710101160133
46.8992926889811
56.2732290592612
45.7011213730468
49.2732398282829
47.5649270495789
46.3187826587176
54.6805817214683
52.5074187645851
51.3007667221342
45.8877234137134
49.8649660338012
42.8969909125821
47.4569469927659
51.5171564568166
48.3372509133162
51.6457649593871
54.5332798328297
57.9807247071835
47.2921519331348
46.5682888451915
48.2272991040159
48.5767307662159
46.9695893680801
57.0420708816627
48.5021850350897
48.2738283054488
51.6552607255275
59.6571770921241
50.792764737803
48.3006579940819
49.486910317563
46.444811819247
47.7276321919345
53.3998377583873
53.2752920500108
52.4753791782201
48.3488415803195
50.554922237323
47.6853768532345
53.7575511540949
50.9200869411562
47.2557362283203
50.0687349345606
49.8450227223607
49.9555006361241
55.4592159436978
45.7374210406641
50.9695479929653
57.0340293915953
51.3722921546198
48.7960988860379
49.5114488822265
49.466363863978
48.541622140624
50.0562005416223
48.4959206503202
44.293117622402
49.9759151587893
54.5709320740782
50.8656040994637
45.9308312442114
52.9581116120874
54.1859909696206
49.2678288686203
55.2679609520837
52.7718481775978
45.3850029969282
52.6234754042346
51.5270010443675
47.641304069834
48.3042585627618
49.6847418769793
46.7606356496886
45.7947095635924
50.1464030665473
46.9273428618623
49.023616200866
49.7559414695462
44.7285992961698
51.4625775077144
53.5774906134426
46.0100392543769
50.4081867417514
48.239213370217
52.7699622697639
47.5229526418805
54.3256181084179
53.9557149188753
50.4466443606484
46.3881171788059
49.5925341131274
47.9108611078456
51.1324309226558
48.1262160256987
48.4418920625873
56.5536123958479
46.6106639737063
53.5413021758125
56.2039336713947
46.3810122351715
46.4789242194274
51.1399618080813
53.4066278205856
50.6536637291541
49.7950543001804
51.076786723682
50.0517665108772
53.6057136453843
47.1305529529874
54.5342699668872
54.9699323342728
51.1393757861096
47.6401407672826
45.9077238134374
53.2734989886114
49.1269459020744
56.9558694558639
45.6207122829289
46.3788077591867
46.563639772898
47.5090949440004
44.8849854476084
49.1340189493391
53.0352723439823
44.1145852086931
49.0196141204988
43.4542007307868
54.2074713264128
45.2255914604479
49.6596121874793
52.0940864500843
48.1299783164582
52.5283831740892
47.6548634731125
51.7315945704875
52.6273898445827
46.5983853612138
57.610932043524
54.6377029350582
54.4277423543595
47.2029298677402
47.9101191653417
46.3160579608101
55.4863729276428
46.2974736145133
50.2191985339723
47.5012360155247
50.2142071687273
50.0628277155277
51.936029436128
44.1167540719586
52.6813835336336
47.2081387350182
51.856972865921
47.6134331118606
52.2350846192181
51.9886651480284
53.8734032907367
50.3686835380013
54.5647543931401
47.6761300244263
45.8131097723383
55.4813893928336
46.106079712853
48.3570617465568
44.5134614184932
52.3529148637896
52.3571489331014
50.7927551363108
54.0011051177941
55.8863471151067
51.1594851171985
44.5827931472309
53.1657026242334
45.4191701574501
49.5903105589752
49.2477225689631
48.7870989853121
49.1674734954231
45.8060364412393
51.1578238667287
47.3027837776974
44.76126898471
49.1371141156975
48.664408399716
47.3278831355392
48.4698634788798
50.6561925721252
45.6978166666922
47.9379914110064
51.6052293718324
49.6324057411153
60.3695450827315
47.4676614929962
49.030575343497
54.4445319721824
48.5757065681331
46.2990917165289
58.5689060508494
49.9624302489742
59.2064288589134
56.8927150077147
50.2138771849318
53.519856578735
46.2087966100516
49.0017833078242
54.6775125693665
48.8139486390008
51.4189325127111
53.9712462063376
52.9532981508594
44.915377819542
53.7058679393623
49.9331308599422
52.9425765155852
56.5725887830574
55.617883693167
49.5535872304759
60.646081809434
49.0467665309334
46.8399500793917
49.3580193459186
51.6421861553613
49.4393636920016
48.871412752824
50.4527338071186
44.1285711656278
51.1475485591128
52.424730203833
52.3662149668672
49.8778964776671
48.9220064759728
43.7690928229619
51.7569602367935
46.7909195478905
54.9321605460877
50.748962049456
50.5152581907824
55.4799961512332
46.9549596775834
56.0996258323152
50.2170947386174
48.5792630987043
44.4678279872843
48.8302699911595
46.0954664363776
58.08302049297
48.0778803390741
50.0704079433772
46.2683421577765
49.669469041307
44.6199074470889
44.306473539998
48.4731469786246
52.8449320021292
54.0923103863041
49.9765427242322
48.5045250287301
65.2201184632202
53.422116354884
52.121252303977
52.7385204198046
47.4172069292467
49.7276268442654
46.3047577675713
47.6582913631787
51.0962773706853
51.7401198732576
61.3186225433339
59.5415843122237
48.1623371277376
56.0270869831095
54.7274069220564
51.6787538554469
46.1090572972009
46.1150623906744
45.8353300683153
57.5389702151671
48.2634057476117
43.9519908284622
48.1191262545977
51.4626772973445
49.4344306731814
45.5295445207613
55.5417481424733
50.4885812296384
47.8252590159362
53.0650573651098
53.1618832124158
50.2034461413122
47.7414059287481
46.0053565498798
49.3381421635563
52.0428083968342
50.7423635260322
51.7460879027768
45.9659142581063
51.5539847290065
49.5673085618902
43.2665489172372
53.9726161406176
47.803528575256
43.8089207658799
67.1256595524012
49.0505410248121
48.1062099581498
47.2406339744675
45.2143867690526
58.7096003143884
46.560301256653
46.0365655954962
46.2781195488397
54.1720752264301
43.1423350475761
48.5472042812207
49.5085326595765
45.5178028365246
49.2863751831431
57.239105827195
53.1214171758067
50.1662226642559
46.0192659095005
55.1984612382746
47.289875755938
47.4356400465795
49.8017608531547
52.2408908755538
47.0032852617021
61.2769308984807
51.8284034927556
54.0402010805261
46.3156705800182
51.1950822853358
47.5829575876755
48.1888180822909
45.1370042331185
48.1780690332484
49.5437556547999
52.2034726360224
62.0659690267055
53.8275538804649
46.5134420547607
47.0658751190883
51.162284172364
48.0129715137079
49.9080349282899
53.8274867747194
51.3096992552143
43.2774194942002
45.4069105056695
49.6070859156717
48.5253028520166
53.8940634391376
48.1139419343545
55.472829679918
46.4758876566933
55.6451721719572
47.8883542560998
48.7124030405311
56.2402489947205
44.0935750196233
47.813146936032
43.9243936458982
47.3228149067601
48.701959906924
50.2216341394831
52.7937433166989
50.3438577549775
50.6092253475959
55.1770725638771
58.0919398648152
53.0179554201049
49.1489551415692
54.4076369327538
55.3710528210327
48.3611755873924
53.554557683403
57.2563706150532
49.7705350252624
47.7395452629557
51.1001655491246
47.4199325430427
52.3757268847631
50.29649991799
44.2154742661198
46.3784261060776
45.4819874081871
52.5082751349474
47.1527545372271
52.0526616995128
49.7435223112352
47.6462024204993
49.3953468780784
47.1789653770451
48.3195311300822
57.3318729824134
45.7114023900858
63.6595438263414
48.6317837054666
65.8435622107199
53.2260048091809
44.9538837563557
46.516211298238
49.7689587259105
51.1932264359369
42.1530389793752
50.371406245593
52.9800642750515
49.8122004367528
58.5418643098888
49.6023621607129
46.9213729492819
65.8503718751773
50.0681975611738
50.7646037116759
48.4164833655428
51.2494074072686
52.6009224962909
48.2012881065368
49.9572941625326
57.5090692022859
46.4459918922713
43.8628802058428
54.9821438808934
45.395196882882
49.5932392528332
45.9730711477075
53.4116957722975
48.2903247398982
50.2810842804782
46.6193261275419
51.3707518569573
59.9413116863278
49.9167176721254
48.5404849437398
54.3875939410971
47.3261827867889
52.5737793867929
45.2350512887219
46.3302170751181
53.1344394050708
55.078580640822
47.1537860920997
56.4479785776899
48.0128151478741
50.645529536162
52.7748367737953
46.6657532279819
61.6129639677443
47.5083869406964
47.8385004624788
52.7215678615386
51.3193179714017
53.6970215823119
49.324723064386
56.1640049381058
57.5933011552106
51.2102605173565
45.289803040081
48.8393205378597
51.972063059847
45.8391871561634
52.9956026792592
46.6800264958697
44.7900350441111
47.8831529208187
47.7898423875035
46.6734518337507
55.2788616456262
44.4951006902378
54.0581117359644
48.8881862091247
53.0634836873439
46.3393903761407
51.4478081258257
49.2349074549818
50.3792548366549
48.2792360057189
51.6321453617741
46.5103692244819
62.7238921791094
51.8186011496075
42.8734532768434
53.244345191047
62.8305184753464
46.6311001232485
48.8388637944955
44.539245840831
52.1342188123415
49.2797202853202
47.6858090121171
47.4036503419105
46.3884418149014
54.9568073408712
47.5230491120529
51.84422186577
53.9126266252862
57.0902211925205
49.7979223491767
59.2751702459188
43.3811582498391
50.4612217098352
55.3877736552917
55.3563527569271
51.895142522413
51.6487914090474
59.6743545308437
60.1374328539943
47.3637208882443
55.4085997649242
49.1808478048732
44.1456449861055
48.5378776290965
49.5761690519836
47.8718611053676
50.5189286788354
60.1227367199998
52.887032898623
49.1295805045452
51.6750235609355
58.6422376744766
47.9659500485122
47.9148656079434
51.1535026877991
53.972335033227
53.697828528639
55.0764587109356
48.558044165935
52.6345787969714
46.5157232139064
44.0667508321338
58.0566210795781
48.4245454472659
55.5694355991912
51.4459763879758
45.8222783696634
61.080164634137
71.0574795338476
49.7758505842779
54.9755678430889
54.3088370273611
50.5867555933446
46.9979289596427
51.3284757930383
54.6944881892408
55.9218648409286
53.339083854235
50.5673915554319
47.5266620977046
52.4200286052768
57.9663087518136
43.097407888222
55.6174274601643
56.5266220641107
53.5147730900213
43.9065670049646
45.5216484667211
45.9667657590918
52.9214093004319
55.500547297608
43.5147584653621
52.276282648136
58.8164339963206
59.2993711405529
52.5172611612755
61.1648978602679
46.0297511101909
49.4464009731031
55.5005746317866
45.4446120759063
54.7849033529203
46.331696953915
43.571289488356
49.5476240713922
48.1523583053254
53.757524913228
52.6030511132155
44.2967652103938
49.4287904631591
51.4379288557302
48.0447541647248
44.5106934005183
47.8352546424946
48.4039198477597
47.4904664539906
51.5434996236106
49.8828148496863
49.3287974895017
51.7317013325955
45.5264827060421
48.5570756492724
50.1544429060669
49.5340885382527
62.1852449648393
46.9564071010058
44.1737251170357
46.1753869635782
44.4430995400554
48.3392942114674
48.57494751916
60.5056646292496
50.9076712974253
47.0533725773888
46.8443698322174
46.3143097777589
51.4996812173318
46.1959379431869
55.6404918506951
49.4439376459523
47.5983304021534
47.8468277831124
50.4765885426038
59.0060353066524
48.5846525509034
49.9583404902058
56.9984501878653
43.3241176543555
66.090992413895
44.6821935455377
45.6720804304496
50.4178578329069
47.7438081833437
47.4829911726347
48.8084132478646
50.7857491518003
52.5770538158662
44.4913144823636
46.215631827936
48.9764307633549
51.8548252779705
47.9395517151202
45.1763974882873
56.8447823526517
46.7448568603784
51.0150384302868
56.6844289419824
53.3818404657698
48.5836578921802
50.1068310048918
48.8510748581995
52.2977916996439
56.7207782477029
53.024268854433
46.7837307111357
47.1706086045218
50.0794453279284
51.5366963954808
54.1439515747604
52.2390846898409
58.6653258454923
56.3956795976319
53.579217871567
52.0552512647448
49.1499859248992
46.9872251717859
53.2751142230282
48.4726380477844
54.462099250912
62.0098461765023
55.2310743877723
52.2453791823346
47.8481873222577
47.8490782384275
48.9167254551052
55.1051845753019
50.3792274601801
52.2586003771053
47.0739977979747
46.6817020037921
46.3569551806474
52.5194800688898
56.3460938030291
49.8771631299071
56.6021961390326
55.7419716161899
53.0273443148994
46.620009466081
46.9781922480819
48.3142224451806
48.440588011585
48.0354072668264
47.3197741342711
65.6750558314245
47.8774609999268
55.7381496735086
52.7895614111552
46.3854782400517
46.6256308720417
47.3149962714383
47.9101976471342
50.1567039998573
56.4137755040109
47.0541345947858
55.1693018186557
54.3873927040135
49.497097548877
54.948415005266
45.6217284307417
46.5338243298531
49.8757036284771
46.0797276327354
48.7042223625375
57.3594793326348
50.7240309091347
52.6529609580738
49.2516321318994
46.0583353142335
44.9902975320086
49.9786638972809
57.9769325288421
49.5893568874971
53.0849686093951
52.4524662891336
50.0480553020506
53.3176254722286
50.1669646484483
49.0701083871915
51.6386332866792
74.416313600821
47.5653764819883
50.6259926149554
54.3329883974399
46.945838195263
54.8645698433825
50.1673080762584
50.5904985848452
49.4360535045583
49.9907858896086
57.180263075043
45.8536472967914
56.1975642590819
50.6327704762283
50.7132500049957
46.166043094932
46.7030032988288
50.9697102640093
45.2440195566603
46.1470218344939
45.3669548136577
63.1459377996517
53.3845153446584
52.5358623158573
48.9677442422737
47.8274823537416
51.3956758445555
47.2324243161036
46.2535009827852
50.0599589551358
45.9429161132634
56.5370057519468
46.0165711439556
46.9055196867809
51.0682458939116
46.4798432208439
46.7359148624919
47.3767029559157
46.6943321836305
45.1955580460825
46.2295628101155
44.7104580967468
50.152297925841
50.8145155800138
43.307397119404
53.8917029797914
49.6406322585189
46.8464261681384
48.3875063075653
51.9453186349223
54.5189347240877
48.4158616574625
47.369291610466
48.3659214032463
51.3371616469385
45.0357605478528
46.2334994482943
50.3852315898106
56.1841895705523
48.0113454454564
54.7656779086034
54.7469512900917
50.4141827296864
50.7057901150603
49.9468517629509
56.6085851185552
55.0571635373395
49.0945244808914
50.2841258261321
48.5378486656447
55.0183232247622
47.4738504739075
53.0284415485067
45.5572663690506
41.93380871458
48.4047329658007
46.0200230283841
48.1677304758196
52.6721189123449
49.3685486115359
52.9813628251059
50.368841961101
53.3715346612781
50.0391044684604
52.2928590352019
51.0821583002555
63.6530907851154
49.1924963436852
46.029470770674
49.6356156246233
55.2099112198978
48.9636848225364
52.5738522485195
47.6181688289492
54.8283583230564
45.4023335762344
49.5886147595369
43.2116545478889
50.9617941473875
54.9701052458982
47.1886857192489
49.6577097026729
56.0567244440278
45.9116526889193
49.7338741175445
52.8211170555835
51.0235112607261
49.6977955357284
51.8976584496041
48.4025086070116
50.3539011467493
58.568193087411
50.7116687984864
49.3827411323874
50.4546820191318
49.8952787991757
51.4950417367545
49.3008889269852
49.072158747568
43.7805540317621
48.225464620602
57.1357238089633
45.1584056016448
49.1783500943598
48.4417344340997
48.7258254535303
47.0256010934111
43.5718791164392
49.4099337331505
49.0001563252357
44.0859284699718
46.9184761024964
55.4283568132464
51.3986286423933
48.0662042490638
51.5765026876134
55.6768734156658
45.5534151845037
47.6041599761222
48.8350944235294
50.9842271142686
47.840907642054
46.0070954457953
46.8904335539264
56.6375778721653
47.4992200835172
52.1910684873803
46.6722033662918
47.4371156332144
51.0894115248518
52.4452678549152
46.370898969023
49.06186839486
49.964140087458
45.9266836397042
52.0479369271371
48.3541620143876
50.2339599213547
48.6668835311276
44.6576288060896
49.9774423076998
48.6994830476177
54.8861898430524
48.3067393203765
52.2421137789786
46.692281042247
55.9423991984787
50.9668899315829
54.917293247731
46.4130724563357
46.208897795909
44.7886961467452
52.3187174122679
55.9535151271898
45.7281108203641
50.4344075388481
48.4377059570887
46.0885070889622
51.6755034569507
56.2113638548592
51.7645551865813
50.3008030889361
52.3002722194227
48.612291121601
60.6561392542161
52.4445660441843
50.0215423565153
44.9861656588059
48.4929688030742
48.8978772000194
50.2095888029368
54.8958521393741
54.8545174540559
49.1706930428781
53.0818940492823
45.6112571973832
58.025373798964
48.3278211075881
51.5168705144529
46.7924529228591
50.4162044858482
50.2437952516804
44.9093349208339
55.5517125084512
51.2507034995052
46.2941306406105
54.8598206919061
50.8940064528129
48.1299055124532
48.653796974543
49.7600771473076
43.2119908267673
50.2712575237995
46.0116775835654
50.3795085277933
49.5567295180304
46.0809127974844
48.3940175339702
48.6207550986829
59.3664040000665
47.7705415280597
48.8462026636946
51.9145320566389
53.8247328627267
63.6689777130943
51.3285014802723
49.0683645026659
46.0454548798141
45.6103956740491
53.9671054333681
54.0715383221412
45.3912667516826
45.7557872215036
52.3456005415712
44.254796555286
51.308478570465
52.2995811143747
48.3767412920409
50.5246398576326
46.0373625880321
47.5821693830227
49.5873947067377
47.3564988784625
47.4003232152601
47.0471858663853
57.2251075717219
60.5544485788321
49.5915426899571
57.9529379517827
50.3543359286664
47.2722912307656
54.7780306458432
50.3154771507075
50.5975985265699
54.4191127262459
50.3334784474424
48.9842194143419
51.9810293266439
50.6587049985513
46.3737786981327
51.9704156237169
53.0518936138151
45.7870115361621
47.3100203894462
47.7226655843464
50.8860421403378
45.805314788201
57.411317656133
52.456208706569
44.6326796369555
50.2148748990447
48.6098235934878
47.3021795987075
50.2002374815523
47.3544841572745
58.4742810472645
45.1735048973229
56.7381812391658
48.8652639427815
48.6891316597804
52.9116123585547
45.6458243551497
56.2943549849031
50.7020390279635
50.6270531628611
51.704545951481
46.0365554293671
54.4748739834421
54.6826249269755
50.8089653924327
46.7700988741983
45.1305696413596
47.1656161126065
50.3767470973592
49.2966180353997
47.4481139783382
51.6240104739209
55.478401763257
54.2996910501777
58.8632421589105
55.2824234853616
48.2351811560275
53.8360724454273
45.9419153007018
49.5352868012361
51.5621855269189
50.5329847951688
51.4043432131495
51.8153634194641
44.0321238010292
51.7892094933919
43.7300360559924
46.133249432666
51.5378564600906
50.6762118166233
47.114708869064
46.7518755168676
43.2531700653449
51.5018088375588
60.4137023268589
44.2952917330039
51.8984202124239
46.4368035596599
46.9179401702211
50.9475261060225
53.4119232976024
52.3526237332301
47.2527259278562
52.0223164526412
48.5546996523399
53.7761893699905
46.6456773961012
49.4189146334841
54.848986164557
49.0753381566165
52.8045036885001
51.3642645918868
56.8715384689473
52.7824631684246
49.8064521534562
53.4128342467953
60.1106037648431
53.1970570000416
49.5887349053718
49.8816278545344
49.094285368365
51.2192708047919
47.9696606928693
49.5757166692844
56.7721761756405
45.0867907854284
46.5863220523698
46.6187673671649
47.0610913196749
49.3952808946159
50.368549310187
44.2337396483951
47.2795996732438
48.1083275483891
50.7248778210818
57.7776958209022
45.7144098853057
48.5683230881516
49.5546104031891
59.7089705314696
48.3020759490587
49.0490420026046
53.7866410396409
56.0950888186222
45.9329136144284
54.1231229113478
49.1277525436912
47.8447802783848
53.4091173221424
51.1607202836648
50.1312173629645
49.0781594667977
55.7677459289603
47.3349716751066
43.1344331438354
46.7959358542389
47.3615087500495
48.7242150714615
49.9987456283121
50.3745867800164
48.0895928226082
45.1679234376538
45.307575846338
44.7014004513434
50.7152840572319
44.5928513993551
44.5281958646378
64.0762402072979
52.6585708276862
47.0895878014243
49.5190057145004
46.2278578187204
45.4901403471638
44.9672142836404
50.3716713367189
48.8730577296512
52.6028586970221
49.6266132189777
56.6009771817723
49.0407289585038
48.6898407967175
48.7819067067756
48.1509932353316
52.5809224833389
52.0831056034241
54.859698739163
45.1955226114071
45.696092994416
47.2883916139446
44.3167566004499
54.9424343986101
47.9851089327895
46.3682734399403
49.3911931950312
44.6960042214968
49.7503355030595
50.9750057174229
46.6608354938734
48.9513364364172
54.5033937527315
47.3560120536252
44.6193640079581
47.2612663783663
55.327440961273
47.1974660991139
49.6024379539681
51.5533653533515
49.973220266569
46.7000824979784
51.2653520296336
47.5394551060883
62.686729770139
52.7380125581901
54.5779138940533
50.3658396790081
49.2870656395682
46.6699799250752
48.5411614666023
54.960755973998
46.5743359961477
50.1197845072735
53.0995707418385
55.8886207605136
53.5256126405142
46.311081537089
54.680265923057
42.6213975930926
53.1797114159314
51.0474226468577
49.1564162887815
50.1249481975668
47.9172577795869
51.8699197901625
55.3204169328942
57.6618969332741
70.5527745698001
46.1216479071395
48.9911537675573
48.2033890334727
47.5260106539055
54.6666747751903
52.640653714044
44.7663651599893
52.7353748520063
51.2484588996378
50.367923297784
53.6778742572552
47.3070578552949
45.896333632627
45.5610998103993
55.5789727078604
53.6861600294662
49.5495275992911
46.1368600681901
45.4707982346793
43.8857938081575
46.3455705548995
47.0347264267217
47.7270977618197
46.3598988614699
55.8253341219172
48.6657681119401
45.9230203180455
51.0486025791484
46.2074141930933
48.5937359709291
50.2864937545681
53.146579168004
51.4619205542233
70.6084525972756
54.0697352004852
51.7669375065373
49.6839800937051
51.0360003166523
44.1530056608333
52.2164422759964
45.5205920046499
50.6780256053518
45.5558819322237
49.6220601477178
50.8298039783746
49.1350254044356
54.8497242561765
52.9712999001198
56.7668056127038
50.6584373198477
48.2583315418195
43.6599146299139
50.4066852675252
51.3359966408071
48.8199597028363
51.0029672228739
45.6186294338667
56.7285138468661
50.1280793090529
44.5144417596118
54.4416882615132
49.3585895475647
44.7968819759043
54.3193594069598
56.4456737791608
54.0730459248785
54.9733348347297
43.6818146342817
57.0477438497429
55.6767170142346
48.1404862894492
48.6333638502071
51.9581295474825
52.9422692354389
52.0055661351539
51.2279593679483
52.6473861981025
45.1664521474937
59.6264245790349
50.1795463766049
53.6583851182423
45.7617510980102
52.3110951816398
51.3332937959747
46.5507799954548
44.6981973664479
46.1549790231183
51.0797105434818
52.8316342948791
48.3016318804615
47.9607790781193
50.3185845634894
49.8574419099368
53.1363326036153
53.1835548238012
53.2155475905627
51.6968899699529
49.2841372192887
53.7058402496174
54.9001491414165
50.3024339401719
51.3734609762391
55.3660828233713
49.3403562177442
53.2730318305305
46.5940891287198
48.6014061415186
54.7050368218158
58.1863696153635
55.2411750852207
48.9195115786538
51.0521847604183
60.8538573101495
57.3105482308887
47.8685216464212
55.2752831458929
49.128873746177
58.4334414702433
54.7587132648968
56.4878750999075
51.9963127290042
48.6033396022129
50.3736163340846
46.3342689291141
48.4004647674038
56.3283517754534
48.3443321863913
54.008892792045
49.1145449583922
54.0719081093888
62.9367746262879
52.8377558118871
48.0326626987499
49.1930113937519
53.0632411777476
52.1985074587697
51.9191848342651
46.0601141365136
61.9278683533126
46.742190234719
48.9940382364706
47.2699008408245
46.7936053705412
46.8246431777994
44.7021720332154
51.9875852618382
49.7703727411334
46.6360352511942
49.5172596074417
49.3741384332794
45.3215526573426
50.9197657616142
48.8361112922067
47.7749120042545
45.2516931010292
52.404077869178
50.2131025102068
49.0899134597708
46.0356392179927
46.2520959590404
53.1802393659461
50.4729350239345
45.3757456346839
51.2777254741187
46.8970534005739
49.642818201951
54.2272260258794
51.4966560800048
50.3830348911005
47.4700414335916
52.4255232904719
47.1720317872166
51.658111966907
67.6440673533994
53.3496173179678
50.3453471730895
51.0656235010189
49.7944737028924
52.2129193639056
48.6864929950952
45.126527983129
52.9629280898936
53.3602771580737
48.2092263961485
55.0658768376286
54.9005938710083
53.0046771899243
49.7519251731064
49.8142845138328
51.9062044521485
47.270895294645
53.6148484889813
53.6532010404412
47.5691105546533
47.7827232325337
44.3539647131561
52.4677802533702
51.7889405310968
47.6803420073489
49.7618308414754
48.9333683522975
51.2823704849948
53.3866987066206
46.6630165428995
48.8971094369583
49.735859216471
54.0739991698974
56.403211140558
47.5601231745063
47.7984558343518
51.1032035108812
47.1519701979403
47.0839632562465
49.7712467883105
46.5571620582841
50.5942575975559
56.7864219713082
54.3699919766332
52.1867863561704
50.5850524821129
50.4413917003079
51.4311559000285
55.2147438408307
52.3859762724448
50.4471758651864
47.795694167106
44.7241027396424
51.4844292278313
45.2219079983747
65.6374931853179
54.5100175347175
50.8880520931285
46.9274690236257
63.295026454649
46.4024067492054
60.9692790927267
49.9609025823577
47.277882393031
54.3463030741216
49.6027505053764
54.0088482658374
47.8193490471071
51.842800006072
42.6431380659506
54.5565031913523
55.890249983914
50.3449979956805
58.86351391287
48.7929192754134
54.7809480427431
44.7307906780365
47.2443519339184
55.7176373392931
47.647759489113
50.4231823921057
51.1672210264343
45.0572080921118
46.3835571969771
52.7223458498246
50.1213292243638
57.9575595415964
49.9147520034866
47.3460023513257
52.9941408330884
46.8851635597413
45.8435334785523
59.9028931669954
48.0960574227424
57.4978682072569
47.7248014125679
50.8330752850574
45.9211915066699
56.6144079231225
50.5037749779278
51.265263103407
50.6138456876164
46.8377016388984
56.9903339962508
43.0982128030806
51.1058126871474
47.7376731854948
55.7146692661154
53.6935569460001
53.375027656961
50.3337839888772
57.6737418123522
55.9939267251336
51.9547239893706
43.853368243026
48.0671766624764
54.3200442436064
56.9916118075528
50.0448829430493
51.6557512015742
43.2524669942056
45.2717869364285
51.8699129359841
47.5890233077451
57.6490603352679
49.8530016124617
48.3710280854716
47.3265908429918
45.821346895938
58.2831867998204
47.0503827227841
57.2770190206988
46.6128464475437
45.4724595099542
44.8335013124421
50.9445119931743
53.1530946482407
53.5003486246636
49.4762504485561
51.2269104984224
49.4472456044018
45.1716317003008
63.0563737978593
48.7682639891283
58.0804931421916
54.6302444031198
52.0015112559302
56.4741389092815
47.8963345576564
53.3339814678235
50.7809994204618
49.1539681786776
46.7122631697237
47.9594051785822
49.0286964066342
48.2061212092123
48.3642330157093
52.7512452245322
48.4638652034114
54.4394121896221
46.6837339424202
45.9902085230578
48.8533467884013
58.9748805658505
48.8807999055826
47.28454722092
51.7371641647689
45.2693645645916
59.6776247337174
48.2685630936039
48.233980304144
44.9676328884492
56.070249474344
52.1385390823724
49.989274151722
63.0850070755513
50.2155076715156
57.169342905504
51.1740261847548
50.3069630271861
48.1701296775819
53.9639603168515
46.3183666950709
45.3037951779451
46.6131922478643
51.3230188689579
52.7335284504362
52.6432878485812
48.9086518931965
48.2957008679307
48.4956553035349
49.8579127465417
45.4221508727707
63.6584046178441
48.584012355755
47.7393391637177
63.9706221602936
47.62892640989
45.4382368257092
62.136984298516
55.2533861839725
54.0775343753801
49.1109432095766
53.5507055941318
56.0193561335938
50.4636585694897
45.546472508081
55.1934175616512
46.9589746306908
47.0247458335898
49.7862055680928
46.89947694998
46.3178994328329
45.7110514272462
48.5153173517637
49.3767182015307
59.219456580294
48.2421290821529
52.3629593034547
47.0980450642832
52.5974404318618
54.7744474789657
46.472557080931
52.5316279467603
48.8923725619268
45.5968498457431
49.4781469311794
50.3671017399055
48.789282147037
52.8603201856384
50.1452942022576
44.6688143633164
46.0198472034939
46.7347488589567
57.2850311504593
52.788470283906
51.3211509902124
65.9405572382745
47.4525786383179
54.5939404079965
49.2803580050129
58.0628879241846
49.0615534733631
46.8750899161345
58.6884897707906
47.1301028902176
47.0372394940892
47.5294185532038
44.7906923417885
55.7541547779522
53.3275080972107
50.3974872968866
49.7824868725821
46.928361541972
52.6151537652272
54.7854409905122
58.234153042305
57.2352596169176
47.5248972667915
48.3491306755883
47.3835755471627
54.2066904143537
55.4656721528191
49.7738519649113
46.5906302261286
48.874075539541
50.1973870683059
53.3344550889797
51.5876829118435
45.8274442995535
50.5892291911797
47.3699711919344
47.6055535173721
47.3189781205793
48.640664951724
49.1215972908891
49.0104108191378
54.5085900971178
45.4944567456156
50.8031536307714
52.9955659960332
48.7706491390132
51.96439045173
45.4144467824744
51.3051968858553
47.2602600452945
53.4172828406533
48.3052495085762
46.697465954456
47.3462054991288
57.8294768678925
53.3253435244035
45.9445263410484
46.9619119089206
49.8103097681893
44.3241506890911
46.3155117384209
48.1340306855829
46.2713624218308
50.0373886159771
45.3883322787192
52.3522766996042
50.6467928179737
51.0980333461026
44.7325396781237
49.2997161522959
49.9056468035731
49.5071644215366
49.8152890179106
53.6364700858295
46.5564235774542
51.4753579440506
51.9614380269098
49.0017600750945
52.0785586379348
48.1005714049749
47.7313171285725
49.7614846679826
49.8773293806116
49.3231175450115
53.5831796820709
55.1206750424286
45.9613960860658
49.0185764420771
48.7421731548051
49.0276669999561
50.8870167177005
48.217532753232
50.6117634440381
46.6409832894984
46.0760199646293
56.7882765674778
52.2955811235972
54.9102804556395
57.3239758167695
55.5737864258814
50.4358251021295
54.8642780641795
52.7975704703552
51.8335099925495
50.8062033846224
48.7475787612641
55.6995287214277
52.1217704923828
50.7953314474652
44.6715694185507
56.7164687937591
60.6324693928451
52.2684192397798
46.3099882440362
62.7982572568801
55.244239758663
49.8908825607191
46.2918785476389
53.981984479025
48.6455367426075
43.6589559636851
51.7220407222158
51.9017117518973
56.2834425457119
56.9680126036383
50.0077573140655
48.1163045459253
50.6612870304676
49.3069369347678
56.0948961820086
58.4466940144049
51.2534711554155
45.6318450307582
48.5979986036413
44.160865232095
48.7265047770688
46.9826081668247
54.4347272411185
50.9451854266541
54.3556684589261
44.5390773877121
50.6613603423351
52.7094587255943
51.69554203065
53.7989170501726
53.5572937570328
48.7932421083196
46.1941673244321
52.5966738983072
55.7935261558106
48.9287217087993
46.5183855480075
51.8658860526093
53.3007272418353
66.5120022509736
51.5675659045943
48.2687486842685
51.5532625106972
48.565461430549
47.4220822139601
48.1604410237764
49.7433630984392
42.0231933500951
45.0680532682118
56.6471769753457
48.2896757885837
43.2716775259243
48.6189880388428
48.4746813160613
50.791652578174
54.0921918629577
44.440749010441
47.5451507666554
43.9401652513761
45.5657210618402
55.3147902023948
51.3124451358275
50.8651288713258
47.3202973172907
44.3903593225806
51.5550718980539
48.5834128594083
55.0781886476373
52.7513836334541
46.1500902347187
48.6346043352124
48.6460716508926
49.647303153999
59.5596013021639
44.0077699792268
48.365357684835
50.5115878486795
56.7294819306809
49.3850527508338
51.3418372723493
54.2419227409235
53.3939880661783
45.7101868610239
48.5822713730105
54.278507963966
47.9856137396909
43.5295532823418
48.2937224772863
51.6666524068638
53.7308753721545
49.8440322310563
54.6066339363543
49.9512314454177
43.8561590608514
58.9717747195988
50.954594503705
50.4477228237993
50.187978845448
57.0487347815096
51.1741626976535
45.5984317980341
47.3695934046258
52.9547439036505
57.0990250579073
46.3993622401333
49.2645759588949
53.2907322527864
49.3498839137013
45.822221584705
47.3516147519144
50.1376882043811
51.2928869765453
49.3920117841901
50.1508318643009
54.858519389423
51.520274502979
44.4700526733275
48.7003214174237
55.6940940389653
46.2890535767816
55.9618501686804
53.3077592874506
54.5740923446818
42.6083823700609
55.2593417199826
42.7766746547687
58.9764010282499
47.240481694236
53.2801109462317
62.9072984689852
54.1498333594532
50.3107282867401
47.2103008676941
53.9298877874714
44.5200203028283
50.8577432205739
49.8894322308327
56.1684026592432
49.5499234094477
45.0538763662051
52.0790127223768
48.5284079022584
53.1952338982298
51.5836112223659
50.8222660600019
46.4313386177922
48.056412812854
52.241660538794
46.338311557772
53.9144311026429
57.3333192990022
48.2712370082947
52.3288498131189
53.3730330880892
53.7559835404305
52.6928920840187
54.6283909209844
48.6107564570505
51.2898709308534
53.8960986982866
52.95824187262
52.5153549250608
58.541411419844
58.7998974331246
48.0756179187865
53.1099312605979
47.3343819831308
49.8367023243991
51.830124507834
47.4136848050769
57.9759310719694
50.4921931269548
46.9951648810975
45.9710122389808
53.550617500939
52.537036925569
53.0758996098909
59.3342321593497
44.2463128770422
56.5107748788884
47.8332924497327
45.1238835619353
51.3604766471343
45.4034449759698
45.2866961987502
47.9988017486915
54.8439046942978
48.1334757371142
54.3870213745229
52.565183339796
51.321485070745
49.5775394236642
56.4240036414159
48.8116608933236
50.1162674388026
46.6698063737115
53.1273895177334
51.2498257349033
51.7438473908755
50.3314259527678
54.2571540785624
50.5047644483551
48.7436328148901
55.2176593044138
53.1101749027422
48.2425543940726
63.9356238119837
50.7312161633278
51.5492148000199
48.7584926626704
53.963481815549
52.5369619905759
48.3485069210735
49.6858837966417
56.9059917785143
50.249913382277
48.0310482990879
47.7249406963626
60.1168381387794
51.7827656433977
56.0935624434288
46.0852139674732
48.6381023493838
49.9218744786551
55.4749980423337
49.1023343137137
46.2481649457892
56.2302664447714
53.5606256296297
45.9099890351254
49.2620170130476
57.1835149235714
46.5691175164939
50.8688919305301
50.5116995215331
52.5894750883635
44.6152044277915
45.2880193891634
51.8856212952851
53.2397785897299
57.0891567105538
45.724555933322
59.940727288129
47.7997109717933
57.2658919378249
50.7145731533008
57.6378905397056
44.3175783984316
59.7615920151805
47.901531917409
53.2338348824912
62.0329856686841
43.43160845835
49.8301640928167
51.2327172299528
47.9845869346972
50.0942292022793
46.005734516658
53.5921258268311
47.6732400915162
64.2809291019177
49.4957869830413
47.5775740023611
55.1555899839473
46.5142880140895
50.5470174638876
49.0201648714375
47.4291475919577
52.4809899920888
55.2062534484186
48.105665607967
53.4106198832689
44.4340884011153
49.8739943818435
46.2047980187831
48.0422109366461
49.6678284884474
52.7006842211396
51.7488376088333
48.8470133527823
48.621484492886
53.5847517363594
46.4706532823503
47.8734626883493
53.3604289233105
47.6357173202605
55.21034902255
50.7346705188543
63.1007678209936
55.4623032452572
46.6990656806613
56.1349884419684
48.1646478035726
51.1620743095182
51.5512446123059
49.4193958125231
51.9446123270541
48.7600162847497
47.9328712290349
47.814197393126
46.8342360230754
52.9446541875015
58.4451074830144
47.3834628801308
52.6989149934582
46.4067756532264
49.6092042302948
50.5244012358321
45.1651725722544
51.8165320386727
46.7335466785237
48.0802007614128
53.0268976797099
46.8212052536432
44.7738771146097
50.0233281451694
47.1648778262271
51.710418242607
47.238229690888
49.607871573074
49.422086748392
44.6959193996495
51.1430925199642
51.2319341712755
58.2883884086808
44.7786127953213
45.2706044468877
51.5321367119193
52.0666177771794
53.3647602465221
50.251677200606
45.0380015366738
48.9865926389816
51.1821203605643
51.3294607093646
47.2412005098902
49.1665348537853
51.6287538715406
51.6129778301355
51.842967024285
53.0436175728653
46.9161438423415
53.1272147734857
54.7636994349976
48.5114512632384
48.9787703966804
47.2122494946691
54.8750901475188
49.7176278080061
57.1987781345986
47.362770178458
50.3074738781439
47.2023047945462
49.9898569390815
47.9820690716775
49.8277348203766
47.8808761950381
58.3254525888308
49.6664815897746
50.7948147987413
49.9239733794439
47.5370558392799
50.1305916287509
60.1306198925869
49.7100069610892
47.3971169309102
48.3401703404611
51.7034089907054
51.3259048990655
46.1674036720941
54.2147292983748
45.4727942922282
49.9727207221221
46.4777159376568
46.4496373948499
49.9022301619501
57.3888644829159
49.3586226253106
53.1748535940944
53.5168136444852
46.0384595702293
55.0756985042464
44.1644911430046
52.7039614921474
50.3498601125644
50.6115345077733
45.3418253288478
47.9539627064558
50.6964481450289
52.7166076332382
49.6847876563698
49.127713772707
64.7624464539149
47.2307803783424
49.3925787753844
53.6668459146948
48.391701496404
48.9832021419193
48.6011944445094
47.9395181847014
46.7973071262022
52.88456871503
52.7460672056398
45.5221992671191
51.4994996033022
53.2069078049856
46.5088697855532
54.6736623753792
56.1990545400218
48.8615201787729
46.7858908528107
54.1151151469322
46.4408279018685
52.0620861295434
48.0959117109233
50.6371596645568
48.6100671971808
50.8874492030883
48.7407018328275
56.2084353223952
47.030593266217
49.222917371289
46.7906596319654
48.1970224888894
49.9675353423122
51.143361453262
55.846446976749
47.6865521417005
52.0636832273092
46.0263940903865
51.8181382457976
51.8471789159177
50.8575808486458
50.4327330132578
50.2212286700518
48.7777550264066
49.456318252196
48.720495966425
42.8336176345233
56.2060148168058
47.6995647249364
61.2981310720195
55.5910714534082
49.5486547050993
50.8726589460163
50.4321492007426
47.5699673795204
51.2487657455506
51.1888437660016
46.6516051469751
54.3802401854844
56.566798882009
51.0465089623907
47.004135356475
49.1011977624384
53.3822638830559
51.8810919745141
44.3395164307367
48.4043509146986
45.8742023462999
46.2946128960706
54.0106577443753
52.6627724326855
52.6719613843044
44.5713425847214
53.7528987973917
48.806068310638
49.0396936371494
52.7163911953952
50.2938293619515
48.4032853091651
49.3028327155963
53.7480165835373
47.1610680522487
50.9245304591482
60.4976798161583
47.2746285834467
46.0173600934351
50.8186102289703
56.1377706128043
46.9903273527189
45.2116058943442
47.4969764162761
51.0172127605716
51.1896128594386
51.5122777776646
49.0002639127383
51.0011273628238
54.0638110215189
50.8136549840351
47.1150734816312
46.2588915777625
48.0642516777408
46.2561874653832
44.5075587106546
46.362426617634
52.9069839809735
54.0275739506394
55.1966246029431
51.62460276044
44.538917175319
49.7751101530392
48.8581783239522
53.8629245787824
47.8877886240351
53.1063878266795
57.5475227658899
53.1614493071698
52.2056748344004
45.7812563298324
46.5433479548318
47.480140432286
44.1844232829594
50.1899510815568
53.2805603827523
48.9727629595164
46.2432064124949
52.4121476011321
51.490718958441
46.1334109503
52.8418569924705
51.3090163130904
48.0477245988579
48.2937083334398
53.1776147648505
50.4290130866319
46.3778430301077
52.9463430907162
47.5935744040237
48.7448950822079
50.9754929728005
51.8246991518776
52.7623003565589
54.7281421290777
49.6294220248171
62.1777061026884
44.2687488358282
51.555815911095
50.1433084248206
44.0916572483424
46.7800343723424
46.279456526499
46.4920180992602
49.5324199717857
49.7463703778257
48.7213020554813
45.8523014250064
53.0777716250814
56.0011394823202
48.9588464167907
51.1137927224324
51.4010595538306
48.8461773254412
50.2954378728018
49.9605717049079
46.6572526754308
50.5136331089561
67.468595443494
47.6517961979731
44.7550891140245
51.4443014024749
41.8218145203451
49.7091820719679
52.8612227838643
46.6447596902545
48.4611012175458
46.8335354143608
47.6583620975064
47.6396239583958
52.259862706615
41.6741082783817
51.407634416679
50.1925590446753
47.981544593824
56.8226850947938
47.3468401038355
51.530229197908
46.6998146056475
51.5175080902442
44.0302437002174
48.2120661861062
49.2734934026772
53.2181422774844
57.6472574924729
56.1239482197981
47.874367258759
46.6524828247178
48.5723669061041
62.798227273595
48.8447257698367
43.216668531586
52.2206284674115
50.4019090848795
47.5677763260635
55.1472392876552
52.0637697267835
53.0307065729802
46.792204543045
47.563383832877
48.2200173543209
54.5325969409933
48.0181266756346
44.4241353854309
62.4183147166126
53.1446305788812
45.3968436072473
54.3400670991297
46.1449511225901
51.4552719626202
47.5624724430731
48.1257237431155
55.4673204764376
46.2573846352636
51.2757984535695
53.1680281402325
54.0979571066417
52.9000859373462
47.1555933628925
53.6872096273873
53.5672332617776
54.3435646628363
46.8814263242687
43.7239644645818
52.0145382382691
56.3234828941966
55.1007540929453
50.9757914231089
56.8383042138497
52.0415540658304
54.348806778837
50.6264176083289
61.2270006705378
47.4473507857314
45.1976615485602
53.7958288404683
51.8515196200351
61.4525652363314
50.1087406579098
55.8316549423086
54.4698151664561
47.7662675116484
52.2176709395739
54.4653190581475
56.8569940307795
48.9159259992
57.0131905146045
46.7287591339806
54.2349919997745
48.4422937414112
47.3175597197756
45.1818158271874
46.8850403420163
45.6486708782869
50.2346254190286
51.1411105260845
44.1091684765193
58.2605406068106
50.7888732055133
65.2721925714844
48.4253071311446
54.2908523530684
51.7260160814254
50.9854631432456
44.676414464399
48.7923506757642
50.4703048170833
46.6096096816319
45.7917318482951
49.6698427530572
50.2720505765216
43.0863240229384
47.1514757092519
47.2328388869578
47.6202841085897
56.7304393335847
47.7072911497395
50.2173748364768
56.0721943625864
44.9996513172306
56.4006565040978
50.9182247891372
44.6839175974041
49.3490020031615
48.7280763171602
46.1841182137296
50.4528261288949
50.0869668136255
58.5354856219555
53.1089298709461
54.9468252200721
53.1100520365149
49.4740524841257
42.6855259522984
50.8513847267448
51.0546248315332
44.8875821675085
50.4350827659167
46.147930290627
44.2990282447395
51.458480820797
51.9529587599982
51.6274952772151
50.3086800889619
51.5236774111896
45.5460322650439
48.2959562080121
45.2606617734563
47.8353168043728
52.2066191672827
48.7229270543231
54.3287157983137
54.488596416446
48.9085291665843
50.3931135369888
54.7768380805994
52.7268543734757
46.9182107270307
45.7613343945249
52.0913629249789
50.6868177157254
54.7939942858497
53.9850558766385
48.484426656686
48.565425060474
50.5469856265646
47.1135416988638
47.6662715541429
49.0702375600326
48.5469622257082
48.7104038523588
43.7653934921184
46.3111732749006
54.0178040097814
50.6520184562912
47.8225190176897
49.7168639004559
61.4653090060939
56.5537867467159
54.0349638701377
47.4824982392238
55.8340968433327
54.3408490888437
55.4662705242953
50.9280520128791
48.4102006014494
53.406142826981
53.124929616739
50.1396607649086
48.6893188761646
52.7974466513401
51.9998439262053
55.7939692241941
59.001857651529
49.7015013494925
53.2249255129281
46.5857200120232
44.4645166765949
50.1986736622797
46.838943926329
51.6184186415054
51.028262119508
51.4035313187879
48.1154924231542
51.9740895679802
51.545505984638
57.8420431088766
48.7414887492933
50.9063078332762
46.9657888005238
50.6719817006173
47.7051160996757
56.0831587676185
46.3270670478135
48.9399961594791
47.8064440876052
55.3745944809476
59.7526777547456
52.175710031609
51.4221853470195
45.1963670335857
49.6740947969031
49.7177123612089
48.3570151135529
53.8329025728629
49.6383855943608
48.7624645136684
44.0888124417534
53.7015983006284
53.2926464688038
52.9391526787469
57.6998696087673
45.0274254817631
52.8297475333169
52.2495051175151
51.8062972914441
54.8425084570389
48.5539762162645
50.3961168186727
51.5603635782165
48.8906988839526
50.3848693004829
52.1692454149496
53.8644274066418
47.1055110627444
54.7153891335013
55.6621777051504
48.9980049847021
54.1325579481657
49.0177261822788
50.3495676798282
48.0251692002545
43.998099726833
50.7891395817331
43.9390676668247
49.1311304342378
49.2633980545802
48.8170205775252
44.468939671201
49.2973999589541
52.2021631130057
44.2383702397424
49.9428339959424
50.8053350665147
