1.06437275224689
0.681534005592803
0.419061160727503
0.656577660454448
0.986330737004578
0.530147075640767
0.697210398146157
0.957159984992365
0.537834785888689
0.76755696423453
0.988585044697365
0.728307595597506
0.885622641099911
0.382549418007848
2.01886666940297
2.00132284917476
0.405372422176785
0.735083880768994
0.827716554131496
1.20570013434286
0.356843460519077
0.696253070227034
0.725383836040956
2.20214347532645
2.27084570047457
0.839978844481531
0.868347723017204
0.710979381880537
0.595245738753976
0.938978684531926
0.447587418942382
0.359600906547851
0.572418839165894
0.497825194915403
0.797524450776801
0.975869235885793
0.373928697909212
1.19597892089411
0.861616654175159
0.800015430270157
0.508773492307613
0.878458851670223
0.804714254253939
0.943587374807772
0.792343373418629
0.438175261437423
0.777403684636897
0.675136153891207
0.555429152885064
1.0302552372059
0.551136905191541
1.19434628017331
0.767558636851978
0.40580918884359
0.759282597686777
0.683017913596571
0.381882014695456
0.594445690029943
0.595024319204332
0.6625410650056
0.525539346415
1.86506422654259
0.511729120182973
0.822219244244081
0.536551274669355
0.620159468478244
0.469155014478906
1.02524548892832
0.928113092780706
0.360094391441215
0.497611099888076
0.407628652382362
0.670514646705771
1.06535471047143
1.13606267702968
0.685839691282225
1.59318259552089
0.62572330090186
0.973760782259204
0.288178652661142
0.542854221487301
0.896927117920164
0.636615882324026
0.577792138220515
0.675213344724728
1.31956363668125
1.43048602516357
0.640616911751563
0.516730304773006
0.954777457971573
0.294699508577597
0.728038923788776
0.908339808419249
0.627077846650319
1.29372315430573
1.02010893568506
0.520644486513109
0.373823249923145
0.273973050072461
0.806307236823749
0.696835325904654
0.446997290252024
0.854011271603197
0.447404824825668
0.438746170257354
0.36325055459073
0.623058407024091
1.0468187044095
0.684181405249023
0.953275029788876
0.612182146927264
0.524357797176243
0.720059808482136
0.370149279827674
0.96257225500502
0.736907138825085
0.596512357462633
0.633877764748121
0.758965360604894
1.02655734798255
0.462384883736263
1.14272008301648
1.34173486137562
0.27891840906089
0.653164562790198
1.29714569365386
0.845763454404768
1.11996610263667
0.355921311503788
1.07133827104297
0.91455432595255
0.601342533630169
0.7113484346352
0.491659470328215
0.993290508999536
0.742883919295971
0.660577404497927
0.506930104935315
0.767727771595313
0.442503262843122
0.553752720084388
1.0662630462679
0.605046459160536
0.600642973093161
0.322316097339995
1.13728736938882
1.22904280625551
0.471732500853912
0.626997190767792
1.65808091370037
0.681919060326729
0.426880038052565
1.42643849741425
0.375459617908147
1.81853192742847
1.29786930475551
0.721189864837062
1.23553949177394
0.660347317647799
1.70381214649114
1.02305515410974
0.332962567411976
1.02775709433667
0.95990315583059
0.431049090807747
0.423418262846907
0.631588652282595
0.841166669276015
1.35426342067614
0.967084671113738
0.283582714433966
1.18785488049525
0.423611323365435
0.669202545030917
0.363015892768813
0.808340120795386
0.585352225161058
0.482853789565877
0.494935641599616
0.521624923317375
0.505143364059672
0.75887483460557
0.599069295469826
0.564591377644913
0.744296743443544
0.507094373378271
1.9842133787586
0.573323281147363
0.452776540300247
0.820059732031481
0.64623915566912
0.58899651962385
2.08345001632513
1.17834204566045
0.355524018339721
0.723074288681749
0.439692604211709
0.440028784226604
0.512823813668695
0.851280542626533
0.967551679454052
0.486568760465831
1.08818772069052
0.598851219904475
0.549754489401972
0.553046573698446
0.685984185860976
0.667333815534578
0.991479792959979
0.518007861892691
1.18690526026034
0.709023394142281
0.556469356726676
0.553885570926951
0.445259956490709
0.654125435234162
1.35250116644439
0.538477629168259
0.495780198937022
0.86938056267749
0.852980772844291
0.357444807582858
0.296975565078976
0.62715909343339
1.2384463445009
1.11638974730333
0.984414347484608
1.66297536493516
1.87079389602253
0.691979534201002
0.421486189988761
0.572703204367933
0.434033485638837
0.756603802691344
1.05817483630689
0.779283505912583
0.481679587501172
0.43507106200474
0.339672853392575
0.546349505751603
0.575900232037139
0.607412536398366
0.526027135895219
0.941633400420818
0.517743668480473
0.724939157008545
0.62406866547734
0.567011919413085
0.542372850223196
0.494926913434591
0.629837741157899
0.824499825865686
0.643864500913429
0.727082786330642
0.340085414943436
0.91888217834568
0.681440976354849
0.793930211106088
0.36465444503363
0.683453789470417
0.392664810658584
0.954335333520734
0.447156053594497
0.794114962520161
0.880748745348399
0.747341343954923
0.473975580432889
1.11574983544553
2.76521023601189
0.3153613839227
0.462981757782687
0.557199174261094
0.558006648039665
0.644003717128829
1.0711226621046
0.676100903655416
0.862179088519324
0.421915482417621
0.501243068086657
0.467948992570786
0.801527805527624
0.92878562854982
0.285540032220556
0.714634478817157
0.774898841878884
0.493143503143719
0.380976296572868
1.56138420682055
0.686731764144008
0.492270883156823
0.301403392534195
0.714277471552893
0.46715468549046
0.658737326170761
0.428048256572908
0.502283467741105
0.312200267913019
0.768614466912357
0.597293042617693
0.737317245300538
0.364063981766782
2.57783025641937
0.544354971668334
0.530262951302803
0.541324900232001
0.387603927130424
0.555803950771938
0.795524149790874
0.773448553000203
0.742828030612649
0.326886339963564
0.73156051116898
0.396228054797378
0.599932816874699
0.836241702650991
0.652013385985982
0.544747963769183
1.39903065775089
2.23508333028412
1.37133421178578
0.534753189602601
0.521520849671506
0.792966024588863
0.665610684359734
0.588891613621924
0.450803611075861
0.922080321427595
0.580555008218975
1.55087208353995
1.07911783897307
0.834768398061623
0.434313669944092
0.886576552210856
0.694882604625302
0.377130956968396
0.580466508651612
0.679603466754012
0.234106541405387
0.669603587297233
0.520378651825258
0.595297449483001
0.862984279875477
1.28007636196977
0.420810708567048
0.636548951431794
0.833724235723411
0.56479012983267
0.985238646800997
1.05265139805677
0.71921508995428
0.460897802222786
1.10781615322632
0.419151024396424
0.577978378170786
1.07020840684738
0.650379041929147
0.537800787440946
0.534757850292865
1.19949902862997
0.667181469551424
0.648139141075702
2.26389277375244
0.522046869401925
0.786103405288262
0.454466492199287
2.08213787334403
1.57087086613183
0.494280178555587
0.816715133232834
0.308031941331011
0.618876805682407
0.619037600260922
1.1808330966271
0.773133398401352
0.717845446290093
3.0284976473472
1.40807585439329
0.773486603226891
0.762184531938143
1.25419878433767
0.904912717129088
0.540145983922533
0.391091193187167
0.710727245749001
0.458517615434194
1.15586685529979
0.775267597849277
1.44547324619672
0.962435553888275
0.47466600087434
0.582919401568674
1.0469977453814
0.52125040728681
0.880869081418853
0.667165958990912
0.445290220505988
0.554539227488195
0.529525703526711
0.672238846245528
0.613118165970344
2.52141014411239
1.2400994172947
0.981508150115655
0.865022063236831
0.577500065914305
0.839196009608099
0.391691203622181
0.507915745848562
0.41985936497577
0.738101190411662
0.63950671645227
0.620763936402557
0.351101550138293
0.401895824144179
0.434500656844567
0.83206075529969
0.458034559777925
0.868823617721568
0.603730607258717
0.973651258588538
0.410269515816381
0.724136894385349
1.05208479572323
0.336571292225531
1.24057455912047
0.800122747226522
0.76554182643169
1.68221792430505
0.602949355239898
0.610320751189855
0.434812392101723
0.423496735557598
0.59354398467361
0.836132225477375
0.699258898448611
1.20524386314002
0.567378573487947
1.64075898630289
0.855968126231914
0.700132238048582
0.717170246818513
0.881394327413479
0.302777770234174
0.643791144148015
0.544228285532914
0.943594050586453
1.18765526042133
0.945714487222622
1.07745138735038
1.21255713857177
0.88019373570942
0.490214759531166
0.642477857686093
0.583618794550129
1.07944165757535
0.361081136566652
0.460588357827009
0.55769580454607
0.532441343893242
1.1947805453825
0.356693906455401
0.606243026890793
0.39500697208316
0.419919787852333
0.431740498907761
0.411616180309748
0.644246317398865
0.485514999508889
0.600487461220659
1.28739740239067
1.32425557223185
0.407976293600859
1.19036425146641
0.312026410003741
0.710963051145726
0.775081111738621
0.981323288374541
0.619309144954479
0.693013873455531
1.21871590741719
0.385290867838688
0.787490960112864
0.248748070229247
0.663889530442977
0.796247947823193
0.541199233591853
0.392296196063289
0.43705059291931
0.557603448304413
1.08931779725828
0.459412826480793
0.344065943887465
1.09670893284086
0.678524221348239
1.31227836436594
0.440229378624341
0.63803641949539
0.586757605364673
0.520585731921562
0.612185262327493
0.83544553321837
0.586288734990085
0.362267720627585
0.61201143663296
0.658473646064347
1.24226565175704
0.488973804638771
0.496683689586212
0.9533176377116
0.952718397663343
0.734824622883824
1.2868893145834
0.572446110622247
0.402200442320175
0.624903699189614
0.402513021602983
0.434031115244642
1.64774677603356
0.549775983605193
0.425889677172098
0.622837078119039
0.70828124366794
0.64985666002742
0.696240940114686
1.03116623087017
0.904865572814066
0.574694714465007
0.937048773265054
0.504407813296475
0.898504877223259
0.281963165015937
1.2333253930022
0.884317786197998
1.2893896268873
0.680184588576622
0.268522167690203
0.75289252220178
0.466560603374269
0.484029163998452
0.775975617179652
0.430506648397793
0.96564894559774
0.788285040690764
0.808997138464964
0.526074281895729
0.657850681813392
0.526009693150407
0.835735804897045
0.643834513819999
0.89523465999361
0.8905600798016
0.50295424216171
0.545199608168286
1.20161355656185
1.45748963341033
1.52367333205119
0.5671746118738
0.649660866051533
1.24797770413453
0.242916215548144
0.477089882521208
0.423932174171273
0.532870144473847
0.781389320917011
1.09075191496004
0.505351085255093
0.956661967027648
0.957283645601007
0.600160046717329
0.668065188993292
0.638579261416367
0.700401928951697
0.64824624435257
0.649074110262739
0.417765636805834
1.29031838914363
0.590633950996791
0.45020423535736
0.569298508238217
0.625624026058175
0.664721298156611
0.575995750471706
1.18884702132556
0.616666087346196
0.363728532467382
0.74295213357274
0.501197219877918
0.513937706867494
0.510661330588222
1.05185294636043
0.281463545339036
0.586936054448431
1.15107100279535
0.631859298531452
0.871761740634507
0.475175562918597
1.07371414078321
0.690895120872239
0.431680546060684
0.506295260813548
0.807360641618201
0.585171390808146
0.278637767773271
1.00203809459778
0.612534028646124
0.979946383351018
1.21295687496226
1.35825238277097
0.717168687747941
0.403899367099996
1.1201440918826
1.33038283386485
1.3941327575715
0.639761220215118
0.964296903054097
0.960369384722222
0.794977239410826
0.4205941898121
0.247809689852855
1.20997913500437
0.930796932618011
0.694336723984267
1.30429565090544
0.783342627133224
0.276723778882249
0.806346525049001
0.275698072947305
0.574429717711251
0.888497146081491
1.10439581081345
0.404827270154684
0.708069292014374
0.569764469333792
1.34240618766434
0.677356604068102
1.01130335820595
0.512749420868524
0.323919486801529
0.62061095432985
0.801345341411887
1.2490122187
0.773847204323267
0.648688290915892
0.946210259159395
1.29210421862688
0.771026390553186
0.23889951504473
0.69341771411766
0.638054348772747
0.911574397838868
0.826040417637025
1.23734103687707
0.325165409150064
0.235085746925482
0.296731911390913
0.300216481217852
0.436900523110839
0.945461964483066
0.941536905967975
0.437606685841737
1.30944431531202
0.733670590999733
0.457135626361006
0.644753380440179
0.296667490502097
0.276853721534215
0.707733577666982
1.729870432515
1.03152839305242
1.66100563725017
0.394988239705224
0.542063814121042
1.24887258748562
0.836840510307969
0.539308702667844
0.369386160728241
0.842234890374739
0.604577668027199
0.479397952885447
0.415415062792913
0.730115030420904
0.623650619436827
0.666310261920259
0.787502319377606
0.750816891443868
1.07054577442205
0.730042748255186
0.344180230741303
0.59841855791344
0.827256439133824
0.30327824255093
1.02245201552652
0.260624523403748
0.662488667638641
2.3147134837167
0.855627302254443
0.698526857866987
1.41883299712875
0.639305392881577
1.06272447686961
0.743559039021325
0.545152746246704
0.360279360873941
0.620936342549099
0.319265360902134
0.621845427673325
0.500039439450325
1.50578992235964
0.534545530942372
0.935916391605059
0.495154430475278
0.556204019121486
0.797705274515583
0.58620075178051
0.684014788992832
0.948285172779283
1.20430428608977
0.366319952821491
0.649918060554792
0.909586871022956
1.30217540758841
0.686883079775428
0.68091180303468
0.653410656772177
0.58516762428034
2.17697314267144
0.498358228827791
0.80382743498136
0.406909311959096
0.562075661560283
0.574892903246421
0.792893438377689
0.665435421443517
1.10700909091111
0.367687588729692
0.665059379300611
0.561547830808281
1.27815566575514
0.710354776587235
1.02069840028934
0.470486362008754
0.378531669547513
0.914352542787858
0.530800853295202
1.19835700395407
0.570813590427651
0.42907299435142
0.54767628722541
0.720762889095207
0.298511012416789
1.03826430381078
0.416417836290373
0.403053031882451
0.702700694996895
0.975153435011272
0.703279718642171
0.788246562193805
1.36420947650399
0.596027655895372
0.366137171046446
1.20446205846361
0.41234086373368
0.326287954676619
0.879730733913766
0.499412777475438
0.316096693206214
0.869683703513367
1.10136790252913
0.416847108129746
0.744674122531554
0.800021676069615
1.63481152401318
0.930146321772999
0.752746998504516
0.874961241009441
0.560878134060786
0.291762143290282
0.386509131236995
0.871803667614538
0.312435212409618
0.291469517218374
0.851862145375666
1.20993706808755
0.808961048828974
0.717507814401914
0.48653387752465
0.709117121413576
0.479124429456486
0.507026164877655
0.402645871206305
0.652972672391725
0.34116692659804
1.64206262422263
0.310496961132979
0.467150230423783
0.75784489495579
0.560181651965928
0.814531873642715
2.00318678983052
0.660699815684035
0.985206960655103
0.459822256584214
0.986355390133577
0.293750252951725
0.744080225146789
0.24474921677956
0.677174275810703
0.615644260691708
0.579225205070251
0.472897256798817
0.424810948283972
0.714456003917322
0.768956999719058
1.18031745288987
0.335437561842161
0.296624937054128
0.43374273875204
0.790194704315543
0.646964674315121
0.671079446795454
0.647211971052862
0.503337475867777
0.568911129412896
0.347011979327201
1.68529428562587
2.00464392893934
0.999954091323514
0.686321199128942
0.395206599762951
0.913744043247184
1.14486748946856
0.625906632065627
0.446183520531124
0.517812372566907
0.455978318309453
1.06926366525285
0.63072150620377
0.766948021501888
1.09889454186612
0.645919014454168
1.11840008695409
1.7299595506702
1.29736205740871
0.513988776190074
0.443028567125377
0.954348990230692
0.347884836562421
1.76688539326656
0.333927538877297
0.315295218802343
0.832937752336392
0.23244511656515
0.473491068316756
0.833558477953007
0.875825802603719
0.261837993352155
0.72714127700553
1.06519003347831
0.718721910466734
1.57207202867017
1.22078290376647
0.25192658541368
0.495950273810103
0.520424967360975
0.587751396632535
0.678215794637694
1.1580988637617
0.656898354696837
0.764819812173494
0.830515085379135
0.913606744701098
1.64098302980659
1.13368582516998
0.726508805641169
0.414183332272948
0.772891300834885
0.789430491929797
0.45520018955783
1.05140110859513
0.536904521221282
0.792710521270444
0.636384619648998
0.606010255260063
0.492798710763173
1.33280327199827
0.609458084366554
1.10652850784106
0.810105691586313
0.826938875510374
0.532177820569127
0.925645974281043
1.30673133869678
0.569676386718458
0.810583766044847
0.384385542065127
0.581891549310848
1.02861484376684
1.11113615706256
0.980523792689756
0.569557655558532
1.03841064722114
0.381013039268261
0.382885386972185
0.814117767943569
1.09511342628817
0.716798513840907
0.381486335063999
1.09258759842008
0.733028620424787
1.17629245500092
0.528377946114615
1.33076365852201
0.557621541497658
0.276595863199944
1.07065947392634
0.39149701423436
0.445635535995072
0.655386770649784
0.998952001246846
0.37436329524238
0.485640279635059
0.468219433572902
0.640535102070231
0.551714236804414
0.792006719367374
0.766478664598584
1.02395888694307
0.283666593855448
0.708680935334768
0.41479023396112
1.23682405762656
0.499423788826584
0.556476157559823
1.44428020950748
1.52369675856817
0.632773490289308
0.797594803694898
0.516037937330937
0.665182011016299
0.560726549926453
0.482610460648759
0.956551788304666
0.877168611334124
0.6174282769889
1.13143888637963
0.566165731423828
0.618580413088651
1.22209434641549
0.89894244137822
1.10313985389799
1.0475681362867
0.613713733527199
0.826798980218177
0.580112279856472
0.367637675850842
0.357831249210975
0.307448899569791
1.16890555286639
1.82747906367744
1.53330940608118
0.794962321539666
1.29877961613699
0.565732121807793
0.790835092572875
0.882567915979191
0.2947395117163
0.979006380761893
0.986773379710871
0.654409303858416
0.430434692155744
1.48665471145998
0.613935358263409
0.612985406433758
0.710919436663449
0.440201421390454
0.844249814886343
0.267000997513652
0.719958546793801
0.688195845611893
0.381992883230178
2.09301100624552
0.30298844096625
0.845924903792746
0.606708781911651
0.574652991892469
0.578053963945401
1.30682706329475
0.385266386563306
0.975340570566573
0.998863682374217
0.234345318245127
0.729695062206366
0.431129340165649
0.515944609178101
0.512905745410556
0.912824170907948
0.723496057679142
0.816866648189481
1.07673417244255
0.837291275376417
0.553066062390169
1.01807140455014
0.401100181486567
0.485339411683113
0.684410312673223
0.71965637176718
0.62999257509765
1.17122356365107
1.09192435219083
0.517920305793493
0.418197588370412
1.05128108910466
0.368436999930801
0.485523339792162
0.751289753738086
1.58898933449569
0.645243929441227
0.566827888516145
1.08002339168747
1.62148419101671
1.82014136094022
0.954765994531534
1.01997974037516
0.789271780400278
0.784826020117392
0.372750227515018
0.162204713399468
0.571834675439641
0.608791532697348
0.790822560311741
0.611905046480083
0.372939607131011
0.92054721414183
0.518603312708688
0.69712484031015
1.47545321261124
0.675057255315677
0.680943898415081
0.740975712367619
0.315047334328986
0.453149956471249
0.678592584462233
0.342854346886607
0.345223726170188
0.729734535165929
1.26587456676783
1.25745768849496
0.717215011916768
1.13861715423756
0.66962156069915
0.480562945684827
0.699668651557935
0.242047320986705
0.401306004366368
0.345804364848515
0.283120774310077
0.71614273730711
0.650039178822664
1.13710782013891
0.927964981036107
0.44024489695988
0.951671020761105
0.544155887732367
0.521343436003917
0.381211696896505
1.21753847291096
1.66142563280955
0.53780683221137
0.905124541575375
0.871610173762341
0.415680454042748
0.862700436383298
1.03844937404873
1.22894186708234
1.21696497978672
1.0811553912324
0.54035386515938
0.514879681639474
0.608186811456543
0.78320533881946
0.85246032524661
1.55311660192498
0.543133247036104
1.2240725779596
0.435391791383809
0.473953329219975
0.325759083743425
0.974453166344573
0.543657534088774
0.845381027776901
1.13524609154579
0.435759366527392
1.81277999071134
1.05482566354303
0.883890481251788
0.846193944259859
0.871241155259022
0.569554849949156
1.51653122500879
0.535996645369087
0.300665748280655
0.500169941593888
0.928136334880381
0.671631764581333
0.644075827302633
1.26113778404774
0.702632078362751
0.84553853935474
0.885597224690095
0.601800575761956
0.863354648503204
0.550463357243588
0.403006263639079
1.13453719979023
0.662287794683147
0.651655362227573
0.73215539937595
0.240583323549551
0.626253883120595
1.60469394403103
1.06339891391496
0.781229882044545
0.789413671943826
0.355016650752227
0.848253283171783
0.840710611200195
1.15591868089156
0.606116900349329
0.567881378691425
0.53051153068594
0.533408170213194
0.729112561551637
1.1854259956717
0.645080850017628
0.517445296310069
0.294498698834839
0.454749254381282
0.869451705564152
0.677939184906616
1.08998666999242
0.533216348738218
0.832234288421956
0.686568469886044
0.244640273298387
0.505445996638178
0.665294093576199
0.204271561094647
0.744217887086445
0.876132595935021
0.388467200013538
1.13009722363802
0.521820493273494
0.834467933995591
0.359584960232982
0.501993858244127
0.462104285108319
0.542246325939982
0.618062110899458
1.06473879918365
1.20952803162188
1.04245746883973
0.93462512564108
0.700408860366962
0.561815065168921
0.618436210364258
0.690519363853692
0.597827019403745
0.579057357986726
0.700763800906837
0.481447143084476
0.405839847541419
0.315903943256139
0.846042924361426
0.899777213271879
0.612377392751247
0.448519432383207
1.17261195567931
0.782829959317849
0.764986670856295
0.918426189964891
0.387464160369835
0.677188770936124
0.953067503417843
1.08739744196532
0.4745821445247
0.567630254864194
0.485558053662824
0.329625629317551
0.958853903597723
1.26978842283857
1.81001022081303
1.82821414620327
2.40957909429834
1.96695656276427
1.03386151027724
0.502818095460952
0.626246324204528
0.548453085454035
0.298316289171773
1.88068596438346
1.14315107886608
0.979199923421052
0.41079599266097
0.386268487960517
0.504636280036221
0.680128444663794
0.627898057681772
0.535429157961339
0.907790827789738
0.969150946100579
1.54723188884272
0.386771848222806
0.704305920345694
1.04042535108248
1.07406534262517
0.949649144335002
0.422891800085946
0.498996247446026
0.488218106315206
0.633302105615579
0.632154033661715
0.299465513225181
0.85596085642387
0.889732295095787
0.9629722905895
0.812462022947312
0.699552039942132
1.22821141570352
0.683163442418997
0.570542381623838
0.915568971032336
0.462294399311827
0.991437301153498
0.776178123615769
0.445924007980333
0.971298722560355
0.407599626885506
0.30282718559869
0.714132668890788
0.472073081558468
0.395318321052669
0.963545377511684
0.762084744437714
0.934307176483986
0.771697931885534
1.01766111647802
1.21794669059558
0.809490888666866
1.15874358906187
1.58851863773985
0.587202580714712
0.642998157874204
0.538255129585457
1.1703867824826
1.0907200416524
0.932890814416907
0.791537004623528
1.30609730496249
0.882659329681006
0.8157277394161
0.314679528451736
0.656669069236921
1.27793117104664
0.632875228597491
1.16546006994548
0.777324798229892
0.449745729642684
0.475759190522426
0.299385189886657
0.538668411127161
0.588669891022402
0.790455605628206
0.671774184178524
0.942991783888612
0.571123910406659
1.19425056071992
0.611059146395251
0.538310404500506
0.569309295522113
0.261421964449615
0.898465480687753
0.735133582290154
0.684486481363824
0.62754843878839
0.529478237094715
0.674168390442169
1.46877156758418
2.01276430071679
0.463923078061074
0.516367627435259
1.00648383488741
0.5583215323896
0.573778141877918
0.653567148053488
0.696948427668005
0.55470333502015
0.799286467704179
0.523219821437843
0.970404847327865
0.623775454931978
1.3789478020673
0.504301625522183
0.719208891252894
0.747742769852885
1.24193506437683
0.819159033345736
0.495760878878709
1.18674665465292
0.423321149413814
1.03865758157481
0.484311516798424
0.489345082777133
1.04769866837383
0.623711320931131
1.0591327276141
0.755385575646431
0.55538610175873
0.514445330542873
1.30143943975587
0.436772437814465
0.754229495883499
0.848678795569015
0.8695949024829
0.310228885372072
1.21727828551575
0.698731046887227
0.509443761063988
0.561587489876785
1.06475491150888
0.399620099781886
0.982938658133295
0.584194391524607
1.11905307886389
1.33401234322969
0.329387537723694
1.84632634342272
0.807981110058968
1.16402083489391
0.338610008945991
0.599002945194662
1.00761663801699
1.12909658265418
0.563635446961394
1.19116318470418
1.06487355787404
0.948369652719281
1.20408661111119
1.0820486323757
0.951717483681187
0.750624358504682
0.445137148454119
0.854836483395483
0.840529555147612
0.506515280714688
1.06036419638724
0.694574700337906
0.443785899158774
0.472716643600011
0.237403757785423
0.951091344336956
0.507326788583506
0.612408542324928
1.15341505512121
1.214411822361
1.19803315477641
0.460852038345285
0.926578327689592
1.04100645298241
0.314335666497469
1.24541283278497
0.251914071899974
0.571883102616045
0.632034404434947
0.479451850180306
0.607134000379003
0.79891088049871
0.662560106306845
0.69225532116433
0.559006736752722
0.931590313659217
1.48823092745126
0.749166227759606
1.35173178182354
0.490786870527382
1.3301844303918
0.765211803016268
0.824886960858583
0.47124805662092
0.319527464996885
0.457179453517152
0.967037938743479
0.341234291312215
1.01133347389648
0.564587290583957
0.411777796346309
0.442431724226724
1.0736877794292
0.563649174846461
0.685551523724443
0.887685445968625
0.456796082028721
0.823554511699529
0.580620953697455
0.451688664400272
0.998400156353529
1.40746257801371
0.70748375141048
0.528477978355343
0.366564898905493
0.771373952010016
1.10466432531946
0.494081244221744
0.914083431442164
0.904174556214264
0.512961407099764
0.245509725047375
1.08769038873814
0.365948336605596
0.865851738944308
0.393307121848268
1.50489099517201
1.14527444858775
0.229627058862769
1.13279893088062
0.808383608605909
1.41018744572677
0.328813702542115
0.897060686899197
0.539427621878078
0.580257129480383
0.44087391989674
0.285205924495813
0.824414748025959
0.801400816461848
0.443903953275595
0.784836504107591
0.499233135008481
1.00414282088068
0.71982089419436
0.76788704489583
0.705030095488781
0.698046994878109
0.219102624027328
0.337789427007707
1.59748709804284
0.971357340560088
0.647216806546102
0.481505552838916
0.57878298866373
0.780721096996934
1.15972772557863
0.459352579347066
0.61924834473101
0.767530190888159
0.72182450668429
0.497718886058575
0.380986516964052
0.937009094263248
0.231878761580181
0.438658350810627
1.03401738185341
1.58688844530758
0.623881904823989
0.967043493658582
0.539034159391041
0.765854699770105
0.750905776955469
0.555010424489262
0.710719319709118
1.28688364487461
0.996585450159426
0.923443215642139
2.18419130881304
0.552309881260893
1.02813508859101
1.2072489512478
0.615934689802911
1.10052694739742
0.251374495364572
0.533142385920843
0.527860005426513
0.86331930661938
0.582278173224406
0.288637571144312
1.12379279877963
0.864967924448265
0.383500529660753
0.571623231780594
1.00253738467443
0.447871353879295
0.269805376452469
0.901589280213806
1.34037569844987
0.800733515675375
0.702032452875374
1.00906800186794
0.760516201897902
0.519062367299313
0.484560278389185
1.14599961830381
0.490850675313764
0.313168948979246
0.7203004490264
2.11295657088114
0.371730258874995
0.450171099536926
0.363422441739003
0.649892728436796
0.476826885346434
0.426271502299146
1.62214833493036
1.41007838111238
1.34333484283968
1.04192285475643
0.791329729795845
1.05959383286031
0.989243776043319
1.07952844597096
0.693267053313659
0.724122018551651
0.756391697550219
0.718215668222369
0.885596808306794
1.05175846497972
2.30999767631124
0.880794886678814
0.502599352293674
1.27007520899163
0.795065463433448
1.09234061718117
0.76383791620559
0.230524560389851
0.825133909550832
0.908985159655605
0.475884470725378
0.584772011356345
0.935925320607748
0.800227519638013
0.502919514484035
0.593713989339683
0.669075479743279
0.734874659054009
0.599004053889304
0.476432744373457
0.700680000554196
1.39727016569557
0.77897265150227
0.685817574586828
0.992606238960323
0.557583129653019
1.23951179968966
0.6825023521048
0.513385119248515
0.631890755895919
2.40038733391961
0.325674790671266
0.724595472449241
0.455183570972873
0.439579684422368
1.25890565710352
0.913328209401567
0.628157401227939
1.59882409545318
0.939824567498628
1.94064061718139
0.906220285661769
1.32514061999064
0.849161847167023
0.290283969174042
0.355833173097669
0.773912717060134
0.872598022335018
0.468700731015637
0.522827942957502
0.571785402328346
1.06989438053821
0.576063697944355
0.486017958692675
0.392486012364641
0.570912922800847
0.807182997213304
1.49011193481766
0.640794444030993
0.64185146628661
0.328413720455246
0.353944028847858
0.545133369432762
0.659213295352904
0.445002265904753
0.309828419764626
0.395280978253709
0.455054564056586
0.366896040596573
0.462619614418244
0.453277601074958
0.492804509569376
1.5943875741173
1.22205466314666
0.929153517833041
0.381208331961802
0.535608448364925
0.420359855617458
0.707222111431935
0.572391492659055
0.525382780911891
2.07464838998259
0.266904067330362
0.839163621164254
1.37695929050405
1.95074772287469
0.835694681782695
0.622764517818924
0.800648382151468
0.89700950117069
0.781818345404713
0.56239106544843
0.667567093036452
0.926102476489782
0.543378283479984
0.852831906259858
0.968592567494269
1.37501157207025
1.13135859953549
1.78416856712267
0.415932229186386
0.511469770459944
1.18617033826255
1.14920138815851
0.521451060993305
0.486367496352426
0.458322829047109
0.590088126895666
0.592317493430555
0.834041620443676
1.28266850399089
0.308506778688543
0.608472048603322
0.42128183160406
1.44604727716026
0.773260663530293
0.721455144851104
0.494593694860372
0.788774460845379
0.455771145732592
0.954670721300838
0.648122841772677
0.490141793956732
0.555213348008246
0.599460509993151
0.857583887869626
0.365644784894271
0.646059588426586
0.487618488695287
0.485478992061565
1.2260628011684
0.817924330757118
0.686969079431648
0.502326043403936
0.997202701766715
0.424240574859983
0.608340588720065
1.46482163534435
0.804422608543494
0.514317537031385
0.35272931515497
0.609285083248264
0.717407146321345
0.911870839412322
1.33723658713435
1.00999664270325
0.908278925992075
0.53860709978486
0.707210134453814
0.909091822573337
0.74785045553264
0.548601646756929
0.273153642959669
0.692435037027849
0.969045181047911
1.21038430966099
0.672360072803143
0.344814546719376
0.581413371001927
0.500122091909205
0.849135675178147
0.646024701781383
0.549769848177016
0.857194549127127
0.510897353532188
0.746939613846418
0.375350775188145
0.55578786070588
0.569837316529531
0.646444602462794
0.748726113728804
0.900750889172786
0.708255891780878
0.680336178875301
1.15052557342507
0.793857682590639
0.92429196946967
0.594518745190322
1.37366399169633
0.260982512613499
1.33220878144962
0.743168087696561
1.02291936360545
0.430380421187485
0.47738119262974
1.04217293188994
0.297269669123733
1.3911757333843
0.488255313792344
0.397806262815668
0.726920244012296
0.561201670883253
1.15981299286608
0.534184553944076
0.488308884189564
1.40514774944492
0.947570190327246
0.420886642718537
1.24010643347544
0.759856992070248
0.853298559570777
0.804302834560626
1.14305051705346
1.34912282780674
0.469685339605168
0.529060275229381
0.243352517247899
1.11483433329874
0.478341923602804
1.81480591754021
1.01065820195316
0.678440719771746
1.30591748077393
0.725211980073005
0.978258848866845
0.376195887187167
0.627775549731
0.807849623677295
1.01910112158422
1.28020493756964
0.460478123428739
0.694925845587042
0.620398674913868
0.615386436841002
0.346829961926024
0.629529420204111
0.951811920324281
0.401384383097239
0.806952985992189
0.942798128387245
0.995201090720654
1.05129183573659
0.468670217999854
0.466656773567283
0.605423231943082
0.414124503463664
0.810366090051612
0.713248923715971
0.68824130106325
0.257928921526861
0.812368825830935
0.479451640670697
0.446647319689037
0.863325030902152
1.44249929326872
0.897814464240124
1.23280077682354
0.574054753147349
0.290517812360215
1.57623422116516
0.779979432033741
1.06633626956576
1.51768456698369
1.19796314747285
0.486661327912339
0.647038018819867
1.58314057940297
0.815493476617888
1.08213352482625
0.41877481149608
0.547216194150619
0.606524900471563
0.321641313640677
0.450600876537521
1.42965491912538
0.357727115405759
0.476853965485848
1.230593082125
0.575168033716331
0.913463333854087
0.929194694450427
0.79026523200233
0.502358422060368
0.653592290800114
1.25434623818641
0.435790230901456
0.468127993326334
0.920443450944392
0.773015728187404
0.71502124204203
0.894857126986807
0.351724095096196
0.500111097839063
0.673336478732656
0.893575620036702
0.553437147979593
0.769641276025525
0.854081265882538
1.05609763030813
1.40540921817119
1.13192370385965
0.532829651704227
0.719209908892513
0.473987907883524
2.55458310669956
1.65376108159105
1.81951186955395
0.556759637102456
0.532654756434682
0.740612651297581
1.15939310220646
0.778622323022589
0.942395976886151
0.274996844759696
0.576112231578314
1.18925234762766
0.914572083477068
1.65353959947747
0.447727607524451
0.752133897756768
1.09389482148303
0.301782101856553
0.647112662700703
1.77487464261126
0.889038095214002
0.252946353757425
0.323146802457137
1.12393085850931
0.40697318364737
0.492488593247936
1.55320478277855
0.598537314006516
0.418561547890891
0.654452108246135
1.52017258545759
1.3857289716763
1.3877394274821
0.492745890569161
0.609517280879423
0.689903162969898
1.50668742633648
1.34658227273431
0.833866258326337
0.992908656168986
0.863413777463094
1.49320090444332
0.831275329404611
0.605541014307205
0.907187684224788
0.361461093147656
0.563302818940107
0.908924442222339
1.11756992937973
0.609761227544063
0.508785533895752
0.469667596667613
0.896749257632631
0.3339318064812
0.653006833289562
0.495798278630628
0.484205379941126
0.592787144684834
0.560715672928533
0.576232981352323
0.340808208315386
0.70763098911446
0.927266339003854
0.698029262630725
0.84237161779858
0.755462797087276
0.743135181389956
0.562380501933499
0.593627121488678
0.363205538866269
0.797502314683707
0.762441758502774
1.35562800868299
0.683982369365899
0.961405827192836
0.439735806729765
0.504975072140565
0.8379180111434
0.222399558812544
0.743799177964395
0.441214231116836
0.824766969712416
0.71721084421484
0.56795833962986
1.03085847529712
0.697950821619256
0.513571090797213
1.20231409143182
0.533897434206948
0.531070457906525
0.761914955209554
0.508465261384761
0.782334205600272
0.40942142648638
0.601988848694897
0.533740208127046
0.988560007923592
0.515924880997626
1.00715506591337
0.443318988986135
0.522308313068033
0.915793174137945
0.638444002334462
1.00936114148844
0.37139743857776
0.669004278615824
0.691067579567058
1.09506842928124
0.322471436633016
0.691315175440142
0.639871158941239
0.49955731021769
0.454311644710821
0.466277529993385
0.373379847926515
0.820616792967951
0.672969925306018
0.722109267071629
1.30091256692868
0.756733759881853
1.2464352700189
0.319690833792043
0.308296055325915
0.91861673427886
0.909817952857535
0.705500399523248
1.2727399937073
0.706776314967542
1.88334594961725
0.657377613245883
0.672588151873901
1.13150486085892
0.427384267883879
0.458209672798653
0.736549709994786
0.439264945381042
0.685139666253693
0.576513027285211
0.536023376578774
2.21017246817879
0.792543451338222
0.662500808978777
1.7030156656316
0.432308436281042
0.665374965484674
0.541294646983401
0.274950794458035
1.39733474204037
0.828412043643578
0.775129181765255
0.377372033426131
0.646651805844247
1.87253820948309
0.781680580418045
1.03904588991125
1.3421949870325
0.915743190812358
0.395574231876193
0.582103383787344
0.810051543212194
0.611472437980814
0.5081715490638
0.935955702868815
0.560874896419207
0.504702288825531
0.899160751775716
0.515734460826765
0.668292240287905
0.887562218535424
0.761782803353442
0.805338384623136
0.610427663818078
0.405074553082638
0.875120505825984
0.682865007535204
0.267776159898407
0.504121719505184
0.85675279244374
1.08385366881885
0.927429563292971
0.360657103915649
0.425929579670915
1.00956790513311
0.578323989503478
0.445751752943847
0.452117393654597
0.314495343509755
0.90307509429076
1.15638196369151
0.509669616941129
1.23934939741998
0.478552754110197
0.622050819303921
1.18034281928579
0.79886699007603
1.50896384944562
0.3947061598048
0.87504208763125
0.89382633023002
0.851050113844869
0.793616000079889
1.07383188114367
0.562534473614546
0.543655387367413
0.795827812038706
0.562453395752249
0.52896905175731
0.265677238165059
0.504625418685612
0.708942144468448
0.520717020338234
0.810786206140836
1.30631151249614
0.424190309886407
0.708122830851761
0.571396034420963
0.965776268475211
0.685511721907475
0.349161781979994
0.681703141880742
0.459449744584423
0.747229911018583
0.484945986489437
0.707119238943609
1.20129514555938
0.475662780972209
0.481255769935476
2.59551144402725
0.849907825999219
0.683879260863023
0.563660234838778
0.709304101271965
0.632160424146432
0.982839103998152
0.828676190135304
0.58661569445164
0.911923588579477
1.17022489534379
0.756775821217909
0.817441469599255
0.826569836658616
0.627297253861778
0.547029083647774
0.598080590115403
0.499352205901531
0.37297514204031
0.686944282186926
0.591031966809187
0.692442144268818
0.539108555992194
0.656638136398957
1.31382903016964
1.05616849636722
0.625389294279652
0.780950763440455
0.676509812936667
0.925153310054865
0.887825637719858
0.80064069032935
1.15288599555954
0.457379168212404
0.650310613778187
0.879859595067181
0.505821305586027
0.654784703355099
0.527833867838298
1.18483170231296
0.715126686370895
1.29235492173868
0.672782298289945
0.98230750213735
1.24240373412038
0.60606092821885
1.10670264166051
1.05807866306571
0.809627008128843
0.392735397442522
1.17415407409672
1.38125387078757
0.882921669515598
0.701529075758837
1.26437758297009
1.05976419874747
0.713232043708329
1.55116791023266
0.681342415718337
0.832129842920076
0.624096172993324
0.536873356231328
0.723540527923549
0.832414703832125
0.995007217769637
0.319314373762085
0.800616569170747
0.639781291908839
0.567822093018673
0.72894917087622
0.740695857813027
0.76418165931956
0.679063507322818
0.389009720320709
0.834694309095473
0.624201587072257
0.87765887941918
0.999004779280946
0.43390494784753
0.616118841544265
0.332328479248023
0.755535142729844
1.19749451494358
0.795257934332335
0.280708636650876
0.770692516018364
0.286381448960023
1.37264719396394
0.74383193037514
0.984384610357294
0.539970880921931
0.225875478897043
0.604071307408163
0.353739502099623
0.600224451572212
0.963742660034286
0.781310558226428
0.743117898943536
0.856918380209711
0.958361194776252
1.78019787547851
0.733008828000862
0.66514040252413
0.326832713174589
0.539104448963069
0.285300734831835
0.5366709280339
0.72102173226758
0.569495987701673
0.305501573175257
1.19203241062436
0.44481127349114
0.884097950362513
0.9804479755273
0.28311538713905
0.5745074988584
0.6124184422731
0.835961968491375
0.837608507045409
0.605807220449587
0.902480395746373
1.09177819911832
0.543486963297662
0.835802383559917
1.22699451464394
0.847161645227432
0.354318883247438
0.284580283589584
2.11945081087068
0.735706816245199
0.66815923201216
0.31260357826792
0.803257818810291
0.746442667610494
0.352762384905939
0.993562355652113
0.449048195191602
0.44443909350154
0.361239569598508
0.717902375277308
0.279534729339062
0.548746540705061
0.976285960841929
0.46540341480815
0.641835897091585
0.484427520475801
0.59832071542833
0.71836595100424
1.22422325751096
1.71220809465338
0.874448805318262
0.384778121456125
0.997032213982548
0.770220264980159
1.82981642765391
1.47013420091461
1.45070423217461
0.373669218851722
0.537941610286344
0.735996742414686
0.434559202786408
0.591350849197591
0.755902212158434
0.565448595178102
1.08799026022193
0.791234917422132
1.56839791057837
0.868515945602402
0.434981996001539
0.752229024918229
1.18236503092369
0.518937784456177
0.507938921805314
1.07573392562458
0.496132934618081
0.708883028102909
0.777991807838538
0.647444414033586
0.627906146312244
0.974000545497376
0.411774293868175
0.74597392945692
0.516118737433322
0.535856526755798
1.2702419679976
0.451793465473722
0.783183126991095
1.08409797101205
0.417161237240591
0.888391577191002
0.409981157398044
0.556447940635178
0.534589681473966
0.609583868497445
0.614925040182143
0.604546994259392
0.653646510367403
0.468973679686229
0.562606149621158
0.65605762065082
1.01866630136179
0.607574448863503
0.627158098718392
0.53022638948051
0.570453213287028
0.492303852123038
0.819446598946165
0.460286585489521
1.70642826772675
1.36404415534741
0.5744384736532
0.450270123059878
0.769055999328998
0.926303216060659
0.312013211362984
0.304854200485237
0.696884938027349
0.931717590100632
0.608860435860217
2.53018196658567
2.02490647098963
1.44481067314952
0.423455604439315
0.939268524863306
0.565480350290302
0.57252805270625
1.2326247551194
0.42415027376173
0.746150678332975
1.58163811670308
1.45929629231609
0.561111722142256
0.674471053101725
1.04095720736283
0.592719817616905
0.561448208575338
0.717554319509173
0.875306462992964
0.300384835444736
1.74267510424588
0.751402550194892
0.338927012370926
0.882357924268919
0.47690293578839
1.9348895381508
1.17850974936673
0.875250061663378
0.473392947649982
0.553105703845681
0.803802671456161
0.87607178473209
0.462009562396586
0.556834978167825
0.641536276949656
0.71950854819647
0.708004258936271
0.682371202956344
1.72634021354844
0.529829076155123
0.333183786160751
1.48866023628163
1.74031230386847
1.4794027622257
1.19947282089963
0.440511248990582
0.515411019628755
0.487741998446572
0.326126381486112
1.06167013466213
1.01370424288272
0.451631232991297
0.347180994371726
0.37851997560967
0.614360266099685
1.5934643835817
1.2262350133324
0.651214419354776
1.06652926798828
1.67437874655112
1.09068869322405
0.451266340104782
0.226950177940122
0.245805198474856
0.408623621920697
0.894299669430185
0.736099995923903
0.529642839332474
0.563143183314713
0.400481694925713
0.297225609422681
0.395689920911144
0.58336368113359
0.525289393094845
1.14695927632241
0.730249884881514
0.316546935006167
1.16510865984947
0.557927325975927
1.18614244814382
0.962313892643908
0.510414669257454
1.36207837008745
1.65965802058357
0.606503026054732
0.294891092028617
0.524163959884105
0.538238380165746
0.377844088370249
0.548034541108739
1.17912876675895
0.467149490974422
0.519517209662616
0.620438324889812
0.537773382732872
0.314524409545393
0.449695514358116
0.399971139758253
0.591812573348839
0.517238213893551
0.431833205091408
1.06698205081591
0.822363000270864
0.630930636775351
2.03776102934384
1.06515515598323
0.267628679949341
2.05307675593622
1.03101333108018
0.466765101758113
0.758474581946967
0.817394697624112
0.755169071381733
1.96817455279695
0.394209180258842
0.957150840947595
0.302653349578021
0.954097744841963
0.761147879726739
1.52296496004624
0.471416320247033
0.239215159270777
0.96654829962873
0.609068361187913
0.587192228083578
0.958156429633586
0.993753806454642
0.562265315089524
0.802518321232518
0.747976826408083
3.51933314655183
1.5874336321597
0.494135452826072
0.470096342893261
0.999663410833099
1.00824528275929
0.632678870195386
1.30138586334922
0.730246269378413
0.351169568837653
0.327454695401906
0.371454256509769
0.452631639527837
0.883065300020441
0.778322108403857
0.634048967290563
0.454153414311617
0.849049346897898
0.431242400187987
0.556506015161342
0.811737365423711
0.964528278367113
0.666341865360665
1.42114518465133
1.10925962935397
0.875202387269426
0.71277068553296
0.298339655125029
1.23567645998514
1.28593904175564
1.13897664453005
0.616001329894786
0.800059880550283
0.423143768802459
0.855436394721894
0.976716133577922
0.240730976219812
0.643194597634981
0.806197454637786
0.754017552458454
0.650790487675479
0.71115783776776
0.422338045677347
0.596022437341257
0.552182181950087
0.391744499299919
0.268639130087274
0.64069237405114
0.409817546174005
0.363254126223092
1.09478430382725
1.2417332491932
0.550540496234517
0.777652105667362
0.979754937460651
0.29746845824285
0.886864316404723
0.839377844292338
0.704718183049358
0.903759921219517
0.443666173195957
1.10871693931839
0.806318455077556
0.182502036786059
0.827955957420742
0.728967654238089
0.852692668800876
0.717609937170667
0.360008285066211
1.00489473240566
0.616670715974016
0.398311102276719
1.41105451708606
0.690306188564263
1.05795606426218
0.82041912904743
0.824049396510784
1.31224217479936
0.640072996735097
0.822595483865904
1.15323642449285
0.674875456497314
1.54881026714707
0.769280586100107
1.15063604636221
0.903931297751173
0.845520850395129
1.42068183829201
0.319852850686301
1.45134196346017
0.939011351126127
0.565129732773908
0.734823029216439
1.07371374270243
0.812340278869487
0.968930035824827
0.338693369181927
1.120541316343
0.982509063872036
0.660517228185155
0.765848160111982
1.03468245707232
1.330522094035
0.490656520386631
1.08349318677363
1.06737342277063
0.948975658706253
1.88659803312584
0.823631399899973
0.404145010110142
0.614035832094784
0.468641118492298
0.506190695313925
0.296682649716977
0.679378520727173
0.439054184495386
0.490780585879731
0.705279865246125
0.67616884698288
1.05940872116915
0.630863500592011
0.655404820898055
0.602296654553556
0.424131908771205
0.931835858584653
0.565073179260225
0.455910708546032
0.759986999582118
1.04608751306967
0.45660512266446
0.878874305023415
0.797134512469191
1.45870061766404
0.692437369878636
0.67576427508371
0.449729198155219
1.02028357986327
0.482583924508714
0.635186453170755
0.617991984519621
1.34587986242213
0.614681710356301
1.31598096569516
1.35924232064163
0.747836944236956
1.06954342646638
0.917285828639023
0.380378705851428
1.06541548929294
0.882253261171042
0.715796111585311
1.14356718481335
1.15547718822232
0.598975742784477
0.599010966180591
0.538899283350371
0.311156285716913
1.02250401083359
0.481746782578505
0.338460562553336
2.01449740864028
1.0950231939946
0.890661102331122
0.668552027073005
0.550658824516615
0.627056090455967
0.49766656847527
0.35900130408083
0.382338896761393
0.727862991554393
0.320699759560493
0.602179265694425
0.544515741080157
1.2246165376121
0.181664941819429
0.514345761033716
0.515679942006432
1.33608927645523
0.48260132127844
1.16664368892896
0.617622041008118
0.813272647004217
1.06416715066679
0.408441785809206
0.579852419184449
1.00104349600987
0.719918842431188
0.332326263432665
0.433504195185796
1.40101544115856
0.929794521862622
0.691205199445238
1.88436449479974
0.706104735410731
0.354209589793314
0.54324661517427
0.464383574607178
0.663383250579337
1.0354369054254
0.315619709412154
0.474056184706802
0.791534188794723
1.62694580257873
0.775684579004903
0.463672505856364
0.905958802623773
0.517861173015621
0.643955154185447
0.75660363395099
1.10171796838675
0.751232154647982
0.387212944878715
0.512787944620664
0.697473228442847
0.255716800210734
0.792044151596073
0.381934489332916
0.437902695293789
1.51187419658094
0.382696375029006
0.451294409440241
0.482827502952576
0.848654555860286
0.28934920364218
0.489797337528086
0.43748070178193
0.842957312832086
0.808753117846112
0.553175712210921
0.873056574470971
0.518080544020641
1.20993875214466
0.686338630023459
0.658028642152982
0.387728218005006
0.391143376542644
0.421037176037447
0.601551281176031
0.803398135859997
0.986291023931845
0.391975602707062
0.398785443528437
0.888576500064256
0.624047132912827
0.743396928105428
0.813269432310816
1.02054246752862
0.643547897047697
0.764818098320903
1.93540288170895
0.431844085585515
0.406857203619929
0.28798397509817
0.689892110126905
0.806973989513374
1.49575970819683
1.01935933052502
1.44148122329787
0.607535188413113
1.22848911076582
0.734905931911511
1.44328039033521
1.97961044484161
0.778504382274503
0.424687942332938
1.00853078152794
1.86696420913084
1.35399422601566
0.547542119270318
0.614092483586622
1.01602140108767
0.790611487958786
0.648296972945049
1.02538782548681
0.433402216349554
0.647815495313095
0.979772631797449
0.551112045231985
0.907030901778639
0.886503992377901
0.742832757457837
1.3960525174365
0.570033826216442
0.692900766158158
0.489007473335712
0.622841504677164
1.19505355079835
1.93366010159473
0.752083447596647
0.300364292312603
1.02417648545698
0.789477297339674
0.669752225186552
0.735225910912663
0.756606682227849
1.00579893276713
0.881660281880574
0.586825295239924
0.539283999706043
0.982974399899534
0.247232383330389
0.470686060439884
0.464862758744096
1.15643040555523
1.7421678995165
0.904159103666779
1.02373831427711
0.681387405733737
0.496282646265564
1.12366227501308
0.540255511007306
0.539843220389397
1.2624949769782
0.433009349673189
1.87952469404514
0.594150568657639
0.628222792812164
2.2015244592627
0.872414056022256
0.374401727702227
0.255988654063906
1.31104541612886
0.664386299145164
1.32313788198731
0.982597214340496
0.372638522060281
0.577475075752906
0.504959867682107
0.361732505061028
1.15873674997703
0.464738824802849
0.90183075668179
0.764587396052096
0.979015028190085
0.489346436436711
0.950458323642791
0.288045102015483
0.909872755700341
0.411903969158792
1.05681556999914
0.775645280833877
0.868671408814882
0.924101633182592
0.504127993750399
0.656720309153634
0.637472193191561
1.01975257546537
0.613563698573152
0.586507448913576
0.41682548526153
0.394808708776068
1.09453419700401
2.0804949366925
0.338369057059503
0.317163882157831
0.518674369338129
1.36748075618328
0.168379821418184
0.830303119200879
0.697952293674541
0.590092062523691
0.766176058994926
0.902144141971266
0.812448890952762
0.336338692230217
0.724509329949322
0.443384431968892
1.2863828263276
0.425785501859847
0.477171909484393
0.628033757298524
0.846813778810435
0.618770125898398
0.512983794583451
0.626488461521431
0.79455741528219
0.379528570165153
0.619186693779344
0.699845464765498
0.717364357197469
0.384517703958763
1.29077995515182
0.866081955742663
0.594913754883081
0.783250206771416
0.398662004297483
1.71403693343864
1.57595671846541
0.705598274040557
1.12035940369361
0.599008945837943
1.07236531876147
0.403737818994239
0.899002863209914
0.556667230391099
0.77001291968789
0.582583284958438
0.402369752623918
0.490497135539759
0.737046930414888
0.701740500689759
0.366410520912526
0.433258816632206
0.48837925815777
0.309577703221106
1.02564175772722
0.49512632311898
0.755779645758712
0.28038742670215
0.626973267560399
0.561184059281054
0.939976845776084
0.852912523040896
0.763576656967495
0.715247275674103
0.898797916698328
0.833033791519807
0.601815573628177
0.349880098788421
0.732543236318767
0.798964960200751
0.639874718335252
0.404738155021683
0.570868004020802
0.696981050776373
0.402103498034042
0.824078506411488
0.555912407380221
0.604147936957698
0.646979344997864
0.448239333115763
0.660485747397248
0.420061923730864
0.943964383732561
0.508745273145157
0.750891017216566
0.729358996613492
0.281255334350042
0.992023337474274
0.545714700916715
0.669196148384428
0.55104035949931
0.617947475685369
0.92941026145548
0.481562267984629
0.705870299222955
0.518025670425756
0.553580707949036
0.444548933931532
0.546226387799245
0.898457682386172
0.826645900530267
0.546482973548745
0.423394172730661
0.214648770661791
0.853617185762401
0.758199168831946
0.811500138714437
0.756833897462058
0.774887219571967
0.496601035393383
0.424801069911214
0.972094860002169
0.834580956542071
0.905020913891812
0.752487217963318
0.54262497901319
0.69165693522059
0.71597514372078
0.967936194904109
0.729122816430068
0.691637086421994
0.96461777638357
0.58071852899064
0.866184687216748
0.990278847471469
1.1784852588352
0.652208114984038
0.435712862446812
0.936381526553908
0.553955838849655
0.555840984090077
1.19363661120789
0.705041675061661
0.409261034633469
0.504562620634595
0.588299587053298
0.258240432574672
0.806489440667366
0.517543215423147
0.915876899686006
0.68304921745328
0.682557850005684
0.601063422179615
0.726443917201082
0.743416361133467
1.26811708200849
0.781967378385831
0.560070325621692
0.797698111040688
0.627850102329491
0.380752232601091
0.505719269367462
0.449921431754057
1.10341230762124
0.755460419547545
1.37333767252559
0.491369938261721
0.260812938410181
0.734588507254321
0.457450588449654
0.26548348139607
0.625362820049141
0.548347305698258
0.475102347276031
0.775604425205976
1.0008237569225
1.32029181877996
0.55922631011693
0.803445314186722
0.60763560339978
0.463727237234305
0.644206465027397
1.03697678226758
0.845847269158328
1.09612682343197
0.587913175792782
0.455950841261306
0.518069026635781
1.50725696143107
0.633675995366387
0.306261065312262
1.35684999352461
1.16348893037624
0.51994633176345
1.51520156215082
0.453042290137282
0.583592162457722
2.21517813468325
0.443085633556854
0.396438315896414
1.10922807339016
0.484276877240227
0.741890583172587
0.635992737682862
2.66721841020191
0.798801349987644
0.550917416363183
0.526981614470003
1.39441768987181
1.26528413888662
0.560026008261145
1.17033482149524
0.532451115586075
1.02397516599938
0.758723529752675
0.47661277653647
0.891300945925666
0.770000956351726
0.877884836559909
1.18241623470116
1.41725995251134
0.661596805879376
1.26897054920926
1.07229319195281
0.363900500610546
0.628634179756272
1.44567528777005
0.819509604351624
1.40579656361012
0.384339682867019
0.735175488091774
0.949932691471139
0.767929241590667
1.32002764134362
0.807425839548895
0.568532108954685
0.51552235113222
0.473192726658496
0.365710809752332
0.435625584636726
0.444665085532185
0.669286791250472
0.992170559415278
0.634643346087646
0.40421857226693
0.670878359012602
1.8421808931997
0.473576796366711
1.18486197784746
0.289828715217976
0.939696681738707
1.14528768094868
0.375723786919979
0.916009902498746
0.451623943272159
0.516148359842443
0.542365277999943
0.113832523115533
0.585741613412136
0.281572208380647
0.35350721597036
0.600256213656137
0.687075886424047
0.469146361063356
1.06390726213887
