0.817463777320813
1.09601829278865
0.839411620386823
0.479270449142797
0.287009214082293
0.896799229948237
0.636428471767592
0.604069080675981
1.26093601556171
0.546195883822731
0.598300240733608
0.329732464719461
0.626178350760479
0.734988823979607
0.507952715809394
0.721287555600246
0.694523796519619
1.01737870616083
0.87800177935681
1.3796022593883
0.384619529261747
1.0278192306914
1.206119233377
0.684178290097521
0.555163699949682
0.448158894559015
0.909449745423232
0.402092538878189
0.851753641626655
1.4631949823915
0.381172341134274
1.01802236122025
0.673598779945517
0.603137273507935
0.397550448913825
0.702179698877354
0.242914657270765
1.42156416976179
1.35135995678361
0.673118727637552
0.528489252265183
0.664084143035808
0.22266227805851
0.810530738381588
0.542281566070335
0.621864202789383
0.427662669384868
2.14303470674846
0.308440066041943
0.51158025890748
0.56826912859345
0.57323155268917
0.888353814369401
0.598838447428143
0.893931455025556
0.758393240271056
0.738466768527353
0.823903293083434
0.653835342569314
0.549261180449022
0.448698010982674
0.689284546604193
1.13836744945216
1.15083125077974
0.504115069904269
0.573250317630878
0.358672990251091
0.629211696555827
1.90455463787884
0.751405229789764
0.87774343338009
0.75555432934444
0.661121914266576
0.846144232867537
1.37953260142923
0.512731592505248
0.544329529326948
0.334395031730779
0.87735877232769
0.496899051415603
0.551115562205779
0.819330408070134
0.376418996834453
0.582638665345014
0.44946481764946
0.374960496839604
0.336791635098977
0.645044152426827
0.762468667402999
0.686541813414716
1.07439727018663
0.631540338375009
1.08959275103395
1.15100040075707
0.576911475981306
0.623024284551243
0.410950837235454
1.15644675522871
0.416238010703303
0.98417390645708
1.07590423144432
0.939537033588756
1.06840694557166
0.49654199462359
0.935942021527818
1.27958399918433
0.975082554541269
0.485476868135026
0.539165708097331
0.637287900736071
0.540110954859172
0.531318114182519
0.597307708927364
0.947198998699011
0.511132456673797
0.517685056644224
0.843020733176189
1.03386757058298
0.90132145418145
0.642405021719254
0.346382462150198
0.306649025751911
0.798326208996841
0.772579544840696
0.549559590844203
1.05229262084629
0.56640728141943
1.11409657712434
0.724486970447246
0.788458660677037
0.48671084501633
0.795515129126622
0.777974090217955
0.754465318639688
0.77590233059187
0.495838792682073
1.13879864298176
0.878179069322757
0.598021184257555
0.796451789078884
0.998990990397056
0.551091385425038
0.495603210566703
0.630341604945438
0.413924366145741
0.406708642506762
0.685372121853844
0.579165620445221
0.80260017640541
0.944575096666801
0.764920700377437
0.308215506255559
0.670848090640703
0.741051093867811
0.770826758022974
0.714425152579872
0.488588262139625
1.26177133651096
1.2408677587638
0.693784874043832
0.628212346091178
0.988080864143095
0.437955629924491
0.51422570253923
0.570815435662761
1.42299432701294
0.67247888755562
0.368357738890501
0.482327308766709
0.735412025408697
0.315657639153634
1.0116948258455
0.941009238312659
0.701473691767502
0.669124560229572
0.854868340239341
0.635921705778277
0.590709121744665
0.658299678293094
0.355051363136297
0.402649039012164
1.13986751932297
0.710101124420341
0.356887231470174
1.24582440106377
0.358312787102565
0.814666688356077
0.700857795723702
0.402869474964628
0.499359995256083
0.64484053558896
0.808709444046597
0.299160360173958
0.47804895293491
0.565893724383786
0.589513009544525
1.17220190369874
0.850851286196576
0.5678666227014
0.482137229244503
1.88188798807628
2.45468452757274
0.758726713883692
0.45524246864621
0.967142946607884
0.550137427268255
0.531140909767181
3.44733105476619
0.470684200251269
0.388239483781979
0.730417944909008
0.576844964700848
0.915663088000487
0.884588692244199
0.61357676417692
1.21242012906745
2.46957840510742
0.764476173219061
0.684409677638698
0.490818885398817
0.684044086079317
0.627521530413501
0.751078761988313
1.13616471082507
0.81767922192339
0.660385368516192
1.78355750914447
0.99870502168583
0.795605735435735
0.420913171207979
0.637680644371531
0.90263134496934
0.805838765944293
0.675519289816493
0.486575964285009
0.534090217301972
0.621152228383349
0.788346981708507
1.09969456811861
0.653030797472982
0.518852104485378
0.844096778934887
0.356877477272794
1.23484328774829
0.954710668500634
1.03046540375523
0.761549289672108
1.06348425809902
0.432808203234884
0.820741817196943
0.536307513949119
0.367499828153807
0.597595993747744
0.691949577831912
0.397492385840433
0.321693738035811
1.06016286925269
1.02021316957002
1.05487293798208
0.719062862769829
0.354094667687382
0.353652461839633
0.3913046292155
1.65099922878659
0.875551327340965
0.462451655693019
1.15631354505169
0.849279188769895
0.712751863007858
0.555532996839665
0.491963696360891
0.472426605999116
0.531984278964202
1.00585007698802
0.35790908508985
0.481498525807185
1.25642541459316
1.19613885485625
1.1466297620139
1.64496895780157
0.428034027289351
0.513518215633599
0.390957728557739
0.928663571886305
0.531549987729211
0.325990555318851
0.758118764437489
0.84814124862552
0.70378071429212
1.1333065750227
0.40066270296663
0.836899541021559
1.26652609599448
0.504749217919011
0.452760892818705
0.971254548720028
0.300014179177768
0.744820214268995
0.640533483043234
0.350430567070176
0.925705253349358
0.799868904237688
0.723905617072437
0.44412386134195
0.53951422596004
1.54450233034016
0.691514686989518
0.375709967346428
0.804744450794407
0.533797587525695
0.600428537203249
0.469304134109644
0.274459991680282
0.994054965366052
0.583501447220284
0.948196678662776
1.06966998273795
0.512030703584384
0.573708772185738
0.398797368781844
1.08707916112951
1.07814478527213
0.721459216342988
0.945282857116307
0.703196835615993
0.747784760585931
0.579829008830406
1.91271456292029
0.723610743128118
0.693767066778926
0.996417058014283
0.606083859672513
1.01335182593585
1.69440662727907
1.27591310137154
0.434578401950124
0.449368059736771
0.504291218048457
0.803244987985031
1.48089200788241
0.982660821472771
0.761725162745595
0.983975688766598
0.887938164173914
0.690542146364731
1.00864008097555
0.621384479450857
0.616866815706037
0.479019771617694
0.881997976618516
0.878804696310407
0.700492084170599
2.35843132260196
1.09137733600367
0.443826558164777
1.05976928877312
0.654196560975285
0.574194685029744
0.913952560373055
0.996382326801477
0.945805109097458
0.699465814428369
0.288968981072096
0.986417203195648
0.539976837973656
0.553415071193941
0.621509257710752
0.423613523465845
1.22288583539074
0.896316754617932
0.523651991590059
0.520473938458016
0.706885409787831
0.475490212465742
0.694109343879932
0.861698180110328
0.553332932615
0.478787760943166
0.48446147741368
1.02352137152017
0.399732454107412
0.507599429410573
0.765354169486391
0.313426779276803
0.587194019027219
0.211868792583573
0.626970233008581
0.577974872807017
0.639994670724688
1.45873063122224
0.372527065299134
0.928361139282475
1.10026562938485
0.312587821457141
0.783537158010519
0.947571708865957
0.518439511192526
1.40507889498518
0.664451173134296
0.516611538076222
1.48411173186555
0.897519631631313
0.366288393634341
0.490186423680756
0.675374755295255
0.97296273219938
1.75722186399545
0.51860993004271
0.977750330718982
0.803389221453379
0.926706405368404
0.248313162162874
0.858216598202128
0.581563599292581
0.694510005067595
1.05383398679021
0.411954849130917
0.626037373878343
0.661367345629762
0.508042146897128
0.651552763160379
1.79157200909803
0.976066118295871
0.306211405829698
1.18839128014529
1.21483231902642
0.968207653713375
0.306139499570733
0.409992864806803
1.00097302788181
0.51457885787049
0.700728601894182
0.544767362137288
0.74959802902174
0.400740907533999
0.843989445988765
1.55883971688309
0.937708974394471
0.885592699314343
0.676874029946795
0.59941361173691
0.786834352282413
0.407533179676939
0.597385219097019
0.47471598768673
0.67426536507341
0.862955483459742
1.12492010233745
0.74399730335297
0.39650161467778
1.02679751398242
0.782044687794286
0.476385909808408
0.55118773364752
0.469272338059737
0.556396064291038
0.466166704893647
0.90487157024529
0.814121134571131
0.640005346299163
0.614498325358928
1.70946779913992
1.39365291067786
0.653700464513711
0.612343632983655
0.536680507554538
0.439533846962526
0.803810328536931
1.35396067426435
0.955455393478092
0.496553827910126
0.339092725820969
0.409855123483613
0.589672495349349
1.33195203229928
1.10420186263719
0.693282925244453
0.379348279657904
0.650234477851129
1.15960636607018
0.770982812664232
0.434292599067085
0.503102264098902
0.349525167317935
0.928264998144286
0.343598753167622
0.331933876430193
0.627417188030481
0.680569942856665
0.506136317511921
0.598030087276206
1.42649528872165
0.914644178717171
0.433906436297773
0.517237780369291
1.05954850207915
0.658172769399853
0.902234615380611
0.470046631911842
0.587069138695249
0.591679689770741
0.476688958005779
0.654294051744828
0.633203621528123
0.628356319281847
0.413357498330496
0.686463714400897
0.339823428955137
0.473487269024267
0.659238507300152
0.438737694478952
0.477755578310059
0.77265061121745
0.819555974126205
0.982468535409625
0.561407235080257
0.665542024998447
0.739919444779491
1.62263614874891
0.223101579032916
0.968907373058806
0.446916659076721
0.685738368533739
0.723471389787723
0.589145416835666
0.788264705920551
0.605068551645321
1.16245451036678
0.442422274841347
0.964241495051906
0.815610279299479
0.315966626294691
0.539817013526109
0.509972425812785
0.753283602942479
0.982482104519245
0.597388897444688
0.783191617672091
0.247231030223815
1.26413670168486
0.39872085110816
0.766521360353553
0.485953770826614
0.581193593411922
1.14646921815211
0.675291691529188
0.858982095140355
1.03776181546567
0.283282061791531
0.989624718006412
0.920639045656191
0.324980522082139
0.797383372760474
0.52957190724161
0.714951817791181
0.681129136481269
0.32259841380144
0.661503765815212
0.645080163300677
0.706782366184702
0.39164067765443
0.249348660164317
0.789736708214656
0.921234011596912
1.15142617007503
0.716023348520897
0.782620135484917
0.477484564517368
0.984430975905253
0.447178712542811
1.00448180233606
0.601987914633784
0.640641988199655
0.57192557720511
1.23996396090671
0.907569514376422
0.924143555973537
0.694549927527688
0.399613217213096
1.90611117160358
0.583150146225145
0.717233731602914
0.598170761669186
0.413908296538625
1.00799624453784
0.976404412712774
1.25234283703886
0.624972884605861
0.785366884714792
0.716118815997804
0.402815131867166
0.472235475439682
1.36169933520301
0.981464957883367
0.555456002636004
0.565940527628802
0.751056294336258
0.727850901625728
0.539741263377899
0.749605747754547
0.836226282227936
0.651377117555453
0.746378779276252
0.794937620413299
0.808692020869304
1.05749355854941
0.672725036397303
0.666648135693741
0.368759938557203
0.663729361466681
0.616518619073404
1.72448669985422
1.39424415314624
2.03053965918948
2.23626556164225
0.521396859806349
0.648809959956645
0.500950262149883
0.725004127366941
0.644740788767034
0.643092963039985
0.264819675907254
0.270217474370954
0.916715363771559
0.523154763509621
0.435027646849781
0.50431203067202
1.11559658054409
0.496338117363255
0.88110356339111
0.935243611466601
0.804248886120728
0.811763915389506
0.544022025395962
0.762954965749767
1.08210839260231
0.47723686456025
0.67174345726994
1.65355187015853
0.891677517625099
0.449139232349295
0.62790501260799
0.37542549341387
0.491874531284894
0.915723273787601
0.713355875105766
0.384992200850552
0.420515527334722
0.460733941336984
0.862217654690457
0.651624611191773
0.419636676671511
0.538202177189514
0.498877989557389
1.02775015686037
0.687544770610382
1.11549015907553
0.334478673466208
0.405917799778434
0.40062320442604
0.666814212848098
0.780464126470491
0.865152516830363
1.11812871383532
0.80082111413515
1.10437505316913
0.579414634047785
0.378706311512984
0.901865097078308
0.647049622449664
0.54448753565082
0.295770125691596
0.468192800657736
0.870050830297793
0.324763851774877
1.26969503139072
0.417840772422942
0.662536049560082
1.32237392183825
1.4054753534176
0.790774877369609
0.524482714771679
0.692079917450207
0.636365635874252
0.488708774651962
0.947140042196647
0.587833821514262
0.295884626620246
0.956949016671482
0.536853058871736
0.392313100527763
0.425920353359743
0.408711801959376
0.612970521815136
1.04870953447504
0.481718316719166
0.417261344091788
0.601545103313504
0.413190000327356
0.345379892044351
1.43076286734556
1.50034533883564
2.18074953857002
1.39682302667892
1.57367134954076
0.878253551451305
1.27809145934587
0.614736841725233
0.532609761436763
0.853103288881981
0.686785698056106
0.47653776867255
0.826288885495577
0.631938781875326
0.75558968861265
0.890486937301402
0.601506780262738
0.467662757404478
0.903015323753065
0.613510321023751
0.572795039479935
0.442158699695087
0.497260311457124
0.459121259412242
0.893813087311993
0.591843261004518
1.26022010295637
0.398098764416937
0.676311436130096
0.456379598103995
0.79607687032887
0.754172286659548
0.751856900132862
0.812362335539415
0.826899992519315
0.634446717703944
1.1078049722927
0.641666921510902
0.489514544098917
0.608247772151023
0.641444413425978
0.890428803105218
0.631835090460469
0.427021052342561
0.972416237080602
0.666172066425898
0.638948909418027
0.700338847387287
0.486103124157914
1.02672235864295
0.517431150260729
0.387627188252821
0.483962435443713
1.15636372261115
1.7601469171323
0.508045577186938
1.03400180738624
1.38070677001301
0.614971800990005
0.491472126581105
0.584650716601936
0.392903806191885
1.0123356766786
0.489233929232974
0.47366699168098
0.340531531690521
0.531078333950361
2.36173708493795
0.446681365870186
0.664826325269225
0.622948976429915
0.567299269538228
0.597986472553445
0.458057635303853
0.745616278193855
0.51988766827555
0.81675099330799
0.726422985946177
0.560734839967213
1.2246995408855
0.820593783638342
0.51433776162471
0.789818285520138
0.597818039406617
0.96356775475229
0.53881331352187
0.391274606621192
0.376938080396333
0.735745443303506
0.710710049486511
0.269018851791168
0.706624320649297
0.446752967803352
0.366067041537745
0.395248776402676
0.626638810931494
0.350584301048035
0.509313182773432
0.698589542948147
0.652241643745736
0.564405267277849
0.577908340952196
0.771590446302613
0.70504287046361
0.497966835972414
0.632949899548439
0.813217840412651
0.372562854921605
0.990615667389144
0.492995399873558
0.800488113723912
0.679201656040246
0.517030458460023
0.996152046025466
0.284583154519806
1.26247035902459
0.499333405549092
0.992347326507944
0.763072016285578
0.600614950858011
1.21926181753584
0.712958494797341
0.501460303620581
0.637634601043432
1.66422101282727
0.656116856818873
0.78655935597671
1.14371911860543
0.902983260627869
0.513431394861303
0.65229910599162
0.348395484366003
0.646275660213501
1.1352613102118
0.325825508836619
1.37306946290171
0.546082264428825
1.20528492506101
0.281727485203809
0.596781103679283
0.664520087835611
0.552279822622358
0.950132299989509
0.872542598849263
0.398520482878045
0.828724098706475
0.620670061979823
0.487127259060889
0.702793374975606
0.912725643022363
0.533222134797189
0.573796386089286
0.354035274992199
0.494917730732565
1.32476165151654
1.38710483911906
0.720973528108877
0.717608540337721
0.754771657730793
0.400780402941461
0.762297324840237
0.760082210599285
1.36302996531124
2.05349123808068
0.66171078374183
0.345241348788475
0.470451255344771
0.363573503574638
0.39823349624009
0.975145982666644
0.811157820333781
0.636960313959916
0.809410400662088
1.15687400747356
0.66936444691144
0.482164239076585
0.79174875398717
0.374276580621104
0.66731996096547
1.06328520266427
0.899041298848906
0.696192307041799
0.488738784314303
0.946795812387733
1.05373032356925
0.392413932598638
0.555090218245615
0.690010406952774
1.03712089268463
0.868772316984069
0.767876782810196
1.37902152307439
0.817807917048384
0.80417542074554
0.697087463470579
0.737332879901375
0.550797729491796
0.543036192321081
0.362880706197593
0.680789347434048
0.702720216269736
1.09658897140811
0.472306744374231
0.586710549144552
0.570942566563907
0.257193025755025
0.538208070525915
0.767640303228773
0.317943237618719
0.717089432997988
0.51023008172933
1.27080911965179
0.71288879670089
0.836522772202135
1.22223830637409
0.600439511700631
0.688970262011106
0.756818817778455
0.488548558903303
1.37595403174496
0.691612194269948
0.84785567354677
1.23258505237452
0.618012952558791
1.17719787322864
0.788730660814137
0.375985680276575
0.743800855113233
0.432763042973438
0.50778942376513
0.615387480200469
0.348121763178606
0.822626864786025
1.22407358699223
0.436778109689528
0.460051727608179
0.339973594387937
0.957485255108946
0.520078116379889
0.602771750680538
0.488161440882056
1.21054095259205
1.0533490594887
0.34914352880374
0.539728738882538
1.40051642719352
0.223065084217828
0.797578640619607
0.575727394024559
0.594333626061493
1.02534214558866
0.491583578152554
0.715230680560806
1.09492272676368
1.19615843889371
1.65749702397134
1.22170752890193
0.609860469629811
0.667496706438863
0.280909721769378
1.11102240521965
1.58760050021052
0.424392134473991
1.74696602390771
0.628511229023706
0.442331970050787
0.560723413460366
0.358403403213729
0.599978626708797
0.583423273393699
0.712294717987206
0.550789200734722
0.541205721283359
1.43061979779566
0.843136826835605
0.962783340525411
1.16187287553959
1.5069402230446
0.586809194226508
0.332662540049603
0.436665941010015
0.618006838838164
0.781676830187556
0.641194703475176
0.576623061647782
0.25180747845244
1.44112986109816
1.03640204771578
0.644213064288579
0.846939874204437
1.11542168087039
0.783167102401359
0.36739646730218
0.431831683107529
1.09505155012542
0.414748699236428
0.740676091177216
0.477100234830589
0.526821308376308
0.625515833182584
0.447495435540903
0.657889832847875
0.294089346734644
0.654017995501205
0.884943545005312
0.256736700114574
1.05865221879242
0.786008314761211
0.697417294265516
0.589450978947096
0.888741525448523
0.437660354733641
0.736705048667085
0.367510531978972
1.13863498597392
0.411490087699989
0.352375290036938
0.566849775773997
0.917643795993822
0.845095788014889
0.782378066593115
0.749937211870377
0.392377696126504
0.467431233640251
1.02954001777238
0.574482714798182
0.496751555128239
0.842549711128994
0.80070011587068
0.793547988974953
0.848457193583233
0.729929873841087
0.256694146647744
0.546198158703884
0.807200110709498
0.507096273564462
0.566763690509532
0.847409649075327
0.566278577568471
0.742259753423094
0.477483287456624
0.549356026335188
0.994638693609577
0.477683436732743
0.765648003126815
0.685527434477027
0.800812379251556
0.648201493784064
0.436006409205698
0.470958057874557
0.628534353560361
1.57417515599626
0.428089475936505
0.541231164807739
0.943298621514974
0.386413608269968
0.824849927167761
1.26445558114103
0.726052903565607
0.340210092939844
1.18196669522577
0.733458922084295
0.746306465961126
0.304210034940217
0.536007957931153
0.632807597253891
0.440862268011289
0.708751397412849
0.64596751035076
0.784750151590466
0.370294385415819
0.926091054512528
1.26282527182209
0.695655112284381
0.738087754065693
1.07429764540554
0.447059557848645
0.486284525974396
0.714079676202543
0.902721186562869
0.240802156021246
1.03697972168813
0.606227903404757
0.450855390729889
0.527705596894017
0.742232332245808
0.922488404601403
0.537361947018354
0.750550549269977
0.581064559136988
0.620633341260311
1.83833707504011
2.12148109433494
0.95961135743914
0.317632137909211
0.933405325596089
0.545509541775944
1.21320354239526
0.560875716195411
0.915114999530851
0.900102524337781
0.715273823447868
0.596808276015021
0.865351750855742
0.64507198671035
0.287433658958686
0.714626667174799
0.609983706377641
1.08817119254871
0.624444770544794
0.514043837374968
0.507715309275026
0.734942201901378
0.890345215734684
0.818171872064584
0.521905426828992
0.358878439386681
0.460000490025541
0.666797458258271
1.13543392033818
0.61995387406086
0.658086994736705
1.08425762974172
0.531884109060909
0.925456051578053
0.60520087688652
1.11772629229838
0.982643874079447
0.421606333439822
1.04353988739941
0.483367889238588
0.483030488940144
0.497906937756357
0.361384656843131
0.65959349328885
0.520857790112662
0.484380375617357
0.400023247926303
0.822939054766096
0.442770329499878
0.632719072334681
0.783071109420135
0.459212143582863
0.293510360651458
0.611045058714464
1.22053834515808
0.381873641743024
0.447683581118168
0.674911997844489
0.618120279983526
1.03580624555104
1.11603339053434
0.334582637214549
0.558606114506556
0.754758136310559
0.49489315877818
0.348176469145645
0.650934873638848
0.983858711416543
0.48101505091866
1.031653194721
0.321812121341707
0.531722095942126
0.524435348610445
0.452899351827347
0.280553758371304
0.793124771629231
1.00148353266938
0.469841047785684
0.985387994374344
0.643723647287289
0.580927108860485
0.296390678641607
1.16954864244824
0.658518163543782
0.441161257167301
0.851927475685798
0.961931011549234
0.631635803819886
0.838348359080717
0.586922395801817
0.757000451325548
0.627479334321123
0.778505549579749
1.05912114613067
0.620994112977842
0.702825041387167
0.52403962669609
0.907721284609199
0.573546109215453
0.410019782814785
0.594470282679004
0.915239347703026
1.08828169200249
0.506430505520973
0.996072466526792
0.579906598283447
0.598052789954761
1.32230844524877
0.625623572555192
0.674719788872762
0.843175531548793
0.329551012189452
0.605160884963251
1.05212690021071
0.304206351370673
0.771307250960155
0.93957410860765
0.926834512674755
0.744536544538865
0.762557512068204
0.544008383381926
0.816872412382769
0.948745541162953
0.742284776202319
0.740165682310625
0.580308025803547
1.10384126147986
0.639694282296499
0.570232699130206
1.05243968370869
0.865370196912371
0.564975318417004
0.676558063509022
0.379941847936276
0.434940320981681
0.338365304346829
1.68866959801023
0.439184734610582
0.474193156721503
0.602161899306253
1.1135771579222
0.741749963664935
0.331629754982117
0.381988961971459
0.644173189442682
2.70382542530054
0.403163077514124
0.670034082668336
1.22853677663679
1.28818306868988
0.536374464190821
0.889691457521887
0.566426896614465
0.830893361157255
0.336505591284484
0.60059303100279
0.465931396783681
0.557543276575655
1.34274666786184
1.13125699096837
0.675705622058395
0.429557247349735
0.69561505263543
0.498270583489772
1.13824586821196
1.04938840645266
0.722686030074705
0.614501282442049
0.594111760571336
1.29100241752468
1.5740473540166
1.94905384962513
0.991061779463264
0.320782413344881
0.312305098679565
1.07056860726387
0.566352520764758
0.518998124294483
0.692492911100084
0.704408772315453
2.00667299265781
0.7059170396455
0.739093791479252
0.735638488788684
0.45361849286777
0.489890976718562
0.854455499134884
0.381695037172695
0.912130212107877
0.507399487038332
0.346610020052068
0.566807078186543
0.42423734321054
0.326998459145447
1.12216012202789
0.639298991871733
1.67366840165186
0.307885761488344
0.470622173578541
0.707267728808894
0.974069759137291
0.763663000314033
0.592390121869509
0.620160656922088
1.16164879992501
0.784049647313751
0.387839601634678
0.842321324778616
0.801695863679722
0.334077568810882
0.586713688766579
0.864069074252416
1.07153361977437
0.854699152766761
0.937688090996221
0.527321411782904
0.419517738060228
0.577064465069646
0.564320149498956
0.471925616418241
0.598899566529316
0.718789971756991
0.821595393906339
0.788250968910798
0.191933924199111
0.571702489893516
0.827370310220976
0.939160068519654
0.853232339359034
0.571367741525253
0.323856788065399
0.984672002647845
0.46528646460186
0.665828729805799
0.414175205815861
0.843714413223571
1.25150762715656
0.593023827725238
0.839598751464195
0.502675584991489
0.743473502193527
1.30058134899739
0.727510711990236
0.574948589169878
0.713956392584595
0.803048218830136
0.617561098832205
0.730194016326744
0.446087559792089
0.381957389018663
0.635963312364267
1.36609182962228
0.351215791051997
0.533104303432352
1.18410383678858
0.624527070582286
0.732744911456227
0.993447842584589
0.805209452174118
1.15906214758899
0.635378043133937
0.655123723460315
0.64221197791736
0.706451008099989
0.681422926138317
0.323546637791223
0.448011216921165
0.256014647055992
0.587243812071007
2.84944069260631
0.494366381916146
0.363538409893712
0.382332474581828
0.935103951609589
0.780809595250872
1.32026087679457
0.973340903813413
1.15102043003799
1.10878293457235
0.722378352340412
0.655328063186115
0.387658745252279
0.723168537663735
0.673706024643859
0.248562537255895
0.577966337448015
0.924859804961182
0.472024876471993
0.426394574186418
0.628806097436508
1.00946935402029
0.552060243741674
0.528764760835599
0.540171294690199
0.213242480975941
0.618974298622265
0.640177154807819
0.309431130394009
0.748674681668013
0.601564491809074
0.378405243496369
0.297923254308694
0.889645687664502
0.482789006997654
0.849538148668126
0.413174445470797
1.22549812189061
0.732435895896673
0.731054807602541
0.317403389299451
0.879414743474608
0.630207886759408
0.775989108002092
0.449130940210414
0.343734429299746
0.301255033098121
0.973309847015101
1.49543090380258
0.281300017655917
0.916111154981734
1.32626342368191
1.11297249927499
1.44224873649173
0.498100318486554
0.357658186775121
0.659285222905908
0.659405406962564
1.19131081540275
0.564785077913235
0.60273443140594
1.26610334647405
0.612947364142776
0.911211545985795
1.11547605865936
1.1874599251496
1.02253062094283
0.237468503346711
0.698623732131198
0.647314508011958
1.25054778094353
1.04305447673727
0.633490248717939
1.04777910560754
0.387159590724411
0.722006208325306
0.638666797075929
0.516926353758615
0.551091488707467
0.971013324251549
0.414610560008131
0.546643142910528
0.62346968678229
0.782357774406643
1.13214571621061
0.656700260416885
0.829210962566862
0.597404653840966
0.51057472743032
1.39089704892782
0.706634074556568
0.540716485229616
0.847343795376796
0.415512089395851
0.93706977750556
0.663405109279462
0.982210948938617
0.399699501916393
0.417730055835215
0.617807213505902
0.423063739787654
0.335679466822779
0.415343427024833
0.299373762199876
0.748524977847829
1.32983762669052
0.394703434002352
0.899028630887641
0.47179295658702
0.537560915386781
0.805246199604742
0.53469776254091
0.266624290467573
0.608401552870448
0.844535563901955
0.720831539918321
0.689404994125779
0.484972349048534
1.07792904853863
0.492198164593362
1.32256274995003
1.22573068775875
0.368853905301096
0.751888968996487
0.912679720710709
0.652844723548803
0.274495551463869
0.36488734477006
0.778938972737387
0.336996604364302
0.904011116395521
0.470026806263272
0.489795430741169
0.500423900593969
0.439849161631104
0.486368755270515
0.618013081126475
0.831282035339176
0.588226409291126
0.595389610951416
0.696774422766002
0.573748572681774
1.23743925863403
0.501196538190794
0.363378107675633
0.543803446823548
0.546825650064773
0.399164943171967
0.486897103609604
0.521044277484932
0.516554519536742
0.510920159338673
0.920621120787373
0.592405707083527
0.225006263924492
0.831848875540513
0.770369400967321
0.688478405562916
0.66866946636002
0.420960225435523
0.6379665568871
0.474585094504842
0.740475022903859
0.571011228324124
0.769019440303094
0.541676788300189
0.674044617972451
0.780871157203611
0.626281479671979
1.07384835577795
0.746537433186329
0.625043114573051
0.394162982550211
0.329761857357772
0.735243635618657
0.495206874317802
0.997026807678872
0.561049770539462
0.770828877317745
0.552585362280374
1.10869506210256
0.697081602785361
1.09008275594572
0.491467097505255
0.549174338513184
0.438670079179775
0.344674561716811
1.12246514176709
0.385868713218421
0.558834344526254
0.71956641619145
0.867454611307381
0.514261445352497
0.455089949680426
0.962776905238692
0.419671337994042
0.506891649103409
0.809511215182897
0.762217654533777
0.488719293359152
0.7627126757775
0.683974403642326
0.5949726050068
0.957235596811206
0.505409399319665
0.64625315566568
0.705717305094753
0.536132135633133
0.556077554480004
0.55773705428633
0.554623296050031
0.339590764453018
0.709596041082248
1.01477813327609
0.750237365917896
0.817799244450832
1.33856937151738
0.682381503918778
0.663311668469697
0.411698031255677
1.05476604300565
0.456545056694041
0.690616733606938
0.297821489389472
0.543847083548227
0.68694881914878
1.38742480907158
0.808305416823812
0.987046264947771
0.734528707829817
0.91391840063196
0.992919334909612
0.945790378830261
0.607384104430819
0.854699563337308
0.362198553508167
0.559216556746293
1.03851402935005
0.82909821405708
0.401447109244837
0.650314508424641
0.555816492057394
0.58121387341064
0.382635874930873
0.593732533695806
0.534783961054109
0.60819682676231
1.55233095612014
0.665866625899151
0.664118059915115
0.673978613972224
0.261837836691967
0.718038090028749
0.717795117274784
0.859368360840338
0.301325208706675
0.533581000017488
0.500507736520466
0.850834322321971
0.759762632305689
0.525573252319556
0.437778693615795
0.270086725876616
0.565601679357009
0.649222979311724
0.411719358875834
0.474110310153722
1.99329996489231
0.813136767109307
0.772220635441401
1.30918784598314
1.1518619261749
0.628125064408561
0.740516408814577
0.549339093190718
0.306894820215851
1.51798422892512
1.54345580932799
2.93723125223284
0.861604258351358
1.02589948556202
0.616764236480714
0.664284737115808
0.601707981019001
0.801434315601991
0.584521416125336
0.397688218835643
0.601746769029682
0.914137251023197
0.884462383692655
0.71302823056842
0.666906818687044
0.390566795031108
0.493706430339197
0.544663942491255
0.341028638754006
0.538812206840587
0.84592770438309
0.68906332090901
0.967322058776089
0.519815127767892
0.453798607782554
0.736995245488063
0.697034989960677
1.19033466212045
1.07763981748018
0.438938973891809
0.851198320880331
0.646210250433557
0.9906560622859
0.416770367274797
0.612893090716194
0.406033551967241
0.478669945928243
0.627493687084262
0.741349832791188
0.307564176496191
0.227514144157233
0.524340005197126
0.264566663632396
0.482029109468981
0.689692457060298
0.486188186590769
0.789141842192835
0.517341485479257
0.366909372896538
1.09717988582487
0.647555670053541
0.645437800359067
0.530152276324183
0.558438480045423
0.502677258635063
0.65442692942386
0.27728152110575
0.386095335580722
0.631724551977138
0.692536881053553
0.51596139624958
0.591658290406167
0.833250181088274
0.612424331482745
1.71224306633781
0.346954528127681
0.659788745607378
0.917816946342865
0.378412738668339
0.718319557758646
0.622575207213663
0.534513047810919
1.41270131394971
1.20853386292936
0.64062497481074
0.399472919519918
0.414914766882917
1.17564146178646
0.285213385582479
0.694916287430185
0.387040154734316
0.747951212006495
0.830934081925082
0.655204878547269
0.4398051627213
0.707650895945896
0.74825370436276
0.456917760403951
0.547728180530799
0.518538916261152
0.546503668289362
0.650768239232865
0.671721167455876
1.07947449482228
1.6098350550156
1.53401155953511
0.664311263386958
0.421954627721247
0.835809398894388
0.380913881896229
0.437134052947363
0.445130727741852
0.636206424731021
0.625181356870999
1.09761117046164
0.796602945253363
0.938441470581099
1.41183836705493
0.512181479950317
0.841490507639405
0.673793816305211
0.691760121862035
0.482191264162681
0.770557606963869
0.64161296168849
0.624996648426343
0.819932421569569
0.673651877906129
0.597318750744963
0.36798524951963
0.777701396889806
0.759899548241625
0.700583572448015
0.678634907344752
0.748798923491981
0.434204729595377
0.785831152447552
0.472834742457475
0.397318331244411
1.2894642848441
0.698196626974873
0.804515162933136
1.26298252527805
0.486435292174309
1.28914872025888
0.478982616993903
0.620930568962865
1.2116427638335
0.803533765848182
0.72088153907722
0.51911003243513
0.917470889166452
1.55072399258931
1.11221704035305
0.292285346395149
0.744342258984832
0.42052535947665
0.803264679938743
0.972589590745647
0.519310529522992
0.426853075119195
0.553496559059433
0.982361207647823
0.800555030466515
0.970837412352795
0.275243765816611
1.11876624769636
0.801720392845352
1.77856400528792
0.675870742936148
0.907215886475834
0.507624926653652
0.532109419456613
0.884673380745608
0.630204724437752
1.24013953119333
0.76226434971673
0.477748439749206
1.54568772167325
0.475740148709753
0.614826833047299
0.865168575273822
0.640492087075639
0.794456182276429
0.700536977207486
0.53192656707145
0.636421132046108
0.769543682420028
0.678138955629656
0.379562182883998
0.578607726416779
0.34227946150248
0.556384445411086
0.869998996024758
0.589146931215179
0.735827782286213
0.764647768484502
0.717002648815628
0.466103766884468
0.932584038537608
0.32920775559936
0.462792245823871
0.913210348900547
0.473373860938277
0.718823676656333
0.811880553990821
0.641065407405874
0.451584313362874
0.479495317567423
0.345446387653486
0.515504931098327
1.04194896415441
0.767604547157891
0.63878131501033
0.534127830447841
0.508278790293434
1.43064528979665
0.603230947531583
0.625023609459182
0.756907430075652
0.37714827635849
0.606960301190308
0.687276130487589
0.476445270305579
1.06342255896307
0.585001194077116
0.857795421951136
0.408737095549344
1.04251941573735
0.623961364401507
0.287393069910968
0.574284236775262
0.349898713046884
0.62524484065191
1.24554509088159
0.930733890954793
0.696515629079852
0.832202939259375
1.67024379821727
0.370743736749019
0.869165385359191
1.01632413627014
0.681921936328145
0.537542100905268
0.758418003633596
0.793377872546331
0.741415938656818
1.26730442423169
0.784187214823696
0.530970179253442
0.304264643441751
0.744855179036311
1.60891709711085
1.81403780870929
0.872873464129473
0.39227624872191
0.819947550317931
0.177175696012607
0.975425189889937
0.734975716283606
0.337451279403796
1.21274382683102
0.610411837557095
0.32733511536433
0.224384456234666
0.417436377033705
0.451280680882997
0.978209441818054
0.450909395532109
0.586817822735079
0.501401730958909
0.558884981343802
0.706666797381155
0.578086163523311
0.560258708890612
0.676033357001379
0.736391603048878
0.539409616695814
1.14147162588702
0.598332291061959
1.13496697878169
0.404379361895062
1.08169656283517
0.648271292825125
0.50849868728907
0.789143698755433
0.684120936939271
0.401620873237198
0.512012778013439
0.448095658292475
0.579245179395552
1.1205905801192
1.21604797609439
0.6826006382638
0.783946029706461
0.740752949685926
0.303067106997407
0.469268970621787
0.717266575616683
0.274656783808034
0.935303134014242
0.907194168389622
0.461317167677346
1.81227814914801
0.678163559434458
0.837998144063343
0.88364245972032
0.53201437974819
1.9098866504638
0.583948243750691
1.44241291634643
1.68202644524343
0.702649674792482
0.497385709259348
0.56738003947072
0.500935174181031
0.365813623322157
0.56460855232062
1.61643430139392
0.425178045896149
0.550144864399154
0.484735979098192
0.787237674250187
0.795655683129214
0.971317294514192
0.29640729602483
0.692807384715925
0.835598618221527
0.463906002976737
1.22421886926706
0.926781566285264
0.857616480683937
2.94715654227935
4.06793500032346
6.4586983440037
3.14325490897568
4.96394839976795
4.41987830300112
10.8298382109472
4.92276450261943
3.75819562471509
8.05636076586583
2.74043142529685
2.55852182052881
4.18402599322215
4.15773130790589
2.50520475214481
2.98380814622729
2.00039911198579
2.09837075824556
1.56542904299978
0.42059976249925
0.550645291587621
0.807446657263747
0.683802297301549
0.3634575228369
0.894360096773931
2.44184619687858
1.08928919036904
0.580723218884502
1.08387270698971
0.892062759832498
0.826567919440224
0.509929869940577
0.70506778863597
0.826478236283882
1.3241088547771
0.45339876719528
0.535218468040849
0.626888125434837
0.971333315373642
0.507872001034138
1.04307231541821
0.773557141061989
0.538097084523385
0.418678100972603
0.786628266556237
1.65378443257106
1.44267351197345
0.492406370399699
0.597907800116182
0.478681897460692
1.04652841400487
0.804890621749174
0.54586794478062
0.429145129264533
0.862160163694198
1.25163973016034
1.61013024335269
1.90963134812605
2.47613604634969
0.468928167342404
0.528850683324212
0.5747615345864
0.852663769414788
0.878053659019006
0.425929620195873
0.460556508511884
0.923753521029875
0.87487013048652
0.434302052306317
0.866639428621381
1.42317320140463
0.781699242510797
0.524414791459356
0.853664885819223
0.523403209612865
0.535235144798874
0.616893096026178
0.540445456463575
0.621852792170081
0.198789811256543
0.676533310379672
1.006319456493
0.328751770385862
0.527672954432481
0.570301794421184
1.30002808656106
0.415557617896163
0.691398147491155
1.25301712442932
1.05561804440865
0.670630960445942
0.563385171896018
0.346319814596162
0.388874711960651
0.658726004210529
0.612168769932517
1.47173229962729
0.561487743734031
0.751981924284213
0.555699150862162
0.611343659088268
0.574889875047035
1.00252082550126
0.823255957888228
0.57585599767715
0.785584892367208
0.465926107363135
0.394700719563929
0.632215930286986
0.403372685220239
0.883287906436511
0.754873448712409
0.475716223804876
0.379163125903576
0.88978593461432
1.54476471466593
1.40850629500358
0.588758306490795
1.1185481755063
0.523036136102096
0.895385995271666
0.8065164371205
0.90089842857337
0.506462259483071
0.331748460200847
1.10268311197783
0.55289509730118
0.523272605902861
0.258894935346956
1.02988849708341
1.45963148506701
1.38531824417927
0.888457505237705
0.478503150239032
0.871702286360304
0.450956225021792
0.922822075002263
0.634025452947282
0.73749966274236
1.25848664202652
0.922323819516118
0.643682233543665
0.566658632926496
0.404232431366017
0.980337372287924
0.600458207489628
0.569729056742698
0.867539763903157
0.442429123023916
0.531230469592521
0.587169931647475
1.08150766273244
0.832193583690709
0.385625206554886
0.576406643220647
0.683115343845663
1.1535526066917
0.874606790967409
0.699675741683728
0.663622345285239
1.2818673103456
0.704294096010626
0.754449001908223
0.426667682328153
0.306193188830743
0.555562445539207
0.523982700786933
0.587224055650455
0.299833383275762
0.678327900916525
0.542652032337214
0.507023674826929
0.633829798266674
0.311502576928152
0.857005144364572
0.795591660612716
0.614704592082453
0.659267567601053
0.435687585443182
0.488683097861434
1.15898097514998
0.725309493575955
0.499858962111135
0.615501009797585
0.930737228996001
0.442600503608778
0.668441452827035
0.451518674261962
0.326826386423978
0.591628604300214
0.682678964873358
0.837923654125871
0.299585870845933
0.407825730930311
0.333706066561209
0.29020928496019
0.481732101554004
0.541770356592224
0.801790948525378
1.44282259061165
0.676434008342597
0.929794116752362
1.37844927945759
0.591303884307942
0.760304863515302
0.461711725654593
0.846091699998902
0.401165829070887
1.33646392783469
0.695795477506612
0.509500874708616
1.20635121037762
0.598226555787957
0.911614527184516
0.554455055171832
0.769514148462523
0.533739103327769
0.865476294828805
0.503988034313747
0.562585602674611
0.606103552442595
0.452755199740734
0.858073585347864
0.460160870518774
1.34054127766138
0.444545105791582
0.624797424787638
0.534898545763933
0.399206796339073
1.29565051217577
1.03380078332742
0.635141577362863
1.52033368756041
0.40108276453651
1.92769785459247
0.651964061057818
1.59840594674354
1.22472420102162
0.551472498451791
0.913436920176051
0.894494032550972
0.470882434282551
0.954229116812751
0.399905772322595
0.635106124754345
1.04637895880439
0.561535536812835
0.652809451817275
0.722811642641929
0.601234945596674
0.676165028555554
0.688212984395235
1.19176279613806
0.732476138399047
0.490449856559115
0.820487510322619
0.478680400104757
0.652007499448755
0.587885286849855
0.482123690322059
0.926410608232542
0.937841490632445
0.46163761835263
0.898379288127552
0.434092406257558
0.343787527215267
1.07856640066211
0.809126193993666
0.712845112883839
0.285046898902774
0.40709788914209
0.316711470595036
0.537830446509763
0.371373140607552
0.606599867221051
0.674938978996151
1.22051497475069
0.851396780641811
0.98116565974482
0.981131849643429
0.607745070842749
0.518055347341432
0.638535171732569
0.535800762179687
0.63155260313355
0.554439693561117
0.469180970182735
0.818527532798025
0.640748614072921
0.452710898971159
0.982611726651136
0.313944237269232
0.730954725110943
0.342144863478118
0.626189758982874
1.44080542024265
0.602183382092862
0.796910741004876
0.625621486561054
1.41179807040847
0.953477031218348
0.462561341251787
0.509596680952162
0.315363005995172
0.420976949199082
1.22452592253102
0.560698178801638
0.768057673895703
0.49534645409862
0.592896381883277
1.01527922446887
0.916454236620586
0.973411857393645
1.08832193837819
0.672472648373754
1.93211975150191
1.00540020189661
0.52843247282099
0.814133011479178
0.856336326865358
0.649484089228215
0.979841479824791
0.405264930699426
0.31970787677989
0.439689428397823
0.375808968581287
0.43936501535656
0.401449064579168
0.342149921700354
0.529179695343444
0.662490026332568
0.379210210816866
0.619912949204912
0.727560740006608
0.428004458607622
0.616398757274059
0.421084013232148
0.872990873725516
0.403830925798137
0.347468945484785
1.00098416682588
0.378487314501912
0.451841353638913
0.455790926430489
0.652122923751135
0.741250505799721
0.560669522581753
1.36267514684914
0.587412565533116
0.613388298145614
0.485323162777557
0.523879805762255
0.451001945881334
0.989471428274854
0.345322212474073
0.595690440605267
0.594945195371218
0.342221036573461
0.981160879226702
0.643801729368764
0.267987401162184
0.595177308121597
0.32900450687009
1.53818642094752
1.27592969531155
0.531502917871339
1.12689395255134
0.656170365436892
0.881826486019906
0.963251211756124
0.572520264806244
1.43989284664932
0.586007722247141
0.870223855871475
0.768446468751893
0.678985475416654
0.37779130969864
1.02050765801125
0.651977861531023
0.720943106186511
0.297912511557483
0.766583692681513
1.27453611036931
0.620563733407857
1.39195975282513
1.71779213925261
0.589472420310273
0.437611666607673
0.580236208171539
0.36540854274421
1.17634721133706
0.381442631190685
0.301058301665462
0.834140538928536
1.07552474702528
1.01587145894741
0.492967238767556
0.737163619476883
0.715717720960791
0.463242974670804
0.782098205960206
0.895350154490181
0.381676316206874
0.584306441841309
0.56691715740453
0.427866202241042
0.798605721306827
0.508599518228431
1.13742092676959
0.354730183960677
0.754083567980097
0.375921361559413
1.59885975343421
0.568383268105433
1.2725039062346
0.626007683527625
1.21733994208098
1.65535100592866
3.0617343157755
2.37128508154092
1.71948352162183
1.1098242981318
1.31042225617042
0.721281564745392
0.551929319666829
0.737475466932571
0.583553993206844
0.6247188448031
1.00882707189757
0.395410328355983
0.342385692832535
0.607257200715803
0.506498758062406
0.336055654539273
0.49741309290384
0.564718332455654
0.33825233891075
0.81960844622205
0.489046887191413
0.54774633996651
0.542591085865425
0.436777657190905
0.905068591093986
0.881455469670978
0.501583061311382
0.672678544292089
0.70319252405781
0.388514309445277
1.39705530277707
0.347902980599748
0.811886407267759
0.781821801129498
0.739193731840474
0.221998763339534
0.369079344667009
0.45471959930614
0.469287699509453
0.558666479288549
0.46424834453317
0.923488499932589
0.588632338098209
0.946131956263342
1.40431110450818
0.629613176052926
0.863051069455369
0.555014281080054
0.572326831008387
1.77570162945204
0.518298179243821
0.86540762948986
0.76106327594836
0.625530789584359
0.399190622922355
0.811324783566174
0.206442094114355
0.337371354612273
0.318014606296017
0.934114279623146
0.792662583269632
0.713992743103192
0.511054288158718
0.419190637953485
0.224444511480111
1.17041984434608
0.545617991769968
0.570383445555388
0.693541629370888
0.886220643534237
0.630390619193335
1.38045486882991
0.317580746558962
0.51953546901779
0.611497592750907
0.372874590756632
1.06287726860527
0.46792881441824
0.497199380465133
0.490915411043468
0.324118709671845
0.71708379369023
0.812257244437545
0.866584417997316
0.491956624809544
0.657460001126452
1.54612855965073
0.303448669699345
1.0120163453184
0.72228170366175
0.449519271933835
0.995315749298414
0.669806816067284
0.637101655942585
1.02235646184827
0.548880943802107
0.500056920063109
0.349091393309763
0.858089833878262
2.18978762018545
0.53974470916437
0.334344778803785
0.728611210688713
0.585545365684488
0.567146570881334
0.723841505938786
0.833383332478847
0.652200838084752
0.761543264383213
0.236006165839287
0.465712925918673
0.795454659656135
0.636612294783463
0.549233085664598
0.398210592365109
0.574607921101203
0.908557105496636
0.268354500768043
0.8548197800537
2.02373312822842
1.29325476270914
0.637538177799431
1.2593754932252
0.467575744888362
0.655778091739848
0.745160118510894
0.32216404370813
0.467861613316995
0.854642436687003
0.505654213799578
0.854118205868329
0.566796047333106
0.732842468584474
0.781313883485841
0.599496813083205
1.07701151543697
0.475401783597011
0.438448276134036
0.597581699726369
0.636977318927121
0.404535491154667
0.426734718840688
0.38575499793443
0.961401298477643
0.505002701092162
0.620861303489589
1.26777891608545
0.65222386941224
1.14979104468643
1.26468465817239
0.464239971298675
0.491156536715031
0.624266358650507
0.48351165806127
0.522640437232383
0.74592950908324
0.451801073574415
0.259454301004687
0.509818515365258
0.50398345644848
0.575931824117331
0.339782274425655
0.983049480729685
0.703358346576354
0.565089356729616
0.458257485117861
0.976720974918144
0.930649608724464
0.566350628910349
0.774786249483499
0.608262855838206
1.05367985012355
0.502680457770802
4.16106273362079
0.472753184136011
0.353739158951264
0.365335286243876
0.305862523454686
0.874164127788343
0.480521902708934
0.328106890922631
0.67106027378564
0.903336534712593
1.81956668002979
0.529243564157954
0.607087212196577
0.742165369155981
0.31150031404978
0.44574611371181
0.529685133073024
0.445925434974482
0.577694300632977
0.32653366528192
0.484764820876348
1.01442744630715
0.731567157526512
0.594880109084185
1.0782163247003
0.548147505337462
0.564379340925264
0.749419824743575
0.881950949591344
0.71042393647366
0.344496260810541
1.58203921283484
0.535981326549837
0.932239254617014
0.828063217796035
0.706449570992871
0.391666837681371
0.614136555208399
0.266960109774753
0.74964754855106
1.10679735731415
0.925948573896017
0.6712871114844
0.880996367170484
1.3323479199936
0.870260129485427
1.71048783459206
1.07790553744421
0.712232408143102
0.871851782506898
0.811162620151504
0.690294646906508
0.445762016473635
0.72872932659009
0.812733934645836
0.935558575077923
0.269045367930029
0.494043771734747
0.44220543847653
0.53228400192452
0.590865765977973
0.457329271788363
0.421160213408397
0.671853743160482
0.479238020212835
1.01131488714672
0.492969258450126
0.857734029688231
0.688021331213002
0.765429361822238
0.537750109805775
0.728621723352321
0.551944001908577
0.281066454115023
1.27935440862611
1.03816695245026
0.655694299040765
0.546272268336122
0.760603139554949
0.391955532237043
0.799213672427124
0.685779311822205
1.43427523438257
0.516433000571648
0.764255811300623
0.71506062945677
0.420549532463289
0.578598886663002
0.478182215698775
0.593084132397304
1.00341216456787
0.889784492650672
0.840875502416581
0.890832001371153
1.15959251995845
0.776871868748207
0.414464045142192
0.57336399496872
1.05866787562407
0.428831715698797
1.09696151348154
1.29013805185485
0.739114473754555
0.789196392053875
0.441754532139797
1.0001310442469
1.38921446281808
0.742883629986395
0.608999672313428
0.887518461954032
0.362803340457098
0.641297821671381
0.330856982869773
0.289482614558154
0.750795194599702
1.02899907814325
0.742631856157082
0.619162448062662
0.742617937512078
1.18765764397929
0.427276283418608
0.5563205265228
0.646438012586259
0.731478651521137
0.472553181674458
0.780800529486462
0.360416586853302
0.576527135098798
0.237107751333088
0.537013050369991
0.736533208463393
0.509428854945308
0.712800103054138
0.5037162149124
0.419418513897058
0.42840100304793
0.481088874556406
0.730774082153805
0.826952734606124
0.59316160048487
0.724327372978046
0.866490156014328
1.35210732684057
0.26880850431266
0.800088968251718
0.438018387479404
0.755190386435826
0.424166926895592
0.83311498397454
0.674536731114476
0.665393021998317
0.906158554030631
0.50402899639289
0.760296351934371
0.47045143452215
0.547708495476522
0.488594273751075
1.11274851629756
0.679237668952589
0.731016779606185
1.04954039171128
0.673709586870244
0.657389865386634
0.789568841209532
0.664726217193782
0.521752209727197
0.91325976860137
0.766097476544033
0.847038371091625
0.602087209862716
0.82158089161801
0.904398782318921
1.07669686767963
0.958284020887421
0.893036516846856
1.02394701940303
0.549227667713925
0.606145860528527
0.622997726618883
0.408748833191854
0.516613445559063
0.650169187730044
0.634639017525314
0.635257315250385
0.600174286982863
1.29436699291566
0.857303511867386
1.04298011345051
0.454487380022756
0.56395275288639
0.426677373102679
0.602868937806826
0.472216025697125
0.310126449744246
0.581973282508652
0.525008713515399
0.704563035136657
0.531875009073709
0.290418394118128
0.759920627697295
0.829087449784692
0.48177539565367
0.673219648062256
0.663645521008063
0.559002776084468
0.629497611767053
0.650918259319462
0.52449991916046
0.903971865134
1.36126240324405
1.89335026368341
0.633177095545365
0.577926918307813
0.458863505488511
0.899166772131065
0.33940326458902
0.949515278302695
1.62657940575505
0.507590215274825
0.491293814583208
0.53489111682606
0.783562040491837
0.675381832698676
0.558064689145379
0.30980986345662
0.605286778345363
0.679668410260583
0.885391686014122
0.103609699891602
1.00621469737321
1.04348785994463
0.316069317120935
0.461299722358949
0.332341559401165
0.762122121463656
0.691594251028458
0.586187541238578
0.988954753112204
0.40675980351651
0.858026977277968
0.73408943140863
0.449173306534809
0.227025643439995
0.698619763807458
0.859898327313688
0.604427351684445
0.555557312143134
0.56696889602729
2.70969339228582
0.828454703027857
0.540303284406595
0.528073580923627
0.692768481432349
0.667240188681446
0.589573249431674
0.698969285538664
0.376351433564697
0.791971908188878
0.8338180991765
0.428306980625667
0.961436837875663
2.53591324619716
0.732868738559359
0.701655704189112
0.928075336524203
0.436124290129249
0.763186595797578
0.50790068035358
0.469235204963243
0.324034312659342
1.07981071500329
0.439081194192855
0.505987977144488
0.455568333867982
0.600538007483256
0.710340327460006
1.06504962553888
0.775896999486529
0.604787396130147
1.19476826487536
0.769139119498284
0.545928331541542
1.07411387394964
0.512051257169168
1.05781945500405
1.58609776518058
0.821624587053195
1.42914382578507
1.55958140605853
1.22916929137132
0.920677719596392
0.798895491090786
0.992395646954511
0.475103023764757
0.64537250085928
0.677786156831622
0.409026000666858
0.489626374152819
0.757965687942549
0.431664534349215
1.56385579319375
0.661412558345642
0.898421972820789
0.667922580486437
0.701686425744477
0.974133742986609
0.82911242488813
0.698814870959442
1.28303845016966
0.815876396076121
0.587582536592103
0.381271195397628
0.536917650919319
0.416203129802282
0.244386005561204
0.564124673707113
0.709358598312989
0.646160728224987
0.870183276291891
1.45540784588874
0.682307906756662
0.846089152316079
0.617492569624002
0.286902019633414
0.565768207033439
1.09784007045174
0.60687951081942
0.767268477758077
0.670710953780216
0.542707882074438
0.477547485213434
0.883933984564027
1.02700616978513
0.605917353272053
0.753011339356121
0.944134620866825
0.598424648957455
0.957456228303768
0.897704925687314
0.937625242478975
1.38976883853051
0.967778420090668
0.806221236946676
0.377719195510972
0.882944248266555
0.598073053201676
0.766287228764662
1.04074109861073
0.387154449356978
0.795766178400809
0.424976288330102
0.465600230273913
0.815517414980826
0.458140090355273
0.652488949952269
1.1087749829873
0.982037459916129
0.443639781208936
0.445903647456216
0.512903810460313
0.948235260188948
1.26613903658424
0.323460034043708
0.659786645935054
0.46839959334238
0.619265346841319
0.563781885300613
0.479589497368301
0.542686011094179
1.26843229925836
0.740561491821401
0.878778704043214
0.998878529996706
0.542487392133341
1.04906624265444
1.32714546227068
0.665726787230422
1.17282128741635
1.2961124760108
0.47442557257083
0.883726058022004
0.83029472741949
0.945646097033535
0.997571484882532
0.95108772537591
0.603293392192039
0.696802426429432
1.06857128135467
0.874569911951715
0.349692986029404
0.598318327751522
0.532795101202857
0.851179440016406
0.680107441067796
0.424195918349483
1.1082771454601
0.705006364059092
0.642645990262445
1.00309332769263
0.27715952492961
0.930992951171798
0.832570591631275
0.279746046677574
0.458014460664999
0.376845086626802
0.336126395391219
0.589623983735371
0.600977586047817
0.385210865331047
0.612627331356952
0.63345478854301
0.574053671261802
0.384511003657219
0.593434263415348
0.355800876441873
0.494906752703421
0.895762083968681
0.887085230589512
1.35785116151861
0.471987480521567
0.485417492864722
0.494444592966192
1.41659074343885
0.641728419542968
0.446729240429059
0.476537305210388
0.754878338778107
0.59021122105684
0.418371090570037
0.721216827131656
0.887160966859066
0.464207003905714
1.16185715127983
0.821452462432854
0.473393241884099
0.906387511274842
0.377231741461259
1.10900655078713
0.816573549676579
0.327250787667117
0.40112048107668
0.315675174301131
0.516858557901577
0.581168173660833
0.901651296415627
0.868907471078898
0.86710826759494
1.1809313350403
0.550110886933785
0.953988143843481
