51.2437420557829
45.5485021824655
50.4912213870718
47.5808036802885
52.5987819692779
58.1084071006555
56.1438420407735
47.9154022733204
54.4174150513575
52.6313731825204
53.8986261041679
51.0602222375103
57.2550106377548
55.1046995418116
45.5233083479147
48.7205919588546
53.4776590513322
53.0409517091192
46.9071029835403
51.0381864809028
48.8665503302671
51.4149683884854
47.3537342235187
62.6460835086871
47.1901624290874
48.9740124295314
50.0513224897619
49.3717280744502
53.3634684284325
56.9348480114102
57.7567893079379
53.8254117653484
52.7901750193205
44.2516258489934
56.1434961738998
51.8239354632948
45.7173505830437
55.7738743893865
51.0808953860371
44.241222445506
51.2839699159664
49.6305069941401
44.8428403328299
45.9348685120382
51.7909267078266
47.409025454228
53.6690003181343
45.7687828227366
45.94784471396
45.9267004257525
55.460867710898
46.0652682219547
51.8553607314613
57.8006627728245
45.0658175893229
45.0106271371081
46.0065718681401
54.1560831688764
48.1267821239745
49.9594415361963
55.6253149535125
53.0883967901407
54.9875025778514
45.1452624332665
48.191365566209
44.4995271511265
49.2409108006755
46.0820798171454
48.7637429165987
48.2482063776124
46.5916782128209
52.4960340182268
50.9109109586658
49.4564400882314
57.3667706404785
51.801062588301
45.6413866425162
50.8259965065294
49.1365244605742
54.5530442654875
50.0063101216536
49.9859933420953
52.6652887593651
48.6517154730006
48.0942799026294
51.653153405537
53.3364641198943
51.2286886467214
50.929763561914
54.5207834534608
50.4393752686184
51.6033664732142
51.5942769518618
53.0328672729616
52.1087484311692
57.4946004751017
48.2322624115975
45.9812539452668
53.3955564542604
44.3861566857581
50.4853709292023
48.9987688312286
54.1118354569703
49.5360613325848
55.4688304702357
46.4175012390409
49.1846040209836
52.5384293782331
53.9857167511918
42.5475979064539
51.6244088745228
50.4032151884067
43.198436037919
56.0167069063097
50.3605567780191
50.9421611384671
50.9616614215159
52.4831866726116
55.8145402414187
57.0089017320425
46.3031013062022
53.2345006391838
57.418618851902
56.812597086556
46.3374702600109
63.7283391624053
49.6751868884301
47.0664693277683
55.7393157934426
47.14597678927
51.6683871662503
50.623446080486
49.6081199111874
47.7508340176858
48.889827441892
48.5359028732983
47.9030690899186
47.0746548961322
49.306446890006
51.076600510258
56.4717216157176
47.9662394445104
50.8445663052139
47.0042010880255
44.4337218448369
51.1722107046599
47.0695271662183
46.7911842844627
51.3049016089869
45.022573202095
52.577801251019
51.3588970329266
69.814678844992
56.3617183247356
49.4638153756231
44.1226319201498
49.6247935199611
49.5775643623005
46.0612133089012
51.76937615726
43.6679340477824
51.7172614975368
44.3497832844986
50.0748929941283
46.1921011819906
49.568696288731
50.8366553254486
42.6419413770662
53.1086161911048
46.7958594785124
49.2077093384496
53.8504008601776
53.6358711214913
49.2842908905345
45.4060028092749
53.4931420509985
49.8032105070152
52.4240578900567
46.9728711848305
46.3165614146313
49.555369354759
59.3602929252854
58.2434479746974
43.7355356991317
50.5755126060809
53.9509248019046
52.2034820907694
44.5450250334176
52.7108627234916
55.6926457173503
48.7192034048457
50.8270434486295
56.9177934261438
54.517296391706
48.4212723270142
51.2125371155367
48.2213645753198
50.4143194142575
56.7773300191241
57.2151350254039
49.0016450272262
53.5220926960506
54.1698584337237
47.6351425675558
54.5184590887444
49.4885075057104
51.5333457617716
65.6831322973873
47.3139251319611
52.7401949231785
48.2998378173668
44.5072053036292
47.141051396737
54.4111761527748
51.7659843562077
49.0599438058475
48.4638932811156
49.8358792994238
50.0655606992788
44.2052102226885
50.7370750141491
54.3892847714755
52.026428827881
45.4201375924093
49.7674528393956
50.2162428585869
56.4817502592147
47.0066004695388
43.689145929519
48.7813918870632
56.3699086181275
52.2523759121359
55.1625593235219
51.4942388414037
58.6207575853823
50.942687956248
47.5244057536099
55.9397469129449
44.0910511070877
44.0217525473472
47.5505425041853
52.0457824586445
53.0148686538871
49.0670557327695
50.983437177982
51.8762001816082
49.5048485784359
44.2716336818852
45.3589456671071
48.7879518644555
48.0195706571024
47.5444326526761
47.6764026531016
54.7644583748616
53.0405875677406
45.3295023773125
49.4612715489241
50.4735385860244
46.3757735650595
46.9406511731996
47.9255548158332
55.7698344459976
52.8705299318585
50.8585088640128
50.9088713249761
50.6169011239542
48.2647583456596
50.9298976831493
45.6218241040928
50.0410376076188
47.6123266129429
45.2923550085293
52.9237883883242
46.8629305018469
46.7884972875501
51.8015704982076
56.6529652138199
47.0451779011245
50.7142637331056
45.6956772497889
48.3869784217812
47.1198824786418
57.4945051724553
58.1160439033039
50.4223904044525
47.5439446269472
46.3824035420845
54.46392838045
47.0180223154812
60.9300986778576
48.4991640283095
54.5200478513434
45.8733733715533
59.881590078661
53.6345949614684
45.8355271654991
62.0918236091627
47.5916735168889
48.4878856341399
45.5533749852204
45.4814659626658
45.9905396546033
54.0119513224746
44.1615674303426
59.3930213772952
51.94231304329
48.1660957137151
45.6511390329028
49.4678076465446
46.0773910090464
45.7784601075805
48.2247125499221
47.764333164424
53.9604015198674
50.8405953416026
46.2200831284905
44.5535817129426
43.7294360478615
56.5881641925746
46.2289712944439
49.2132881112273
58.2215509293086
51.9746783652408
50.4041007790149
52.042500705463
50.5480030882549
68.1093838924912
59.0782843560576
46.6487219087025
48.1014927933843
54.4990589506975
46.4012153468461
50.3945297619378
57.0188903668645
49.3198005276067
49.6696916402871
47.8289218540225
52.3783566674288
54.9009703575317
49.2089945115823
50.4956287322914
47.4288282743993
47.334175458311
53.0912299685464
50.1022212895945
54.1354844023798
52.1189512467901
53.9338289355876
53.159392733286
51.6531314517471
48.7827160779723
54.3261223093776
54.0532731914114
49.6790616569066
46.8663160821611
51.2225223512804
53.3559763861601
45.1924069081809
46.0202628692557
50.045603269073
48.9908223807195
45.833578463541
46.8176316248114
50.2295461342327
49.8646319476874
59.1582968094979
51.1634988392918
50.185825128145
45.1267621589582
51.4677256702611
44.2954522554034
44.6364856140882
59.3053350290541
51.5255912665285
50.9401711709133
50.9707236012115
45.5719535525101
48.8477153140693
46.5782899704035
43.4999014115319
49.5842492792837
47.0910938797302
51.520170890497
47.1676445177089
41.829042083302
56.9763220534823
55.0340475399398
50.4744186007324
50.6779479340667
46.7004799816958
50.7945692777815
43.6652444673689
54.6467873131348
57.0941779030851
46.6091890260639
50.9137857869643
51.0134926083497
56.9241974545028
46.8105190549755
47.2625311258171
48.3053062701475
50.1437764412874
51.5875790554558
45.8859463575791
50.7280430729814
45.3987414910701
59.7490717563622
56.0504577661314
43.0037740766206
55.1864299552141
48.7788957722734
52.7450501264421
48.2851346171907
50.6162708270979
42.4438643851988
51.1383045928495
49.0234322861727
51.8139044080994
49.0619738662622
55.1880484881813
51.794310128665
53.3111705555875
50.4138236303581
58.8736094592277
57.8646421316342
48.1394555481601
49.5386270226401
63.9244236191025
49.708621128493
44.4775309622301
50.1386430429496
56.8760542672736
53.0105605960949
46.6382419172022
53.5919407635648
43.7897821390809
48.7293798208683
46.32415909329
47.3381323450646
48.1625590330373
46.6884100503972
58.3927940148963
51.4982898528558
47.3725067277643
48.250343989324
52.3114331875634
43.3120328968052
53.6490963749333
49.3469954934173
47.988082265604
47.0898102013495
49.9888670433467
48.6817284841538
57.4577043134872
57.7852046619266
45.5067368554114
54.4752734214194
49.760338905506
52.7802106740814
50.3978334377107
59.0094022234808
58.4188164752349
54.9376763342044
46.4013168945261
46.4245478261514
53.044318891104
49.2326862220415
42.7835840838973
52.0965536059266
52.1123031361283
45.2421333376581
45.856877245062
48.7209735128848
54.5352887884478
47.1553663787474
53.3737140601024
51.125647341755
46.9892178086126
55.8332610038484
44.8767952235648
53.4945936306997
49.1201384939055
57.0485915671221
48.780731224535
49.2354488189134
54.5740862537439
50.355796950519
52.4048431016629
48.981751975256
50.5171778724592
52.3160002985773
49.3861110518196
51.0412997025991
53.1255149859579
44.2719475845658
52.6259918305749
48.5212918039059
50.8178664666994
48.7407156319538
50.2135629244851
54.6729438196983
46.3357837976868
48.9241485528496
60.6257544983993
51.0437583678197
46.3555253622234
47.2914231813381
48.2566277876204
58.7069931732427
54.1002563231728
57.9786963840604
44.2449659125509
44.3688117372183
51.4532817799335
53.0271564120591
49.1787873568078
48.5677035898551
57.4340028306582
50.5846426235876
43.3294360893964
56.7724364700489
47.6468787460105
44.9355771950001
44.4468682877948
48.8374052963667
50.5608596361668
53.4561940980819
61.0935114201431
45.8495412458681
51.7676209274231
48.9996477759631
55.2902905906795
46.6995759720421
47.5054349904112
47.308229140275
50.0498200926123
47.0915811678421
50.2316031596761
49.6749969018573
55.0332475966949
45.4750384857146
61.5182670047077
53.3035817019112
47.9302771339316
46.0202245734669
47.2320071927217
50.3491029501853
47.9899950683057
44.2518677531933
52.9984269591617
45.3248719127722
46.7750574967406
43.2616882939393
47.2764242692318
53.9863959854631
53.2285949371818
48.9264576652561
44.6832078561394
46.4713701782557
46.1428330828983
47.2465118545349
51.0483354498214
54.0913651368517
45.4807732047421
54.5127469676385
46.5381632642058
52.8717070812924
46.8969274604024
49.1235302491663
55.848687074336
56.7673795326483
58.3938055182285
45.6087814460139
54.5179366508937
52.4307134406533
45.8391843826641
50.1098219782823
48.2599890891882
47.3514449219706
58.3198305201791
47.9054892962507
47.4091807032063
50.2452453949061
51.8648285879144
48.5059115443829
47.3341229378146
56.3385257387712
54.2693502617114
44.7848137518164
44.335995345615
48.2032323175209
49.7716162414256
47.0853507562734
51.7848460210707
49.7692391479401
45.6860611292989
44.4181573041261
48.6202704892278
47.8529842462784
50.5082273745294
48.8026761416064
53.4294626102977
53.1278779652916
56.2674062645744
43.5036226737958
44.8941038465568
45.746330493941
54.1993781748132
48.3108873408197
66.3454704837679
49.2687710817917
49.809796250667
55.0412228598339
48.9363193067342
49.0940256109134
47.8195321959557
50.1887216103733
47.8716750974717
51.0599064900874
44.4985383665402
51.6305625976184
44.6276938684551
48.0598068344266
61.7334635090095
49.1070529245629
46.4381703261095
56.3107387771848
53.0941926100456
47.4421539625171
53.4023460228174
50.4162969513144
50.2901659534307
53.7419893419419
47.3780195523062
55.0159923906835
50.6471670954165
45.3172553866632
52.7841639749556
48.2385116773788
52.0070337642075
47.4162583159738
60.9138594825191
50.2667417755672
50.3169233640118
47.7952153876906
47.9486311210326
47.601194729633
49.9212496450517
54.802622626413
51.8621692707175
50.5437536492205
50.0450656398369
46.3826154144114
47.4658463063548
48.2597167033894
53.0169588991071
53.6487647318111
51.0732459010354
50.6170340749793
45.150663304863
44.4360547228222
55.3970866703174
45.7424095842551
51.468119434594
55.3172404312422
47.5714057385291
53.3420660364768
47.4396158923917
47.498233888753
46.2192582824705
44.6449915224616
57.2869512986375
48.6113634445528
57.0822233393442
50.414231094381
53.1159260706886
49.0988234565917
49.5065659598557
55.1389758502926
45.5029733684934
49.256903712481
49.8981802838991
45.5449931008298
49.1727075599853
43.4178926537682
52.1246831196722
48.7453239361558
56.7626696871448
49.0687231956936
52.3061566848867
47.006498619672
48.7350679793471
55.9300573468793
51.7069483191056
49.7235727019094
47.7966059956584
60.2518718220785
48.1743558405968
51.540835479356
42.5648784792261
48.9710868203527
45.0951176981445
47.1626973972198
54.5870177554398
51.8291650874558
51.3448150987917
45.3271885438736
50.3064056423869
57.8862379181195
43.8974948671732
52.5365608482475
49.5086612952606
46.1819547010454
55.3139008091515
48.8916374389959
44.2929301670951
50.0604672829717
51.5154812760922
51.3571306312527
50.2127419041716
44.1320928614794
50.9574889730979
51.8957029512697
45.1800209929458
49.1362668497946
47.765103133924
48.9178935112314
56.774151451827
57.9255017750887
47.3865468220241
45.9012437594441
47.6456453125595
47.1580441219967
51.8131816670184
45.4815944893171
47.8128223297979
48.6712934576613
52.6590592280854
47.9057892872917
47.6760798047523
55.4660553922806
57.1036266084487
46.4305706594494
44.9443460610547
50.2599306827286
60.4470064460181
44.1312649029071
46.658606320577
49.289422889574
51.7962026145068
55.9085980909888
49.4167604197324
53.4126923440535
49.9113937404892
53.473284755774
48.0742562860706
53.6227052296224
49.7077094001598
44.2641911703966
44.4615751640086
46.9084071075404
48.8968944536688
47.773301033109
49.753389308399
43.5214965683496
43.4651996115448
45.871227007187
47.187002687181
44.2365278844953
47.3559221603
52.0943328665243
52.4557173403454
45.8658880404872
52.0566447163787
56.9696229990504
56.3524414578385
54.402268283867
62.1593202801021
50.1211794022971
47.2839887285787
49.740242227351
69.4326381329969
51.9127208868295
51.19196933116
50.8593239598223
45.5404701860292
57.2990714152
49.1474916485281
44.9197837885361
47.0944903944354
47.5137640746128
49.1025773529724
54.8663326462303
49.3773748608914
52.013034197011
48.5927518649443
44.6551250264583
49.1693638501984
50.7568861421356
49.2845953758961
47.6976608649574
53.72353082549
48.9966740093913
42.4074479460489
48.8695298251616
51.6776124496575
48.3101478826972
42.0748420456533
46.2273496092906
44.8479793719438
48.6306748493601
45.5586744856429
47.2699781561085
43.8636476232741
51.102376658834
52.107487224252
51.9073538354875
60.8358055401382
48.8013856738507
49.6027878412007
59.1094364431102
45.2982532622595
52.2343479053801
52.5805902166118
61.6294487551839
53.2952535445481
44.6950617899
47.0045269422601
57.0961506416133
64.3088297884666
50.1733889759854
51.1471647754766
46.3105168866712
45.9708128323422
48.5992113423911
47.2735420575868
50.4812188190155
50.0967571625813
48.8762164195184
52.4097849333184
47.7914080612828
48.9927307095196
51.3747546685701
47.8396277268291
47.6244823063648
50.3729850290166
54.1106034717643
50.0064707596399
58.8625191241482
47.7326331665293
49.2887045860057
49.8569792634879
46.5943887019917
46.7938461360397
53.2480243601759
46.0127088607852
48.4599288487564
52.5046439631313
56.5884199442415
53.0220168965084
44.7687841461611
44.1867546008293
51.8134148088874
50.5166117983669
62.467561461789
52.1197354687123
44.6357286960129
47.1955472759912
52.5793045984332
48.5050135601546
50.2664413868221
57.725804604209
54.222848218134
57.3253209039366
50.336297967855
50.1366047351952
47.5065282796568
45.276501088891
51.8112115577963
55.1829151864982
54.631782729499
45.0674784234135
47.5001840730491
43.1679252467608
50.7653095405038
56.4204827561813
55.6576113720911
47.921040451513
52.3360514402209
44.7036268422331
52.483678333358
55.1148081729269
50.515485464171
51.5926082062254
48.926858964417
51.2558333674918
50.2411094002841
59.7967202427526
52.9815160792942
44.2792966160916
45.1518573617158
55.1437080133994
50.3329051503928
49.240314313985
51.8650572341661
49.7654593373854
57.7878555869864
49.7565979553826
48.3200523158465
53.6935481460497
51.4177070217302
45.4512911183185
45.8563534689216
55.5702718697565
54.430634371401
52.1272594657221
49.2021487832553
56.7682828539044
55.3123959798419
47.927278344262
51.0661514148843
52.1146361552247
47.8669509941357
47.3317928940342
53.7700508035751
44.9857838282294
48.602988999204
46.4162965174533
62.4399456720179
47.7741452764998
62.9837796759454
53.4522280304074
50.3200876576789
46.3996620690337
47.5329487670135
59.5518360377994
53.9912409540703
56.2563208785771
51.8637518476972
47.1115255811434
50.2930274218769
51.6792749935166
44.9952867013757
48.6214044790155
46.8788369171525
50.6527661591505
48.7519294224535
46.101331261321
48.1196794501231
47.1268519472595
60.1311217069757
46.565089953109
59.5758559261071
48.0302888708389
51.8493756012532
50.6444287809381
45.7873524323167
46.0154973873247
42.3753403679012
51.4300623809968
46.2791013986751
52.4098226063889
52.4766436084738
49.7826641073686
51.0702563726361
49.9621752613667
54.1830233476806
45.2488324345551
45.7640464674278
53.9635427325849
60.0861360628019
53.36676436102
52.6277072203466
50.2640749834901
50.2801654612746
51.2133022250177
50.660593431639
51.2466127930809
44.0399692724137
50.5839821351555
48.3127820606898
46.389660304332
57.00400249899
49.489341143689
49.6950448736877
48.0259152511114
56.0872695837991
51.381106238829
51.2529366172557
51.673381374587
50.9471608747016
46.8108132394906
46.2972206715742
47.1733000715055
49.9338274529909
57.7315439073862
52.2675302537957
47.9543951560636
49.6876167263939
56.4635052233005
47.4369027316897
45.2446307236795
47.9522178376001
49.6979980646289
51.0292351873018
48.6562324395547
55.2115789980043
48.2871849451436
45.8268491780501
49.8704141545052
50.156664421172
53.1350750532953
46.4625635414472
51.3479750963791
49.5120870873555
48.658312308885
48.6989212232699
45.3638843110274
45.7626885438804
52.1963184654083
51.2738520703971
56.0057844584393
51.9369993899923
44.2251876645724
47.9941383738426
53.4080494504252
51.0289053623263
48.315073116756
48.793387167148
59.8724993082936
54.0816927892641
55.053339395272
46.6940154789512
49.92487293448
53.1121159410161
49.7671753810639
53.9265817756798
53.4105984028478
48.8851840519983
47.2691753798271
53.0270158264631
49.3658788586567
51.5050963292383
47.0437768550643
48.6747133572633
54.6748989219397
46.6344249936055
48.6052706061137
50.5893565443656
52.9302889004493
50.3266184489713
44.726788531534
53.9494531341313
45.9390536612176
51.0867741709736
53.7307345952251
59.9523077739081
51.5593486625649
52.4984484880296
50.1756758085219
48.827041927773
49.8434978662288
56.3533189599672
57.3876667979104
53.3365129494289
46.2063363024595
45.207767517933
47.0925395889742
50.9583301182682
47.3972768876101
45.1733790412407
46.5336485798483
48.1022372765471
46.904579935412
49.5700161555168
49.3395382932971
53.370950129183
51.3022521881381
48.8407154613836
46.6995824346062
50.9456018122328
50.8291531424513
51.8873493582667
45.5664333599358
50.4070737284645
54.1207918743522
49.771935073137
51.1342156145591
47.5465312186465
47.5744072096325
46.0196308641714
51.1506838560277
45.3786968600684
46.3232453371053
52.6247667869921
57.6141173767538
47.0309077999876
49.8454074237974
44.8572690213496
54.3630827347911
49.2837078035998
53.6972034755004
51.2771147726068
47.4937321425176
55.1348086109879
52.5505237619625
54.675722403881
51.8586276304258
54.6751334216053
53.8773273687136
67.397542015518
46.505739040532
47.7596251282943
45.6310704433421
53.9389120674553
48.3808113896622
48.2131545822263
47.1607234962999
49.3918740923378
44.6949802548543
50.1579636969356
47.7210540663687
52.2237067340345
52.3993314378594
48.5405339077269
46.7470455612784
48.8537337952664
46.4641921059379
51.2435804579931
45.5444645310486
56.1420187741384
51.3658786547884
45.2740286394181
45.6039168342192
52.5460648914871
50.1409429190451
47.2629133886348
53.4181994523213
51.4168930990913
48.7653237031065
49.9227896425721
50.3205610488168
46.2323781682445
50.3962074084443
53.084204619043
47.1972208552476
56.769493287432
50.7136227023696
45.7764467077177
54.9179751376343
57.9267123324527
45.8283569866433
44.072728413019
57.5680606992272
58.2065647702566
55.1920657391925
43.6968696173071
43.4520677706584
62.2880628457792
46.6666714325515
48.0865513380423
47.6432884880058
44.7409667590179
49.0102078063357
46.0500399585984
55.0640574265601
44.6193222927739
49.9210302036229
64.2364497052413
52.7271083607048
48.2108355091107
54.6989220309075
46.4948533118241
52.4056550666864
49.6327138829128
52.5812856066192
56.4768101748432
49.0707695112724
47.0549269700586
53.7736761130079
49.0219311656693
48.8195283821215
47.4308997763154
50.2063031083585
54.6788476194753
57.469125774012
44.7955668296252
53.7165351554948
54.8827463476894
44.1141713375282
48.7552554782186
52.6863786231514
45.0835780488332
53.7747573999369
52.9954213016114
45.3089562014632
48.4432267125221
44.6863079418927
51.8537146749252
49.6381302265404
50.0554727545274
52.3741167860394
49.8892038907405
60.2208001636975
48.4785763543235
48.4089764570899
45.9880146475192
58.4309213831553
51.6384307125822
48.9246122079881
46.7603818547591
48.77527787031
49.4709760759445
45.1521967679494
52.1024735090057
59.7746582780254
53.6174462968538
48.9198340532879
58.0807324779532
44.5684792534139
52.2897821454776
49.1421236821123
47.3942284999933
47.1707968903582
45.8880027935591
45.3391537824272
54.7651363135526
43.6504887580205
45.7488208220837
56.8786847981072
51.6448433472173
56.3714619585198
56.2782357960273
49.1834368278978
57.173970981651
43.0101366508685
51.4174266700671
49.5957927400676
52.3120045374359
47.7183667308204
49.2889652200833
48.8898891128451
47.0867253942215
60.5628250200844
46.7276440706426
45.1859797815116
50.8135916207932
53.363470116559
53.670159247216
45.1229225085297
46.8012120363851
48.3628752101916
45.6982356502527
49.0340760937068
47.6927209477365
54.256638476144
46.6482252850175
51.1443757477966
49.0839201250443
48.8604368913142
51.5329744784385
45.3399591079205
56.5870807644223
49.1383862571162
46.6839644856778
44.0771810838943
47.5695936473254
48.3280887535501
46.8312736817401
51.9399465377555
50.003206957783
46.8330779560521
54.7201993956338
47.9317500569017
46.6809066393774
51.0487354176221
47.7912583892071
50.5558122774977
52.8659284192481
44.5659686836625
55.1173276242421
45.9245613474118
49.3674968203692
45.5258331395287
45.4847429845643
46.0299132083698
55.0042072164889
45.7968147892982
53.7962032709438
51.6492987089576
63.2104303534569
53.1525888637059
51.6850592379641
48.0738012371888
41.5391577928509
58.1507333537738
48.4299050277138
52.7500715183073
52.1577510367634
53.9585587527814
45.5217563090564
53.1058531556223
46.9171517893158
49.5122926319626
44.9604115389774
51.0763633685122
47.4224513308767
50.0194183035389
48.7356711205874
45.8891949179445
54.7246859124753
54.050899623425
53.7059277357839
47.279059414166
51.3970409745788
53.6061108898601
48.6052500092645
47.741473465938
54.1414389360432
50.7900005619861
50.3462333828323
52.3090273073181
47.3610297345516
48.5386976309358
47.8647375410658
43.3587117588954
51.9884170828422
47.3701946534103
48.5214573552289
52.381665670186
53.5039844700081
60.6756267479229
47.3621881191289
50.486307571601
49.4136826771574
52.1099228588419
46.3607718959208
48.9311517505143
50.8223559670397
48.8420400774565
52.5245613225543
52.2748352023961
44.0377722156241
55.3739184183419
44.3184134186211
52.2321894886269
50.668774512109
47.559539197258
47.8986719387625
50.4277447787078
50.29947643504
52.5541651825608
45.0955787592313
59.5531092566174
53.0297286364769
46.8411689115305
50.4339419050896
54.6660890299462
48.3701258770748
41.859658786726
49.640064427171
49.4875517096453
46.5597294593644
54.1331291430912
45.5338675081336
51.2006394151501
52.271551654294
52.6168241281825
47.0010890672101
49.8366033841102
46.8131941466935
47.5665077620047
49.1059973904407
54.3777683179878
66.9479352650052
48.6432252712335
50.4065510739269
44.8948482517338
58.3988505036739
48.6640987435858
47.0980116620898
51.8398080847789
53.8840688045977
50.994032829538
48.4683059017916
43.7103236687731
54.9208471793987
47.9256028824061
48.5412155377449
49.1867650425756
53.7516998649851
64.4906388788914
49.3091674247782
50.0587085382265
50.6091473009089
52.2418459921638
43.824514002041
48.2591953782357
57.2799089825752
64.3324329286794
46.3645444674804
55.6977315970674
50.3036693813008
45.9802988310461
52.8513923069155
46.9814869272491
49.5244379658835
52.9159930110661
56.3230804024897
49.5883326488552
49.2026016838059
50.5059487092721
48.8639613239908
53.0748833568978
53.0039654185103
48.4843301723641
49.7334176833416
44.7571971136337
43.9845181878419
48.6694744820591
52.9098730649518
48.9270431441184
52.8829151033875
44.9986877242929
52.5001821254747
49.9057746847982
48.3724222921012
47.7127004761242
55.4357912191742
44.5125430204722
47.5776203919241
51.5183392800303
49.9260005456041
57.3664802710231
53.3425994521063
53.1343437674114
45.6149551970328
54.3094104067318
45.0979815420638
44.9331953438159
55.0554226830018
49.8749090492166
46.0841550715446
56.7638437006211
45.9008434172407
49.1284754720398
47.2408898566756
50.7899295351766
48.4811444301609
47.5646825649524
54.3846812496522
47.0646951774987
52.0278952864849
47.8541751122102
46.2398339674593
42.4461901653321
50.5588075345948
45.5049048714231
50.7485343433079
50.2279736509854
63.5298598074159
47.327270107816
49.0779283842805
44.7700052165943
53.789308210139
51.7302017004265
45.203400499616
53.4623978564477
52.9734726334197
50.030033870233
58.5477862284325
49.3490231740326
52.6572189831417
50.5895648493853
51.0657911179572
49.8025752324651
50.4359928777642
51.3978532402809
47.1385266205639
53.6917308604822
43.1184364098264
46.5050644589992
54.9214364989634
44.8036855145911
48.0101993939454
51.4029567098326
50.2168296078307
46.2544083467063
46.5537301268572
46.775167351229
46.771588969922
46.517204295297
45.3194397407592
43.5051371196917
45.9264187118769
58.2977279548114
48.6076171783631
48.6412068270303
49.0982817495438
48.2971353729784
56.7176062796577
57.564329924278
45.9747742749704
41.4514461855193
50.5081123388331
48.6145967117542
46.755427448536
46.6744364895739
56.5019932460695
48.704194948684
46.8782088442094
46.6155633849436
50.3148713324664
46.4224983873567
47.6627005106099
56.3521383849317
50.9322533922227
51.6408449799493
46.3364187575453
50.775021036587
48.5087195532019
52.9403254369655
43.7640733090767
47.1295723928024
52.7408818795589
52.7465426066209
51.8572796805132
52.1329605223298
50.2406852831584
53.905337765463
49.2129761534065
51.7512331218929
49.4731843460388
49.2562313880293
47.7600570924192
46.1797127778665
50.3114604374823
53.2359216104008
45.2624827742374
65.5003788193322
48.9811366348502
44.1663759326338
44.5122914563603
51.7267461068648
50.5078667681428
48.5450228916081
54.1287335661741
49.3639278001335
46.2028352458856
48.5453089553893
48.358762325508
46.1827927169592
53.1982079876681
48.64472106779
45.0807286972318
47.550130177622
48.2925940170645
52.6055751127013
45.8870386326115
54.3574886246281
46.6149800942641
47.2454983434008
43.9077838996538
48.6435682158745
52.1576903000421
43.5715966648489
45.7840956660067
43.4406204809826
50.5667295495473
51.5031228064715
48.3487374131054
47.681101427956
47.4823165919834
46.0124396287771
46.9007678513606
45.233987430143
51.3468061209117
51.6031689880872
54.6760414217705
47.56098766272
52.4448952773725
49.5781747261426
47.0923924961257
46.9713297219761
49.2226557366815
46.7835248973713
44.4661928978578
43.2350566287186
48.3319609060827
49.0791075219447
53.0265206272106
47.8709867167611
55.9860038416219
51.4043137103818
52.4075023885764
55.7985451291421
45.7933128832525
67.5069361321117
46.1440278667896
45.3973201385437
48.9675697170779
56.1178504058696
53.5692689549001
48.5466492656074
51.3748644614712
47.6151905499278
49.4052429665086
49.0185356492253
46.1615440934282
46.9276293526853
53.0359005126987
54.7602281306729
51.4273042850516
43.5985957962028
53.5612131685955
46.0445182988898
52.2472550550742
56.6310693946126
53.4866131821138
52.741021988096
46.3314400608764
45.7112889972324
47.3378916233194
44.9611515968767
53.147782202919
50.6080111379779
51.9109393481873
48.4591866184972
51.3324915020599
46.2045546018014
56.5668792372733
45.651315992073
47.1149925223317
52.5751658957782
50.3766168274382
49.9763388568217
51.9804690667615
47.7818455942241
56.417626857412
45.0819831993751
42.6300550097648
47.6267933419845
53.9602748972895
54.6996964816476
48.1351548731832
44.3529549587643
48.9148646261225
56.8218918979504
50.6142751888201
52.9529200820325
56.3446917147254
47.8058516168594
56.8905516696552
49.2815549748032
52.2803118779552
45.618743308861
44.5954333209464
52.4190213080648
46.7582711468375
50.0712963212246
46.345762740118
46.691547728419
47.7297574281622
51.2326139798976
53.0939636068659
55.765263740343
46.6790379913021
50.4744672119895
54.5792339535572
44.9978847526355
46.94118057507
46.9401487095003
44.1534463094777
49.1057407166299
50.8651902864746
52.7261020823613
44.5335228526844
44.7679316172475
51.0190166997059
57.3608222748895
54.7250536128578
49.5684484491703
49.5801364939451
52.260960112988
57.321874644664
52.332936595673
51.9453151857074
51.2536180962884
45.13600217417
49.5746853503708
58.3108306032521
49.9355381329203
51.8917168712603
52.1392464229971
49.3182860821083
44.2021399829465
49.4663427097568
43.7086030328413
42.6902142112871
47.7181385901553
48.3301262954062
64.349261506064
49.0811658478572
54.8606708016219
44.9865152376177
45.2300909481746
47.0905007022641
49.1727307146189
46.4985205118414
41.2527288957885
53.7826586642618
58.4362674315945
50.2133811475783
51.7995689049039
48.5034273744222
51.8641293468298
50.3029186032983
63.4178234681485
53.2269184903123
45.258919496351
59.0691416488342
47.7770369598637
46.3490177384382
44.5902650547938
46.8813458781036
47.3383478482913
55.8749963695188
47.2090102440003
49.966875293841
47.1848478641148
46.2154877277984
49.9280287436132
45.3402034383361
53.4689038141652
53.5394323918539
47.2520941383293
52.4452897161031
51.9907391520334
46.5654398137069
51.9690747384967
49.8332252845219
45.8444790562799
63.8889602774363
52.1084423240957
43.7391246159776
46.1451521773241
49.5136105924138
51.3031592464379
52.8437559666267
59.4352132529147
46.8458098208178
47.4692321316125
54.4735425803098
47.973396394611
46.2560272655474
60.7935318341618
55.4816281507013
54.8314737016326
52.1399085050149
51.9112509564173
51.9230569321254
56.8706158421125
56.6776330898502
44.9725068909205
47.5878844892647
49.156205497552
53.2634707155711
50.4234507934297
43.2208147310003
53.7861468480635
52.2306462831831
56.1859120913347
49.9809208386388
51.1114005642166
49.2455323474819
45.573514701497
48.9333806113974
53.7897767880233
45.5909238678539
51.0921433648097
50.9238746097345
48.7691476481022
51.9085722816805
47.8781450701564
47.4337218235568
46.5433863970073
47.0388024588305
50.3257682696156
49.8560244187632
48.6543185929274
45.8622160223138
50.1645901000903
48.9224381311348
43.6657221243618
48.7597066817626
48.3773863791073
53.9650109382283
49.7724873555174
49.5793054125625
57.894762387769
55.6054178037214
48.6767890348975
54.4700830203749
52.1936408337875
48.0205067711036
47.5971369760712
49.2339482101194
51.5121004701823
52.4014727830521
46.6378321150152
49.5395560669064
59.2305306711895
54.3000564440009
49.6501287309183
48.4452209993133
46.257177161954
52.2672002888039
62.4531639916748
53.3846175402709
53.031995969628
46.2789955818648
44.1620027503125
49.6702584006305
44.6625860475126
45.0096103413391
44.4258771055274
58.7691264300449
49.0727197486149
47.0872555065348
46.4492914931413
44.1479095804573
55.0337330353972
55.5712603966228
49.3064825985291
52.0524115711598
54.9577714716668
52.1366381811816
43.6158581981682
44.6896219810551
45.8481796068156
46.5132390801636
46.8550071515885
52.3177837933669
58.9225696704803
47.2644629256764
45.3653745995173
56.7279449579544
53.1259114497987
46.94594665282
61.3049409126955
53.4516482079675
58.0130469314351
45.1854533474798
52.1393936346854
44.2833455163375
45.8757810184452
46.1250514556029
54.0690035046603
54.5926200017978
50.3055184575601
47.8461442819034
50.7843612059877
47.3311972638073
53.7545357149694
48.1316451385038
47.3154279246693
54.8336951891725
54.0285792302425
53.802955627212
50.7637578963605
48.5851386129366
46.944915677801
47.2892120208785
50.7724005891485
46.2509271585141
49.5317366890414
48.2737720952154
47.2644334906712
48.9880558156925
51.2782319557693
50.2028943042027
53.4634985831844
52.977558853728
46.1656529909797
53.9790829225212
45.3252096336675
51.320590613155
45.4742254930268
51.3350976545488
48.535265963197
48.5385775371816
46.5446789372391
58.4835881865915
54.7092014829301
54.3482025510289
55.4476883516522
51.8583826003252
47.0177445973264
50.5561312765279
55.5048222712649
50.4096989300752
49.7946760662331
51.0135347746933
46.784361354209
59.8703700950743
58.658638142426
53.2104691526866
47.9833710167859
51.697238858269
47.5712686721303
44.1572824225766
58.5413582951678
45.8872885159395
51.0064269648005
50.646965097322
47.7110895416064
46.1569109855151
55.7757640492014
48.0236243251656
49.6933511716822
47.962492401477
51.7476290249322
51.5031383734473
57.0841437309625
48.1849838079487
48.2020331534363
44.2197082643894
52.0335862483973
45.3994396746139
49.0217108296272
49.0915025961256
54.4011729322581
48.8371625126041
48.5939319631321
47.1223052811156
58.0414193544884
42.7681157338377
47.8572187548336
47.5694242221586
47.2684184953237
44.5573089177644
45.5915938315768
48.5376099217876
50.5817369295713
56.1855873390024
50.4384263081485
45.957382357097
49.698350489882
48.5171166622554
49.5116208296821
47.241307137343
50.3030564854021
48.3924951196165
58.5796582859077
50.3958400585332
46.9718715973385
48.171746484292
50.7442100396089
45.6896058491372
49.5449232860561
48.1305550971345
48.2480216119099
46.9821022887415
46.6387830527758
52.3210662448594
49.7948562186158
48.1463775136992
49.0075994241368
52.4409907795832
49.9673728067228
55.0391583776508
48.8701344827669
51.4019378601195
44.8784384285407
48.9937805986258
42.7532353534519
47.4685160110993
54.5140386721164
46.6472804784021
51.3167577355348
51.207004521702
53.9574662578878
51.6074293866871
43.3788465138181
52.2515025215143
54.5618412109896
47.4782391966826
51.4098261543291
50.17169464259
47.8530043149311
47.8997060324028
52.6786812862247
46.2821148888742
59.9383035932464
50.0538351383032
49.4043000131538
45.841288840677
52.4375877668532
45.2315544382215
50.3959186876624
53.9089566302575
51.4863379352317
47.8553981029249
52.23578738136
49.559416882952
50.0878124005029
47.4217654414018
48.1462132561166
55.2238577682465
54.1482867914452
58.1523980991129
52.99283846925
49.6768403765692
45.7078257692628
55.3082336173187
52.4700688465108
48.2683253680282
57.3714873173381
58.2714332712481
47.4376364845822
46.0586092926099
47.3771805314261
60.5771521790663
53.9614884310887
46.907531952021
48.3968991824616
53.6206607137872
58.5580209323201
50.8324142639512
50.1229817673634
50.9135013424501
48.2247239170523
58.7834800871806
47.7855097109003
48.0737621906478
46.4258626864568
53.9371384605181
49.1752187709274
48.9406427631347
61.1018417735732
52.2052461464784
48.3881477979129
44.1530000593738
46.7917498661918
45.6231652906505
47.9712919976521
55.8938939584577
47.1657141873731
50.4995642400036
51.0603769630244
51.1305647664335
50.9448436985397
47.5409486499855
48.118496511444
58.0300160821168
67.0792517271133
55.6097604653054
52.5369474849738
48.705744434554
50.3551116597548
51.2775628883123
50.766249888257
50.8946483298574
48.422192633607
50.5461747461483
55.4541202925118
55.5195856953605
50.9690545159467
49.5379362212752
48.6485287111724
56.1581447152087
51.5328918930516
56.4909601606091
45.0260327089716
49.65492495993
46.4928167739512
48.6530313921994
49.8328087521249
48.0200542086088
48.9044220686736
47.6937494611221
53.1399017547922
51.4909890773144
51.834108573226
46.2426229150699
51.4922654320752
44.864201245429
51.6888336208513
50.0636738763112
49.4184926737578
61.717988652589
50.1832479607079
46.5763994127252
48.1994340411269
47.9313454134765
54.5248439019989
49.1028562709503
43.9012573707067
44.5316072357666
53.2707221822771
52.958517234018
53.614905446352
48.7768366236436
55.9049026019722
46.9056883149495
51.4437298127792
47.2941302488563
63.438713135451
51.7338045525971
58.8187548793804
47.4338905465599
49.30694793382
46.0332802892439
46.4816718006429
50.8771803648318
46.6090251822335
54.9586331474319
49.6154719224892
54.4799094559719
63.3694025595501
52.1513113610973
47.2498730263771
50.3838060647901
51.432647674261
56.9277512605776
60.028337290395
46.6634937899099
57.2237659264587
47.3970314795091
50.8691162397348
52.9295604129228
55.8924485932819
45.7216467021066
43.3843840941175
48.1957838023492
48.1648335379422
46.7418265859324
47.4865442141396
49.9059490905964
48.8469365623861
48.9836999605639
49.9834218362149
53.98956168173
59.3216975728816
44.9094328075684
49.3068878223956
48.5199705606027
47.6763728504114
43.8517023535466
50.4920810097063
56.7796419589474
47.1146999920765
52.8554699982343
54.0019376385984
49.022650685131
44.3239904102613
47.0037583602606
51.5219254642209
50.9667345438235
57.7752302485641
57.7005980852544
53.4857563560114
45.3905549725019
46.3667406866773
46.3573201591626
45.3708549869485
56.7178508993897
55.3066412238261
55.0957230750241
52.4160276746127
50.5009209944942
51.9174076320763
49.6151699428582
52.0114965784798
49.433540845083
49.1997800682493
44.588004761807
57.5024590270088
56.8657340268712
52.7774186621859
51.4008908942364
48.653191386215
47.1577625388432
56.1101546390317
53.2267369025024
48.5115858893806
53.9274530517387
48.6967594154681
46.3511014759378
52.709731449842
58.120063445653
56.3197687944468
46.4712938793155
44.3372611660137
46.1982215884232
48.5620900917484
46.7567667745572
60.7991625745493
48.3443021527004
48.5651280377297
58.7805235646636
48.5477124303793
45.2919385596151
58.7083561545258
54.9696969465679
47.6868872100897
50.6322749028935
55.2270314457838
43.8003297257416
62.4962654959208
47.5832107916926
51.5867398597386
44.1600121631072
45.0129101066858
49.7563225391833
47.0749720468528
48.1318905144048
44.2773503152491
49.0508857732423
49.9006714969762
63.1459788984459
48.3159507563878
51.477092288311
48.7557190413464
53.5404267519996
43.3653557678564
49.0200106129064
49.8692820452505
58.9924422427736
48.6111986698452
49.0221824899752
50.5108827548711
54.1476880881653
50.8869434616576
53.4240894926224
54.1662569865067
48.0927775236033
55.0391172948736
47.6048513596365
56.2705125987082
49.5584701990207
50.6182396812088
49.8377898173149
49.4019292719098
48.6772692147343
48.1836143657536
51.6017768897215
53.0394805205128
49.9324311528721
47.8457937692187
45.052101260045
47.7444579119053
46.1712664551039
57.2655430816356
47.8458818290669
44.0674818397889
45.5644421617006
47.6457076037587
51.5265849653751
60.359301434184
60.3774238797339
52.3610223508057
45.9819977257567
53.9229393898921
48.657849709048
50.8762647214364
50.6189011542677
52.2332281451912
50.7872000812803
48.0580407896503
45.8300136391871
51.1564112025205
52.7204084586514
44.6192049742173
54.2154998179818
48.3339783383299
43.663502134769
52.3759484092111
53.4143995273541
48.9631292642739
48.5630705374274
47.1851243571977
51.4878799653439
48.8056602111306
59.4353047119072
50.9136236634794
49.0358732488382
44.6987634797157
48.1320257184166
48.2847000852446
48.0980655461022
46.6726609840889
46.098828720048
54.6500874493734
49.7765755010188
51.2436097659616
52.1460431665331
46.9998611914869
44.2557246309589
48.6176167105567
51.6770286794313
47.8539816727823
44.505558011999
53.7630305785383
44.6226710575506
57.8660771360151
48.9000865316051
45.8081582377784
56.9796298489108
49.9725424982312
51.5427036780683
54.0013138963039
49.6312905229005
52.4439891151168
51.1709370976657
45.4146556269019
52.6318058111361
48.9464505964101
47.5057329679078
49.6393573384876
60.0614899367351
51.9899957536979
51.6164631478106
46.7563075639327
46.131537400923
43.336051053846
46.037368025386
46.6326598402593
49.4077087467596
48.4329272189581
47.4065681777133
53.9948935165337
48.9781325727653
49.0194745563709
48.4327224556401
46.7136626091518
46.6842963666272
45.0620003248298
45.2303672814052
65.0496667908538
50.3570654841823
52.1181146506742
50.9511460820351
50.3114567609437
57.7568759187685
50.9755685022459
51.2937044784202
45.7151817134013
50.9563970828358
47.4544408678207
62.2139619328599
47.8252821583579
53.9674136179874
48.8717769596815
44.7225024695402
55.06205357489
52.2220605827283
49.4370190599704
58.9269049762939
49.5801529999398
60.0133285798382
51.1213432508431
55.0470203630366
52.6690986655693
52.5715398426881
59.6254915389328
46.490789699061
49.3026876729793
54.4820181770651
50.1289981610627
46.9213704152653
53.8805571370769
52.2828505177208
60.0518199501709
47.5420443812613
52.6753773913272
50.5007142525416
54.9637335242253
58.1443690512105
55.2577243856544
49.4773690880257
50.8835400015576
49.6585676785287
55.2753174350183
50.9940995490492
58.5710232673448
49.7378570070074
49.918832670928
52.5658018996442
47.9676851825275
47.5801703005767
46.5541968598452
45.594793751609
52.5689404126422
48.0096067787606
43.0440453554216
46.3930724706144
51.1507105205356
49.9992779251953
47.0080778825792
46.1204618099905
47.8058922594051
48.871852129432
48.8092734437215
47.2082588421247
46.7514035257808
45.0283602642148
47.1555164719543
48.2199504107879
56.455830787367
50.090604715607
59.8204161177037
55.1548007838409
49.1828651068091
55.953603870853
52.730738153039
43.2064031884999
49.8092310315693
47.733224862687
47.6942875617047
52.8281327591238
48.0435288392889
50.0846461863437
44.4747831074765
46.7072943054837
51.4889003853676
48.7189336878444
45.5248560250419
44.5201461213966
49.3351519563268
46.839119815697
56.8815950962469
46.0830355747347
46.7606287987689
52.6087552691105
53.1861822345376
47.8067307865765
42.8253937748709
48.3587474289945
54.0083007238013
52.2181063806705
51.3862871113156
50.8698287475739
50.0695131392436
50.156126545594
43.3732829949672
46.8338724444008
54.7299342114975
49.3494401287428
51.8497875343334
64.7590012194444
50.9547465219937
51.8372712943694
49.8076848636737
46.8771872377805
54.5032939994188
49.8834807508517
47.0321946196701
45.8817571661037
47.3182245486263
50.3320957088854
46.8211461758173
65.933432035406
52.5068112459639
48.1454757665365
48.3754386402552
50.7075244545782
44.1299521001971
49.5287718626864
49.7544713682988
45.726396716321
56.9402770056137
47.8952625508106
45.5820715402602
49.7550914598067
45.5473105977242
50.5208567489517
61.2272265007612
54.3918337888331
44.4389205427734
49.7489296527933
45.430691956209
46.0299079217244
46.2783100353346
50.5877999573661
50.2364045960753
48.9598114149414
48.9985121284703
54.8986757939821
47.7530163357178
50.9659012877378
52.9829360926105
50.1483294023962
51.5221218361805
50.2863855134239
55.0365782607223
48.4025777456291
57.63543490945
47.5017019776466
50.7237141544408
48.9789835588595
52.4286831589047
55.0339238004693
49.4749721922637
52.8408793637941
49.1806738741494
45.2497576788893
46.4124980549931
50.520242863132
48.8575574263456
45.3243411441982
48.8007700100675
46.0484711506194
47.6091260092877
50.6252477366578
60.3540595305479
50.9034873818942
51.2935965011382
55.0877014565715
52.6682938911067
51.7620037811156
48.4274366241282
46.5347398688035
49.1474154317744
50.0035300798565
51.6300416257707
52.8399492786814
49.216515565923
47.298579306382
46.4736398065165
48.8779864548905
50.0159794680032
45.9187021677063
49.4281333244978
55.6009751342854
56.0479510528782
51.4763990711054
46.8646266931926
46.3723312474934
55.4084023156444
50.176878111493
49.3474223355218
55.8426539273848
53.9160564006343
60.0421716614473
47.472015098961
44.4995021972019
47.344213673226
51.5086620887985
49.9262347872091
45.3446755037291
53.7893164592145
59.9736530418076
48.8487343508356
44.9746243781788
50.7194364498875
52.4453726515365
57.7892663519344
46.3333451138709
51.8085384443529
45.2577484090757
49.5298128560661
57.5995255370456
48.2199925910714
52.881267865424
53.2163154001167
52.5105947443689
46.124263762079
53.2078999630883
45.5729186501652
47.5485933988111
46.7334637402542
48.7718630634043
49.7711004940375
54.9967525107181
51.4990890824055
47.9773258462451
47.5650939792923
46.4032917884099
48.9374759334951
49.287533150977
43.9065197445343
44.5959479843269
50.0644411090917
50.399084316519
45.9188448641939
48.6394271422404
47.3887607238449
51.5156102560002
46.6194711001556
53.1423654091346
48.6280277922368
48.5270233027287
49.2096333768851
56.4598779274869
48.5659156534401
54.1642798793339
49.422455600835
48.0011997265363
47.8136413066952
47.4937684747202
51.201612187485
48.277955618475
53.2720446422093
47.8175951175019
48.4093526743211
58.6585856949354
54.5487134874492
48.9652462906596
49.1824314736115
54.2356327388825
45.575152074617
55.5507033101131
43.6196099519487
54.8270755689196
45.8265609300116
54.4889796843675
47.1150504352012
45.2836052641299
51.2810788581659
52.136792952061
46.5194234949811
46.8503501905202
56.8143241652641
48.5654904953047
47.651192645189
48.1534413066746
51.498161957568
55.1279380514514
60.7953155015833
45.2111501760232
43.3705915607913
51.3887881948508
51.6397184170815
48.2573290651652
48.1714412717265
58.3916023618815
49.9774558569441
50.0819662065915
46.906758882792
59.7898664189774
47.9917132170345
55.9028406758506
51.496113383194
58.6839100916244
56.4276797621991
53.4709388975915
49.9524631220003
51.0007709164598
48.7413318003069
47.9247387326299
53.1818477998128
47.8745104170658
48.0246918171478
55.5406527030693
49.3548611512351
47.2053813298966
48.9783125075839
50.3098422557503
53.1855972710981
47.5898943096085
59.7934294935678
53.9913094893812
52.1734720474862
51.4928609858752
49.4319943541646
48.7768419286285
50.2744155878977
52.1774081087351
57.7450759482036
46.8068566367934
52.254750537323
54.3810833179242
48.9486954890649
49.36006173035
46.5620625847884
49.3660891752649
53.7022590320543
50.6374292576743
48.1356538721348
54.2200666177754
46.6485422514857
45.0452762797555
52.1185620972176
54.8538003106063
49.384572171573
43.9835646353065
48.0342771788857
45.9850866393558
49.2832293074744
46.9849717352436
47.6653768591356
51.211265703459
46.5304713275778
46.3704028188973
46.7135069733973
48.8257088854041
55.0689633519712
54.3271990117021
49.5395388158384
48.0091595609164
48.7452221179869
53.2122991305718
49.1663759468789
70.1535025457159
52.5645851976463
43.8155549298365
51.0602567291072
52.7007559540729
52.3295551642397
44.6155218778651
49.9517291251045
53.0510160434103
46.8458824100268
48.152613570343
51.8136717583117
51.0645836888314
50.0211575009254
60.1353274092246
44.1952477034203
48.1041618329143
48.8041654596591
47.2783271509692
46.5278981226663
53.3686115509264
53.0121011700894
51.8400414528805
45.7470682550317
56.2205701347719
56.7206426384266
42.4855278723808
44.9949719594347
53.9799130336211
46.6876468554326
52.8759719218221
47.3780989304495
46.2406756073229
46.8378937270088
49.2194669693063
49.8936816920941
56.2370050350801
48.8690376979577
57.0697124462003
47.230955652436
47.1618003349013
49.1720234542961
51.8453992187239
48.1229970038758
46.8942489474582
55.8316390958979
55.0309776711716
53.3761746144523
49.8420968546114
52.8251787678901
49.564699474673
47.781514967824
49.3378293664069
50.9729408415748
51.9253564629303
49.8239222329137
54.2009707416367
46.1133864492389
46.5222672293126
54.6387715404447
49.6729195969823
54.7076376609144
47.9209575488609
47.8788179687391
50.4491902154291
51.1526766604418
47.8746203490917
48.5548463643924
53.281661116506
49.7728695502626
57.7930055771692
51.7077699811536
45.2974003781785
60.1415225736392
46.5569880942996
57.4651052007761
54.7954533141185
48.7845935249714
50.8628703754709
51.2051251258096
52.4044161767147
52.4797053987165
50.3300145376428
46.6314257008149
55.4146129803395
47.8321124481752
47.4675029449514
49.9498613924247
50.6189944724923
44.5434207495564
50.5847024588767
59.1075632205297
45.9737489073222
49.5888184221783
55.5174123852453
49.9160845650678
52.2424871080087
46.5931369913753
48.3158666812698
55.4695344748666
48.6003513682675
50.3637374833669
46.8416576759893
66.4338107520269
48.1231816635098
51.2998860722433
53.5897696388222
48.4867590694804
57.8660311329489
56.0677749833491
54.0766266775639
52.138839830567
48.3723416137748
53.4492680454995
48.5556070310745
47.0139486114147
50.5313578980695
53.8005236001922
53.517861412878
45.6599671498161
49.5655993670617
44.8536575642813
47.6327669508185
46.0757514302642
55.6553766461994
44.7319091071796
51.1253393461272
46.6878344413634
54.9554244944284
46.0595003940363
44.6752082215916
50.1094772056119
52.692106468563
48.5923170124298
48.1645281399594
48.3859147012283
46.2691888070997
51.6814797300248
47.8844479362907
47.0972863364237
50.7825545951452
49.2777155868934
45.4247564340628
48.8653816344496
47.1193501465499
57.5261299510683
58.3404428246832
52.1196172442527
48.5169659749041
48.0628906318121
47.5542673944251
51.0238539478708
47.1288808586783
57.9307942230695
61.4713418482919
48.4147352806989
52.6136293578339
53.3479264802813
48.1021667758031
53.7044312267158
48.4601598667885
54.6234173220643
45.6809105745
45.045469615696
48.7019023120389
57.7960423376617
46.5248634617739
43.9999963856676
53.7950878229174
53.1546251818987
49.0584273282492
52.973256621316
47.2726742200808
50.547050543412
48.7712012278935
45.5924838348192
50.3548345669804
51.2835706285554
49.4685651017892
50.0328462447922
52.3013191309307
56.3803604119077
56.0570295755643
51.3883460860882
52.3884577542675
52.8683979084356
46.8671644491349
48.1432697485949
52.0954502076842
48.0827288586475
57.4418322542758
48.4751435272784
48.6654125279571
52.3749236272688
67.5610186073491
55.0620807280658
56.9928239909326
48.3400774920337
44.6877098216734
49.6638519801771
54.3765643865235
52.8823839405197
53.9079097775209
51.4785353755359
50.9413891987048
44.9397935116669
50.1695770288696
48.102159961072
53.4899036166825
45.8814007588458
46.5731966598178
45.0621850744327
51.3733379943004
49.2068451429153
52.5068715702659
50.4520434676013
50.0933387793568
48.8964361848197
50.5349936644565
46.4434671236653
54.2831887052105
47.3736591176978
50.3241407999258
51.0793828376972
49.5995786823885
46.9743495759463
45.8158879951143
48.7955337037831
50.202218079664
51.6538538410436
49.0961464401719
48.5509060639901
51.9586424066439
48.5635086956977
56.6579321877822
46.1583235769734
45.3251946425857
51.3568237884286
49.8470026293292
48.9154001681273
53.1238411231632
53.8404120665176
49.8601096467195
49.6985309841542
49.2527801562904
55.9135961270743
47.5311903456078
51.7892420856306
46.013039343314
48.433905559671
45.0440995204914
50.9047932769855
44.7128765735613
49.2767440769146
44.2709200285555
57.27440686538
59.0774735835478
52.4867068622756
49.8946446145866
46.2404497802196
46.084065671872
50.5939557779124
48.0244775711809
47.2299648204635
56.7190385041135
46.7206925684583
43.8469734568408
48.6099670888597
54.1088889182416
49.1609938311832
45.5602535406797
48.9386690933877
49.4034502864644
49.0025254962214
46.0776615339707
44.8552431703063
46.5859485281861
52.5677302015049
50.2839827324463
48.7645525232422
57.4939999322931
61.2610160790139
48.0731677017443
48.2982585356513
46.4217741724291
54.9575694288986
46.958709533676
46.1664247838212
56.5964231128262
58.2180221144337
47.5418610468287
54.6307046423871
60.1733178035798
50.1694582273091
52.8038920676006
46.617721661098
