45.5459130083075
48.5752244906317
49.2299563282845
47.0577054273092
53.2109272250776
48.0771010838173
55.9502837727435
45.4160541981553
47.7810996361835
48.5161367820492
48.8314187068173
48.901468653314
46.3353854696169
47.7940134501533
52.6843826045105
46.6681056973789
48.1892962086469
47.7753134815403
43.9595537979949
50.0668152631065
58.5550685171196
45.6898666169439
48.8654019167795
52.2562107554623
50.7944343495241
45.3434484861683
47.8556131071183
47.2116667732156
56.2210490424508
56.3222170294967
44.5130001682157
43.2629380945945
46.7308003358699
47.9641328876797
54.4149033475601
46.6600016905388
49.5588971356604
52.2681766702987
57.6981771252445
48.7255167094219
54.010524203543
49.9265885147738
44.7710649002008
50.3755247555864
48.0848571020839
48.2902805210081
50.5203349516647
47.9145660714052
53.2303701847363
46.5542941004059
44.4244601132461
44.7541158753703
45.1468635168142
51.8485690809489
49.8325581450765
49.2308638033572
48.6545879700086
47.2793014992104
46.9612628246416
47.3600389545477
43.4426472711395
46.818148175054
53.830955867829
50.4021202517621
46.0362126456199
49.1838968676381
50.2756947641328
51.11985331549
55.9389493096888
50.2888268285522
48.5267856926122
47.1967805746616
50.3227248059254
52.2635037514777
46.6280190161337
46.0760677496686
51.5704790273881
48.0659632441796
48.3163362239529
47.2892557610745
44.5089661237092
46.3536000923678
47.6370291814806
49.159144181507
51.7808892266523
49.3687391694438
49.0744777320765
47.0101159167987
46.7957896211456
49.197771161972
51.1463780168844
53.9876489999001
48.2254165289658
48.2477530241432
46.8686171008486
48.247613872005
49.6728896221604
47.5648068123266
44.6644938053229
50.4047258149987
48.7646607894622
45.9884755856506
48.3119825094898
50.1917205794623
46.0215836744887
49.2119392947757
45.7248462453595
42.3114910374517
44.4036719821625
49.7846291037967
46.7265027397028
53.6312179590589
49.0068356201404
45.1409428711044
45.9172311041923
57.8374259077101
47.519784093252
45.4108078906952
46.4240139000185
49.7197556698147
49.336040881281
48.3492821274329
45.1067769801483
45.9601377567598
48.6397989164406
43.8211253025241
52.689284180275
46.7210678620075
48.0416184512306
52.6097134950351
47.7189553143194
47.0588704369259
45.6989646230152
47.4919244034321
49.6425175263007
44.5629000665234
47.7908886321007
42.4799294186478
47.1907472839868
49.3215012210485
45.7280685437016
46.9065397356987
48.066297976214
44.5044493826523
43.4275568728671
49.693384982117
46.7634462564252
45.5777844525357
48.7225815788001
51.0339286104531
50.9362044314457
49.1405987056657
47.9550771772947
47.1294402553108
48.5184560107856
53.8357234402256
51.7029540103273
58.8669891319785
48.7562868412553
47.7639566982759
56.4821348315215
46.8013107669671
50.6326111031918
45.8886760919265
46.9965703328999
50.0094936657539
52.4956843195557
47.9650661446273
48.2819619933479
48.4854776086914
51.2082685430126
47.9220786933028
49.237704800291
44.523429593462
48.2381979587061
48.9482347901208
45.5832318435485
47.9973205222436
43.0802392894584
49.2843417313265
53.8655833272358
52.2985002661945
46.3071656011547
45.8639905384436
48.8515458455004
45.1211890981927
49.4748096201908
50.6983066763373
47.4752068875588
46.7786111109711
46.4887907382977
49.0666546791728
52.3325582725895
53.4624214286447
52.5680287420381
48.6230077894059
43.6880740604754
51.4391561398722
45.7289836451463
49.2467684695066
49.2312520051966
46.2314964697284
49.7089084110962
52.1868096933405
44.926550081094
46.1697688758467
45.3085615114613
47.6756710479816
50.4369947886073
49.2867539706215
51.0749979945461
48.7814099701732
45.6961890315186
48.9601062861254
50.1838845899483
51.2694731261843
45.0364605055753
47.0934700385792
47.9941128103636
47.7148164993288
51.6248378589177
48.7293025911419
46.1448598082895
46.4587027770647
44.6141532046861
46.4183967267991
48.9561433245579
47.2706885704772
48.0710846193336
46.9468729797307
46.4694655572113
46.2494864229641
47.5913533954617
43.513335668663
51.1847884065244
55.4783059499213
47.1120893161274
53.0605940132595
49.2117483550137
48.0979378740336
56.208451782459
49.1916323001694
47.8167499030412
45.447364578365
45.0465627017027
47.1946844362293
48.4675474743205
48.1650483302432
46.314655853495
47.1681876613336
47.5042449493322
45.1842327539736
46.7002830836668
53.2566444813703
51.4083575392135
46.1586984121386
48.6622834485633
47.0092253850899
47.8573310639076
49.8835647592663
45.5605433747395
49.6787157477652
53.0059012530975
48.3149137451359
54.9888011967626
50.7725433201772
46.7915323515428
48.7576876407043
54.3096483253225
46.6323013528887
48.4937860517822
51.1205887191073
47.5542633180246
52.4418553558475
47.2989489401746
43.346896151437
50.4188253600062
47.2440977820634
54.2154074531563
46.4268334081488
49.0817413125017
47.7859175338898
47.9029756469379
49.2896488524069
53.1627266111818
45.6161907155015
48.8531630251365
48.0740278252062
48.9952930120732
53.0743552233766
45.2784269462098
44.378427824977
51.1740943647929
49.6231099906134
42.4878208990173
44.216794328092
46.3615567920071
47.3256338367265
48.1391023179477
45.765908297524
47.4427259717626
53.6919569608181
47.6989956708865
44.5638681397525
47.6203902521647
52.3631922093008
47.3683985672241
47.0960341811056
44.692431880239
48.1454320740336
48.1144303281098
50.345240094319
47.14770304571
46.7960670689519
50.1885004955443
47.9266217174887
49.2003210797838
55.124133055241
47.3439805067693
47.9955186690029
43.2708711893592
51.1429413547878
42.6977844709295
45.1357423947227
47.9260065574664
44.8990315279335
52.4285055647273
47.0320686428049
48.1910221924688
49.8974184162155
45.2876165841573
48.4331870538474
46.6444946885561
50.1172864583625
47.4812910982175
49.352938856282
50.3155259204711
47.0096091515325
46.8283904542792
57.1550106105303
46.4540491481574
51.2202863176391
46.6056440667539
45.5739948307227
48.9446213938938
46.7221251652354
49.3792924631924
50.4680796873577
45.6848302788199
44.0951421376173
47.5718884383951
48.0687915069371
46.4078965168171
49.1263738828664
45.5494057660191
51.447630604672
46.16347361223
51.718615263685
46.4891349427034
44.7947172883024
48.5883007924268
43.5041878609285
53.0645904106422
48.7598956053095
48.3364581822105
53.9598120880229
48.1673103549873
46.4930437909723
45.3470131689043
47.0720731000668
44.6591672609452
51.7736669963676
47.4584117633252
51.2721054388785
51.5239964524555
47.5057428002551
51.3903868155835
44.5022322387491
46.0253180437494
43.5190630005771
44.9889077409591
43.7950477382367
49.4591498935958
47.4548575788468
47.5577688981543
46.0977865874463
49.5298134438347
48.1455926784215
55.453983316437
50.6161003193809
48.9494809393391
44.9508910875954
51.9142371344823
50.0088127798159
46.9751267500153
52.5286633767794
45.2802563671784
46.0841346261697
45.6624895292347
45.6936372853759
47.5738600954052
47.1607428917475
43.9397841328842
49.6728664895203
57.3454135696527
53.9092136051581
46.1027103207047
48.0235830125367
48.8523492542896
46.8530425657684
47.0247970760962
46.8144265574814
48.4343052337688
47.0795630153033
56.1082549250973
46.6713721569708
45.5311484352131
45.8277380464
49.6143172560919
50.9150779059124
50.317075173236
47.8585485075566
46.2079553908125
49.1065641020146
52.5838121634646
48.4827373083437
46.9014353233344
47.8557981125544
44.604073192542
47.3389776265698
54.5563990931986
46.5335646524973
49.8184960879079
51.0028267922999
49.9858785608414
60.1176295287153
54.1063278230127
50.0580535431619
46.1668460539135
54.2356182898944
48.3605256163837
48.5705360018101
47.7205668329692
49.1248875380545
47.7977203339929
46.6793433629798
47.8280944234441
47.9185931406901
47.8743212537083
49.501991216542
53.7273496089686
48.8282902865036
50.5562100982753
45.2393579403234
44.3514747575898
47.2669597737414
50.3292932486999
44.0489836329571
47.9771657680917
48.5084368786675
47.5770085397726
47.0767852375043
43.8263832632515
49.5056831825532
48.0357853674595
47.0845798499938
47.4882637229041
45.5563237593761
47.359070658099
46.7368049903134
47.0717069024317
47.0105036002797
50.4515286476627
47.0319242679822
56.2528188626526
49.0347602971159
52.2530349499151
54.939647351816
43.9002332165341
50.5613745040608
49.2233165233797
52.5974278301372
52.7208607632195
48.7343071821888
51.4322988823051
54.6540443521371
51.1825077767614
55.5640992032304
53.7662445566202
48.290708069165
47.073864043966
50.3496870632189
45.062321039623
47.8603967702542
44.9377180274824
53.0494664106028
48.9778096648044
50.9621676179162
51.933406061477
47.2037124841369
53.3419386149787
47.0406024147303
50.3627201870236
52.6369050510187
56.5254138427918
44.6198460122402
50.9887252360398
43.543024784803
46.7170085903829
47.8857290497129
50.6602390691074
47.0555193050779
47.9608448938151
50.0069850088145
52.0417525909245
46.4357714285697
48.5505986720315
44.8179128571944
52.0892471335456
46.3870579946983
48.3902731158862
48.6585504211841
47.3751659063652
51.96904052128
46.0605917191087
44.7604607953114
44.8957178026551
43.4350198198245
45.1126556678342
45.5462663637268
43.3943545867933
46.2670030144803
46.0373210563066
47.3900172756627
45.5340661685551
44.6211154978292
50.5069922358156
46.3436927258744
49.3975505850237
48.2488291101694
60.5776492021711
46.5717078444953
50.7383079856591
50.334619059956
48.3635669026956
45.3912673096994
52.0660020168507
49.3111582605094
59.1895682952467
48.4593155930994
49.1907173864148
48.2838530484609
48.213672987266
52.5569848467175
54.1837623356853
52.8480034751289
45.9443348186052
45.6317466343758
60.6554429948103
44.9505693457882
52.7304601372991
50.4023070715404
55.9920529869164
50.0739195830899
45.5823478257366
56.5114883888919
44.4277264095699
44.693929025957
52.1455296348783
47.6728012517105
52.5871726219615
59.7152944820496
57.8032817704103
51.3964591282504
46.8711071816547
48.4319421359992
53.2014238495466
49.419955298902
44.3402469959245
50.5087046413249
54.848994257688
54.3335117841986
50.4877409772749
45.0758628991733
47.3302433955362
46.3859584751658
47.9483072506224
48.0754567557615
50.8931975781097
50.5625275731954
48.9600146507206
44.6974620692679
46.5202622280021
51.125553272104
55.3050732865854
44.9252610165582
51.4969098857481
45.5393216749377
50.3972223947938
46.6446336854196
47.1965190344926
49.3204856109097
44.6850678570562
53.3529867999504
46.350386961512
47.2818346400179
46.9151994510372
53.0703897341837
49.5779575774149
46.7756410419516
48.7270048385859
48.2819246925904
48.6976861324634
51.2079157102124
49.1957279032042
50.6478249751225
48.3270999771601
55.0469560498941
46.8220291727464
49.1052151541903
52.8059558761038
46.2571053637633
47.7478347026468
44.2275856921253
47.2357973873741
49.8699709765624
59.7425871164297
54.7808411808545
48.5798699378855
48.6285873171336
47.8355342635428
46.1052112665924
48.7129674714803
49.273481762849
52.3451517545773
46.0620204083709
46.1088454150195
45.9974124594462
51.6194239330237
49.365602006327
45.102259593274
47.4583191009441
49.6302736803006
47.4763392696275
50.447026444843
48.6022271515766
51.2346937939872
49.0981571869112
47.7856005301387
51.2202247858886
55.9319279582234
47.3498838193394
48.5972001793589
47.0324929548634
46.4865707129893
50.4356481861117
48.0098130338742
49.9524098825785
49.9397334691151
48.947647232445
48.0733905991144
46.9367836973933
47.2425914263973
46.4037149033662
45.8785918825895
46.8929368318519
51.2124276584721
47.3184449539673
51.4581394251478
48.2430494377821
64.1591913534319
47.9289170498323
49.1505432544343
49.6237022556071
50.2617739795122
52.1482145552477
52.0577732410566
44.5615318319824
49.215098631984
42.6457230943578
43.8468940166137
53.6245978405269
47.7523994664594
48.2918682529904
54.0801360408171
51.0559845794023
49.2675546786932
43.9988815514483
48.9050397247416
45.754758456222
51.121223739238
47.946398641557
48.3324891169931
50.0330580137839
46.9744019928377
46.4932798729904
49.2711634425453
55.570729163743
49.2983366769521
47.1383786189704
42.8171138064277
46.3111798576482
43.8774809656482
46.9383714674398
48.8564389517872
52.076071784641
48.7169782209305
47.6388513453054
47.0183573737691
50.9737730630001
47.0254256818609
43.9258095110072
58.7279810444306
47.6570610084063
47.8888167316886
48.3547696098734
51.930613114821
54.0852957138562
47.4786686586329
48.8125593136941
49.4639226538069
47.8735840816575
45.7283161919569
47.9804601802431
52.3906647123059
51.2932569587917
47.1662940151982
52.356086808644
46.2638409293208
48.0265964664683
50.1683886633785
44.5945000351301
53.0814682977159
45.7068581867609
49.4123451894464
55.3489274497595
60.2786261447747
57.0401805230629
44.7475504571537
45.2815857000507
47.2081060151912
51.4603011473445
48.2714380056169
48.9007086679904
45.7210607239416
50.0843691133998
47.8298053932672
49.4160718506749
47.0919403643702
47.8760790481541
47.3715945562373
44.9077810948257
54.9009081184771
49.772252892857
52.9348375168752
47.1885861068435
43.7574305963984
48.1135130752447
53.882807048796
48.1540489632852
48.4968721332006
43.8282600354207
49.316854169149
56.3578212684151
46.4179046232801
47.144003568572
44.9212046402312
50.1712155199598
48.3828832971991
47.959256212882
51.0481335533603
47.6471727753
50.292708867767
48.522708080331
45.4739029547064
49.2954062531908
47.2460700160165
43.8347651988061
51.8600844715365
45.4533238700063
45.3854477308894
51.8465933842939
48.5600200102186
49.0997175478235
59.9133642151478
48.7705255734158
50.5225206976472
45.4891527031222
50.8121469104596
49.9079121373758
48.9626628541906
43.4478850582936
50.0361554055244
45.8417670514397
53.2441067664967
50.959251524272
46.13205228625
48.1364552652547
55.152907563035
49.2975588552564
48.0786677390649
47.3793586506293
48.0831533426561
42.0295718453639
48.7089349875314
46.8412411513536
56.8951666860416
48.1911106179326
52.4822695823731
48.7421217119871
49.2176694492723
42.9651601730422
48.8163755982606
51.0852190890147
45.9974558344031
49.5369388392431
47.9948980968286
45.5144697378741
47.3879568827308
46.7077890313454
52.2932319696216
52.4206652510583
45.0441048873484
46.0539600616602
53.6055277899379
49.4391179817541
50.4693331587303
52.1429982318092
47.8346838128375
49.0524995396719
50.0022640035971
47.6137885353726
47.6214858961925
46.2598858914119
46.5231237971607
50.5145749784018
42.7966816672645
48.4167454054522
47.7078834972344
44.1178987563634
49.8129269686498
52.6595164642218
46.4288684341983
51.010683139547
49.9944260896035
55.0336618256409
46.935671565848
46.3028050541644
48.1853850189722
46.3608070805674
44.0789747760567
47.6539608906358
50.0389524015537
49.5511241982182
48.6069740054184
48.7784794381941
49.1066354069872
48.837960690442
49.9972231300711
47.1992531305818
43.515822356887
45.289329774237
43.4775185619507
46.7003207678997
46.696400285344
45.712201841519
48.0271356672089
46.6192065017277
52.9072793710412
45.7126060746553
51.4158401008853
49.5932434539828
46.2464294298381
57.3894714175116
47.6908803960052
52.4986425267393
50.3113386562353
48.2307479213889
47.382600842143
41.3558937834569
47.5479222096856
50.609735517648
48.8169471025352
43.9853182507859
46.1991929098684
42.6828372512598
49.0329795062566
49.4815668463601
45.6466059268684
45.6843349677644
47.3167075391896
48.0633802773358
55.0714137325472
49.6115805205672
52.3020199152542
44.5845301517913
47.5791481448084
47.6281803205722
56.73605624544
47.4849117277986
44.8947704484386
45.9215896443438
49.8653875804901
50.3191574560987
49.6289339643027
47.0707416670161
45.8849726406881
45.9850777535587
51.5635835232765
54.1940023910768
44.697104071799
50.4224182294097
52.5006570887531
58.1168613377104
47.0420575613345
51.0599316037244
50.6788124658291
52.8329428272704
49.7472485317585
46.61043766507
49.6649959470564
44.1576529860813
47.579656720328
47.5073278771814
48.7311072446371
54.0337468429479
53.8354811034698
52.9615070647091
48.5310621979825
47.6530921524082
49.1908674068609
48.461485328463
55.5194564387568
52.933298228832
44.8748100400134
48.7138541841071
48.0500595303611
50.1246128388968
46.4321842957213
48.2487754137851
49.159429105728
48.4769351941528
52.0580646762648
49.4927346900493
46.8206559302016
55.3118041668461
48.8465196584649
54.3220561764756
51.3293928886291
48.5410872659695
49.917309331517
49.6283629113604
46.2245384533174
48.1180408266579
48.4840397051308
46.7998588021805
49.3253186130492
46.4615076835858
52.8208952751293
63.6057070259019
48.6450115967675
43.7598542724293
45.3575935679034
45.4023258689377
56.4429918454152
50.3765309624932
59.0176684915279
48.823053281152
49.8456753022701
51.2984999965018
44.3020363183183
42.8097798461627
56.8455971377358
46.7750018039401
49.9308145387395
51.0802531136157
47.0729193065521
42.8996178499116
49.9845320051538
47.1017548888146
52.1581352904513
45.9790728969526
57.14247329171
48.8110762068866
49.4458229765293
49.5480962252256
48.0462051475323
52.5856336832532
50.5649187767353
51.1431029325526
49.6182448160528
50.1777766173269
51.2755851082067
50.6790111355151
45.3519235373099
47.0564489250931
48.2925393871768
48.3477420977537
53.9269676935405
48.084304240728
48.3073507516226
48.9626454676922
44.582500636109
46.5273159828885
49.8602940460908
56.5543164747046
43.3317787660907
48.6594129275784
47.8687603614768
48.0253570141978
48.9073524598745
46.7357708701934
48.6249912609238
46.0527238653269
47.2775745510085
49.5317762766714
44.5931449968538
46.0087092095318
52.5347185880962
46.2883160968317
51.0736579923016
48.5557741540078
48.4139414149893
50.4912538604336
48.4406589361342
44.6016545421167
51.509705640676
46.6460685499426
46.3136233457908
48.5913118374577
47.260499868842
44.2409741856078
43.4984804403225
50.9892487677787
48.6102406854325
47.69761979907
55.789425590672
45.324957323315
50.7236882573811
52.09317305234
50.1969619230026
47.236084517707
53.1192752184891
48.2366691744101
46.6302940692337
45.1413890245233
49.5854538609608
47.2106632968317
46.6621439330017
45.4128852094613
50.8158836072951
45.6409841705703
50.8429539471155
49.8218321313224
51.9687748415966
50.0681844342211
49.8286909573272
47.8912337537402
43.9715718392652
47.7202776511065
43.329928507276
46.527843693503
48.3534878160664
48.4645397640333
46.5446123342098
50.7866570117401
49.7174480301237
47.7007558085022
49.4996855498539
46.1838239420276
50.601498682715
50.5170536274281
44.4439264686499
50.3072424521307
47.4216206303772
51.1902139522554
45.6370317442781
46.8848734613074
44.0802017803964
45.2597937336755
45.5281216213919
47.747522877155
42.8496920899863
50.3058807578606
53.7363502790045
51.000759547835
48.6096578594227
46.377328760679
50.168596363608
43.7802421582885
56.4049859004939
47.2025911975404
45.8455887489903
45.2014728358425
48.592380511976
47.7571683080765
46.5251815232948
44.0174845525003
45.0479840000511
45.7570576268555
51.6680133786925
48.821875530045
49.5685772265087
50.0574836951569
53.4126520334066
53.1740591458544
48.8671605444597
46.1269953115405
54.8181690972544
52.5100441882426
58.8227109348343
46.1732693915817
48.9929929933065
51.6336617237736
45.6853642896995
47.6190124783385
48.9773994130025
53.5236550823319
46.8027232668288
57.5941694048369
49.7820428576045
48.1791716328025
49.1562097504265
47.748977282683
46.5374031177188
46.774646043932
49.6590137064312
50.9221738072126
48.1105601438466
50.5881061783417
47.3007887471497
49.3384035362523
57.014527123535
55.7260981774596
49.4160315798702
51.0414376699046
46.7804848239811
48.7255704252962
49.2954702504955
46.5883038014068
49.4023299800715
48.9263135659933
44.3248881710549
47.2356167931385
44.4608737351503
47.0617932865838
43.5267911620565
47.6099954690786
45.4769881733216
56.1301401611107
52.8308651064669
45.8555731537772
47.31114211573
50.3204180048104
48.5325384100231
47.0856021268389
53.4651495158007
48.1901605164055
47.3357655996305
49.7978688166375
50.5898559248199
46.536022184917
51.7931778100619
46.5007449950138
50.4187929486223
46.6000773364623
48.1714747782427
47.7105356822314
48.1365487094907
51.3537502762884
47.3046272934491
42.6719559037174
47.1264208386818
43.4699418967311
48.7331918929722
48.4578840724759
50.7862393637279
52.5619640094831
51.2595273220396
47.0154668573552
49.2824183146115
49.3469291812193
46.1590315706372
49.3850679777188
49.7128313243448
45.8677988476669
51.3948144110247
48.7856999847071
50.1218407976038
46.9616562605021
51.1798843058352
51.3101690099743
47.8231950950123
60.2953948549819
50.0050862209531
41.7714737581947
51.5521595618778
46.3337254731501
43.6300948552997
47.5305764542372
48.747813572218
43.5227486970388
47.0884153733096
44.0793559394086
52.1235086909235
51.4115438792594
48.5922104107309
45.2759648264831
48.5394616378137
50.4405087605184
46.4028572764586
48.8839348101409
49.9265110268573
48.8975768421236
45.0500906202436
47.3376965155304
49.6583769496157
46.40116616515
46.673394179545
49.9029148039627
50.2459356298323
49.5712093641693
48.4996175912822
61.9241891293948
44.40686343501
46.6185926171036
49.4973184326128
49.0080763397028
51.2918581898556
45.6890373755971
51.1556152985324
50.0924395674288
47.7613017419372
47.5406264513994
49.6580684592498
52.7729268843236
49.9150871342847
48.2836637123692
48.7515005557622
50.7726724140787
46.5967570271719
49.0105523110533
51.5664892089574
49.3572235311105
44.6861286867556
46.2882147325304
45.9956217348449
46.8796726214241
43.3007138262946
51.4724645182051
48.0013545587708
54.406231083898
49.4469224385898
46.7319976453945
47.1442185073318
49.0732035295145
52.7849551357548
46.4190315273838
45.4658215998824
54.7971736738399
47.0298449584395
52.1111533070081
47.7954201732434
50.9932117136386
44.8068508984248
50.8574731595237
50.69744219377
50.4297077749838
46.5970432865282
47.5404649115953
52.3920928416964
50.639908899074
49.1694702873919
44.9407061023401
52.7908491732512
53.9910690922519
56.8446162570498
48.2343876754073
47.2863698723119
50.6497668699035
47.6306265819513
48.8318409301374
50.6885731468668
49.5339229794738
49.1976444754113
52.0453790430985
46.2566342497989
54.2886912922946
47.7755151560281
48.7493105234165
47.0472164735172
47.2916268425719
50.7819256440894
45.3387104565766
44.7167122427782
46.9912897917959
47.9616302347198
50.5449465372146
50.5288569347442
48.6740820874059
44.2301865147897
50.5406541868669
47.8510653627154
44.4479587035623
60.8890841014623
53.4686711223705
50.9559811420201
50.9134200508358
58.4343105693626
52.1769826424498
47.8430504845073
49.3402328812471
48.4595635160572
46.5135019281406
52.9800196977732
48.7836198691314
50.797878732616
46.7412250352777
49.509231367692
52.6319316320341
47.8697709063739
46.792060987232
50.2635929093107
46.9786363726587
44.3701612654443
48.4128414734912
45.2216050326446
44.3943464850874
48.4039938406264
58.1682076539601
45.7702617932148
48.1961169035434
49.7652424883721
48.1863714556418
54.9184427956619
45.6601020455976
46.8403202791513
46.6833549757415
48.8535526995038
50.197628279473
47.3257560283021
52.1128700616553
47.141417607455
48.9380980706531
49.9327253303611
45.543575740995
48.0626402343611
43.881493482836
47.3491426365582
43.8510258781411
56.1317359866592
45.8546649554988
53.5724029934095
52.7145129499753
48.9097443028257
55.1860024058269
46.6798288857117
51.7100996557628
48.0324028120896
45.6822168232273
49.6909562361344
44.8317946379644
46.9815399108465
48.7312226747707
53.2283345386447
48.6117513379337
49.4139833100677
45.5675856068269
46.4655815600469
48.0889473762827
45.8225264380367
56.2197707790121
47.0420410672399
46.9262711903053
46.8506691715612
46.3342531664081
45.8457548142275
49.0295563949725
50.4870595549766
47.5177758045539
47.7628828572304
45.7383635590226
47.7941980121416
52.0445650339922
48.2368577103271
48.0826824260254
44.029742289971
46.6119025647727
47.564150215198
48.5852859965948
44.5155173284632
45.2462763724776
46.0026747018365
46.7579360572664
45.4918690877825
52.5368207704418
44.7410500365599
50.5412831931169
54.0162079560846
44.1440927442225
50.772507698673
49.9352583532696
46.1719262479089
47.197289494968
46.1940042013358
53.3595454841199
45.8548280225841
48.5739693469363
49.1653719381929
46.9110968613297
47.4549817247121
46.7490135552706
48.2208035038881
46.8855602061969
47.7218588407799
47.9718292948567
47.4757898084672
43.5348934124905
50.8358606434524
50.385076749504
46.127871792874
48.1790620549311
47.4918020662469
45.5860200568565
50.8747010049021
45.7329473656058
51.3492992399764
51.8983848132002
44.2399418783227
47.5550637841402
47.2339466987471
48.815504352929
42.4598243817367
45.8370371772925
45.7520649014716
50.0392065075203
52.1735628537867
50.5832429126588
46.1378834423935
52.6947823645871
46.9067818677052
46.2587197529682
47.149900758351
48.9096196144281
45.2868999242399
50.1141236403864
47.0753345608871
53.2689856962649
46.7749337874605
48.3236021323728
49.0285058203542
45.3944053517315
43.4107055958165
48.8398967033138
48.7259150733071
49.3333949724688
48.6845208967198
47.8034649737254
51.3894498333038
46.3676969830849
52.2344939145177
46.7121562981981
50.6024316519512
47.6526469820002
44.3332886430131
43.7595887764088
45.4102243779891
42.7787854785484
45.7845169287334
50.4351324195143
44.7065404333135
46.4672020504795
51.9358513659021
44.4735660191856
47.5272399205824
43.994044534947
45.885444898538
48.6061714132238
51.0665026357189
49.7841795588348
49.4244430691283
49.6049572542165
43.5773373781301
50.1796593613563
43.3343423641763
52.0963559169664
48.856999945593
47.8492711026281
52.0431373346382
45.8541138469592
51.0948991643847
57.1844468124298
44.2799115694311
46.2011109014398
44.0104527941372
44.3105172992264
48.3412974128176
49.4372318023409
47.9194477012082
48.3435857845414
50.6562125431062
49.0652727316937
46.6849968797514
52.1396559654057
54.7346404502023
51.4105015241008
48.7036992541581
48.3518824586879
46.2208820303853
45.6347342033283
44.2687595754166
44.6994862105953
47.9097016433027
47.775404545095
49.1711712453539
46.9521042083035
47.7413964162115
47.6721816075209
46.6838872633359
51.500406695346
48.9356778282782
46.92611789486
47.2551017055182
48.4230512065618
48.5632030605827
46.8979542193692
47.2202239410753
45.9013064941713
48.4503920237051
46.8244806705784
48.0708548854005
42.4334189560558
48.4233452400163
43.3505557565205
45.1019637298218
46.3452721588681
45.40877091568
47.8892827513765
43.4453061581257
47.1709361149496
47.3570868664252
52.4071797798543
46.1898575265051
42.6463581330508
45.3059837146127
48.0207048123896
47.0394434045379
46.3624287657388
50.2262196734782
48.4301490519964
44.446057274721
43.7469680521846
49.9225710180878
48.1987884516881
49.6428319082036
50.9480110149041
49.3705868359081
48.8732960670729
44.2660870734925
45.7019655926577
49.1957051892291
51.0633148939765
48.9392865664035
45.2708915675839
45.6283051415881
52.0677816888414
44.8883087991538
56.356726183601
46.204648468256
47.5553363819807
51.3303918001611
47.7616300821213
51.0478483993552
48.2800704626343
46.9502466258009
44.5789946719009
46.3779909635227
46.6524717247798
47.8399922288718
45.293113732153
48.4261540040115
46.3818192672925
51.4574331234652
49.3144844996861
47.9809197366388
48.766860062174
47.1098149213485
42.9721849235321
46.1696793172949
46.5870241502203
51.8375694116053
52.9705927976919
54.7449216770455
48.3760073930302
45.4136204067937
47.8566735942582
56.683897255373
53.376028952229
48.2636923770201
48.604996324681
49.7659853760278
47.2733800767697
46.7235267691058
49.2137748684403
44.0410218918615
48.7830489113995
53.6161999978452
54.406384572711
48.8715682063162
46.0146655010452
53.159432946991
52.0997140031508
45.3609859054116
45.1710635040662
45.821498151027
43.7942662586311
48.2995197905245
49.7522449708789
45.364909516673
60.1980811196752
49.6665176934752
56.6506912506102
48.0378181743637
48.072260501112
46.3262910454026
54.8254008866317
47.4120669796758
50.2925396157235
44.5982261556408
44.2477842325897
51.2336201757403
45.0431686846189
48.3085599625144
50.584713111432
49.5434758315356
49.7185586519375
48.0480981411451
56.335578165192
49.6287408156807
50.2384865268526
48.1824976472365
47.1279219388574
51.5364971048388
48.6720879006656
50.5103894804496
47.3568701710143
47.7702519586492
48.9260316421816
51.4858490370326
50.6950066107653
51.963331266509
47.2761260065568
47.6214666284263
46.5941173222798
48.7214845937958
47.1293557627645
53.4353850067186
46.1945314314728
49.2703686404745
50.0408033430126
51.432924754124
50.8610840365132
48.2046788907576
53.1282239992873
46.5324627756415
50.5527145396534
45.0339430633476
47.1521554937168
47.7904710308202
47.5802490183533
47.0395019366851
50.4056504722545
49.6330956485615
52.038585521324
46.9285037565679
50.9905481541029
46.7453954708036
58.5541291332422
44.9053628314798
53.9282566452079
47.914882783492
46.0960552855227
49.9642182960186
45.6926843931895
50.5399860626916
48.1755535627764
50.8765980865656
54.4698268701742
50.6910108539909
47.9410519533197
52.5984785176926
45.8505164084267
49.1093836435814
56.7686265080881
43.9184429397286
47.1604194061664
46.9997274354054
53.2621709283109
52.5512812852807
53.8837474497699
48.7320386359059
46.162040518362
49.7002120560019
54.2362748516073
48.7404625213753
49.2932382274412
51.1579411340267
47.239965921723
45.7807855821494
48.4449508979862
46.5054988453263
46.3265707434055
50.4731377338378
50.8683800042566
48.7496355079721
50.0047078934241
46.0937930381244
45.7721344405248
44.6416654882605
47.8081121260576
43.9843354474996
48.8925046516287
45.6465562938218
50.1204670340375
48.5661622811446
46.315892784284
49.2923428771384
48.6682137948331
49.1676932492444
51.8827827858834
55.9606696597841
49.4611637313716
52.8295727045678
46.6018243780067
48.5441006390742
47.9058856653753
46.4588029520139
47.6734539680244
43.3032884547543
53.438721934869
46.7246800897252
47.2888280281564
48.9449640675059
52.4045829906359
47.2047364861352
42.3811555666012
48.1805882992444
50.4469926752042
44.5700299465292
50.4356959669978
44.5795062591765
49.7319821613869
46.5684000257705
49.5497394685451
51.6916902867492
47.9271345362654
49.7023098996668
46.4212054955613
49.5695778150499
55.5191365508098
41.3998209798655
52.3284551541273
48.6507690515618
48.4483766935192
45.0659120444788
48.366566259435
45.0367187618601
51.0485604219065
49.5586931901958
48.0414785204779
46.1448547259825
46.1011083105218
47.421788756203
51.5305024794908
47.805515100287
48.4356259199015
46.6064488600193
47.7972342003008
50.3147202682583
48.3350077720292
49.3644752411685
42.7523079234204
53.5865889828282
47.8191390829815
53.0622428865797
48.4932671648398
47.9530152722225
55.3706969011726
48.6763991626603
52.0362526044028
44.2304505284274
48.1600741997086
48.0079362239733
49.5179553512015
46.846564202136
50.0781799625613
43.864166417384
51.4370346035112
50.2515384773771
50.8705323393388
45.9413289786274
51.2721105662323
46.0923923436827
45.0638886841796
51.3063018373201
52.3516410915986
48.1323788415755
47.6521468230242
48.1850701486791
50.9590971106604
51.8238148066796
47.9756570985081
47.8649795605471
50.2936154338165
47.6163866689007
49.5256489650719
50.469070434368
45.935742755296
50.1912997253804
47.7660237944032
46.7054367966012
47.7419024154614
48.7998555687311
54.8560158280621
51.2511808755005
45.6011313380663
50.9567626789681
47.645532530496
48.6711099346461
48.5438182930836
46.0759916417102
48.5463367043731
48.3098682874415
51.0724120115192
52.3131616520399
51.2894788898082
41.9368381559389
43.6363377098505
47.6111353810658
47.8986041112256
48.0862923560257
47.8204170505166
43.4822790319407
47.6292004981066
49.5379589953273
48.8406026085557
52.5327351279322
50.0074512479765
53.0262635344239
54.1066620672141
48.9212729146552
47.1275354211212
47.1044963056917
47.2626883252716
54.851722651591
45.9671612565743
49.3469920072839
49.2927806022913
52.2572239885255
48.8478657367562
50.472608769558
42.9313243077203
43.1978815108608
44.543033431275
46.5084170097462
48.3577026900106
49.514773702998
50.4197995431574
47.2008789530954
50.6206819723235
47.529399797686
48.2670375839051
45.6024674483442
54.3627529139148
48.0375029236927
46.7046170280072
46.2895326573303
46.3806819083018
47.5153695924909
52.5066634643578
46.8770461418127
43.1047295606202
43.2712961838901
44.5401955586671
49.9657019261122
46.8413244396201
49.1781807860927
47.9366346650235
50.3085478469309
49.951146691658
44.8916314401585
45.1200091906233
48.2950659322542
46.725731495448
46.6213014070681
47.8318019234726
47.5681897935063
53.0497667796515
43.0927105635665
46.9257216931254
47.8434039634186
44.9988581209512
50.2190162103352
46.0193606031197
52.7029091765688
47.6195371195676
44.4777952550828
44.7299257482588
53.1683929965126
47.3138021708807
48.4460009516353
47.2841447085943
52.7102961147513
47.0048969778313
57.5847271404297
53.2416484642049
47.1560969274798
45.4051615311208
49.75549172889
49.0549942934703
47.1700423814425
46.542789846633
49.7231265124259
51.8603677980897
55.8578057958425
49.0292969722743
46.6935803957754
46.8228546246337
45.0630523378733
52.2104517685357
48.9229938562322
49.7630399424781
47.9325595022959
51.917487418315
46.0859014796008
47.4345432542586
49.3907457051795
51.0708530811668
47.053676803812
49.3581310255505
47.804314756697
49.3411837349445
45.3479495384929
52.8630523983413
52.6869718604203
54.8014355465126
48.5571772124285
49.0785472752287
48.8832346124931
50.6692695075099
50.946977557448
52.0644420824571
46.8364277542154
48.3771119350402
51.0352261607705
48.0833851347082
49.6662510593211
49.4636974260981
57.3928535078489
43.7559452242749
50.0508016042157
48.9024440008582
49.9196933808705
59.1676218799493
49.0545053823915
51.1900141121805
46.3760134478772
50.3559624916489
50.1537046845101
45.3793555568654
48.1963552417394
52.0024887948153
44.3285458284736
48.4286632787568
52.4197797041335
45.3973313878264
48.1103036009077
48.7996295346461
52.9613708427353
44.7609660434322
50.3133999385156
51.3190445394972
44.103238000571
57.4277757702652
47.3252081243119
58.8720650333056
46.3285420735117
46.5047355779063
45.7629792895033
50.6624448181859
46.4323811609087
48.686419275555
46.8718444821382
54.2670148754834
45.7332430487992
44.578216161401
48.2402691682142
45.1093345134491
55.3582462827779
50.2611888295542
44.2108704825412
46.8865771504306
49.8036526590229
48.7538285391569
47.8926824574602
48.4188550213391
47.6569822213244
51.1105911698858
50.7050746570531
44.9473272690552
49.6465665103544
50.4065399640786
46.4577518367488
50.5970660696028
58.052585610104
46.6009825928109
53.3470584283598
56.5568739741299
52.7221149849274
49.0713604273742
46.9423434327136
46.6728494357769
48.1725217065128
50.2505772437728
46.1327711591319
50.1599518890741
48.254020696238
49.4514636444255
50.7708185595094
45.3137704221624
45.7053909206778
43.640586974532
47.5545666261436
48.7555976490735
47.137119004617
51.215876308464
51.7202748437922
49.7557005366007
44.8692450866665
62.6234920197039
50.0700375015422
54.6991907026492
45.0536179678969
47.7933096623706
52.3976895256359
44.3623016089233
48.1170723154638
44.4258404586498
53.138284708498
48.2187639839949
50.3849228949541
47.8095166290704
46.9473783411328
47.3687333004668
44.8234098923916
44.795379867194
42.9919408694348
50.9178825038126
47.1268174732524
49.9547667348948
48.4892883732734
53.2300371246225
47.6703367987911
57.6115132570915
49.9709344848398
47.4859604517932
48.3826186232505
46.1044311513366
51.0478771980084
50.9085380905519
46.5296806999122
50.1429151729853
43.8623234824335
48.334061384619
49.9565168115306
47.7567146125077
45.6342395740511
48.6544144755546
46.4742180518706
47.405437747872
43.2652119698866
50.0583102116692
48.8892593185391
50.5027362115131
53.6436393392178
50.4246709712803
50.7127649101236
47.1458639162331
50.4268346613505
61.309339353798
46.9398051473891
52.7234063948801
43.8652863080135
49.7326299618431
47.217085954346
47.8137473679526
47.8390557563502
56.27272483217
47.637333037811
54.8337202612492
47.2707502592504
48.6873450325066
47.3464185173295
45.8686167470589
44.3353247861538
46.327288945881
49.3355819556243
47.6765851246285
47.1688446374142
44.6267099490919
46.6980567521289
45.3170015852433
49.0171337576243
52.6654979007712
45.574294489063
47.8641479481074
49.0923572169498
48.9673663610101
47.7482755914455
46.4622123073905
44.6022399113381
52.2692894814168
49.4618220294513
53.0225793195325
54.1883290236543
46.8257823722506
49.6619731414007
48.3581134522995
45.9159749328558
48.6693168782943
45.0784857022125
47.7272273528941
49.5123686078913
51.3565032924866
45.8830446578892
51.7586070700791
47.7597248435754
44.6188368918214
45.826846811111
46.399317205255
55.5365240456154
45.023110310257
53.355141903402
47.193182388666
52.6327528613561
46.9218797660054
44.362673975945
46.580205040213
48.6862820775178
53.5591857281734
47.8258542602939
46.8535246907984
48.5904712795842
47.196381414657
45.9630234084545
48.3450268565159
44.7745054182659
48.8327520309012
49.3992249917945
48.8303208563106
45.4745447599882
54.6311663661554
49.7707393230153
46.9217658740488
44.7778178028921
46.0681261866071
46.7729103610939
49.4391981099746
46.7881674397568
46.2266266897761
43.7558553759473
51.2038456902014
50.7000214274853
45.1080379223858
49.3415603875112
46.2112653210941
44.4347037759423
49.2265215425534
50.5722933725612
48.7698468037905
48.5901589742402
54.2960121939846
46.8397405642219
46.4506384754526
46.1432756897646
46.1210891084619
45.9057708604269
48.9640158658284
47.5351625979076
44.1163311956806
45.9214686543489
52.942183215642
45.6905690983622
51.7947856762518
46.5996234063601
45.7399153744353
43.2585451139075
52.2843017513039
46.8070919490765
49.2304178078999
50.1851900725764
47.4564539300427
50.697741318225
59.0121362965353
50.4788457756781
49.8700386260748
47.8249182616502
52.813791030192
53.8530094032597
46.1401265522488
59.0206150269739
47.5457443674637
47.0259486620301
47.3671233579637
50.9005146738073
49.7377330588332
48.2633785013439
54.4679511243562
45.9939073396119
44.8060982656422
48.202179843004
47.8777181200855
49.7776399013126
46.8996325832697
50.6062478176723
50.930742460788
47.5574926343449
47.3375200916814
54.8539253234647
49.0042453974053
45.8820187093043
44.9440242630743
45.4453998064948
47.6485120089407
50.4447894748516
50.5656515899568
50.2860835398076
46.3101884990468
47.1239040140544
43.9914597061062
47.3886280800748
47.3344308654363
46.6409750138112
51.9360570177684
47.6604960060639
48.1543851540599
56.8001627221884
48.540375188549
52.0160714987497
49.1985841802799
51.2362247094179
47.3751791023895
45.6258848106337
50.1293784629641
46.7740399380909
47.851752138572
47.9859995630738
51.3872107747591
48.6934066019907
45.1320326070901
47.9513529152657
43.0273701674335
47.2242552512991
51.7007607378551
45.8231159446671
51.0767699467317
52.7992232858972
48.3894748980167
44.2091958685632
49.9165051212661
43.7748092456331
48.5093326279877
58.3308870984481
47.1766119675405
52.4850704737173
43.1460820285716
52.0902971769319
44.4289423094896
46.6416087659928
47.2440749984672
45.7155866696783
44.5538974308863
50.0903337085189
50.917351807505
43.189405119648
45.6196518578386
48.013902587011
47.58481410633
51.1565985358437
52.9203840470291
46.7476084137885
48.0409003501544
46.8125888218499
53.6249874727992
55.8853494395152
48.0486698138355
49.3372701335809
50.0859920461841
51.0619577864973
51.0165060630062
42.7847699240301
51.9091182954675
48.7156738757654
47.7074499947359
43.9332078221625
45.7637083979968
53.1918579983936
50.2635291834724
48.8940649839692
47.9529314903118
50.1124674668002
50.8037520842637
44.4615488761781
47.4213515357761
48.5128083708098
45.5250129295498
49.868065678341
45.9193725124225
52.0957055167348
53.6664469186935
46.4283775675208
45.3069226518813
46.8738635286147
46.6985501647675
47.0528639166317
54.9081372167921
48.5532299801686
47.7406655190869
45.5172678428386
52.1340470467582
48.3405768591784
48.2123504971254
46.9097707539665
49.449243674896
49.7097319902054
48.3958956869533
46.4943752971305
48.2300858534727
44.2666008749458
49.5413880746455
46.2961145881688
44.1475747933805
52.1300470728428
50.9289635694055
48.6388316586561
44.1939433399857
50.1043070758052
50.5367510588981
43.8085878212127
45.416154472743
43.5683954272446
45.0578255837521
46.2183656861007
47.3252449722066
53.2525716809509
50.429544735962
53.8894258423073
49.2073090469483
49.3348620248386
43.5272229558198
47.128949671516
47.5060710199343
49.5002171209015
45.3394021398076
44.5050566151246
48.95514497121
45.4234909112544
49.6501492761244
47.457780093168
48.3208881269526
43.6737980003414
43.0569837464225
46.1650963291493
61.4291406555095
49.0317665255179
45.9909097178965
46.7593822579403
47.3512438962227
48.1193697101102
45.077142413655
47.5373577852253
48.4544816218823
52.7839285413696
45.2499962164189
51.4724358536464
46.6829537191511
47.9832441891337
59.4463249875861
43.1202737591208
52.4935807326229
46.1994147394773
44.013152413452
45.5353734224156
47.6704652731719
55.8370657640014
49.4838807672522
50.5398526640659
49.2715517908248
47.6438824917008
47.4000745800501
64.1624375770348
45.3775826701593
44.9198564741353
50.4476579428226
47.949514958597
45.7303087688776
51.5692535144962
50.2423657625824
46.4826318652465
48.1459419137003
47.8230882177993
47.6633107557956
46.3441922763316
44.1151166989616
46.0989308921513
47.2360284439462
49.0950161367408
46.7476143376386
46.2950225820913
52.8428815242469
52.3033286250026
47.0789220429757
52.0928561061942
46.1990375430478
54.338066896067
42.8676235555104
48.525801200259
50.2531768893463
45.4820027187352
46.1287468865403
48.1270193899398
46.9165281546129
44.5495229457167
51.3654598283776
54.5393424205213
48.0033849209751
50.0566460193177
47.4955522224997
46.1210789829502
52.6988560010291
49.2554046885197
47.7965917623281
49.9989853484437
47.6635181021004
53.1726307887857
50.4797129543491
45.3171928586071
55.0242619839296
46.7898480367145
43.3980207030722
50.5700998902391
50.8235179494505
50.248631440809
50.3855260266945
49.7736311148033
50.5098974581924
48.8811585125349
45.4833314435478
46.5100816879618
46.8506783214143
49.2988819323339
48.7216885234451
46.4682858316894
42.4225316812186
45.9788390833109
60.4469211505697
50.4726755671001
52.3069213472814
47.1148139148583
46.9825497259805
45.9503620993545
42.6335176064166
46.5503620565475
44.8951095223348
44.0695399118507
47.1940354239568
56.1024864200396
44.1050455412648
47.8354073379487
47.3744094315328
47.6086453073468
46.8317391663431
48.4837101839323
50.6235821181852
50.2344896547101
52.7647309779944
46.0351488034433
49.8577359565422
57.7619836379713
45.0019450441987
48.4291003321506
51.4623713166764
53.6530856875417
53.7943468549993
48.5535006366973
48.747301836567
42.5079375754882
44.3758432475278
49.9858351401988
50.6656253389958
45.3706388733942
46.7575988219759
45.9100217589598
51.2276573444769
48.8451583690812
45.5901040714536
44.6494225180503
51.0937272436972
46.9787811512219
48.6759407656311
53.2145967235039
46.6939308441276
49.1341616214722
49.0594954627366
53.9937804647961
47.6406131974783
46.0948807702295
62.7339880451222
46.8726057201693
46.7537930420262
50.7131409664566
48.541099561126
56.1245981875771
50.3832350673375
49.9506587928892
47.512074719159
47.6910506617606
47.7290204438307
49.8956996040773
55.4703437909731
45.8834582024698
48.6313586546848
48.7051969263541
42.097713051708
50.3465284131183
48.5747899442323
48.31975872653
46.9894855221017
48.6824793152706
55.4765394299547
50.3474497553124
46.4580305666114
47.518176476651
47.8505447849652
43.3820092160263
49.1997922060947
43.9450715576474
48.3448628145309
53.5603810170855
45.175245547981
45.3891052594473
59.9215731654417
48.8376170728967
47.828315699185
55.328635759228
47.6381731478545
49.9783121593981
53.0738354944726
48.7737944372808
47.603642908499
51.1364192123585
51.6640452705233
48.3468491022484
43.5087893777377
48.0087119713878
47.7920053417902
46.0269302699015
46.980420985033
48.6504686926288
46.2642344140567
50.507124515934
47.4230775300723
49.1767928097588
43.9053008980243
44.3622854178791
51.5769854610641
48.0799937086109
47.4132828583224
46.4883404918774
47.3209893298214
58.3474911820669
57.9621444956662
48.5134944104625
48.8999695688685
48.0462458900673
55.3415919067933
47.9235168036819
48.8151414260677
48.2643856767103
46.9484721265039
43.5571723886803
48.4028006530301
45.7014987284334
48.2256477827784
41.9915262249719
50.5626623142275
53.6761556626479
44.1981475985554
45.2483694549047
50.1590001379612
48.072253730916
45.7942594133734
48.7370104808513
51.304020271055
46.9333501826529
50.6444309111464
47.1507782053966
52.7472221994612
49.3522163729045
46.6928706785224
46.0628061934399
48.479549928726
47.0071485231743
49.1096102887616
50.3894051373596
49.0418434397523
47.3218545191342
48.432872083082
48.3152733122861
51.2582532062453
45.3053138715046
45.5228364348637
45.8079415289502
46.7973499842543
45.4568898206052
48.2571971082083
47.1240208724684
50.2225165587152
49.0517233209286
47.2467085933915
45.6488817579079
52.008140197828
43.6109724633541
48.7270024003989
48.249401022696
52.7483939448088
48.085996348857
47.1623189472349
50.8317727603749
49.5851229178461
49.2891997874905
51.3837186416582
53.4301116492182
47.6781455273754
48.4523613670784
47.4311405986623
47.1416329972488
49.239351327868
46.3138169954303
46.488237496089
49.3737996641938
48.7759287669107
52.2747220432125
48.3199589223186
48.83045054514
49.3931763592878
46.3157309371428
47.3835257241745
46.3819807413705
49.5960957596804
45.1749885938434
49.5003573190499
48.4281924002412
46.5220271897318
52.2990984528841
44.6612119378491
54.3769953866204
54.8681142779486
43.7397757791931
45.2710812352065
49.894206942735
54.2808876640017
47.8366882257637
43.9703221895064
50.1365535990297
48.5726111394242
47.1929755567799
49.2758992008868
50.1175343449706
50.7153359000146
47.6712943768371
57.2220006647717
45.4123635279259
49.1296388585632
55.2410688533499
46.7951719317729
47.8714528043053
45.890503659165
51.5103405652284
51.7611327376512
49.6157016964114
47.0463751376407
48.686157363483
47.1706176478277
45.546416055882
54.1622522494802
48.5337897095989
45.7711734472195
52.2036441141926
51.7662973074692
44.271968421286
47.6765848255058
45.4843076115027
51.2735540971446
48.5676343956355
47.6544820083026
49.5252516552304
46.2391976411079
52.3250541450197
45.5287423345105
44.477430684039
51.2393146225032
47.3168940890211
49.6928081080434
46.698159021879
46.0913233019415
47.9308950488886
47.7155515863016
47.2064631745427
55.4609051637001
45.1591083023884
49.8073086129321
46.1356516101603
54.1635984107799
44.6258253138055
56.6939654915569
48.6333149967727
53.0335712557539
51.9562969045154
47.0063137716222
50.1346114530363
54.3740952327832
45.1281592345321
48.3103468070861
49.8543427274224
49.6872735690756
45.169994260763
48.6252648581699
48.6861755027569
51.1538981386824
50.6591407878947
46.2523290675194
49.112046220788
48.5959479221824
44.7999048840775
49.3166024113529
48.1427149723021
51.6660966801847
51.0599369455127
47.9127863520615
47.3770745968408
51.3697047245551
49.3593170899569
52.4881731084992
49.8318833931208
43.7360454512688
53.7158446405083
50.1315532201394
45.832149166594
47.6327675224308
47.0453658532469
47.378171940665
46.6055633028827
47.1310437858549
45.3842793179393
48.3810718086968
53.9433463690687
46.4678417427365
46.9403526243013
50.8282479443843
49.3318438642762
44.014387551271
47.0240664463833
47.5381332383746
48.3849329578103
53.7137426206811
45.4838474938636
51.7418498085721
47.4631068766365
44.9598480775717
52.0413376939558
47.358887412214
45.9503291795287
48.3258236002944
51.6806958380584
42.5401299072731
48.5401685759338
46.7680770025162
49.1380972899114
45.9160074411557
44.7210564093638
48.7465781554138
46.8037996473406
47.9370330574461
44.0490222145301
49.4369661487488
47.2657325494422
53.3997646602891
43.6181821489507
44.3249120546362
51.2396040899583
42.8401196289519
48.4724899256884
47.75253795252
49.5053366268769
57.0581182764607
49.7439937239067
51.8963562716681
46.3994424761831
48.3792898080716
54.6575898773114
48.3989439952863
47.8915806278883
45.2331566010265
51.4627279928668
59.778743233147
50.4577588405685
52.6250969550083
49.984453357545
44.1410502660092
51.2303804651514
45.4117314862282
52.9378088077135
54.2897546464493
48.8101254741239
46.4665576600727
45.4824631650008
47.1695253937581
47.1050804776043
42.7849695183668
47.6275313108082
47.1378155786686
47.4526154646227
47.1573631737568
50.3968748677897
54.407576459992
51.5414871159268
47.1003307022443
47.1499281492482
50.1992327443483
44.1684434871832
51.2854727621538
49.5929924130122
53.2060802494133
47.5130196847844
54.1862831965919
48.9768913048664
47.7433179126013
47.0280472414335
52.026273891061
46.1044200428909
53.8243734749651
45.844920203015
46.6852499253161
41.7558012915757
47.9719480956672
45.4956320308756
47.0440740531296
46.8956764607702
49.0527601556176
49.3342167290391
51.8948416052132
44.1482157927019
47.8105992700358
48.895942090461
44.704167591648
47.7802757015972
44.9638875210129
47.6947197060938
44.6698689694035
45.9533508880063
45.811129369849
45.3811186156125
46.4184949792497
51.949463234788
57.3791735986904
52.8305324233725
45.339650443283
44.5600677126788
51.4122532171576
51.284952665051
49.9124950614443
51.8723384007571
49.5916263408172
49.6285786170097
47.8895108135897
48.3582479263021
47.9378929936899
49.8470445122833
48.5159960718784
48.6032204768531
45.5121954439881
47.7968687213017
44.6376284475492
51.7772467659623
46.0008519802281
49.0844007803286
45.7041237496732
43.253323854829
43.5340264322075
50.2868306450284
45.7348975525578
55.4186373636354
46.6568431940813
57.9017621139027
46.9260623445003
53.3724162682374
47.6793021253613
49.7525927159173
49.706763352905
44.8298988846513
50.772747872783
45.7545650639751
51.6466394829952
46.5493061996959
45.4489515622972
46.4648781749952
46.6330592897064
61.3066646514305
44.7369568230712
50.3106335962392
52.8578238309683
50.863038453939
48.5752903205108
48.3575289227
49.6469604675545
47.2034902846723
43.6068981058224
45.5642458863034
45.7975370811794
43.4902631761925
50.2562718567484
48.307597893732
49.9402437798054
45.5891702728175
55.0242357525975
48.6153114071663
53.4220973767739
50.3855553185212
46.1185732144191
48.7997934647548
45.8532355911168
43.6191791308944
50.1808102969964
43.6931581989898
47.2870210946827
52.3382828330219
55.0113976133123
46.8844682622248
46.1855487552867
50.5709963894508
52.155029298986
48.3864091991213
46.340312902037
48.1960996137205
45.7168565898168
48.544315659908
47.4606331050917
42.7083730196753
45.9136207312768
47.5171049146971
49.7218718962057
46.1968681353112
53.027884564998
49.6682626637147
49.8866154339477
46.6135100443116
51.563610236018
49.9234068809527
52.5177568007248
56.9204499850533
49.988969734692
51.2617960495252
48.1011475857077
44.9199182159339
48.2486789798323
49.3309081757778
48.5285477782434
45.3099322334724
43.732614749667
48.7684821207378
52.1015383934544
46.0541246436217
52.700492134629
47.6497198579506
49.779943433629
46.1866565422467
45.2223535343674
47.4013803073132
50.1834676602418
53.9879539864102
55.6109450770245
49.8658333946127
44.2492844699935
45.7980333221304
47.7821619812696
53.9588602736222
45.4930100650723
48.5599749393943
57.4882403168271
